7.947207679972052574e-01
2.061630692332983017e-02
2.030801773071289062e-02
2.093645837157964706e-02
2.003728691488504410e-02
1.966966688632965088e-02
1.980941556394100189e-02
1.923138694837689400e-02
1.978021580725908279e-02
1.959323603659868240e-02
1.962158689275383949e-02
2.091396786272525787e-02
1.974331680685281754e-02
1.950644701719284058e-02
1.907340623438358307e-02
1.941855624318122864e-02
1.959652686491608620e-02
1.911977585405111313e-02
1.936856610700488091e-02
1.977309724316000938e-02
1.906706625595688820e-02
1.944140624254941940e-02
1.978395599871873856e-02
1.950450614094734192e-02
1.974489726126194000e-02
1.988177699968218803e-02
1.946070604026317596e-02
1.983182691037654877e-02
1.992196729406714439e-02
2.369589218869805336e-02
2.052742801606655121e-02
1.990860700607299805e-02
1.928387582302093506e-02
2.601661486551165581e-02
1.944679673761129379e-02
2.080136816948652267e-02
1.865540584549307823e-02
1.836710516363382339e-02
1.844575488939881325e-02
2.001808676868677139e-02
2.027932740747928619e-02
2.001726673915982246e-02
1.987811736762523651e-02
1.966598676517605782e-02
1.892461488023400307e-02
1.987794693559408188e-02
1.950145699083805084e-02
1.996180694550275803e-02
1.959080668166279793e-02
1.981566660106182098e-02
1.967740617692470551e-02
1.971479598432779312e-02
2.003747830167412758e-02
2.000158699229359627e-02
1.925311610102653503e-02
1.865923497825860977e-02
1.869344478473067284e-02
1.836610492318868637e-02
2.009531669318675995e-02
2.020438807085156441e-02
2.024782728403806686e-02
2.075212821364402771e-02
2.070522774010896683e-02
2.921100007370114326e-02
2.206209022551774979e-02
1.983618689700961113e-02
2.192910993471741676e-02
1.774447364732623100e-02
1.808885531499981880e-02
1.795985363423824310e-02
1.851275516673922539e-02
1.809269515797495842e-02
1.777976425364613533e-02
1.809015497565269470e-02
1.824825396761298180e-02
1.973009714856743813e-02
2.896835980936884880e-02
2.313508093357086182e-02
2.219869988039135933e-02
1.821207394823431969e-02
1.797553524374961853e-02
1.814968418329954147e-02
1.789068384096026421e-02
2.038685698062181473e-02
1.964244572445750237e-02
1.921102590858936310e-02
2.005069842562079430e-02
2.155914902687072754e-02
1.992915710434317589e-02
1.892849570140242577e-02
1.811393490061163902e-02
1.808696426451206207e-02
1.926926616579294205e-02
1.893453486263751984e-02
1.902288617566227913e-02
1.907719625160098076e-02
1.907130610197782516e-02
1.908375602215528488e-02
1.909745577722787857e-02
1.928522577509284019e-02
1.958076702430844307e-02
1.834149518981575966e-02
1.822722516953945160e-02
1.817120378836989403e-02
1.819335529580712318e-02
1.889201579615473747e-02
1.894666580483317375e-02
1.965816598385572433e-02
1.941109681501984596e-02
1.928440574556589127e-02
1.901700580492615700e-02
1.903815614059567451e-02
1.870689494535326958e-02
1.903418591246008873e-02
1.892796624451875687e-02
1.961187692359089851e-02
1.979925716295838356e-02
2.030020719394087791e-02
2.661015605553984642e-02
2.076668804511427879e-02
1.810090430080890656e-02
1.903304597362875938e-02
1.804867479950189590e-02
1.851189509034156799e-02
2.541192527860403061e-02
1.856893487274646759e-02
1.788986381143331528e-02
1.862297579646110535e-02
1.886899489909410477e-02
1.972753694280982018e-02
1.943647675216197968e-02
1.756593305617570877e-02
1.995424693450331688e-02
1.956952596083283424e-02
1.933178678154945374e-02
1.947911642491817474e-02
1.977920671924948692e-02
1.909439591690897942e-02
1.901620626449584961e-02
1.920551620423793793e-02
1.866823527961969376e-02
1.950167678296566010e-02
1.932649593800306320e-02
1.878229575231671333e-02
1.805554423481225967e-02
1.810255507007241249e-02
1.851633517071604729e-02
1.809820532798767090e-02
1.805884391069412231e-02
1.830673404037952423e-02
1.834439532831311226e-02
1.882995571941137314e-02
1.922212634235620499e-02
1.908670598641037941e-02
1.954877702519297600e-02
1.906593563035130501e-02
1.923481607809662819e-02
1.901605632156133652e-02
1.890936493873596191e-02
1.891949586570262909e-02
2.148301899433135986e-02
2.338505070656538010e-02
2.459398377686738968e-02
2.405072282999753952e-02
2.513369359076023102e-02
2.128545893356204033e-02
1.927011599764227867e-02
2.233838988468050957e-02
1.873499527573585510e-02
1.806482486426830292e-02
1.837682491168379784e-02
2.020480716601014137e-02
1.802813494578003883e-02
1.832579495385289192e-02
1.828161487355828285e-02
1.781295379623770714e-02
1.978628663346171379e-02
1.845917524769902229e-02
1.778504392132163048e-02
1.790480408817529678e-02
1.810989482328295708e-02
2.062080800533294678e-02
2.044381713494658470e-02
1.970444712787866592e-02
1.888219593092799187e-02
1.959733571857213974e-02
2.107250923290848732e-02
1.949375588446855545e-02
2.304746164008975029e-02
2.031619707122445107e-02
3.058555116876959801e-02
3.097826195880770683e-02
2.812547795474529266e-02
2.262140018865466118e-02
2.310659177601337433e-02
2.676247619092464447e-02
2.688445709645748138e-02
2.681505586951971054e-02
2.668468607589602470e-02
2.642418583855032921e-02
2.676189690828323364e-02
2.687216596677899361e-02
2.648467617109417915e-02
2.654398605227470398e-02
2.673720661550760269e-02
2.673546597361564636e-02
2.739500673487782478e-02
2.709580725058913231e-02
2.697314694523811340e-02
2.752237673848867416e-02
2.827311865985393524e-02
2.725555701181292534e-02
2.398151205852627754e-02
2.429207367822527885e-02
2.057281788438558578e-02
1.944985613226890564e-02
2.186430012807250023e-02
2.371643157675862312e-02
1.994120702147483826e-02
1.959379669278860092e-02
2.002516714856028557e-02
1.943300710991024971e-02
1.894749514758586884e-02
1.981770712882280350e-02
1.967905694618821144e-02
1.990549731999635696e-02
1.987628731876611710e-02
1.995577663183212280e-02
2.032642764970660210e-02
2.000557677820324898e-02
2.214810019358992577e-02
2.247465075924992561e-02
1.971708703786134720e-02
2.009727712720632553e-02
1.967388670891523361e-02
2.002726681530475616e-02
1.949180662631988525e-02
1.980563718825578690e-02
1.911636628210544586e-02
2.529981406405568123e-02
2.272833092138171196e-02
2.544184494763612747e-02
2.421470312401652336e-02
2.022045711055397987e-02
1.945985620841383934e-02
2.297730091959238052e-02
2.300402242690324783e-02
1.880325516685843468e-02
1.884136628359556198e-02
1.881299493834376335e-02
1.910987636074423790e-02
1.970217702910304070e-02
1.972087705507874489e-02
1.940705580636858940e-02
1.996091706678271294e-02
1.926325634121894836e-02
1.944258576259016991e-02
1.950062718242406845e-02
1.928351586684584618e-02
1.963504729792475700e-02
1.961210696026682854e-02
1.927203591912984848e-02
1.927790604531764984e-02
1.904570590704679489e-02
1.893208594992756844e-02
1.941861631348729134e-02
2.252038102596998215e-02
1.886258507147431374e-02
1.924956589937210083e-02
2.371457219123840332e-02
1.919784629717469215e-02
1.933390600606799126e-02
1.949539687484502792e-02
2.128019928932189941e-02
2.034750813618302345e-02
2.052151691168546677e-02
2.562277391552925110e-02
2.327441237866878510e-02
2.250778116285800934e-02
2.224697032943367958e-02
2.125102886930108070e-02
1.887829601764678955e-02
1.958174584433436394e-02
1.952911680564284325e-02
2.037424780428409576e-02
2.297527063637971878e-02
1.964885601773858070e-02
1.959812594577670097e-02
2.037184778600931168e-02
1.023936886340379715e-01
2.006196696311235428e-02
2.520145382732152939e-02
1.942665595561265945e-02
2.268491080030798912e-02
1.893595606088638306e-02
1.908151572570204735e-02
1.924451580271124840e-02
1.917336601763963699e-02
1.906647579744458199e-02
1.909515587612986565e-02
1.998228719457983971e-02
2.497845422476530075e-02
2.294903108850121498e-02
1.860957499593496323e-02
1.935812598094344139e-02
2.044541761279106140e-02
2.031870698556303978e-02
1.915640616789460182e-02
1.905343588441610336e-02
1.991849672049283981e-02
2.111287927255034447e-02
2.107492927461862564e-02
2.080318797379732132e-02
2.127906912937760353e-02
2.136197919026017189e-02
2.035403810441493988e-02
2.066475804895162582e-02
2.056968817487359047e-02
1.997703732922673225e-02
2.088851900771260262e-02
2.072874782606959343e-02
2.091490803286433220e-02
2.419446269050240517e-02
2.188517991453409195e-02
2.132050925865769386e-02
2.121572894975543022e-02
2.102517802268266678e-02
2.119329897686839104e-02
2.098460914567112923e-02
2.195465983822941780e-02
3.123118216171860695e-02
2.837161906063556671e-02
2.774159796535968781e-02
2.745392685756087303e-02
1.973114674910902977e-02
1.909285644069314003e-02
1.940262597054243088e-02
2.036837767809629440e-02
1.995170721784234047e-02
1.907309563830494881e-02
1.934776594862341881e-02
1.931732613593339920e-02
1.915232604369521141e-02
1.882742485031485558e-02
1.789599284529685974e-02
1.862428523600101471e-02
1.825197506695985794e-02
1.795859402045607567e-02
1.797767495736479759e-02
1.789219398051500320e-02
1.788994530215859413e-02
1.802443386986851692e-02
1.936834584921598434e-02
2.533555403351783752e-02
2.151176892220973969e-02
2.254583127796649933e-02
1.889625610783696175e-02
1.887794490903615952e-02
1.850061491131782532e-02
1.898435503244400024e-02
1.871002605184912682e-02
2.498920401558279991e-02
1.894820621237158775e-02
2.593091502785682678e-02
2.066659787669777870e-02
1.908992603421211243e-02
1.974308723583817482e-02
1.992745697498321533e-02
1.958703715354204178e-02
1.868651527911424637e-02
1.887247571721673012e-02
1.926592597737908363e-02
1.879571611061692238e-02
1.869476493448019028e-02
1.892540603876113892e-02
1.873146509751677513e-02
1.875313604250550270e-02
1.890101516619324684e-02
1.886996487155556679e-02
1.880242628976702690e-02
1.889427518472075462e-02
1.946032559499144554e-02
1.964550698176026344e-02
1.929728640243411064e-02
1.887038629502058029e-02
1.879466511309146881e-02
1.932648615911602974e-02
1.828141417354345322e-02
1.888553611934185028e-02
1.901198597624897957e-02
1.884958613663911819e-02
1.943105598911643028e-02
2.473265398293733597e-02
2.147220913320779800e-02
2.538093458861112595e-02
1.892997510731220245e-02
1.934502692893147469e-02
1.945530623197555542e-02
2.102522924542427063e-02
2.531104395166039467e-02
1.958547672256827354e-02
1.986318733543157578e-02
2.023584675043821335e-02
2.018150687217712402e-02
2.353930193930864334e-02
1.783150387927889824e-02
1.751054404303431511e-02
1.764655392616987228e-02
1.753627415746450424e-02
1.995532680302858353e-02
2.261979086324572563e-02
2.306107105687260628e-02
2.165933977812528610e-02
2.235464984551072121e-02
1.964952703565359116e-02
2.047578804194927216e-02
1.943400595337152481e-02
1.868706569075584412e-02
1.789833372458815575e-02
1.848030509427189827e-02
1.860179612413048744e-02
1.870361482724547386e-02
1.789210410788655281e-02
1.798906503245234489e-02
1.852468494325876236e-02
2.507407404482364655e-02
2.295584185048937798e-02
1.788492361083626747e-02
2.566105499863624573e-02
3.374871565029025078e-02
2.035152679309248924e-02
1.954507594928145409e-02
1.873884629458189011e-02
1.855855528265237808e-02
1.876404508948326111e-02
1.851768605411052704e-02
1.888670492917299271e-02
1.875867601484060287e-02
1.824909495189785957e-02
1.880525471642613411e-02
1.853157533332705498e-02
1.842610491439700127e-02
1.882902532815933228e-02
1.887409621849656105e-02
1.835048478096723557e-02
1.883561490103602409e-02
1.870151609182357788e-02
1.828912505879998207e-02
1.876537501811981201e-02
1.974378665909171104e-02
1.867235591635107994e-02
1.853116508573293686e-02
1.866358518600463867e-02
1.881805621087551117e-02
1.872269529849290848e-02
1.903234608471393585e-02
2.364341216161847115e-02
1.965477690100669861e-02
1.998536707833409309e-02
2.225058106705546379e-02
1.980614708736538887e-02
2.104931836947798729e-02
2.492855396121740341e-02
2.525491453707218170e-02
2.510033408179879189e-02
2.495301375165581703e-02
2.486905409023165703e-02
2.286923117935657501e-02
1.976525736972689629e-02
1.971052633598446846e-02
1.991645805537700653e-02
2.000791672617197037e-02
2.121860906481742859e-02
2.532326383516192436e-02
2.484098402783274651e-02
2.498824428766965866e-02
2.451022295281291008e-02
2.473159367218613625e-02
2.438686322420835495e-02
2.522116433829069138e-02
2.484682388603687286e-02
2.936656959354877472e-02
2.508636377751827240e-02
2.487136377021670341e-02
2.525901515036821365e-02
2.190231904387474060e-02
2.246504137292504311e-02
1.851979503408074379e-02
1.805720478296279907e-02
2.490406436845660210e-02
1.860564481467008591e-02
1.911500561982393265e-02
1.856235461309552193e-02
1.848543528467416763e-02
1.836198475211858749e-02
1.845091534778475761e-02
1.958001591265201569e-02
1.947220694273710251e-02
1.895957486703991890e-02
1.882173493504524231e-02
1.867402484640479088e-02
1.814857404679059982e-02
1.901621557772159576e-02
1.889746636152267456e-02
1.886936509981751442e-02
1.871446473523974419e-02
1.884218584746122360e-02
1.926264632493257523e-02
1.822328474372625351e-02
1.892277505248785019e-02
1.884796610102057457e-02
1.888994593173265457e-02
1.846316503360867500e-02
1.905257627367973328e-02
1.854339474812150002e-02
1.938573596999049187e-02
2.311469195410609245e-02
1.992777734994888306e-02
1.984470710158348083e-02
1.958585716784000397e-02
2.554222289472818375e-02
2.064463868737220764e-02
1.964299613609910011e-02
1.940119685605168343e-02
2.013997687026858330e-02
1.983400713652372360e-02
2.007649699226021767e-02
1.995118800550699234e-02
1.983678713440895081e-02
1.896424498409032822e-02
1.894275564700365067e-02
1.910371612757444382e-02
1.896637585014104843e-02
1.932097598910331726e-02
1.933730673044919968e-02
1.907557481899857521e-02
1.904126536101102829e-02
1.925263693556189537e-02
1.905106566846370697e-02
1.883039530366659164e-02
1.875945599749684334e-02
1.837609475478529930e-02
1.864733500406146049e-02
1.961131673306226730e-02
1.896567596122622490e-02
1.893015485256910324e-02
1.893036579713225365e-02
1.941981678828597069e-02
1.931940577924251556e-02
1.912230625748634338e-02
1.991323707625269890e-02
2.682047570124268532e-02
2.468739403411746025e-02
2.462138421833515167e-02
2.519314410164952278e-02
2.540897391736507416e-02
2.272688085213303566e-02
2.316244179382920265e-02
2.296632109209895134e-02
2.178208995610475540e-02
2.076611807569861412e-02
2.039059763774275780e-02
2.065115794539451599e-02
2.055210759863257408e-02
2.056539803743362427e-02
1.999878697097301483e-02
2.141795912757515907e-02
2.039327798411250114e-02
2.084550820291042328e-02
2.077365806326270103e-02
2.084974804893136024e-02
2.034656703472137451e-02
1.998514728620648384e-02
2.027311688289046288e-02
1.994992699474096298e-02
2.525056386366486549e-02
2.175088925287127495e-02
2.146687917411327362e-02
2.183603867888450623e-02
2.110907901078462601e-02
2.566226525232195854e-02
2.407798310741782188e-02
2.215959038585424423e-02
2.575682522729039192e-02
1.991403708234429359e-02
2.029031794518232346e-02
1.989099709317088127e-02
2.065342804417014122e-02
2.030446799471974373e-02
2.065484784543514252e-02
1.925857597962021828e-02
1.963469712063670158e-02
1.966998632997274399e-02
1.937097683548927307e-02
1.937361620366573334e-02
1.988631673157215118e-02
1.986993709579110146e-02
2.018079813569784164e-02
1.946126576513051987e-02
1.864189608022570610e-02
1.891711493954062462e-02
1.929558720439672470e-02
1.929474575445055962e-02
1.952492585405707359e-02
1.944167586043477058e-02
1.984201697632670403e-02
1.999060716480016708e-02
1.963064726442098618e-02
1.903981622308492661e-02
1.981669664382934570e-02
2.102750819176435471e-02
1.918380707502365112e-02
2.033765707165002823e-02
2.465108409523963928e-02
1.873474521562457085e-02
1.966127706691622734e-02
1.916368631646037102e-02
2.368038194254040718e-02
2.223409106954932213e-02
2.059135818853974342e-02
2.059691818431019783e-02
2.644215617328882217e-02
2.914458932355046272e-02
3.411184716969728470e-02
2.297865087166428566e-02
2.174449013546109200e-02
1.966775627806782722e-02
1.970573561266064644e-02
2.316893218085169792e-02
1.843880489468574524e-02
1.889865612611174583e-02
2.850163774564862251e-02
2.393645187839865685e-02
2.421057317405939102e-02
2.712554717436432838e-02
2.384890196844935417e-02
2.251879079267382622e-02
1.983579713851213455e-02
2.117412909865379333e-02
1.939818635582923889e-02
1.934047695249319077e-02
1.916360575705766678e-02
1.930813584476709366e-02
1.936364592984318733e-02
1.918944576755166054e-02
1.892611617222428322e-02
1.925683626905083656e-02
1.893681613728404045e-02
1.944311661645770073e-02
1.905395602807402611e-02
1.911470573395490646e-02
1.958634564653038979e-02
1.896902592852711678e-02
1.915085595101118088e-02
1.898500602692365646e-02
1.942513603717088699e-02
2.021196810528635979e-02
1.959756668657064438e-02
1.950314594432711601e-02
1.953660696744918823e-02
2.132681896910071373e-02
2.224283991381525993e-02
1.965789729729294777e-02
1.944241626188158989e-02
1.889855600893497467e-02
1.864095497876405716e-02
1.893021585419774055e-02
1.973805669695138931e-02
1.909696636721491814e-02
1.925628585740923882e-02
1.939446711912751198e-02
1.902179513126611710e-02
2.039189822971820831e-02
1.993028679862618446e-02
1.930402731522917747e-02
1.846189517527818680e-02
1.874461490660905838e-02
1.881211623549461365e-02
1.886625494807958603e-02
2.010661736130714417e-02
1.990050729364156723e-02
1.934498595073819160e-02
1.988534675911068916e-02
1.909557636827230453e-02
1.889628591015934944e-02
1.907361624762415886e-02
1.940786605700850487e-02
1.974985701963305473e-02
1.898210588842630386e-02
1.924149598926305771e-02
1.934543717652559280e-02
1.884930487722158432e-02
1.968015683814883232e-02
2.267433004453778267e-02
2.251811092719435692e-02
2.443862287327647209e-02
2.198786009103059769e-02
2.171773929148912430e-02
2.091550827026367188e-02
1.874603517353534698e-02
1.909357635304331779e-02
1.905492600053548813e-02
1.901163626462221146e-02
1.996050728484988213e-02
1.871869573369622231e-02
1.828672504052519798e-02
1.931258570402860641e-02
1.913610612973570824e-02
1.950681675225496292e-02
1.931381598114967346e-02
1.970901712775230408e-02
1.944618579000234604e-02
1.950678694993257523e-02
1.907768612727522850e-02
2.802766812965273857e-02
2.396373217925429344e-02
2.409688197076320648e-02
1.936200680211186409e-02
1.979920687153935432e-02
2.021900704130530357e-02
1.944199670106172562e-02
1.910440623760223389e-02
1.948170596733689308e-02
1.900561572983860970e-02
1.929370593279600143e-02
1.922408584505319595e-02
2.040378702804446220e-02
1.168486289680004120e-01
6.946186632849276066e-01
2.198562780395150185e-01
2.208232972770929337e-02
2.189688989892601967e-02
2.200262993574142456e-02
2.170875016599893570e-02
2.231879997998476028e-02
2.212541969493031502e-02
2.191590005531907082e-02
2.238951995968818665e-02
2.242109132930636406e-02
2.233295002952218056e-02
2.259465074166655540e-02
2.298829099163413048e-02
2.227670093998312950e-02
2.279643109068274498e-02
2.292912080883979797e-02
2.593145472928881645e-02
1.970724714919924736e-02
1.955056702718138695e-02
2.348334202542901039e-02
2.790380781516432762e-02
2.730907686054706573e-02
2.717576688155531883e-02
2.265596110373735428e-02
1.873512472957372665e-02
1.900972612202167511e-02
1.920712599530816078e-02
1.924183638766407967e-02
2.058623731136322021e-02
2.145862998440861702e-02
2.155175898224115372e-02
2.064261818304657936e-02
2.152649918571114540e-02
2.136097894981503487e-02
2.150602033361792564e-02
2.150138886645436287e-02
2.661233628168702126e-02
2.283034101128578186e-02
2.221293980255723000e-02
2.147005032747983932e-02
2.117166807875037193e-02
2.140174992382526398e-02
2.084165764972567558e-02
2.098403824493288994e-02
2.214049082249403000e-02
2.219964005053043365e-02
2.072929777204990387e-02
2.018505800515413284e-02
2.371062198653817177e-02
2.328701224178075790e-02
1.990146702155470848e-02
2.242062985897064209e-02
1.818718481808900833e-02
1.809161482378840446e-02
1.809567399322986603e-02
1.886930596083402634e-02
1.911998586729168892e-02
2.121152915060520172e-02
2.011598693206906319e-02
1.883681630715727806e-02
1.886062510311603546e-02
1.819640398025512695e-02
2.039414783939719200e-02
2.324413228780031204e-02
2.337087132036685944e-02
2.303197095170617104e-02
2.288827067241072655e-02
1.971310703083872795e-02
2.000831719487905502e-02
1.999732712283730507e-02
1.937676686793565750e-02
2.001435682177543640e-02
1.970965694636106491e-02
2.259283000603318214e-02
2.361812163144350052e-02
1.971063623204827309e-02
1.953260693699121475e-02
2.033500792458653450e-02
1.962544582784175873e-02
1.983037684112787247e-02
1.998937781900167465e-02
1.978032616898417473e-02
1.971680624410510063e-02
1.967809721827507019e-02
1.926603633910417557e-02
1.986645674332976341e-02
2.013652818277478218e-02
1.981902727857232094e-02
1.905495487153530121e-02
2.015730692073702812e-02
1.993763726204633713e-02
1.894672587513923645e-02
1.945785572752356529e-02
1.920204609632492065e-02
2.016096701845526695e-02
1.945795724168419838e-02
1.970355585217475891e-02
1.951119722798466682e-02
2.018388686701655388e-02
1.942576607689261436e-02
1.968458713963627815e-02
1.948297629132866859e-02
1.942563708871603012e-02
1.930490601807832718e-02
1.967820711433887482e-02
1.930515561252832413e-02
1.950579602271318436e-02
1.918986579403281212e-02
1.914154598489403725e-02
1.967106619849801064e-02
1.906897593289613724e-02
1.941086724400520325e-02
2.031825715675950050e-02
2.019839826971292496e-02
1.964989723637700081e-02
1.944283582270145416e-02
1.886758627369999886e-02
2.010507695376873016e-02
1.992357661947607994e-02
1.992714731022715569e-02
1.999089773744344711e-02
2.066637761890888214e-02
2.003907691687345505e-02
1.910393591970205307e-02
1.998646697029471397e-02
1.970762712880969048e-02
1.917804591357707977e-02
1.980006694793701172e-02
1.986865699291229248e-02
1.922142598778009415e-02
1.979507692158222198e-02
1.998012699186801910e-02
1.994271716102957726e-02
1.992997806519269943e-02
1.946865580976009369e-02
2.016879664734005928e-02
1.919962605461478233e-02
1.886669499799609184e-02
1.953099668025970459e-02
1.923651620745658875e-02
1.915011601522564888e-02
1.909667626023292542e-02
1.875505596399307251e-02
1.884618494659662247e-02
3.279475495219230652e-02
1.945199584588408470e-02
1.981053734198212624e-02
1.974941696971654892e-02
2.044050814583897591e-02
1.908884570002555847e-02
1.940886629745364189e-02
1.988238701596856117e-02
1.990773668512701988e-02
1.998234679922461510e-02
1.976747717708349228e-02
2.098749810829758644e-02
2.000931696966290474e-02
1.812119456008076668e-02
1.833059499040246010e-02
1.835701474919915199e-02
1.854128483682870865e-02
1.829342497512698174e-02
1.870607631281018257e-02
1.851862482726573944e-02
1.829833537340164185e-02
1.847121492028236389e-02
1.794865401461720467e-02
1.819218508899211884e-02
1.839938526973128319e-02
1.787647418677806854e-02
1.805932493880391121e-02
1.791213359683752060e-02
1.797741465270519257e-02
1.798970391973853111e-02
1.798794511705636978e-02
1.816079393029212952e-02
1.802282407879829407e-02
1.843904517590999603e-02
1.800368493422865868e-02
1.934414589777588844e-02
1.999466679990291595e-02
2.021912811324000359e-02
2.052448783069849014e-02
1.929565612226724625e-02
2.023673662915825844e-02
2.018479723483324051e-02
2.024778723716735840e-02
2.057935809716582298e-02
1.921957684680819511e-02
2.048437716439366341e-02
2.008963702246546745e-02
1.809537410736083984e-02
1.770802494138479233e-02
1.807749411091208458e-02
1.765248365700244904e-02
1.813533483073115349e-02
1.814973494037985802e-02
1.796681433916091919e-02
1.774856401607394218e-02
1.773202419281005859e-02
1.795179490000009537e-02
1.823168480768799782e-02
1.780177420005202293e-02
1.791747426614165306e-02
1.803412474691867828e-02
1.791115384548902512e-02
1.803661510348320007e-02
1.780081400647759438e-02
1.824702508747577667e-02
1.757360389456152916e-02
1.783266384154558182e-02
1.795020373538136482e-02
1.800223486497998238e-02
1.793754426762461662e-02
1.805989490821957588e-02
1.799976406618952751e-02
1.787656499072909355e-02
1.821594499051570892e-02
1.770772412419319153e-02
1.806564396247267723e-02
1.791136525571346283e-02
1.790792401880025864e-02
1.978906709700822830e-02
1.962470682337880135e-02
1.930684596300125122e-02
1.867706514894962311e-02
1.796543505042791367e-02
2.008990710601210594e-02
1.920258626341819763e-02
1.840183511376380920e-02
1.921021612361073494e-02
1.914175599813461304e-02
1.903492491692304611e-02
2.095539914444088936e-02
2.438437286764383316e-02
2.581037487834692001e-02
2.632133616134524345e-02
2.022655820474028587e-02
2.540968405082821846e-02
2.471261424943804741e-02
2.523468388244509697e-02
2.383811259642243385e-02
2.744348673149943352e-02
2.148466883227229118e-02
2.308566216379404068e-02
2.197851007804274559e-02
2.511299401521682739e-02
2.217212971299886703e-02
2.277048071846365929e-02
2.279717102646827698e-02
2.193037979304790497e-02
2.249069092795252800e-02
2.278974093496799469e-02
2.308274107053875923e-02
2.300493093207478523e-02
2.257599076256155968e-02
2.280729124322533607e-02
2.312146173790097237e-02
2.294484106823801994e-02
2.264402108266949654e-02
2.257935004308819771e-02
2.357943169772624969e-02
2.425519190728664398e-02
1.931429607793688774e-02
1.998778712004423141e-02
2.327864198014140129e-02
2.362768212333321571e-02
2.355491090565919876e-02
2.480556396767497063e-02
2.061144821345806122e-02
2.690256573259830475e-02
