3.290433585643768311e+00
5.072078108787536621e-01
1.148481629788875580e-01
8.511686883866786957e-02
3.488189959898591042e-02
2.878179401159286499e-02
4.103496670722961426e-02
4.937140084803104401e-02
4.924885067157447338e-02
2.295041037723422050e-02
4.482827777974307537e-02
5.789877008646726608e-02
1.220808562356978655e-02
2.999071218073368073e-02
3.937741508707404137e-02
4.391353600658476353e-02
1.736139261629432440e-02
1.420429961290210485e-01
1.953606605529785156e-01
3.269248735159635544e-02
1.407767785713076591e-02
1.070538489148020744e-02
1.814452582038938999e-02
2.932406612671911716e-02
4.394203610718250275e-02
6.339612184092402458e-02
1.842520537320524454e-02
7.687590876594185829e-02
3.144216397777199745e-02
3.856760321650654078e-02
2.069464226951822639e-02
1.090442898566834629e-02
2.600384689867496490e-02
4.200903256423771381e-02
1.154603279428556561e-02
7.367980550043284893e-03
2.980755246244370937e-02
1.944489363813772798e-02
3.983229538425803185e-02
1.524963934207335114e-02
8.544806105783209205e-02
1.584637425839900970e-01
6.773236859589815140e-02
8.494206517934799194e-02
4.218578292056918144e-02
8.361838059499859810e-02
1.338825877755880356e-01
3.063325711991637945e-02
1.769222994334995747e-02
1.564443204551935196e-02
1.076388242654502392e-02
2.753169927746057510e-02
1.865440476103685796e-02
2.689107897458598018e-02
6.499493378214538097e-03
8.171062916517257690e-03
5.735531740356236696e-03
1.773984427563846111e-02
2.654217823874205351e-03
2.526483789552003145e-02
1.942729076836258173e-02
1.193472207523882389e-02
4.364837514003738761e-03
1.812087229336611927e-02
1.882454991573467851e-02
7.629037558217532933e-03
1.025683316402137280e-02
2.532338994205929339e-02
2.588590676896274090e-02
9.526514797471463680e-03
1.878849246713798493e-02
3.476860019145533442e-02
2.457337389932945371e-02
7.240299892146140337e-03
1.105287711834535003e-02
2.226573688676580787e-02
6.154892675112932920e-03
8.322951500304043293e-03
4.681315718335099518e-02
1.181480905506759882e-02
1.117944758152589202e-02
2.031258423812687397e-02
4.243165988009423018e-02
5.166443763300776482e-02
1.432575497892685235e-02
5.559583904687315226e-02
3.293646359816193581e-02
1.781593350460752845e-02
2.670893073081970215e-02
8.506377344019711018e-03
1.286099769640713930e-02
4.757459415122866631e-02
1.778849086258560419e-02
9.606549749150872231e-03
3.520863218000158668e-03
4.828980774618685246e-03
8.928539551561698318e-03
1.063708131550811231e-02
1.927012708620168269e-02
1.282820105552673340e-02
6.892256380524486303e-03
9.427208337001502514e-03
7.050243846606463194e-03
3.005348844453692436e-03
6.163261277833953500e-03
1.933172176359221339e-02
6.583988404599949718e-03
6.983536470215767622e-03
1.451608759816735983e-02
5.610981956124305725e-03
4.173946348601020873e-03
4.584956797771155834e-03
2.942266454920172691e-02
1.441569131566211581e-02
4.928504422423429787e-03
7.855680698412470520e-03
1.106330862967297435e-03
7.332493347348645329e-03
3.620141571445856243e-03
5.139380118635017425e-03
8.426230750046670437e-03
5.162789500900544226e-03
2.441456250380724669e-03
1.217210476170293987e-02
2.648123182007111609e-02
1.002847106428816915e-02
4.976560820068698376e-03
9.084549645194783807e-03
7.868294189393054694e-03
4.812440718524158001e-03
4.235556261846795678e-03
2.261663880199193954e-02
3.067303419811651111e-03
7.683951043873094022e-04
5.050869367551058531e-03
7.115490996511653066e-03
1.418713026214390993e-02
2.412786340573802590e-02
1.671330229146406054e-02
5.904672376345843077e-03
2.204611198976635933e-02
7.276375312358140945e-03
1.794444193365052342e-02
8.836645021801814437e-03
1.000299211591482162e-02
8.485633916279766709e-03
7.118594483472406864e-03
1.636300791869871318e-02
2.761786454357206821e-03
1.495919248554855585e-02
4.100162506802007556e-03
3.970110206864774227e-03
8.495197020238265395e-03
1.583366334671154618e-03
7.905820733867585659e-03
6.696421711239963770e-03
8.118678117170929909e-03
1.436866831500083208e-02
1.849809414125047624e-03
6.646877431194297969e-03
1.357842447760049254e-02
2.091173606459051371e-03
1.621223703841678798e-02
1.125832129037007689e-02
1.201799674890935421e-02
2.883169916458427906e-02
2.518611110281199217e-02
8.458024443825706840e-03
1.292236475273966789e-02
5.137996748089790344e-03
1.248932781163603067e-02
3.914637345587834716e-03
6.172817898914217949e-03
1.292611876851879060e-02
2.404300222406163812e-02
1.084048545453697443e-02
6.763513840269297361e-03
3.087187110213562846e-02
9.620490774977952242e-03
2.034672774607315660e-02
7.147332886233925819e-03
1.041222619824111462e-02
1.045503548812121153e-02
7.955956913065165281e-03
6.069414259400218725e-03
1.625538629014045000e-03
3.961505426559597254e-03
1.147830861737020314e-02
5.358769092708826065e-03
9.185465693008154631e-03
5.347819125745445490e-03
1.007808622671291232e-02
3.064441101741977036e-03
8.828969555906951427e-03
5.207455717027187347e-03
1.545469206030247733e-02
1.128547213738784194e-02
2.133440377656370401e-02
1.124421274289488792e-02
7.797373633366078138e-03
4.108504828764125705e-03
1.589779945788905025e-03
3.633935673860833049e-03
8.990281407022848725e-03
4.496168476180173457e-03
4.172193584963679314e-03
7.506007474148645997e-03
6.510293111205101013e-03
2.769561542663723230e-03
9.697482484625652432e-03
9.444859490031376481e-03
2.153799810912460089e-03
1.301594023243524134e-02
6.812370236730203032e-03
6.456570699810981750e-03
2.327544403669890016e-03
9.071265667444095016e-03
1.486829246277920902e-02
1.538153394358232617e-02
7.059576440951786935e-03
5.047817045124247670e-03
1.641703915083780885e-02
5.123581155203282833e-03
6.712816932122223079e-03
5.290667584631592035e-03
9.051429864484816790e-03
9.053392961504869163e-03
1.988920534495264292e-02
8.843149407766759396e-03
1.507453006342984736e-02
7.647485355846583843e-03
9.232636686647310853e-03
6.392731389496475458e-03
9.013036149553954601e-03
1.005428269854746759e-02
3.899086907040327787e-03
7.363012002315372229e-03
3.000166761921718717e-03
2.626947309181559831e-03
7.135310443118214607e-04
7.695842956309206784e-03
3.787703841226175427e-03
1.358911838906351477e-03
9.175873768981546164e-03
4.742304387036710978e-03
9.759196836967021227e-04
7.230630413687322289e-03
3.506684442982077599e-03
4.200433191726915538e-03
7.972473220434039831e-03
2.772246516542509198e-03
3.128050040686503053e-03
5.259936253423802555e-03
1.221474946942180395e-02
2.810168094583787024e-03
6.975286712986417115e-03
6.465719372499734163e-03
2.302619614056311548e-03
8.716506388736888766e-03
1.423158962279558182e-02
4.809967416804283857e-03
4.317802493460476398e-03
7.084860815666615963e-03
1.679920140304602683e-03
5.141520450706593692e-03
3.461473228526301682e-03
3.887627623043954372e-03
5.859347642399370670e-03
3.149856202071532607e-03
1.085795769904507324e-02
9.796302038012072444e-04
6.390176073182374239e-03
9.341181721538305283e-04
9.068571846000850201e-03
2.924710977822542191e-03
5.762178683653473854e-03
6.430116132833063602e-03
3.246781401685439050e-03
1.244790421333163977e-02
7.470396929420530796e-03
3.922739633708260953e-03
1.677720196312293410e-03
5.361668168916366994e-03
6.465252401540055871e-03
1.120431719755288213e-03
5.399235087679699063e-03
9.907226689392700791e-03
8.787378901615738869e-03
3.135275605018250644e-03
4.878978288616053760e-03
2.759486043942160904e-03
1.417609518102835864e-02
1.475676734116859734e-03
6.848234610515646636e-03
4.666495384299196303e-03
2.659895893884822726e-03
4.450804277439601719e-03
3.335536632221192122e-03
1.057500368915498257e-02
8.300583605887368321e-03
5.136931897141039371e-03
2.547598662204109132e-03
8.108916925266385078e-03
4.715666713309474289e-03
1.329864433500915766e-03
7.234850694658234715e-03
1.451597723644226789e-03
1.163653342518955469e-02
3.511044706101529300e-03
3.944421885535120964e-03
1.560915145091712475e-03
1.947535885847173631e-03
6.173280213261023164e-03
9.059687770786695182e-03
6.236483488464727998e-03
3.953578969230875373e-03
5.027236707974225283e-03
1.180715356895234436e-03
8.558717556297779083e-03
2.587031645816750824e-03
3.096664819167926908e-03
1.387237032759003341e-03
1.101564339478500187e-03
1.143013534601777792e-03
2.153374691260978580e-03
6.672950737993232906e-03
3.087481833063066006e-03
2.364622429013252258e-03
2.113838621880859137e-03
6.352800119202584028e-03
1.397388288751244545e-03
9.557411322020925581e-04
3.801260172622278333e-03
6.622677479754202068e-03
3.853767280816100538e-03
4.208619473502039909e-03
3.140568660455755889e-03
3.577876661438494921e-03
1.049119120580144227e-03
3.464396490016952157e-03
5.267810454824939370e-03
7.888407533755525947e-03
3.730698284925892949e-03
7.072813430568203330e-03
3.332076710648834705e-03
3.406809628359042108e-03
2.898979480960406363e-03
1.920123060699552298e-03
4.767961916513741016e-03
3.152456134557723999e-03
1.401141889800783247e-03
3.652479819720610976e-03
2.916927587648387998e-03
5.430197983514517546e-03
3.812668481259606779e-03
3.508725378196686506e-03
6.497700233012437820e-03
5.485368630615994334e-03
8.866147662047296762e-03
4.221446753945201635e-03
4.588304655044339597e-03
2.219195564975962043e-03
3.290634776931256056e-03
2.363472915021702647e-03
5.961532180663198233e-03
5.855098250322043896e-03
7.156988271162845194e-03
5.371724008000455797e-03
6.755293870810419321e-03
2.669474561116658151e-03
1.421073160599917173e-03
6.118300807429477572e-04
1.210129237733781338e-03
3.805109852692112327e-03
6.246734468732029200e-03
1.615040819160640240e-03
3.692200582008808851e-03
1.272828281798865646e-03
8.930229290854185820e-03
4.147287298110313714e-03
1.987762807402759790e-03
3.757614176720380783e-03
2.287657538545317948e-03
2.495828215614892542e-03
1.736858466756530106e-03
7.295133982552215457e-04
1.097795073292218149e-03
3.720080349012278020e-03
1.231866182934027165e-03
2.612658863654360175e-03
1.626328012207522988e-03
1.446299240342341363e-03
1.678063708823174238e-03
9.564210078679025173e-03
6.324612331809476018e-04
4.563596638035960495e-03
1.182845255243591964e-03
4.267176453140564263e-03
3.969823650550097227e-03
3.467371119768358767e-03
1.408240808814298362e-03
2.295049198437482119e-03
5.150029595824889839e-03
7.772318451316095889e-03
4.763247619848698378e-03
6.586955743841826916e-03
8.737654061405919492e-04
2.991480287164449692e-03
1.089215598767623305e-03
3.758423554245382547e-03
3.840490782749839127e-03
2.310870084329508245e-03
2.047657864750362933e-03
2.137266885256394744e-03
3.855712348013184965e-03
2.025813839281909168e-03
3.402177666430361569e-03
2.261951478431001306e-03
2.715478825848549604e-03
1.214121095836162567e-02
6.417205615434795618e-03
8.471586188534274697e-04
3.008486848557367921e-03
1.322586169408168644e-03
1.376122927467804402e-03
1.035280030919238925e-03
7.397717054118402302e-04
5.089306097943335772e-03
1.815334951970726252e-03
3.453611177974380553e-03
4.820598056539893150e-03
2.538641245337203145e-03
3.961802140111103654e-03
2.624800166813656688e-03
2.814305640640668571e-03
5.228352325502783060e-03
1.837166229961439967e-03
6.484761601313948631e-03
2.020190993789583445e-03
6.256661028601229191e-03
4.290322322049178183e-03
1.053847503499127924e-03
3.992967067460995167e-03
2.725134327192790806e-03
1.158477942226454616e-03
7.383205374935641885e-04
2.177340444177389145e-03
1.679884502664208412e-03
4.830093108466826379e-03
2.977165524498559535e-03
4.019728861749172211e-03
5.538851124583743513e-03
3.275993178249336779e-03
1.479683822253718972e-03
4.824307121452875435e-03
1.496132128522731364e-03
9.893313545035198331e-04
5.706310301320627332e-03
3.803089231951162219e-03
1.371585240121930838e-03
3.858128802676219493e-03
3.451419150223955512e-03
1.196361037727911025e-03
3.514912037644535303e-03
4.112806636840105057e-03
6.547677097842097282e-03
1.209542664582841098e-03
1.776263350620865822e-03
4.373578180093318224e-03
3.908536018570885062e-03
1.635283857467584312e-03
2.210669335909187794e-03
1.129253425460774451e-03
2.663439139723777771e-03
1.785245818609837443e-03
3.719257700140587986e-03
3.259109711507335305e-03
1.920714494190178812e-03
4.214637985569424927e-03
2.131512868800200522e-03
6.051437929272651672e-03
1.304779158090241253e-03
1.048235979396849871e-03
4.419992736075073481e-03
4.023726243758574128e-03
7.823747946531511843e-04
1.393084763549268246e-03
4.496166206081397831e-03
1.401618072122801095e-03
3.638485941337421536e-03
1.579591393237933517e-03
4.343576380051672459e-03
2.049701026408001781e-03
2.628754729812499136e-03
3.308719737106002867e-03
5.698234373994637281e-03
5.650266699376516044e-03
4.134965041885152459e-03
1.846830426075030118e-03
2.990074761328287423e-03
1.126284943893551826e-03
6.076508580008521676e-03
3.398711152840405703e-03
1.164931607490871102e-03
1.007717603351920843e-02
9.913881294778548181e-04
2.834209080901928246e-03
2.445261110551655293e-03
1.968601463886443526e-03
2.083559360471554101e-03
1.965397124877199531e-03
2.075272204820066690e-03
4.371819231892004609e-03
4.412610098370350897e-03
1.468577349442057312e-03
6.517042027553543448e-03
8.660369494464248419e-04
1.077109773177653551e-03
2.240820278530009091e-03
1.258297241292893887e-03
2.948246183223091066e-03
5.404856638051569462e-03
1.903096097521483898e-03
1.520204925327561796e-03
6.183170968142803758e-03
5.012843292206525803e-03
6.682235471089370549e-04
1.782485342118889093e-03
6.263889998081140220e-03
1.432945646229200065e-03
1.103149494156241417e-03
3.492866184387821704e-03
9.059083968168124557e-04
2.372649229073431343e-03
2.999518663273192942e-03
1.323624383076094091e-03
9.217154729412868619e-04
1.787233399227261543e-03
2.171343076042830944e-03
4.395817755721509457e-03
1.800934987841174006e-03
2.885056368540972471e-03
1.353489838948007673e-03
7.533997762948274612e-03
2.206631819717586040e-03
4.411290166899561882e-03
1.312030355620663613e-03
4.926135123241692781e-03
1.672624726779758930e-03
2.120915727573446929e-03
1.072801853297278285e-03
2.039840954239480197e-03
5.562992810155265033e-04
4.058468191942665726e-03
3.283765719970688224e-03
6.342336782836355269e-04
9.714626939967274666e-04
8.150401117745786905e-03
1.013396838970948011e-03
7.311569686862640083e-03
4.865274109761230648e-03
1.346655444649513811e-03
4.262767382897436619e-03
2.956687487312592566e-03
1.181597021059133112e-03
5.320509546436369419e-03
1.451239790185354650e-03
2.606219204608350992e-03
1.299971889238804579e-03
7.308725980692543089e-03
2.073626877972856164e-03
6.113822710176464170e-03
3.824173589237034321e-03
6.803791926358826458e-03
1.164445755421184003e-03
3.959558089263737202e-03
2.175285459088627249e-03
2.905017026932910085e-03
2.664702478796243668e-03
2.771573352220002562e-03
6.712168687954545021e-04
2.234135150501970202e-03
1.591281368746422231e-03
2.360924008826259524e-03
2.690455061383545399e-03
6.276543863350525498e-04
1.717087419820018113e-03
1.131058306782506406e-03
2.745294179476331919e-03
3.662253933725878596e-03
1.947140481206588447e-03
8.165027917129918933e-03
5.754207755671814084e-03
2.411685185506939888e-03
2.497136512829456478e-03
3.174876110279001296e-03
3.548509674146771431e-03
5.286366969812661409e-03
6.430195644497871399e-04
3.119938650343101472e-03
1.149967385572381318e-03
9.654416935518383980e-04
5.779275728855282068e-03
2.234301005955785513e-03
1.772773051925469190e-03
2.266266121296212077e-03
1.573013702000025660e-03
5.181242304388433695e-03
1.011241707601584494e-03
3.245516680181026459e-03
1.461621621274389327e-03
2.778645561193116009e-03
1.228855428053066134e-03
3.113277169177308679e-03
1.242911239387467504e-03
1.419839340087492019e-03
2.433129411656409502e-03
5.030719330534338951e-03
1.907011406728997827e-03
2.673979848623275757e-03
3.518983692629262805e-03
1.281093500438146293e-03
5.842307728016749024e-04
6.238162095542065799e-03
1.868333929451182485e-03
4.117798700463026762e-03
5.243506602710112929e-03
2.050985407549887896e-03
2.308805997017771006e-03
2.226462354883551598e-03
3.821892438281793147e-03
2.743004559306427836e-03
1.683882277575321496e-03
1.554951682919636369e-03
2.245593364932574332e-03
6.194818066433072090e-03
2.725193684455007315e-03
2.686895226361230016e-03
2.415827591903507710e-03
8.502575074089691043e-04
3.013398178154602647e-03
3.216706470993813127e-03
2.341203238756861538e-03
3.197482030373066664e-03
4.903465422103181481e-03
3.904861558112315834e-03
1.333402135060168803e-03
5.256654869299381971e-03
1.833564514527097344e-03
1.200202386826276779e-03
2.591832060716114938e-03
1.331295832642354071e-03
2.555172191932797432e-03
3.001099874381907284e-03
3.964887277106754482e-03
1.842846206272952259e-03
4.789528320543467999e-03
9.465851253480650485e-04
7.990507438080385327e-04
2.258368127513676882e-03
2.139316391549073160e-03
1.322166775935329497e-03
7.292379596037790179e-04
5.348488208255730569e-03
3.252158887335099280e-03
1.716559607302770019e-03
2.740272444498259574e-03
8.198740455554798245e-03
4.299683816498145461e-03
1.612399792065843940e-03
3.288904015789739788e-03
5.723454596591182053e-03
1.504249150457326323e-03
2.701460180105641484e-03
1.868003775598481297e-03
1.397989413817413151e-03
3.155164566123858094e-03
1.242426536919083446e-03
1.736404257826507092e-03
2.548715550801716745e-03
1.740098188747651875e-03
7.274094823515042663e-04
4.125123145058751106e-03
1.034167195030022413e-03
3.324037650600075722e-03
3.564613507478497922e-03
3.025111713213846087e-03
1.220749894855543971e-03
1.317182985076215118e-03
2.151680047973059118e-03
6.696755299344658852e-04
3.798251273110508919e-03
3.644248186901677400e-03
4.204237600788474083e-03
1.106625371903646737e-03
5.827401677379384637e-03
1.613156811799854040e-03
2.854375314200296998e-03
5.843118560733273625e-04
2.361276274314150214e-03
3.307240287540480494e-03
1.269486063392832875e-03
9.898325079120695591e-04
1.123843554523773491e-03
1.006720412988215685e-03
1.899111441161949188e-03
1.530852110590785742e-03
2.337866149900946766e-03
2.907668327679857612e-03
2.998502139234915376e-03
9.443261515116319060e-04
2.813651211909018457e-03
3.375153028173372149e-03
7.476711325580254197e-04
3.907628051820211112e-03
1.522711114375852048e-03
2.767454658169299364e-03
7.911608845461159945e-04
3.499144659144803882e-03
3.012177061464171857e-03
4.245737720339093357e-03
9.246055196854285896e-04
5.384784672060050070e-03
1.587636746990028769e-03
2.178675757022574544e-03
1.868947278126142919e-03
1.687028809101320803e-03
9.327684674644842744e-04
2.381938131293281913e-03
2.977227573865093291e-03
3.646793600637465715e-03
2.952559654659125954e-03
1.063639741914812475e-03
2.362016850383952260e-03
2.431935965432785451e-03
2.467922691721469164e-03
5.623804725473746657e-03
2.124827202351298183e-03
4.579813976306468248e-03
2.301267661096062511e-03
4.840783614781685174e-03
4.351728879555594176e-03
2.287059265654534101e-03
3.146137329167686403e-03
6.474798836279660463e-03
5.075747321825474501e-03
1.614982582395896316e-03
1.788168068742379546e-03
1.316226698691025376e-03
1.069749399903230369e-03
1.922825977089814842e-03
2.934122778242453933e-03
6.224302996997721493e-04
1.147177521488629282e-03
3.144463640637695789e-03
1.226242675329558551e-03
1.263637932424899191e-03
1.615367888007313013e-03
1.220426303916610777e-03
2.623513923026621342e-03
1.267998544790316373e-03
2.010679716477170587e-03
2.925881475675851107e-03
3.093971623457036912e-03
5.841674210387282073e-04
2.526752330595627427e-03
2.134487149305641651e-03
1.562633879075292498e-03
1.158562452474143356e-03
1.247700027306564152e-03
1.625093107577413321e-03
1.258305113879032433e-03
5.779983839602209628e-03
2.211315695603843778e-03
1.929235644638538361e-03
2.497699068044312298e-03
2.511422673705965281e-03
1.597883514477871358e-03
6.806297897128388286e-04
2.274055150337517262e-03
9.630561253288760781e-04
4.839238477870821953e-03
2.179773087846115232e-03
3.444136447797063738e-03
8.561142312828451395e-04
1.353620522422716022e-03
2.471275161951780319e-03
4.769437218783423305e-04
1.906229066662490368e-03
3.960588335758075118e-03
8.296561136376112700e-04
3.558891679858788848e-03
4.214463144307956100e-03
3.198811173206195235e-03
1.040143819409422576e-03
1.424472582584712654e-03
7.113766376278363168e-03
3.071938495850190520e-03
8.604797912994399667e-04
1.610978564713150263e-03
2.340783423278480768e-03
5.602784993243403733e-03
1.145399459346663207e-03
1.647129320190288126e-03
1.495155942393466830e-03
1.441578388039488345e-03
3.020057032699696720e-03
2.185013785492628813e-03
6.172001856612041593e-03
5.566684616496786475e-03
5.938866888755001128e-04
1.505974112660624087e-03
1.829467219067737460e-03
8.175903974915854633e-03
4.249345525749959052e-03
1.074402229278348386e-03
1.595570865902118385e-03
2.301518339663743973e-03
7.521950610680505633e-04
9.765915747266262770e-04
2.688870197744108737e-03
3.456873993854969740e-03
6.584369111806154251e-04
4.346109795733354986e-03
3.950864789658226073e-03
5.123931208800058812e-03
8.273208513855934143e-04
2.621472805913072079e-03
2.019066727370955050e-03
5.032894638134166598e-03
6.846059259260073304e-04
1.638851063034962863e-03
2.609414586913771927e-03
2.329796268895734102e-03
2.597694488940760493e-03
2.278884290717542171e-03
1.701380082522518933e-03
1.243556253029964864e-03
2.360921011131722480e-03
3.165813177474774420e-03
9.093850312638096511e-04
2.202016701630782336e-03
9.161667767330072820e-04
5.863388229045085609e-03
2.894634679250884801e-03
2.002257097046822309e-03
2.099085686495527625e-03
2.929981565102934837e-03
3.349721999256871641e-03
3.570835600839927793e-03
5.031021690228953958e-03
2.430776687106117606e-03
5.857948053744621575e-03
1.851105742389336228e-03
1.925804492202587426e-03
3.525946376612409949e-03
1.596621572389267385e-03
2.436353068333119154e-03
1.840650322264991701e-03
2.109736698912456632e-03
1.941123176948167384e-03
3.192516072886064649e-03
2.674519819265697151e-03
4.802242110599763691e-03
4.145620594499632716e-03
1.964579074410721660e-03
2.645015396410599351e-03
2.915642253356054425e-03
9.845678141573444009e-04
2.259484288515523076e-03
1.136614286224357784e-03
8.777191178523935378e-04
1.544678634672891349e-03
1.262885700270999223e-03
2.088785826344974339e-03
1.634138141525909305e-03
6.818991096224635839e-04
8.983063089544884861e-04
2.030862902756780386e-03
9.235316465492360294e-04
4.631541698472574353e-03
2.228342389571480453e-03
7.707969925832003355e-04
3.178201674018055201e-03
4.434205882716923952e-03
4.143032929277978837e-04
3.583377125323750079e-03
1.648326840950176120e-03
1.066407741745933890e-03
1.956097235961351544e-03
2.116003786795772612e-03
1.616008739802055061e-03
2.486060300725512207e-03
1.166786016256082803e-03
4.040401545353233814e-03
2.037589991232380271e-03
3.356750210514292121e-03
5.717636151530314237e-03
6.870768847875297070e-04
1.085081552446354181e-03
2.774396620225161314e-03
1.307900296524167061e-03
3.646198529168032110e-03
2.394289695075713098e-03
3.073781874263659120e-03
1.169925089925527573e-03
9.142221824731677771e-04
5.995865751174278557e-03
7.186439761426299810e-04
7.464744587196037173e-03
1.028821759973652661e-03
1.758802747644949704e-03
2.389243731158785522e-03
5.504463333636522293e-03
3.043749515200033784e-03
1.667344084125943482e-03
4.221607297949958593e-03
2.854016929632052779e-03
3.274323069490492344e-03
2.449247564072720706e-03
1.188096081023104489e-03
5.061197603936307132e-03
2.022038388531655073e-03
4.708613385446369648e-03
1.284384692553430796e-03
2.148735045921057463e-03
4.629532981198281050e-03
1.572880981257185340e-03
2.169449136999901384e-03
3.422185574891045690e-03
1.973873324459418654e-03
2.088176872348412871e-03
1.697676474577747285e-03
1.083557966921944171e-03
6.703165054204873741e-04
5.549741857976187021e-03
3.680782625451683998e-03
3.029142004379536957e-03
9.661214426159858704e-03
3.156102320645004511e-03
1.388745455187745392e-03
3.545704254065640271e-03
1.695943319646175951e-03
6.314787955489009619e-03
8.518006943631917238e-04
1.173219861811958253e-03
1.357206987449899316e-03
5.254728894215077162e-04
1.350771781289950013e-03
1.183727777970489115e-03
2.903582702856510878e-03
3.276165589340962470e-03
2.336765566724352539e-03
1.947286873473785818e-03
7.717275817412883043e-03
1.461183208448346704e-03
3.335733636049553752e-03
3.872396591759752482e-03
1.439564402971882373e-03
1.652466198720503598e-03
4.430564527865499258e-03
1.562122939503751695e-03
3.107876764261163771e-03
1.841394958319142461e-03
7.485028996597975492e-03
1.622518786462023854e-03
1.479474078223574907e-03
8.986101602204144001e-04
2.955779462354257703e-03
2.003946799959521741e-03
2.340648847166448832e-03
4.832719918340444565e-03
2.982212230563163757e-03
3.413779653783421963e-03
2.538181070121936500e-03
3.690044584800489247e-03
1.263821017346344888e-03
3.277818352216854692e-03
3.674747298646252602e-03
1.242147372977342457e-03
1.419999010977335274e-03
3.426056675380095840e-03
3.305535443359985948e-03
2.699907403439283371e-03
2.771309082163497806e-03
1.068371624569408596e-03
2.955621675937436521e-03
2.240633562905713916e-03
1.150343290646560490e-03
2.169276063796132803e-03
1.554586422571446747e-03
3.962472168495878577e-03
5.989217606838792562e-04
3.087018863880075514e-03
2.002745604841038585e-03
4.701890866272151470e-03
4.430523797054775059e-03
1.645565615035593510e-03
5.762504006270319223e-04
8.217352951760403812e-04
