9.806835746765136719e+01
3.124075579643249512e+01
1.954714941978454590e+01
1.565418505668640137e+01
1.062693285942077637e+01
8.696700453758239746e+00
9.668887794017791748e+00
9.804234981536865234e+00
1.241459679603576660e+01
6.843584418296813965e+00
1.027146792411804199e+01
1.119545650482177734e+01
5.000307559967041016e+00
9.629429161548614502e+00
1.200702512264251709e+01
1.031682062149047852e+01
8.641957521438598633e+00
1.668053746223449707e+01
2.230891752243041992e+01
8.799593448638916016e+00
6.361934185028076172e+00
5.088132619857788086e+00
6.555552005767822266e+00
8.366939067840576172e+00
8.910881131887435913e+00
1.094648957252502441e+01
4.635665893554687500e+00
1.576315313577651978e+01
8.785752117633819580e+00
7.928498446941375732e+00
4.836480736732482910e+00
4.224233418703079224e+00
7.447019696235656738e+00
7.323148101568222046e+00
6.006329119205474854e+00
3.948355197906494141e+00
9.346642851829528809e+00
6.079662203788757324e+00
1.063168722391128540e+01
6.406417191028594971e+00
1.061227512359619141e+01
1.644744372367858887e+01
1.226111578941345215e+01
1.666755211353302002e+01
1.006349754333496094e+01
1.446213018894195557e+01
2.025445580482482910e+01
6.717175960540771484e+00
6.869581758975982666e+00
6.233904123306274414e+00
5.715883612632751465e+00
6.650042742490768433e+00
6.553038507699966431e+00
8.892009913921356201e+00
2.808370083570480347e+00
4.979969322681427002e+00
2.825922682881355286e+00
6.284834206104278564e+00
2.145854175090789795e+00
5.595865845680236816e+00
6.180900275707244873e+00
6.381485641002655029e+00
2.929821938276290894e+00
5.381085008382797241e+00
6.757318198680877686e+00
5.528757214546203613e+00
6.282046794891357422e+00
7.866452336311340332e+00
7.201292693614959717e+00
4.481079399585723877e+00
5.020375549793243408e+00
7.812175452709197998e+00
7.516165971755981445e+00
4.133558809757232666e+00
6.924646928906440735e+00
5.035241365432739258e+00
3.968465834856033325e+00
5.374742537736892700e+00
8.726436018943786621e+00
5.095479995012283325e+00
4.218578398227691650e+00
7.439355552196502686e+00
8.571666002273559570e+00
9.695339679718017578e+00
6.034589380025863647e+00
1.133344089984893799e+01
1.005712997913360596e+01
5.886423528194427490e+00
8.173149824142456055e+00
5.828797399997711182e+00
5.440711200237274170e+00
7.757852196693420410e+00
5.624816894531250000e+00
6.637910619378089905e+00
2.634263992309570312e+00
3.614526450634002686e+00
3.364449024200439453e+00
5.118110895156860352e+00
5.001105785369873047e+00
5.834929168224334717e+00
4.917598247528076172e+00
4.919962167739868164e+00
2.835905224084854126e+00
2.394436329603195190e+00
3.459685027599334717e+00
7.889294266700744629e+00
3.971623897552490234e+00
3.161603510379791260e+00
5.994131088256835938e+00
3.382257550954818726e+00
2.296022951602935791e+00
3.032220035791397095e+00
8.576844692230224609e+00
6.452903568744659424e+00
2.385907232761383057e+00
4.603793501853942871e+00
1.646598637104034424e+00
3.477132469415664673e+00
2.637075662612915039e+00
3.345996916294097900e+00
4.906270295381546021e+00
3.232396870851516724e+00
2.685059607028961182e+00
5.020570099353790283e+00
6.110510349273681641e+00
5.160477221012115479e+00
2.583284676074981689e+00
5.229109644889831543e+00
3.289929866790771484e+00
3.732730746269226074e+00
3.294693559408187866e+00
8.081144213676452637e+00
2.159461885690689087e+00
1.350403264164924622e+00
3.761075437068939209e+00
4.232626348733901978e+00
3.354025065898895264e+00
6.400069475173950195e+00
6.419691890478134155e+00
2.738301932811737061e+00
8.453107476234436035e+00
4.045236766338348389e+00
6.541374921798706055e+00
4.174349904060363770e+00
5.735703885555267334e+00
2.057598978281021118e+00
4.182297885417938232e+00
6.200262099504470825e+00
2.803017854690551758e+00
6.820869088172912598e+00
3.116440802812576294e+00
3.117150783538818359e+00
3.569508999586105347e+00
1.718725115060806274e+00
4.685763359069824219e+00
4.474329099059104919e+00
4.013689622282981873e+00
5.522530704736709595e+00
1.533763602375984192e+00
5.227633386850357056e+00
3.643083125352859497e+00
2.457775056362152100e+00
4.513813436031341553e+00
5.888004213571548462e+00
5.599900364875793457e+00
7.010843873023986816e+00
8.163839519023895264e+00
4.246316313743591309e+00
6.173598289489746094e+00
3.891363561153411865e+00
3.506788730621337891e+00
2.583214461803436279e+00
4.252473533153533936e+00
5.581185579299926758e+00
6.765903592109680176e+00
4.496066629886627197e+00
4.523574352264404297e+00
1.059326735138893127e+01
4.866110742092132568e+00
6.631139397621154785e+00
4.308779835700988770e+00
5.485416650772094727e+00
5.613849580287933350e+00
3.727890789508819580e+00
4.754560142755508423e+00
1.941124469041824341e+00
3.057181358337402344e+00
4.371874213218688965e+00
3.258893132209777832e+00
4.249597489833831787e+00
4.062728255987167358e+00
6.136777639389038086e+00
3.862567409873008728e+00
3.137353539466857910e+00
3.703306436538696289e+00
3.249704241752624512e+00
4.945029616355895996e+00
5.978046715259552002e+00
4.125306963920593262e+00
3.994320154190063477e+00
3.203537926077842712e+00
2.582423970103263855e+00
2.938061892986297607e+00
2.065638631582260132e+00
2.579530820250511169e+00
2.442317843437194824e+00
4.559522032737731934e+00
3.868281155824661255e+00
1.764997035264968872e+00
3.942117989063262939e+00
5.139873832464218140e+00
2.254850462079048157e+00
7.097362130880355835e+00
4.729773268103599548e+00
3.976949587464332581e+00
1.751714959740638733e+00
4.367325633764266968e+00
6.198974937200546265e+00
5.890689373016357422e+00
2.963812291622161865e+00
3.601226896047592163e+00
7.383305013179779053e+00
3.973825812339782715e+00
3.645250022411346436e+00
3.475062578916549683e+00
5.130885779857635498e+00
4.909011960029602051e+00
5.710791528224945068e+00
4.618434846401214600e+00
7.076691687107086182e+00
3.998654663562774658e+00
3.694490849971771240e+00
3.535805940628051758e+00
5.227786421775817871e+00
5.360657691955566406e+00
2.662724375724792480e+00
3.906892180442810059e+00
2.886269539594650269e+00
2.213109269738197327e+00
1.053523629903793335e+00
4.447607457637786865e+00
2.811824798583984375e+00
1.686170175671577454e+00
5.188783973455429077e+00
2.572709411382675171e+00
1.166935309767723083e+00
3.339801371097564697e+00
2.859675079584121704e+00
2.298252582550048828e+00
4.496358633041381836e+00
1.987856671214103699e+00
2.669669762253761292e+00
4.213583678007125854e+00
5.821075856685638428e+00
2.893020331859588623e+00
3.595471918582916260e+00
4.239511489868164062e+00
2.472581028938293457e+00
4.214070171117782593e+00
6.711460590362548828e+00
3.272932291030883789e+00
3.456839561462402344e+00
4.410636723041534424e+00
2.144781589508056641e+00
3.657914951443672180e+00
3.168287739157676697e+00
3.561313763260841370e+00
3.880698323249816895e+00
2.296113759279251099e+00
5.895673841238021851e+00
1.193649515509605408e+00
4.406972229480743408e+00
1.211844116449356079e+00
4.612856686115264893e+00
1.739917442202568054e+00
4.491256326436996460e+00
3.712913513183593750e+00
2.676552772521972656e+00
6.323424696922302246e+00
4.940369069576263428e+00
2.483036518096923828e+00
2.111851498484611511e+00
3.933053791522979736e+00
2.622154653072357178e+00
1.393193215131759644e+00
3.562508553266525269e+00
4.164710551500320435e+00
4.267558097839355469e+00
3.603934764862060547e+00
2.535043030977249146e+00
2.258943647146224976e+00
4.778492003679275513e+00
1.594687730073928833e+00
4.302889704704284668e+00
3.191026329994201660e+00
2.220522120594978333e+00
3.242203235626220703e+00
2.961476802825927734e+00
4.967753738164901733e+00
3.448673486709594727e+00
3.506058335304260254e+00
2.523983359336853027e+00
4.052866876125335693e+00
2.662005335092544556e+00
1.503994107246398926e+00
4.355339467525482178e+00
1.960751444101333618e+00
5.426490247249603271e+00
2.554766178131103516e+00
2.722592413425445557e+00
1.675941124558448792e+00
1.840069353580474854e+00
3.768192321062088013e+00
3.133538901805877686e+00
3.093000411987304688e+00
3.463953197002410889e+00
3.877862781286239624e+00
1.148911744356155396e+00
5.279214382171630859e+00
2.181307852268218994e+00
2.828273445367813110e+00
1.632492884993553162e+00
1.554670140147209167e+00
1.446418747305870056e+00
2.055871784687042236e+00
3.479297220706939697e+00
2.334734275937080383e+00
2.478664964437484741e+00
2.361670762300491333e+00
3.621942102909088135e+00
1.628788232803344727e+00
1.071389511227607727e+00
1.867570728063583374e+00
4.027662307024002075e+00
3.114960789680480957e+00
3.919820517301559448e+00
2.410702869296073914e+00
3.178509652614593506e+00
1.299269750714302063e+00
2.592168480157852173e+00
2.626616865396499634e+00
3.764467731118202209e+00
2.174863696098327637e+00
3.449211284518241882e+00
3.018911361694335938e+00
2.253462344408035278e+00
2.259666115045547485e+00
2.342613697052001953e+00
3.557616829872131348e+00
2.295822829008102417e+00
1.202077105641365051e+00
2.297031357884407043e+00
2.293397516012191772e+00
3.567384898662567139e+00
3.473036006093025208e+00
3.286671042442321777e+00
3.864888191223144531e+00
3.191365897655487061e+00
4.907823026180267334e+00
3.986184000968933105e+00
4.057673081755638123e+00
2.062099128961563110e+00
2.790362715721130371e+00
2.334229350090026855e+00
4.540086835622787476e+00
4.169768005609512329e+00
3.822536885738372803e+00
2.830283373594284058e+00
3.294912338256835938e+00
2.634026035666465759e+00
1.692734941840171814e+00
9.885335415601730347e-01
1.672189682722091675e+00
3.363881707191467285e+00
4.381887882947921753e+00
1.502024725079536438e+00
3.358774453401565552e+00
1.664893016219139099e+00
4.696529448032379150e+00
3.169159919023513794e+00
2.159668713808059692e+00
2.014246106147766113e+00
2.286160677671432495e+00
2.659910619258880615e+00
1.722608625888824463e+00
1.111618861556053162e+00
1.148846164345741272e+00
2.585843250155448914e+00
1.415392383933067322e+00
2.829114824533462524e+00
1.478584587574005127e+00
1.856047391891479492e+00
1.937677711248397827e+00
5.712698042392730713e+00
9.874497801065444946e-01
4.034701585769653320e+00
1.443504720926284790e+00
2.889611482620239258e+00
3.633113041520118713e+00
2.539589405059814453e+00
1.707744449377059937e+00
2.599039971828460693e+00
3.035793915390968323e+00
2.898526012897491455e+00
3.976292312145233154e+00
4.479249477386474609e+00
1.140014186501502991e+00
2.479766391217708588e+00
1.621524512767791748e+00
2.963526487350463867e+00
2.926795721054077148e+00
2.407090827822685242e+00
2.115597561001777649e+00
2.195437192916870117e+00
2.641918897628784180e+00
1.563044875860214233e+00
3.112986549735069275e+00
1.670054212212562561e+00
1.911340028047561646e+00
5.772435724735260010e+00
3.860889375209808350e+00
1.382626384496688843e+00
2.683843255043029785e+00
1.621424645185470581e+00
1.549711525440216064e+00
1.133006066083908081e+00
1.092304989695549011e+00
3.759490787982940674e+00
1.853616923093795776e+00
2.172190874814987183e+00
2.873333901166915894e+00
2.519180774688720703e+00
2.786063462495803833e+00
2.509109139442443848e+00
2.071083039045333862e+00
4.088912576436996460e+00
1.851213753223419189e+00
2.992516398429870605e+00
2.136267483234405518e+00
3.413725733757019043e+00
2.474246799945831299e+00
1.665262103080749512e+00
3.366923376917839050e+00
2.032397791743278503e+00
1.215362772345542908e+00
1.060428619384765625e+00
1.457084909081459045e+00
2.078192204236984253e+00
3.972792603075504303e+00
2.884538844227790833e+00
2.848631381988525391e+00
3.480787396430969238e+00
2.176372617483139038e+00
1.835024297237396240e+00
3.873394846916198730e+00
1.899800702929496765e+00
1.364850193262100220e+00
4.210389673709869385e+00
3.723508492112159729e+00
1.657834738492965698e+00
3.485318884253501892e+00
2.200630426406860352e+00
1.766180321574211121e+00
1.770745068788528442e+00
3.434565514326095581e+00
3.767282664775848389e+00
1.688503563404083252e+00
2.217012271285057068e+00
3.611332595348358154e+00
3.064202874898910522e+00
2.090849354863166809e+00
1.973135560750961304e+00
1.386947885155677795e+00
2.651585578918457031e+00
2.195801302790641785e+00
3.522264540195465088e+00
1.978652194142341614e+00
1.929897308349609375e+00
3.288067899644374847e+00
2.129452899098396301e+00
4.056694507598876953e+00
1.292280256748199463e+00
1.500444158911705017e+00
2.665713131427764893e+00
2.252803817391395569e+00
1.088461741805076599e+00
2.048043519258499146e+00
3.703579656779766083e+00
1.809122905135154724e+00
3.118360996246337891e+00
1.965857952833175659e+00
2.360755100846290588e+00
2.311199665069580078e+00
1.748626112937927246e+00
2.759641706943511963e+00
3.294854030013084412e+00
4.498970448970794678e+00
2.599522978067398071e+00
2.151567697525024414e+00
2.890673190355300903e+00
1.417744800448417664e+00
3.251822173595428467e+00
3.019666343927383423e+00
1.335874825716018677e+00
5.616287320852279663e+00
1.556632772088050842e+00
1.755818068981170654e+00
2.453323215246200562e+00
2.083399787545204163e+00
1.757985979318618774e+00
1.716702163219451904e+00
2.574973136186599731e+00
2.214998945593833923e+00
2.242371812462806702e+00
1.763656347990036011e+00
4.414445728063583374e+00
1.252041876316070557e+00
1.639223471283912659e+00
1.738739788532257080e+00
1.808274596929550171e+00
2.458721384406089783e+00
3.488344192504882812e+00
2.422319918870925903e+00
1.628204226493835449e+00
2.867257177829742432e+00
3.702923148870468140e+00
1.156902670860290527e+00
2.099133342504501343e+00
3.157328605651855469e+00
1.890564858913421631e+00
1.315068483352661133e+00
2.312110126018524170e+00
1.509285248816013336e+00
2.455063253641128540e+00
2.042030245065689087e+00
1.609832361340522766e+00
1.180072084069252014e+00
2.446122199296951294e+00
2.130598545074462891e+00
3.198772609233856201e+00
1.997131243348121643e+00
2.595639109611511230e+00
1.710526257753372192e+00
4.156136810779571533e+00
2.224958419799804688e+00
3.154056370258331299e+00
2.005408361554145813e+00
3.319440722465515137e+00
1.716106504201889038e+00
2.221720218658447266e+00
1.641761094331741333e+00
1.613527357578277588e+00
1.020171202719211578e+00
2.168638318777084351e+00
2.191853702068328857e+00
8.490167260169982910e-01
1.305183142423629761e+00
3.807723104953765869e+00
1.460136383771896362e+00
4.571806743741035461e+00
3.563346356153488159e+00
1.387218095362186432e+00
3.442776978015899658e+00
2.911974981427192688e+00
1.604293748736381531e+00
3.251031935214996338e+00
1.696644023060798645e+00
2.545302391052246094e+00
1.316799119114875793e+00
2.978274896740913391e+00
2.362641274929046631e+00
2.751831397414207458e+00
2.319238528609275818e+00
2.554605215787887573e+00
1.677572309970855713e+00
3.132141739130020142e+00
1.692888826131820679e+00
1.966220706701278687e+00
2.764164328575134277e+00
2.332753553986549377e+00
7.999891117215156555e-01
1.822599276900291443e+00
2.158110961318016052e+00
1.367513969540596008e+00
2.124224066734313965e+00
1.045103251934051514e+00
1.627232506871223450e+00
1.714969724416732788e+00
3.045310735702514648e+00
2.543880417943000793e+00
2.040972769260406494e+00
5.070158362388610840e+00
3.567087113857269287e+00
1.936754733324050903e+00
1.842598855495452881e+00
2.339116871356964111e+00
2.934219360351562500e+00
4.049166917800903320e+00
1.067525595426559448e+00
2.645942918956279755e+00
1.275996804237365723e+00
1.080421566963195801e+00
4.013245165348052979e+00
2.559286832809448242e+00
2.272884741425514221e+00
2.333868265151977539e+00
2.188399940729141235e+00
3.650234818458557129e+00
1.128653392195701599e+00
2.344154208898544312e+00
1.583633780479431152e+00
2.718511775135993958e+00
1.444188475608825684e+00
2.643461197614669800e+00
1.727339237928390503e+00
1.672665685415267944e+00
2.579421699047088623e+00
3.390766829252243042e+00
1.944083392620086670e+00
2.365946114063262939e+00
2.971373736858367920e+00
1.414882928133010864e+00
8.528476357460021973e-01
3.291948705911636353e+00
1.776181459426879883e+00
3.266485765576362610e+00
3.472366392612457275e+00
1.920239984989166260e+00
2.325109362602233887e+00
2.526186585426330566e+00
2.229417502880096436e+00
1.973459690809249878e+00
1.832200676202774048e+00
1.727869808673858643e+00
1.921434432268142700e+00
4.677043110132217407e+00
2.114347368478775024e+00
2.058464109897613525e+00
2.143013298511505127e+00
1.191813752055168152e+00
2.606553077697753906e+00
2.730605855584144592e+00
1.498736396431922913e+00
2.417938411235809326e+00
3.294629454612731934e+00
2.663789719343185425e+00
1.899819284677505493e+00
3.598113805055618286e+00
2.331510826945304871e+00
1.705100685358047485e+00
2.274117924273014069e+00
1.734744876623153687e+00
2.576470792293548584e+00
2.716678082942962646e+00
3.366299048066139221e+00
2.421148240566253662e+00
2.734179079532623291e+00
1.236443430185317993e+00
1.305166691541671753e+00
2.516164600849151611e+00
2.127314120531082153e+00
1.556804299354553223e+00
1.149753898382186890e+00
3.399296730756759644e+00
2.549577184021472931e+00
2.234320849180221558e+00
2.789561562240123749e+00
4.864740103483200073e+00
2.254066750407218933e+00
1.715119764208793640e+00
2.842473059892654419e+00
3.087204039096832275e+00
2.085994854569435120e+00
2.181479468941688538e+00
2.143428355455398560e+00
1.832518428564071655e+00
2.542792797088623047e+00
1.694838106632232666e+00
1.539204180240631104e+00
2.265901058912277222e+00
1.829252749681472778e+00
1.278650134801864624e+00
1.991038635373115540e+00
1.236739486455917358e+00
2.929846614599227905e+00
2.500719249248504639e+00
2.840620607137680054e+00
1.659991592168807983e+00
1.199096575379371643e+00
2.046821147203445435e+00
9.342824220657348633e-01
3.466609507799148560e+00
1.873347699642181396e+00
2.946776181459426880e+00
1.495480433106422424e+00
4.377160787582397461e+00
1.831421241164207458e+00
2.030232340097427368e+00
9.150660037994384766e-01
2.195148825645446777e+00
1.886148244142532349e+00
1.471832603216171265e+00
1.184799745678901672e+00
1.296318024396896362e+00
1.307705402374267578e+00
2.128333278000354767e+00
1.908086836338043213e+00
1.846253573894500732e+00
2.683985158801078796e+00
2.468262434005737305e+00
1.415510743856430054e+00
2.347203463315963745e+00
3.037764623761177063e+00
1.225723087787628174e+00
2.551567807793617249e+00
1.857792377471923828e+00
2.106149807572364807e+00
1.304973930120468140e+00
3.169370204210281372e+00
2.520060807466506958e+00
2.534681260585784912e+00
1.206194937229156494e+00
3.101694881916046143e+00
1.733214989304542542e+00
2.654311120510101318e+00
2.111307352781295776e+00
1.691727936267852783e+00
1.027662217617034912e+00
2.304707124829292297e+00
2.496945068240165710e+00
2.264328122138977051e+00
1.900677427649497986e+00
1.430124536156654358e+00
2.509984269738197327e+00
2.021036744117736816e+00
2.497001856565475464e+00
3.531164318323135376e+00
1.530069693922996521e+00
3.698843598365783691e+00
1.726235717535018921e+00
4.321570187807083130e+00
2.730255305767059326e+00
2.127084612846374512e+00
2.575363755226135254e+00
3.969135567545890808e+00
3.170436620712280273e+00
2.038222312927246094e+00
2.260914027690887451e+00
1.574610188603401184e+00
1.645287200808525085e+00
2.356978714466094971e+00
2.717818349599838257e+00
9.954822808504104614e-01
1.462351441383361816e+00
2.252092227339744568e+00
1.473057255148887634e+00
1.267470717430114746e+00
1.624047920107841492e+00
1.404192432761192322e+00
2.548414468765258789e+00
1.446475297212600708e+00
1.868649959564208984e+00
2.513429492712020874e+00
2.785891115665435791e+00
7.935817539691925049e-01
2.481253668665885925e+00
2.229097530245780945e+00
1.472579479217529297e+00
1.011381730437278748e+00
1.795842230319976807e+00
1.859451726078987122e+00
1.629903554916381836e+00
3.665553256869316101e+00
2.524927452206611633e+00
2.175229609012603760e+00
2.492848396301269531e+00
2.272323906421661377e+00
1.728716731071472168e+00
9.975288659334182739e-01
2.134335979819297791e+00
1.134153366088867188e+00
3.440547496080398560e+00
2.385583370923995972e+00
2.384217947721481323e+00
1.004156202077865601e+00
1.743193626403808594e+00
2.199263662099838257e+00
7.351482808589935303e-01
2.039492145180702209e+00
2.968209564685821533e+00
1.188656419515609741e+00
3.184166878461837769e+00
2.292395323514938354e+00
1.675984039902687073e+00
1.625990837812423706e+00
1.125646352767944336e+00
3.679344728589057922e+00
1.862512409687042236e+00
1.342156469821929932e+00
1.493700608611106873e+00
2.513622567057609558e+00
3.960771739482879639e+00
1.865256592631340027e+00
1.645185589790344238e+00
1.734631299972534180e+00
1.867217987775802612e+00
2.217334926128387451e+00
1.910369217395782471e+00
4.168629571795463562e+00
4.101072877645492554e+00
8.321185708045959473e-01
1.881798520684242249e+00
1.927202075719833374e+00
5.165601417422294617e+00
3.396861925721168518e+00
1.446941465139389038e+00
1.851894825696945190e+00
2.421803176403045654e+00
1.129903614521026611e+00
1.357397660613059998e+00
2.591660052537918091e+00
3.388491392135620117e+00
1.046624094247817993e+00
3.352802723646163940e+00
2.961964309215545654e+00
3.700081929564476013e+00
1.384877964854240417e+00
2.131252616643905640e+00
1.850297048687934875e+00
3.706109225749969482e+00
1.145939320325851440e+00
1.602832779288291931e+00
1.766373753547668457e+00
1.641641870141029358e+00
2.253841400146484375e+00
2.305552631616592407e+00
1.464726865291595459e+00
1.695387244224548340e+00
2.133826553821563721e+00
2.911389112472534180e+00
1.089391976594924927e+00
1.962181419134140015e+00
1.616014286875724792e+00
2.849061101675033569e+00
2.824754863977432251e+00
2.417260363698005676e+00
2.350323617458343506e+00
3.464598208665847778e+00
2.869301393628120422e+00
2.520197421312332153e+00
2.897569209337234497e+00
2.459827989339828491e+00
4.123130142688751221e+00
2.203777104616165161e+00
2.030668497085571289e+00
2.763549685478210449e+00
1.399954348802566528e+00
2.860739260911941528e+00
1.817034691572189331e+00
2.117988944053649902e+00
2.115796983242034912e+00
2.542174518108367920e+00
1.948584139347076416e+00
3.085155904293060303e+00
2.484355807304382324e+00
2.278253883123397827e+00
1.964932724833488464e+00
2.140009403228759766e+00
1.393320336937904358e+00
2.053999885916709900e+00
1.614577859640121460e+00
1.275108486413955688e+00
1.938531547784805298e+00
1.292335763573646545e+00
2.226119399070739746e+00
1.940174758434295654e+00
8.149277418851852417e-01
1.393503740429878235e+00
1.993577703833580017e+00
1.283690102398395538e+00
3.558377027511596680e+00
2.091923207044601440e+00
9.961555451154708862e-01
2.266196861863136292e+00
3.285331666469573975e+00
6.852714866399765015e-01
3.026945695281028748e+00
1.764121770858764648e+00
1.212364867329597473e+00
1.638249978423118591e+00
1.997172147035598755e+00
2.068602025508880615e+00
2.965050257742404938e+00
1.320903748273849487e+00
3.254300057888031006e+00
1.709060966968536377e+00
3.000265300273895264e+00
2.985001847147941589e+00
9.197807908058166504e-01
1.416556030511856079e+00
2.500531554222106934e+00
1.163858890533447266e+00
2.644736588001251221e+00
1.888992846012115479e+00
3.047825708985328674e+00
1.646970450878143311e+00
1.385815888643264771e+00
3.235533207654953003e+00
8.746623843908309937e-01
3.594919949769973755e+00
1.660386204719543457e+00
1.604000836610794067e+00
2.268955856561660767e+00
4.075141191482543945e+00
2.418213546276092529e+00
1.742561459541320801e+00
2.495792180299758911e+00
2.965333968400955200e+00
2.451463535428047180e+00
2.081379801034927368e+00
1.721544578671455383e+00
3.100112363696098328e+00
2.117853820323944092e+00
3.478333026170730591e+00
1.801874637603759766e+00
1.989166378974914551e+00
2.583394795656204224e+00
1.673015683889389038e+00
2.215692311525344849e+00
3.144043177366256714e+00
1.828976511955261230e+00
1.971188828349113464e+00
2.165955230593681335e+00
1.238216266036033630e+00
8.975919336080551147e-01
4.014968663454055786e+00
3.193102732300758362e+00
2.550643652677536011e+00
4.710649937391281128e+00
2.923233598470687866e+00
1.658754110336303711e+00
2.380133822560310364e+00
1.258025527000427246e+00
3.500984907150268555e+00
1.184386789798736572e+00
1.411901533603668213e+00
1.669290378689765930e+00
9.029110819101333618e-01
1.794479236006736755e+00
1.686578333377838135e+00
2.769987106323242188e+00
2.929516822099685669e+00
2.274199217557907104e+00
2.248025655746459961e+00
4.206297457218170166e+00
1.929554909467697144e+00
3.130262427031993866e+00
3.079389423131942749e+00
1.296597033739089966e+00
2.369875922799110413e+00
3.209176599979400635e+00
1.528248906135559082e+00
2.469997406005859375e+00
2.058011740446090698e+00
4.898271352052688599e+00
1.931513577699661255e+00
1.818259388208389282e+00
1.492912709712982178e+00
2.496007710695266724e+00
2.068171650171279907e+00
2.108533531427383423e+00
3.543166935443878174e+00
2.171784251928329468e+00
2.422303855419158936e+00
1.793845489621162415e+00
3.099798843264579773e+00
1.266926720738410950e+00
3.125251084566116333e+00
2.449784636497497559e+00
1.401102736592292786e+00
1.379264995455741882e+00
3.128888547420501709e+00
3.206816896796226501e+00
1.860916525125503540e+00
2.839227586984634399e+00
1.620642036199569702e+00
2.909719362854957581e+00
2.246191352605819702e+00
1.492408528923988342e+00
2.162083238363265991e+00
1.933805041015148163e+00
3.781962990760803223e+00
1.009091541171073914e+00
2.737954825162887573e+00
2.255751311779022217e+00
3.661161988973617554e+00
3.014618128538131714e+00
1.310019135475158691e+00
9.448078200221061707e-01
1.179595187306404114e+00
