1.852256536483764648e+00
1.109561800956726074e+00
7.577310800552368164e-01
6.521009802818298340e-01
4.018453657627105713e-01
2.517816424369812012e-01
1.364670842885971069e-01
2.920673042535781860e-02
6.806138902902603149e-02
3.446393087506294250e-02
2.867099083960056305e-02
5.645291414111852646e-03
1.409978512674570084e-02
4.034796729683876038e-02
7.112603634595870972e-03
2.607608400285243988e-02
3.374417871236801147e-02
2.138075679540634155e-01
4.839477315545082092e-02
6.163286045193672180e-03
4.758062306791543961e-03
7.857775315642356873e-03
1.268803142011165619e-02
6.434456910938024521e-03
6.500062998384237289e-03
3.001344949007034302e-02
6.612907163798809052e-03
3.663655370473861694e-02
1.519285887479782104e-02
3.874784335494041443e-02
4.631591495126485825e-03
2.915972610935568810e-03
1.967298239469528198e-02
2.054497413337230682e-02
2.127843210473656654e-03
4.785813391208648682e-03
1.791040971875190735e-02
1.002511754631996155e-02
6.097869947552680969e-03
1.237754710018634796e-02
1.307256221771240234e-01
3.894667327404022217e-02
3.985037282109260559e-02
4.133329540491104126e-02
8.337835781276226044e-03
1.632473617792129517e-01
5.709243565797805786e-02
4.936583805829286575e-03
8.338232524693012238e-03
1.124763209372758865e-02
3.653376363217830658e-03
5.745567847043275833e-03
3.452371573075652122e-03
1.515249721705913544e-02
5.175950005650520325e-03
1.500605372712016106e-03
1.045229285955429077e-02
2.919399412348866463e-03
2.038631821051239967e-03
1.615845039486885071e-02
2.644768450409173965e-03
3.295522648841142654e-03
1.411273027770221233e-03
1.945222541689872742e-02
1.212688512168824673e-03
1.734217279590666294e-03
9.656005539000034332e-03
1.203224807977676392e-02
4.678834229707717896e-03
7.513615419156849384e-04
1.345114503055810928e-02
2.807437442243099213e-02
1.221947721205651760e-03
1.945269643329083920e-03
1.131558557972311974e-03
4.730800632387399673e-03
1.717773848213255405e-03
1.688852207735180855e-03
5.827608518302440643e-03
1.850956119596958160e-03
7.583245169371366501e-03
4.436029586941003799e-03
4.537076130509376526e-02
1.683604530990123749e-02
6.487096659839153290e-03
3.106294944882392883e-02
1.581320539116859436e-03
3.656781837344169617e-02
5.855293944478034973e-03
3.060078015550971031e-03
1.876909285783767700e-02
3.008094057440757751e-02
1.283321762457489967e-03
1.271721674129366875e-03
3.101853653788566589e-03
1.481078681536018848e-03
2.405835082754492760e-03
1.491292379796504974e-03
9.847001172602176666e-03
1.430561533197760582e-03
3.669311059638857841e-03
4.040422383695840836e-03
2.731582615524530411e-03
5.379875074140727520e-04
7.232262752950191498e-03
6.380817503668367863e-04
6.079691462218761444e-03
2.259802771732211113e-03
1.014415058307349682e-03
3.612025873735547066e-03
1.191218500025570393e-03
1.133372774347662926e-03
2.224763622507452965e-03
7.162598776631057262e-04
3.676028689369559288e-03
1.449537463486194611e-03
1.502612023614346981e-03
7.534482283517718315e-04
2.962727099657058716e-03
6.838154513388872147e-04
4.721700213849544525e-03
1.429205527529120445e-03
1.782401115633547306e-03
4.869644530117511749e-03
1.460728119127452374e-03
1.519365003332495689e-03
1.109556760638952255e-03
1.022565178573131561e-03
4.391179885715246201e-03
2.401086036115884781e-03
1.183722051791846752e-03
1.868791296146810055e-03
6.244892720133066177e-04
2.175528788939118385e-03
1.573578570969402790e-03
5.348674021661281586e-04
7.207786198705434799e-03
1.326548680663108826e-02
1.126315910369157791e-03
2.376961288973689079e-03
3.476278623566031456e-03
4.324587062001228333e-03
2.069366630166769028e-03
6.216585170477628708e-04
1.292952569201588631e-03
5.965600255876779556e-03
9.406094322912395000e-04
1.108926953747868538e-03
9.560118196532130241e-04
3.422049805521965027e-03
3.229361260309815407e-03
7.207550224848091602e-04
1.266660401597619057e-03
1.505683641880750656e-03
3.372799372300505638e-03
1.049637561663985252e-03
2.183541888371109962e-03
1.842726604081690311e-03
1.625161617994308472e-03
3.453745506703853607e-03
2.391269663348793983e-03
3.700950648635625839e-03
1.317462045699357986e-02
1.949758152477443218e-03
7.917850278317928314e-03
2.363792993128299713e-02
3.656669519841670990e-03
9.381357580423355103e-03
3.221933031454682350e-03
6.258496083319187164e-03
5.426632240414619446e-03
1.142235589213669300e-03
8.327226387336850166e-04
1.842967001721262932e-03
1.286106556653976440e-02
1.065801945514976978e-03
4.566659219563007355e-03
2.058578887954354286e-03
1.166224200278520584e-02
6.777618546038866043e-03
3.567555220797657967e-03
4.644576460123062134e-03
3.573906840756535530e-03
1.536212628707289696e-03
6.866920739412307739e-04
1.858612522482872009e-03
7.092422456480562687e-04
4.737526178359985352e-03
8.240857860073447227e-04
9.208657778799533844e-03
2.190812956541776657e-03
3.392711747437715530e-03
3.429760690778493881e-03
6.309671327471733093e-03
9.175086743198335171e-04
3.796990262344479561e-03
5.260632839053869247e-03
8.042060770094394684e-03
2.265826566144824028e-03
1.606981386430561543e-03
6.618816405534744263e-04
6.407967885024845600e-04
5.808322457596659660e-04
2.004599198698997498e-03
7.896436145529150963e-04
5.539578851312398911e-04
2.187721664085984230e-03
5.519473925232887268e-04
2.476798137649893761e-03
6.659766659140586853e-03
2.178122289478778839e-03
1.084646675735712051e-03
4.821947310119867325e-03
9.973651031032204628e-04
1.753995195031166077e-03
7.056234753690660000e-04
5.422612186521291733e-03
2.750992076471447945e-03
6.911719101481139660e-04
3.007440362125635147e-03
3.877641167491674423e-03
8.236073190346360207e-04
5.571038927882909775e-04
3.519991878420114517e-03
6.762632401660084724e-04
4.913630895316600800e-03
2.537302672863006592e-03
4.569219890981912613e-03
5.972682032734155655e-03
2.475425135344266891e-03
3.248554887250065804e-03
6.798400543630123138e-03
2.534582046791911125e-03
5.161752924323081970e-03
2.015597186982631683e-03
6.036047125235199928e-04
8.369924616999924183e-04
1.111049554310739040e-03
1.259378856047987938e-03
1.104155671782791615e-03
1.473865238949656487e-03
9.208412957377731800e-04
5.891302134841680527e-04
2.579980995506048203e-03
8.795296889729797840e-04
5.203371401876211166e-04
2.124182181432843208e-03
4.653958312701433897e-04
5.463780253194272518e-04
9.581109625287353992e-04
4.769755178131163120e-04
1.228004577569663525e-03
6.437900592572987080e-04
1.077449065633118153e-03
4.861306806560605764e-04
1.401385059580206871e-03
1.102943555451929569e-03
5.700673791579902172e-04
2.436472102999687195e-03
2.018932020291686058e-03
1.096294960007071495e-03
9.399708360433578491e-04
1.537429285235702991e-03
7.987259305082261562e-04
3.556723706424236298e-03
5.822350503876805305e-04
1.800414524041116238e-03
8.356457110494375229e-04
1.034413231536746025e-03
1.542530721053481102e-03
1.056550652720034122e-03
1.221026643179357052e-03
2.217818284407258034e-03
3.355852328240871429e-03
5.524525768123567104e-04
2.007954055443406105e-03
1.181113999336957932e-03
2.109477529302239418e-03
2.289194613695144653e-03
5.846614949405193329e-04
7.701486465521156788e-04
1.090937061235308647e-03
1.162913045845925808e-03
1.063626958057284355e-03
5.358347552828490734e-04
1.746872556395828724e-03
1.423317124135792255e-03
9.788405150175094604e-04
3.354771528393030167e-03
2.055421937257051468e-03
8.335431921295821667e-04
9.586001979187130928e-04
6.128982058726251125e-04
2.274250378832221031e-03
1.282526645809412003e-03
7.475130259990692139e-04
1.230731490068137646e-03
2.965602092444896698e-03
2.274042461067438126e-03
8.073278586380183697e-04
1.835875096730887890e-03
5.567267071455717087e-04
1.223629689775407314e-03
7.545959670096635818e-04
8.634730475023388863e-04
1.171761541627347469e-03
7.730178185738623142e-04
8.705973159521818161e-04
1.220328151248395443e-03
1.863653189502656460e-03
5.001629469916224480e-04
1.370034995488822460e-03
2.238648943603038788e-03
2.032290445640683174e-03
1.603811397217214108e-03
7.993392064236104488e-04
7.412412087433040142e-04
1.033066539093852043e-03
1.568541512824594975e-03
7.378741283901035786e-04
6.439735298044979572e-04
8.502879645675420761e-04
4.929574788548052311e-04
5.168112693354487419e-04
8.593761012889444828e-04
7.301311125047504902e-04
6.454897229559719563e-04
4.743349563796073198e-04
5.241526523604989052e-04
9.915357222780585289e-04
8.323806105181574821e-04
6.311528850346803665e-04
1.893500681035220623e-03
7.514572935178875923e-04
6.385563756339251995e-04
1.741108950227499008e-03
1.292483299039304256e-03
6.030192016623914242e-04
5.930582992732524872e-04
1.107438118197023869e-03
1.916263136081397533e-03
1.629662350751459599e-03
1.023349235765635967e-03
6.208887789398431778e-04
5.421201931312680244e-04
5.852677859365940094e-04
1.632305094972252846e-03
5.909647443331778049e-04
8.380786748602986336e-04
5.009185988456010818e-04
4.989998415112495422e-04
5.425598355941474438e-04
2.101917518302798271e-03
1.275097369216382504e-03
8.568865014240145683e-04
2.047776477411389351e-03
2.645415021106600761e-03
7.095267646946012974e-04
1.732405507937073708e-03
1.302192104049026966e-03
5.626884521916508675e-04
2.628350630402565002e-03
1.965096220374107361e-03
1.046742312610149384e-03
2.784027718007564545e-03
8.973731892183423042e-04
5.718254251405596733e-04
6.439558346755802631e-04
8.312807767651975155e-04
5.872276378795504570e-04
5.405882839113473892e-04
5.424695555120706558e-04
4.951309529133141041e-04
5.115733365528285503e-04
1.194496289826929569e-03
7.591850007884204388e-04
4.709588538389652967e-04
5.328422412276268005e-04
5.842797691002488136e-04
6.745588616468012333e-04
8.178381249308586121e-04
6.417177501134574413e-04
7.978397188708186150e-04
6.115431315265595913e-04
7.329273503273725510e-04
4.991774912923574448e-04
6.799208349548280239e-04
1.244473620317876339e-03
5.192803801037371159e-04
5.880187381990253925e-04
5.487532471306622028e-04
8.116808021441102028e-04
6.158821634016931057e-04
4.632543423213064671e-04
4.763483011629432440e-04
9.636245667934417725e-04
5.087837344035506248e-04
1.636203145608305931e-03
1.574912224896252155e-03
5.484296125359833241e-04
1.138626015745103359e-03
1.380265457555651665e-03
1.841622055508196354e-03
2.184794517233967781e-03
1.304153935052454472e-03
8.558160625398159027e-04
4.653550568036735058e-04
4.978872602805495262e-04
6.683352985419332981e-04
5.723467329517006874e-04
4.846004303544759750e-04
6.916528218425810337e-04
6.033576792106032372e-04
5.195963312871754169e-04
5.780763458460569382e-04
4.583465633913874626e-04
4.900966887362301350e-04
5.036482471041381359e-04
5.010223248973488808e-04
4.802545590791851282e-04
4.855727893300354481e-04
4.543920222204178572e-04
9.561927290633320808e-04
8.868470322340726852e-04
5.309469997882843018e-04
4.854964790865778923e-04
5.029379972256720066e-04
9.312545880675315857e-04
9.042336605489253998e-04
6.516314460895955563e-04
7.421203190460801125e-04
6.473989342339336872e-04
7.095787441357970238e-04
1.089285360649228096e-03
8.517550304532051086e-04
8.284286013804376125e-04
5.841224920004606247e-04
8.158013806678354740e-04
8.787364349700510502e-04
7.379704620689153671e-04
7.986075361259281635e-04
6.228420534171164036e-04
5.322964279912412167e-04
5.516265518963336945e-04
6.024902104400098324e-04
5.530186463147401810e-04
8.561444119550287724e-04
5.334530724212527275e-04
5.197310820221900940e-04
5.838907673023641109e-04
4.935394972562789917e-04
6.281326641328632832e-04
1.165525871329009533e-03
8.728497195988893509e-04
5.520470440387725830e-04
5.446998402476310730e-04
6.286108400672674179e-04
5.835641059093177319e-04
5.249300738796591759e-04
5.441743414849042892e-04
4.622783744707703590e-04
5.349279963411390781e-04
5.111237987875938416e-04
9.404330048710107803e-04
8.744405931793153286e-04
8.541661081835627556e-04
5.064948345534503460e-04
5.096664535813033581e-04
4.999596276320517063e-04
5.059691029600799084e-04
7.033669971860945225e-04
5.050494219176471233e-04
4.694576491601765156e-04
4.943057429045438766e-04
4.597232909873127937e-04
6.311570759862661362e-04
9.237819467671215534e-04
6.260666414164006710e-04
5.931421765126287937e-04
7.604606216773390770e-04
6.899909931235015392e-04
5.312735447660088539e-04
5.963232251815497875e-04
5.522787105292081833e-04
4.622840497177094221e-04
4.959108191542327404e-04
4.850710392929613590e-04
5.021929973736405373e-04
5.224905908107757568e-04
5.111037753522396088e-04
5.068719619885087013e-04
5.273663555271923542e-04
6.426324252970516682e-04
4.687161708716303110e-04
4.647651221603155136e-04
6.869834032841026783e-04
5.742199718952178955e-04
6.679388461634516716e-04
4.935182514600455761e-04
4.927129484713077545e-04
5.604479811154305935e-04
7.523702224716544151e-04
7.341742166317999363e-04
6.430519279092550278e-04
4.702819860540330410e-04
4.860083281528204679e-04
4.972940660081803799e-04
4.625488654710352421e-04
4.616547084879130125e-04
4.990440793335437775e-04
5.369586287997663021e-04
6.703632534481585026e-04
9.933842811733484268e-04
1.343813259154558182e-03
8.584951283410191536e-04
4.629653121810406446e-04
5.165040493011474609e-04
5.606600316241383553e-04
6.770027102902531624e-04
7.296763942576944828e-04
7.361657917499542236e-04
5.904868594370782375e-04
4.992462345398962498e-04
5.794122116640210152e-04
5.379111389629542828e-04
5.463566631078720093e-04
5.009513115510344505e-04
4.563208785839378834e-04
5.528114270418882370e-04
5.183339235372841358e-04
5.009652231819927692e-04
4.646034794859588146e-04
5.517313256859779358e-04
6.873729289509356022e-04
9.040106669999659061e-04
7.990180747583508492e-04
5.481305997818708420e-04
4.805831704288721085e-04
5.097215180285274982e-04
5.888561718165874481e-04
4.983522230759263039e-04
4.627293383236974478e-04
4.927177797071635723e-04
6.533945561386644840e-04
6.200602510944008827e-04
5.265439976938068867e-04
4.763524630106985569e-04
5.188205977901816368e-04
5.754320300184190273e-04
5.500604165717959404e-04
5.110039492137730122e-04
4.513508174568414688e-04
4.566093848552554846e-04
4.569365119095891714e-04
4.581289540510624647e-04
4.601587716024369001e-04
4.601145628839731216e-04
4.593746562022715807e-04
4.675590898841619492e-04
4.552708123810589314e-04
4.690437635872513056e-04
4.546880663838237524e-04
4.708142660092562437e-04
6.062408792786300182e-04
5.566073232330381870e-04
4.890128038823604584e-04
4.748931387439370155e-04
4.873205325566232204e-04
5.630587111227214336e-04
7.466163369826972485e-04
8.161099976859986782e-04
7.403870113193988800e-04
6.187633844092488289e-04
5.059159011580049992e-04
4.904071683995425701e-04
4.478394403122365475e-04
4.718092095572501421e-04
5.572469672188162804e-04
6.017292616888880730e-04
5.100725684314966202e-04
4.705697356257587671e-04
4.851632402278482914e-04
4.738258721772581339e-04
4.790031816810369492e-04
4.598776868078857660e-04
4.596730286721140146e-04
4.702788719441741705e-04
4.696690011769533157e-04
4.720583965536206961e-04
5.781655199825763702e-04
7.772412500344216824e-04
7.379854796454310417e-04
1.053868560120463371e-03
9.613778092898428440e-04
7.184013375081121922e-04
5.259595927782356739e-04
4.541552043519914150e-04
4.643895954359322786e-04
4.581220273394137621e-04
4.667379544116556644e-04
5.124968010932207108e-04
5.078469403088092804e-04
5.688188248313963413e-04
5.000135861337184906e-04
5.279752076603472233e-04
5.194722325541079044e-04
5.488863680511713028e-04
6.026918417774140835e-04
5.356293986551463604e-04
5.228703375905752182e-04
5.414920742623507977e-04
5.632182583212852478e-04
4.961811937391757965e-04
4.757723072543740273e-04
4.614533099811524153e-04
4.663316649384796619e-04
4.632883646991103888e-04
4.581098619382828474e-04
4.608401504810899496e-04
4.670733469538390636e-04
4.574873892124742270e-04
4.664958978537470102e-04
4.625818983186036348e-04
4.752661043312400579e-04
4.646000161301344633e-04
4.897923790849745274e-04
5.643907352350652218e-04
5.679744645021855831e-04
5.652086110785603523e-04
6.279591470956802368e-04
6.169843836687505245e-04
6.934139528311789036e-04
5.789742572233080864e-04
4.921637009829282761e-04
4.505378019530326128e-04
4.949409631080925465e-04
5.638506845571100712e-04
5.831987946294248104e-04
5.748609546571969986e-04
5.003074766136705875e-04
4.719957942143082619e-04
4.719611315522342920e-04
4.994546761736273766e-04
5.988765624351799488e-04
7.339261937886476517e-04
8.031187462620437145e-04
6.545845535583794117e-04
5.593992536887526512e-04
4.842201597057282925e-04
4.555712221190333366e-04
4.554079787340015173e-04
4.797112487722188234e-04
5.286138621158897877e-04
5.128913326188921928e-04
4.908984410576522350e-04
4.869591793976724148e-04
4.708459600806236267e-04
4.834785358980298042e-04
4.814921121578663588e-04
5.055213696323335171e-04
5.141675937920808792e-04
5.216380232013761997e-04
5.605734768323600292e-04
5.845884443260729313e-04
5.960891139693558216e-04
5.331796710379421711e-04
5.054908106103539467e-04
4.528337449301034212e-04
4.557186330202966928e-04
4.557245410978794098e-04
4.570061282720416784e-04
4.655703960452228785e-04
4.883859655819833279e-04
5.440854583866894245e-04
6.282493704929947853e-04
5.899140378460288048e-04
6.200804491527378559e-04
5.807404522784054279e-04
4.969084984622895718e-04
5.046644946560263634e-04
5.320720956660807133e-04
5.046509904786944389e-04
4.639186663553118706e-04
4.537797940429300070e-04
4.932428128086030483e-04
6.652453448623418808e-04
6.615060847252607346e-04
5.617794813588261604e-04
5.445135757327079773e-04
4.783013428095728159e-04
4.648032481782138348e-04
5.482132546603679657e-04
6.883737514726817608e-04
6.616011378355324268e-04
6.213693995960056782e-04
6.424050079658627510e-04
5.498211830854415894e-04
5.001066601835191250e-04
4.645043809432536364e-04
4.557876090984791517e-04
4.555323394015431404e-04
4.618872480932623148e-04
4.634745419025421143e-04
4.699860583059489727e-04
4.685191379394382238e-04
4.637685779016464949e-04
4.750830703414976597e-04
4.662641731556504965e-04
4.693040100391954184e-04
4.699043056461960077e-04
4.634460492525249720e-04
4.618462407961487770e-04
4.591495962813496590e-04
4.568991134874522686e-04
4.559320223052054644e-04
4.692627117037773132e-04
4.965749685652554035e-04
4.897973849438130856e-04
4.931336152367293835e-04
4.994889604859054089e-04
4.668445908464491367e-04
4.719948046840727329e-04
4.784186894539743662e-04
4.753484681714326143e-04
4.637807724066078663e-04
4.793300176970660686e-04
5.202147294767200947e-04
5.504901055246591568e-04
6.148948450572788715e-04
6.111851544119417667e-04
5.427689175121486187e-04
5.328693659976124763e-04
5.162858869880437851e-04
4.802767361979931593e-04
4.955641343258321285e-04
5.047352169640362263e-04
4.737776180263608694e-04
4.858569009229540825e-04
5.468293675221502781e-04
5.588040803559124470e-04
5.964785232208669186e-04
6.139133474789559841e-04
6.203471566550433636e-04
5.969023914076387882e-04
5.588730564340949059e-04
5.168027128092944622e-04
5.291356355883181095e-04
4.913086886517703533e-04
5.018644151277840137e-04
4.925747634842991829e-04
4.771881795022636652e-04
4.669820482376962900e-04
4.612638440448790789e-04
4.560458473861217499e-04
4.576354986056685448e-04
4.509166174102574587e-04
4.584459820762276649e-04
4.786690988112241030e-04
4.813356790691614151e-04
4.827436932828277349e-04
4.951011505909264088e-04
4.974083276465535164e-04
4.701893194578588009e-04
4.758413706440478563e-04
4.738538700621575117e-04
4.646705929189920425e-04
4.732211818918585777e-04
4.817636799998581409e-04
4.836967855226248503e-04
4.657807585317641497e-04
4.665624292101711035e-04
4.631400806829333305e-04
4.566918942146003246e-04
4.567302530631422997e-04
4.573600890580564737e-04
4.606209695339202881e-04
4.625824221875518560e-04
4.578534571919590235e-04
4.601549298968166113e-04
4.578547086566686630e-04
4.572977195493876934e-04
4.713803937193006277e-04
4.620359977707266808e-04
4.577212675940245390e-04
4.568022559396922588e-04
4.622275300789624453e-04
4.639483522623777390e-04
4.708553024102002382e-04
4.656860837712883949e-04
4.546732816379517317e-04
4.648451576940715313e-04
4.757222195621579885e-04
5.316050373949110508e-04
5.766436224803328514e-04
5.913117201998829842e-04
5.533603252843022346e-04
6.141609046608209610e-04
6.998387398198246956e-04
6.623662193305790424e-04
6.201900541782379150e-04
6.222368683665990829e-04
6.306505529209971428e-04
5.786235560663044453e-04
5.207548965699970722e-04
4.895832971669733524e-04
4.810927202925086021e-04
4.696074465755373240e-04
4.714247770607471466e-04
4.510585858952254057e-04
4.655269731301814318e-04
4.683464067056775093e-04
4.606826405506581068e-04
4.548906581476330757e-04
4.502142837736755610e-04
4.520705260802060366e-04
4.598499799612909555e-04
4.553696198854595423e-04
4.637035599444061518e-04
4.583552654366940260e-04
4.573710029944777489e-04
4.579559899866580963e-04
4.536569758784025908e-04
4.516977642197161913e-04
4.514720931183546782e-04
4.523626121226698160e-04
4.521645023487508297e-04
4.532622697297483683e-04
4.587092553265392780e-04
4.610072937794029713e-04
4.579263331834226847e-04
4.613134078681468964e-04
4.639716353267431259e-04
4.629113245755434036e-04
4.610194591805338860e-04
4.642017884179949760e-04
4.614371864590793848e-04
4.589129239320755005e-04
4.569738812278956175e-04
4.530327860265970230e-04
4.543288087006658316e-04
4.529140715021640062e-04
4.519949143286794424e-04
4.529858415480703115e-04
4.521208174992352724e-04
4.551844031084328890e-04
4.525650583673268557e-04
4.549915902316570282e-04
4.672344075515866280e-04
4.884485388174653053e-04
5.116692627780139446e-04
4.924866370856761932e-04
4.934078897349536419e-04
5.297622992657124996e-04
5.104847950860857964e-04
5.271941772662103176e-04
5.096087697893381119e-04
5.071708001196384430e-04
5.454284837469458580e-04
5.321981152519583702e-04
5.191303789615631104e-04
5.270187975838780403e-04
5.421813693828880787e-04
5.578551790677011013e-04
5.651383544318377972e-04
5.289597320370376110e-04
5.473974742926657200e-04
5.214841803535819054e-04
5.095709930174052715e-04
4.951506853103637695e-04
4.750387452077120543e-04
4.696398100350052118e-04
4.728642525151371956e-04
4.740223521366715431e-04
4.825572250410914421e-04
4.876583407167345285e-04
4.764703044202178717e-04
4.690266796387732029e-04
4.645782755687832832e-04
4.745193582493811846e-04
4.710258799605071545e-04
4.609519091900438070e-04
4.741572483908385038e-04
4.700759309343993664e-04
4.724999307654798031e-04
4.713677044492214918e-04
4.717606352642178535e-04
4.705024475697427988e-04
4.666277382057160139e-04
4.689871275331825018e-04
4.907501861453056335e-04
5.067486199550330639e-04
5.013607442378997803e-04
5.037437076680362225e-04
5.129436030983924866e-04
5.092155770398676395e-04
4.791236424352973700e-04
4.563870315905660391e-04
4.503265954554080963e-04
4.512005543801933527e-04
4.517004126682877541e-04
4.571290337480604649e-04
4.613472847267985344e-04
4.732451634481549263e-04
4.646382003556936979e-04
4.656174569390714169e-04
4.660327103920280933e-04
4.627304151654243469e-04
4.534093604888767004e-04
4.541401867754757404e-04
4.522275703493505716e-04
4.553071630652993917e-04
4.598343512043356895e-04
4.612918710336089134e-04
4.735702823381870985e-04
4.798240843228995800e-04
4.688288026954978704e-04
4.695226671174168587e-04
4.620812251232564449e-04
4.619641404133290052e-04
4.655224329326301813e-04
4.636759695131331682e-04
4.851315461564809084e-04
4.708098131231963634e-04
4.887274699285626411e-04
4.765524063259363174e-04
4.805733042303472757e-04
4.829067620448768139e-04
4.850239783991128206e-04
4.983498365618288517e-04
4.753628454636782408e-04
4.657448153011500835e-04
4.774777917191386223e-04
4.822436603717505932e-04
4.759012954309582710e-04
4.749060608446598053e-04
4.738128627650439739e-04
4.904991947114467621e-04
4.720487049780786037e-04
4.749860963784158230e-04
4.671351343858987093e-04
4.670468624681234360e-04
4.783957265317440033e-04
4.831743426620960236e-04
5.109053454361855984e-04
5.140689318068325520e-04
5.225573549978435040e-04
5.082926945760846138e-04
4.964229883626103401e-04
4.966797423548996449e-04
4.847892269026488066e-04
4.977578064426779747e-04
4.736587288789451122e-04
4.756130219902843237e-04
4.664129519369453192e-04
4.544979892671108246e-04
4.595315258484333754e-04
4.655582306440919638e-04
4.749992804136127234e-04
4.681793216150254011e-04
4.621508705895394087e-04
4.634121723938733339e-04
4.627244488801807165e-04
4.793848784174770117e-04
4.811140242964029312e-04
4.785816709045320749e-04
4.643756838049739599e-04
4.649740876629948616e-04
4.617649537976831198e-04
4.531783342827111483e-04
4.525856347754597664e-04
4.558970686048269272e-04
4.607650043908506632e-04
4.639215185306966305e-04
4.556782660074532032e-04
4.661394632421433926e-04
4.803048796020448208e-04
4.792192485183477402e-04
4.718374111689627171e-04
4.914886667393147945e-04
4.906501271761953831e-04
4.763027245644479990e-04
4.945714608766138554e-04
4.808584344573318958e-04
4.717854899354279041e-04
4.927301197312772274e-04
5.024400306865572929e-04
4.787078651133924723e-04
4.816615546587854624e-04
4.880195774603635073e-04
4.952763556502759457e-04
4.987047286704182625e-04
5.140590365044772625e-04
5.009414162486791611e-04
5.009000888094305992e-04
4.997727228328585625e-04
4.688991757575422525e-04
4.813946725334972143e-04
4.716442199423909187e-04
4.706481413450092077e-04
4.720778088085353374e-04
