2.730567550659179688e+01
2.105512619018554688e+01
1.742883300781250000e+01
1.623506546020507812e+01
1.271016883850097656e+01
1.012517166137695312e+01
7.521891593933105469e+00
3.416700363159179688e+00
5.317425727844238281e+00
3.833377599716186523e+00
3.449072837829589844e+00
1.371057629585266113e+00
2.409934043884277344e+00
4.146114349365234375e+00
1.582607388496398926e+00
3.359669685363769531e+00
3.774498224258422852e+00
9.550992965698242188e+00
4.516214370727539062e+00
1.462932109832763672e+00
1.217718958854675293e+00
1.777331352233886719e+00
2.260322093963623047e+00
1.496384859085083008e+00
1.568080663681030273e+00
3.584828138351440430e+00
1.661331176757812500e+00
3.918070554733276367e+00
2.528618097305297852e+00
4.076139450073242188e+00
1.298846602439880371e+00
1.108810782432556152e+00
2.866658210754394531e+00
2.931992053985595703e+00
8.950396180152893066e-01
1.357147932052612305e+00
2.751685857772827148e+00
2.001642704010009766e+00
1.562369585037231445e+00
2.308315515518188477e+00
7.400160312652587891e+00
4.040651321411132812e+00
4.018192768096923828e+00
4.062915802001953125e+00
1.911102056503295898e+00
8.335213661193847656e+00
4.963847160339355469e+00
1.258620262145996094e+00
1.777421951293945312e+00
2.225401401519775391e+00
1.130496025085449219e+00
1.453642129898071289e+00
1.059241414070129395e+00
2.499704837799072266e+00
1.427913188934326172e+00
6.937345862388610840e-01
2.044254779815673828e+00
9.862827062606811523e-01
8.867863416671752930e-01
2.557531118392944336e+00
1.081397891044616699e+00
1.090599060058593750e+00
6.952887773513793945e-01
2.831280231475830078e+00
6.608842611312866211e-01
8.169054985046386719e-01
2.025599002838134766e+00
2.223645210266113281e+00
1.353115320205688477e+00
5.161433219909667969e-01
2.389219284057617188e+00
3.409917116165161133e+00
6.537525653839111328e-01
8.423750400543212891e-01
6.138436794281005859e-01
1.421763181686401367e+00
7.931936979293823242e-01
7.792119383811950684e-01
1.580558300018310547e+00
7.993545532226562500e-01
1.719127178192138672e+00
1.282189488410949707e+00
4.371974945068359375e+00
2.674805641174316406e+00
1.558509111404418945e+00
3.472795009613037109e+00
7.662048339843750000e-01
3.943457841873168945e+00
1.482080578804016113e+00
1.131846904754638672e+00
2.868082523345947266e+00
3.568764448165893555e+00
6.749362349510192871e-01
7.167373895645141602e-01
1.160994291305541992e+00
7.244451642036437988e-01
9.583485126495361328e-01
7.337497472763061523e-01
2.045722484588623047e+00
7.224506139755249023e-01
1.143880367279052734e+00
1.316082000732421875e+00
1.074538946151733398e+00
4.211970567703247070e-01
1.693431735038757324e+00
4.466758072376251221e-01
1.617288827896118164e+00
9.725292921066284180e-01
6.213854551315307617e-01
1.246437072753906250e+00
6.452236175537109375e-01
6.630597114562988281e-01
9.614499807357788086e-01
5.384439229965209961e-01
1.264227151870727539e+00
7.755230665206909180e-01
7.319176197052001953e-01
4.803510606288909912e-01
1.141100883483886719e+00
4.927336573600769043e-01
1.373411655426025391e+00
7.877960205078125000e-01
8.547515869140625000e-01
1.430748701095581055e+00
7.807222604751586914e-01
8.083326816558837891e-01
6.939634084701538086e-01
6.585469245910644531e-01
1.345520973205566406e+00
9.701178669929504395e-01
6.173362135887145996e-01
7.761599421501159668e-01
4.131835103034973145e-01
9.755412340164184570e-01
8.462386131286621094e-01
4.262794852256774902e-01
1.756207346916198730e+00
2.373494863510131836e+00
7.108848094940185547e-01
9.097791910171508789e-01
1.111518859863281250e+00
1.238451480865478516e+00
8.246046900749206543e-01
4.892361760139465332e-01
7.769993543624877930e-01
1.629122018814086914e+00
6.353347301483154297e-01
6.081044077873229980e-01
5.273740291595458984e-01
1.107626676559448242e+00
1.216164350509643555e+00
5.309747457504272461e-01
7.209160327911376953e-01
6.770282387733459473e-01
1.080582499504089355e+00
5.569923520088195801e-01
8.307074904441833496e-01
7.340340614318847656e-01
8.716198205947875977e-01
1.259404182434082031e+00
1.044484138488769531e+00
1.171754360198974609e+00
2.247138500213623047e+00
9.427319169044494629e-01
1.848652720451354980e+00
3.131449937820434570e+00
1.238547801971435547e+00
1.918506383895874023e+00
1.087033987045288086e+00
1.655790090560913086e+00
1.481630444526672363e+00
6.817632913589477539e-01
4.944639503955841064e-01
8.266547918319702148e-01
2.343007564544677734e+00
6.369215846061706543e-01
1.310607433319091797e+00
9.209895133972167969e-01
2.272546291351318359e+00
1.710361838340759277e+00
1.200805068016052246e+00
1.307426333427429199e+00
1.268200635910034180e+00
8.189048767089843750e-01
5.100312829017639160e-01
8.609337806701660156e-01
4.390137791633605957e-01
1.359201669692993164e+00
5.916750431060791016e-01
2.014798402786254883e+00
8.694446086883544922e-01
1.129554986953735352e+00
1.231391429901123047e+00
1.637779951095581055e+00
5.725083351135253906e-01
1.299520134925842285e+00
1.522626876831054688e+00
1.828167080879211426e+00
9.622970819473266602e-01
7.920972108840942383e-01
4.409554898738861084e-01
4.306938648223876953e-01
4.442921876907348633e-01
9.339690804481506348e-01
5.771101713180541992e-01
3.885968923568725586e-01
8.865411281585693359e-01
4.060752093791961670e-01
1.042263150215148926e+00
1.679418563842773438e+00
9.637199640274047852e-01
6.015317440032958984e-01
1.341129422187805176e+00
5.551147460937500000e-01
8.933821320533752441e-01
5.092156529426574707e-01
1.448158621788024902e+00
9.922475814819335938e-01
4.598718881607055664e-01
1.156960129737854004e+00
1.309273838996887207e+00
5.326426029205322266e-01
4.634653627872467041e-01
1.257987976074218750e+00
5.080896615982055664e-01
1.349313497543334961e+00
9.433982372283935547e-01
1.427295565605163574e+00
1.623579621315002441e+00
1.057813286781311035e+00
1.081535696983337402e+00
1.590949773788452148e+00
9.475892782211303711e-01
1.530382394790649414e+00
9.644087553024291992e-01
4.981380403041839600e-01
5.588545799255371094e-01
5.594200491905212402e-01
5.952296853065490723e-01
7.087938785552978516e-01
8.043617606163024902e-01
6.154043078422546387e-01
4.071736335754394531e-01
9.420423507690429688e-01
4.860385060310363770e-01
4.214157760143280029e-01
9.712007641792297363e-01
3.920876979827880859e-01
4.628292322158813477e-01
5.216361284255981445e-01
3.774918019771575928e-01
7.509271502494812012e-01
4.551878273487091064e-01
6.933459639549255371e-01
4.002544581890106201e-01
8.005824685096740723e-01
7.118296623229980469e-01
4.812884032726287842e-01
1.047037005424499512e+00
9.483380317687988281e-01
5.796999335289001465e-01
5.141670107841491699e-01
8.409779071807861328e-01
4.691289961338043213e-01
1.137089490890502930e+00
4.473490417003631592e-01
9.066753387451171875e-01
5.950522422790527344e-01
6.953032612800598145e-01
8.316286802291870117e-01
5.803806781768798828e-01
6.324713230133056641e-01
9.882081747055053711e-01
1.212022066116333008e+00
3.915757238864898682e-01
8.543914556503295898e-01
6.145751476287841797e-01
9.176652431488037109e-01
1.008209109306335449e+00
4.002660512924194336e-01
4.642189443111419678e-01
6.207548379898071289e-01
7.260690331459045410e-01
6.957956552505493164e-01
4.050960242748260498e-01
7.759962081909179688e-01
6.840522885322570801e-01
5.387530326843261719e-01
1.231742262840270996e+00
9.617689251899719238e-01
4.975565671920776367e-01
5.841857194900512695e-01
4.844085574150085449e-01
9.937877655029296875e-01
7.137399911880493164e-01
4.822437167167663574e-01
6.336169242858886719e-01
1.151746988296508789e+00
1.003221988677978516e+00
5.005866885185241699e-01
7.982483506202697754e-01
4.005519747734069824e-01
7.418314814567565918e-01
5.480090975761413574e-01
5.018685460090637207e-01
6.061106920242309570e-01
5.679608583450317383e-01
6.110603809356689453e-01
7.486084103584289551e-01
9.214916825294494629e-01
3.936622142791748047e-01
6.713310480117797852e-01
8.777499198913574219e-01
8.167268037796020508e-01
7.057850360870361328e-01
4.530979990959167480e-01
5.522307157516479492e-01
6.749666929244995117e-01
8.482667207717895508e-01
5.666568279266357422e-01
5.036261081695556641e-01
5.714129209518432617e-01
3.892602026462554932e-01
4.510493874549865723e-01
6.175372004508972168e-01
5.434078574180603027e-01
4.926935434341430664e-01
3.861421942710876465e-01
4.373592138290405273e-01
6.662554740905761719e-01
5.868704319000244141e-01
4.140950739383697510e-01
8.150061368942260742e-01
4.510475397109985352e-01
4.956545233726501465e-01
8.838497400283813477e-01
7.592842578887939453e-01
4.922339320182800293e-01
3.980458974838256836e-01
5.902377963066101074e-01
8.112621307373046875e-01
7.348077893257141113e-01
5.528002977371215820e-01
4.213883578777313232e-01
4.373180866241455078e-01
3.820400238037109375e-01
7.358745336532592773e-01
4.424387216567993164e-01
6.079748868942260742e-01
4.151615500450134277e-01
4.061330258846282959e-01
3.891726434230804443e-01
8.596575260162353516e-01
6.364508867263793945e-01
6.067314147949218750e-01
9.630210995674133301e-01
1.089088916778564453e+00
4.763153493404388428e-01
7.700107097625732422e-01
6.418973207473754883e-01
3.876755535602569580e-01
1.095642566680908203e+00
9.429790973663330078e-01
5.795536041259765625e-01
1.013141870498657227e+00
5.160940885543823242e-01
4.584537148475646973e-01
5.106110572814941406e-01
4.997574687004089355e-01
4.308670163154602051e-01
4.215535521507263184e-01
3.901590108871459961e-01
3.977217078208923340e-01
4.371777474880218506e-01
7.241718769073486328e-01
5.649251937866210938e-01
3.708000481128692627e-01
4.434897899627685547e-01
3.926792144775390625e-01
5.058705806732177734e-01
5.908148288726806641e-01
5.181766748428344727e-01
5.893220901489257812e-01
4.901970624923706055e-01
4.744282066822052002e-01
3.994757831096649170e-01
5.077992677688598633e-01
7.093967795372009277e-01
4.470586180686950684e-01
4.225781857967376709e-01
4.025767445564270020e-01
5.768675804138183594e-01
4.784864783287048340e-01
3.806419968605041504e-01
3.906951248645782471e-01
6.458991169929504395e-01
3.775888085365295410e-01
7.679774761199951172e-01
7.505822181701660156e-01
4.499503970146179199e-01
7.033960819244384766e-01
7.784713506698608398e-01
9.009088277816772461e-01
9.795455932617187500e-01
7.541579008102416992e-01
6.012272834777832031e-01
3.935648202896118164e-01
3.647027015686035156e-01
4.385991394519805908e-01
3.930304646492004395e-01
3.883069157600402832e-01
5.358272194862365723e-01
4.866541326045989990e-01
4.004931449890136719e-01
4.032873213291168213e-01
3.706200122833251953e-01
3.878797292709350586e-01
4.224288165569305420e-01
3.903214931488037109e-01
3.921544551849365234e-01
3.751295506954193115e-01
3.658920526504516602e-01
6.446846723556518555e-01
6.139253377914428711e-01
4.439641535282135010e-01
3.775098025798797607e-01
4.031727015972137451e-01
6.424068212509155273e-01
6.285357475280761719e-01
5.032662153244018555e-01
5.282375812530517578e-01
4.842126369476318359e-01
5.352865457534790039e-01
6.897653341293334961e-01
6.085332632064819336e-01
5.990145802497863770e-01
4.801253080368041992e-01
5.859758853912353516e-01
6.125929951667785645e-01
5.573571324348449707e-01
5.848309993743896484e-01
5.048271417617797852e-01
3.801771998405456543e-01
3.867706656455993652e-01
4.073224067687988281e-01
4.592746496200561523e-01
6.123222112655639648e-01
4.477661848068237305e-01
3.785915970802307129e-01
4.012613296508789062e-01
3.636997044086456299e-01
5.036475062370300293e-01
7.163587808609008789e-01
6.128734350204467773e-01
4.042874574661254883e-01
3.865351080894470215e-01
4.131916463375091553e-01
3.938305675983428955e-01
4.148108363151550293e-01
4.535039067268371582e-01
3.858588933944702148e-01
4.575872421264648438e-01
4.438824355602264404e-01
6.416407823562622070e-01
6.114760637283325195e-01
6.002564430236816406e-01
4.294501543045043945e-01
3.723826408386230469e-01
3.667601346969604492e-01
4.282245635986328125e-01
5.440319776535034180e-01
4.309296607971191406e-01
3.836056590080261230e-01
3.691931366920471191e-01
3.752551972866058350e-01
5.136639475822448730e-01
6.315489411354064941e-01
4.943754673004150391e-01
4.034108519554138184e-01
4.785222113132476807e-01
4.439114332199096680e-01
4.037947654724121094e-01
4.861757159233093262e-01
4.638444185256958008e-01
3.875798285007476807e-01
3.675916492938995361e-01
3.656638860702514648e-01
4.142851829528808594e-01
3.744859099388122559e-01
3.796578049659729004e-01
3.793973326683044434e-01
4.474946260452270508e-01
5.178104639053344727e-01
3.732095658779144287e-01
3.823590278625488281e-01
4.407538175582885742e-01
3.866452574729919434e-01
4.281889796257019043e-01
3.649285733699798584e-01
4.170361757278442383e-01
4.724765419960021973e-01
5.735263228416442871e-01
5.670430660247802734e-01
5.227268934249877930e-01
3.978256583213806152e-01
3.648547828197479248e-01
3.624939322471618652e-01
3.657236099243164062e-01
3.752263784408569336e-01
4.249357581138610840e-01
4.541608691215515137e-01
5.308353900909423828e-01
6.629997491836547852e-01
7.737857103347778320e-01
6.109945774078369141e-01
3.896378874778747559e-01
3.747025132179260254e-01
3.880562186241149902e-01
4.386819303035736084e-01
4.595654606819152832e-01
4.597188234329223633e-01
3.971023261547088623e-01
4.044915735721588135e-01
4.814113676548004150e-01
4.570167064666748047e-01
4.630790948867797852e-01
4.310787320137023926e-01
3.777110576629638672e-01
3.881021738052368164e-01
3.732184767723083496e-01
3.676517605781555176e-01
3.762248158454895020e-01
4.660715460777282715e-01
5.381534695625305176e-01
6.293751001358032227e-01
5.875754952430725098e-01
4.667528271675109863e-01
4.172118008136749268e-01
3.726198077201843262e-01
4.067382216453552246e-01
3.638544082641601562e-01
3.723730742931365967e-01
4.198081493377685547e-01
5.203866958618164062e-01
5.044713020324707031e-01
4.465300738811492920e-01
4.078708291053771973e-01
4.448689222335815430e-01
4.832107424736022949e-01
4.675609767436981201e-01
4.388341307640075684e-01
3.746258616447448730e-01
3.661153316497802734e-01
3.678982853889465332e-01
3.725552260875701904e-01
3.726491034030914307e-01
3.748124241828918457e-01
3.855558633804321289e-01
4.009323120117187500e-01
3.788145184516906738e-01
4.061360359191894531e-01
3.794743418693542480e-01
3.629013001918792725e-01
4.085422456264495850e-01
3.843208849430084229e-01
3.637771606445312500e-01
3.970760107040405273e-01
4.147560298442840576e-01
4.759346246719360352e-01
5.703923702239990234e-01
5.986765623092651367e-01
5.630958080291748047e-01
5.037194490432739258e-01
4.396666288375854492e-01
4.297443628311157227e-01
3.832426071166992188e-01
4.084867537021636963e-01
4.715948402881622314e-01
4.975341260433197021e-01
4.397863745689392090e-01
4.028476178646087646e-01
4.136337041854858398e-01
3.961799740791320801e-01
4.000186622142791748e-01
3.664676547050476074e-01
3.914668560028076172e-01
3.788492679595947266e-01
3.740422725677490234e-01
4.018376469612121582e-01
4.817059040069580078e-01
5.779681205749511719e-01
5.591549873352050781e-01
6.788823604583740234e-01
6.448965072631835938e-01
5.475708842277526855e-01
4.488103687763214111e-01
3.808417320251464844e-01
4.010384082794189453e-01
3.895904123783111572e-01
3.923057019710540771e-01
4.368713498115539551e-01
4.348608851432800293e-01
4.738811850547790527e-01
4.273962974548339844e-01
4.499127268791198730e-01
4.430322647094726562e-01
4.638836383819580078e-01
4.932086467742919922e-01
4.582675695419311523e-01
4.509301781654357910e-01
4.645065367221832275e-01
4.781265556812286377e-01
4.327675104141235352e-01
4.133444726467132568e-01
3.955315351486206055e-01
3.976607322692871094e-01
3.910132646560668945e-01
3.736170828342437744e-01
3.668110370635986328e-01
3.628011643886566162e-01
3.738801777362823486e-01
3.641770780086517334e-01
3.653630614280700684e-01
4.079158902168273926e-01
3.968535661697387695e-01
4.244115948677062988e-01
4.789667725563049316e-01
4.813445210456848145e-01
4.801011085510253906e-01
5.150017738342285156e-01
5.080327391624450684e-01
5.440226197242736816e-01
4.857087135314941406e-01
4.287695884704589844e-01
3.796151876449584961e-01
3.672490417957305908e-01
3.937298059463500977e-01
4.020306468009948730e-01
3.961058557033538818e-01
3.668918311595916748e-01
3.881486952304840088e-01
3.874705433845520020e-01
4.272190928459167480e-01
4.944941997528076172e-01
5.613345503807067871e-01
5.914126634597778320e-01
5.249379277229309082e-01
4.721523523330688477e-01
4.196078479290008545e-01
3.840075135231018066e-01
3.760376572608947754e-01
4.089031517505645752e-01
4.478676021099090576e-01
4.373493194580078125e-01
4.205628037452697754e-01
4.167607426643371582e-01
4.010975360870361328e-01
4.145489335060119629e-01
4.141643345355987549e-01
4.351996779441833496e-01
4.419542551040649414e-01
4.490137100219726562e-01
4.744461774826049805e-01
4.897148609161376953e-01
4.962747097015380859e-01
4.583395123481750488e-01
4.375112652778625488e-01
3.702248334884643555e-01
3.699678480625152588e-01
3.726158738136291504e-01
3.715953528881072998e-01
3.964213430881500244e-01
4.219922125339508057e-01
4.649668335914611816e-01
5.129441022872924805e-01
4.911032021045684814e-01
5.074994564056396484e-01
4.864359200000762939e-01
4.313402771949768066e-01
4.358852505683898926e-01
4.529492855072021484e-01
4.303359091281890869e-01
3.942382931709289551e-01
3.698271512985229492e-01
3.660001158714294434e-01
4.415673613548278809e-01
4.394891262054443359e-01
3.905102908611297607e-01
3.814910054206848145e-01
3.649466633796691895e-01
3.792478740215301514e-01
4.610051810741424561e-01
5.380820035934448242e-01
5.249679088592529297e-01
5.051325559616088867e-01
5.150923728942871094e-01
4.638050794601440430e-01
4.306016564369201660e-01
3.975370228290557861e-01
3.798379004001617432e-01
3.685347437858581543e-01
3.644118905067443848e-01
3.646477460861206055e-01
3.637215495109558105e-01
3.640951514244079590e-01
3.677035570144653320e-01
3.635608851909637451e-01
3.701789975166320801e-01
3.825428187847137451e-01
3.852977156639099121e-01
3.732811212539672852e-01
3.761205077171325684e-01
3.736420869827270508e-01
3.720487356185913086e-01
3.791555166244506836e-01
4.035881757736206055e-01
4.291203618049621582e-01
4.246780872344970703e-01
4.262276589870452881e-01
4.306008815765380859e-01
4.000382721424102783e-01
4.047923684120178223e-01
4.088885486125946045e-01
4.035887122154235840e-01
3.893807530403137207e-01
4.074032902717590332e-01
4.405538439750671387e-01
4.637760818004608154e-01
5.009184479713439941e-01
5.011883974075317383e-01
4.638655781745910645e-01
4.573279619216918945e-01
4.468298554420471191e-01
4.196466803550720215e-01
4.318524599075317383e-01
4.363461136817932129e-01
4.091151654720306396e-01
4.195755422115325928e-01
4.625077247619628906e-01
4.714491963386535645e-01
4.932848811149597168e-01
5.017460584640502930e-01
5.053511857986450195e-01
4.920156002044677734e-01
4.708058834075927734e-01
4.447652101516723633e-01
4.520882368087768555e-01
4.240984320640563965e-01
4.316632151603698730e-01
4.245692491531372070e-01
4.094203710556030273e-01
3.971874117851257324e-01
3.853386938571929932e-01
3.735821247100830078e-01
3.651819825172424316e-01
3.794381916522979736e-01
3.947052955627441406e-01
4.143925905227661133e-01
4.174264073371887207e-01
4.173939526081085205e-01
4.249190688133239746e-01
4.258965253829956055e-01
4.011101722717285156e-01
4.063706994056701660e-01
4.067279398441314697e-01
3.989503085613250732e-01
4.081010818481445312e-01
4.150394201278686523e-01
4.160925149917602539e-01
3.947803378105163574e-01
3.947607278823852539e-01
3.890098333358764648e-01
3.692463338375091553e-01
3.667908906936645508e-01
3.673476576805114746e-01
3.852450251579284668e-01
3.860095739364624023e-01
3.732126057147979736e-01
3.732518255710601807e-01
3.755569458007812500e-01
3.708014488220214844e-01
3.610175251960754395e-01
3.635432720184326172e-01
3.778755068778991699e-01
3.854430317878723145e-01
3.950450420379638672e-01
3.980360627174377441e-01
4.064439535140991211e-01
3.994100689888000488e-01
3.849066495895385742e-01
4.000928401947021484e-01
4.112621545791625977e-01
4.525800943374633789e-01
4.810576736927032471e-01
4.904404878616333008e-01
4.690959155559539795e-01
5.024802684783935547e-01
5.446455478668212891e-01
5.267347097396850586e-01
5.047504305839538574e-01
5.057950019836425781e-01
5.086929798126220703e-01
4.806821942329406738e-01
4.466791152954101562e-01
4.237572550773620605e-01
4.174302220344543457e-01
4.064755439758300781e-01
4.076782166957855225e-01
3.831235766410827637e-01
4.007968902587890625e-01
4.027873873710632324e-01
3.956157863140106201e-01
3.884969949722290039e-01
3.806372880935668945e-01
3.813298642635345459e-01
3.936268091201782227e-01
3.861455917358398438e-01
3.961203396320343018e-01
3.894671797752380371e-01
3.858132362365722656e-01
3.875533044338226318e-01
3.808355629444122314e-01
3.740699887275695801e-01
3.701348602771759033e-01
3.793213963508605957e-01
3.701892793178558350e-01
3.684739470481872559e-01
3.634150624275207520e-01
3.639746308326721191e-01
3.697927594184875488e-01
3.688080608844757080e-01
3.776382207870483398e-01
3.776323199272155762e-01
3.848840892314910889e-01
3.894789814949035645e-01
3.878093957901000977e-01
3.861044645309448242e-01
3.829355537891387939e-01
3.736803531646728516e-01
3.659959435462951660e-01
3.689410090446472168e-01
3.704145550727844238e-01
3.784424066543579102e-01
3.744877576828002930e-01
3.838413357734680176e-01
3.736692070960998535e-01
3.799208104610443115e-01
3.995370566844940186e-01
4.197687506675720215e-01
4.381226599216461182e-01
4.236882328987121582e-01
4.241133034229278564e-01
4.514827132225036621e-01
4.380745887756347656e-01
4.492445588111877441e-01
4.380182027816772461e-01
4.351608157157897949e-01
4.621984958648681641e-01
4.531817436218261719e-01
4.470517635345458984e-01
4.517914950847625732e-01
4.610256552696228027e-01
4.709270596504211426e-01
4.755039811134338379e-01
4.545826911926269531e-01
4.663060307502746582e-01
4.501860737800598145e-01
4.423078894615173340e-01
4.305095076560974121e-01
4.134314060211181641e-01
4.074308872222900391e-01
4.101289510726928711e-01
4.110859632492065430e-01
4.179384708404541016e-01
4.219612777233123779e-01
4.105980694293975830e-01
4.038538336753845215e-01
3.987996578216552734e-01
4.082202017307281494e-01
4.058361947536468506e-01
3.942048549652099609e-01
4.093692302703857422e-01
4.043489694595336914e-01
4.064031839370727539e-01
4.066148400306701660e-01
4.065721035003662109e-01
4.053055942058563232e-01
4.009559154510498047e-01
4.030845761299133301e-01
4.233139455318450928e-01
4.365100264549255371e-01
4.321828186511993408e-01
4.344028234481811523e-01
4.409595727920532227e-01
4.381363987922668457e-01
4.152351021766662598e-01
3.887782692909240723e-01
3.736099004745483398e-01
3.776804506778717041e-01
3.780184984207153320e-01
3.882602453231811523e-01
3.951250910758972168e-01
4.076438248157501221e-01
4.004384875297546387e-01
4.013393819332122803e-01
4.018767774105072021e-01
3.974948525428771973e-01
3.840077519416809082e-01
3.837917447090148926e-01
3.780169486999511719e-01
3.851343989372253418e-01
3.934791088104248047e-01
3.945034742355346680e-01
4.073742330074310303e-01
4.122685194015502930e-01
4.026324748992919922e-01
4.046164453029632568e-01
3.965808749198913574e-01
3.966506719589233398e-01
4.015851318836212158e-01
3.988354802131652832e-01
4.196236133575439453e-01
4.053315222263336182e-01
4.212055206298828125e-01
4.106309413909912109e-01
4.151660799980163574e-01
4.175165891647338867e-01
4.203197956085205078e-01
4.298790693283081055e-01
4.110251069068908691e-01
4.015747010707855225e-01
4.118831753730773926e-01
4.167076349258422852e-01
4.099806547164916992e-01
4.097142219543457031e-01
4.081572890281677246e-01
4.231989681720733643e-01
4.076787829399108887e-01
4.103152155876159668e-01
4.007890224456787109e-01
3.998730182647705078e-01
4.115252792835235596e-01
4.162283241748809814e-01
4.384593069553375244e-01
4.403270483016967773e-01
4.465081095695495605e-01
4.374375343322753906e-01
4.284723997116088867e-01
4.274123907089233398e-01
4.170203506946563721e-01
4.278374016284942627e-01
4.074699580669403076e-01
4.081644415855407715e-01
4.002426266670227051e-01
3.840548396110534668e-01
3.925641775131225586e-01
3.992349207401275635e-01
4.090590476989746094e-01
4.009216129779815674e-01
3.931230008602142334e-01
3.940779864788055420e-01
3.938020467758178711e-01
4.127824604511260986e-01
4.157503545284271240e-01
4.134880304336547852e-01
3.992020785808563232e-01
3.992236852645874023e-01
3.943501710891723633e-01
3.822945952415466309e-01
3.804228305816650391e-01
3.872917294502258301e-01
3.917538225650787354e-01
3.975107669830322266e-01
3.872508108615875244e-01
4.017108678817749023e-01
4.148608744144439697e-01
4.154669046401977539e-01
4.088168144226074219e-01
4.264797568321228027e-01
4.258989691734313965e-01
4.132004678249359131e-01
4.295460581779479980e-01
4.181819558143615723e-01
4.100238382816314697e-01
4.271300733089447021e-01
4.337629675865173340e-01
4.149228930473327637e-01
4.167007803916931152e-01
4.211870431900024414e-01
4.273861050605773926e-01
4.299017488956451416e-01
4.416396021842956543e-01
4.324550032615661621e-01
4.310840368270874023e-01
4.289660453796386719e-01
4.025138020515441895e-01
4.141274690628051758e-01
4.063644409179687500e-01
4.063676893711090088e-01
4.085236787796020508e-01
