4.083598613739013866e-02
2.252517223358154255e-02
1.151927709579467739e-02
1.290879011154174791e-02
1.042571783065795836e-02
7.478160858154296944e-03
1.313333034515380866e-02
7.759758234024047817e-03
6.221297979354858260e-03
6.607469320297241350e-03
7.711534500122070417e-03
6.685473918914794887e-03
5.912626385688781946e-03
6.393818855285644288e-03
7.534738183021544994e-03
6.763802766799926688e-03
7.214860916137695243e-03
5.685929059982299666e-03
6.437634229660034284e-03
8.404879570007324843e-03
6.739562153816222936e-03
8.820040225982666085e-03
5.571303963661193917e-03
6.103472113609314208e-03
6.426849961280822407e-03
5.070319175720214636e-03
6.310999989509582207e-03
4.930062890052795167e-03
7.695493698120117569e-03
5.909503102302550957e-03
4.579609632492065777e-03
4.632363021373748710e-03
4.971940517425537526e-03
5.672381520271301512e-03
4.440662860870361710e-03
3.981665670871734584e-03
4.094050526618957762e-03
4.976491928100585521e-03
4.407303929328918075e-03
4.925045371055603201e-03
5.401972532272338728e-03
4.344960451126098425e-03
4.069371819496154542e-03
5.578783154487609690e-03
5.117636919021606272e-03
4.057357907295226947e-03
3.951575756072998186e-03
5.423092842102050434e-03
5.930759310722351352e-03
4.065638482570648263e-03
5.393269062042235946e-03
3.838163316249847395e-03
5.221983194351196081e-03
4.128673672676086079e-03
3.749976754188537494e-03
4.034756720066070591e-03
4.828969836235046283e-03
4.269008636474609479e-03
3.851970434188842565e-03
4.040025472640991488e-03
4.445139765739441334e-03
3.798214495182037145e-03
5.297887325286865408e-03
3.612706065177917567e-03
4.008988440036773300e-03
4.585480988025665040e-03
4.803654849529266462e-03
3.428487777709961128e-03
4.037165343761444335e-03
3.545409739017486763e-03
4.257966876029968366e-03
5.904387235641479076e-03
4.917074739933013743e-03
3.583134412765502739e-03
4.713934361934662282e-03
3.804605901241302473e-03
4.420796930789947128e-03
4.051458835601806467e-03
5.627994537353515729e-03
4.044412374496459718e-03
4.445991814136505439e-03
3.847937881946563582e-03
6.244392991065978935e-03
4.619111120700836008e-03
5.049383640289306988e-03
3.360757529735565116e-03
3.240244984626770072e-03
4.664287567138671563e-03
3.736280798912048305e-03
3.988304734230041157e-03
4.280487298965454310e-03
3.432481884956359742e-03
3.577938675880432042e-03
3.259185850620269914e-03
3.659787774085998709e-03
4.005189538002013744e-03
2.842503786087036306e-03
3.106819391250610282e-03
5.051324367523193568e-03
3.231222629547119037e-03
3.388721346855163435e-03
2.579417824745178049e-03
3.297304213047027536e-03
2.490252256393432617e-03
2.449544966220855609e-03
3.219286799430847064e-03
2.877524793148040962e-03
2.737114131450653007e-03
3.514229059219360542e-03
2.725167572498321446e-03
4.856941699981689835e-03
4.204477667808532299e-03
2.627877891063690099e-03
3.367229104042053413e-03
3.135809898376465052e-03
4.557431340217590020e-03
3.057800531387328945e-03
2.948583364486694145e-03
2.163164019584655918e-03
3.565737009048461879e-03
3.574106097221374685e-03
3.424041271209716641e-03
3.521969616413116524e-03
2.789223790168762415e-03
3.148119449615478533e-03
2.791841626167297467e-03
3.093287348747253418e-03
3.871879577636718785e-03
3.821855187416076452e-03
4.058679640293121407e-03
4.546381831169128696e-03
4.827836453914642265e-03
2.439866960048675711e-03
2.629177570343017509e-03
3.071616291999816790e-03
2.783140540122985753e-03
2.185148298740387067e-03
2.877642214298248118e-03
3.608422279357910087e-03
2.299123704433440971e-03
3.428798615932464582e-03
2.367722541093826485e-03
3.218018114566803100e-03
3.753202855587005511e-03
3.600812554359436070e-03
2.698311805725097864e-03
3.552443981170654453e-03
2.558680772781372122e-03
2.687883377075195139e-03
3.129913210868835640e-03
2.768635749816894531e-03
4.093299806118011648e-03
3.462156653404235753e-03
2.840598225593566999e-03
2.126049846410751464e-03
3.075873851776122960e-03
2.438440620899200596e-03
2.344639897346496513e-03
2.943956553936004448e-03
2.605082988739013724e-03
3.311377167701721330e-03
2.692020535469055210e-03
1.963205337524414219e-03
2.727122306823730278e-03
2.512937188148498327e-03
2.391616702079772845e-03
3.265820741653442227e-03
3.524168133735656929e-03
2.391028106212615863e-03
5.157016515731811801e-03
4.230956733226776297e-03
4.126015901565551619e-03
2.804319560527801687e-03
4.099093377590179443e-03
2.455966770648956507e-03
2.244759798049926740e-03
2.938843965530395664e-03
2.656512856483459438e-03
2.082606554031371862e-03
2.461926937103271415e-03
2.592679262161255022e-03
2.552465200424194457e-03
2.992618083953857595e-03
4.606957137584685898e-03
2.132289558649063093e-03
2.611044347286224383e-03
3.304069042205810651e-03
3.390706181526184117e-03
3.833853602409362758e-03
4.099457859992981269e-03
2.336416989564895751e-03
3.445123434066772565e-03
2.575710713863372647e-03
2.325003445148467966e-03
2.991668283939361451e-03
2.800399661064148157e-03
2.730512022972106899e-03
3.947117924690246235e-03
2.244876325130462733e-03
2.816393375396728394e-03
2.505406439304351963e-03
2.136653959751129341e-03
2.380333691835403304e-03
2.341623902320861834e-03
2.154546529054641914e-03
2.381138503551483154e-03
2.530547678470611468e-03
2.678020298480987462e-03
2.004529535770416433e-03
2.588778138160705445e-03
2.123591452836990322e-03
1.998505741357803518e-03
2.316653728485107422e-03
2.327339351177215663e-03
2.359520196914672869e-03
2.825290560722351196e-03
2.057701349258422852e-03
2.051475644111633474e-03
1.933086365461349427e-03
2.025196254253387382e-03
2.164347916841506854e-03
1.883401870727539158e-03
1.953376382589340141e-03
2.334726452827453561e-03
2.160741984844207798e-03
2.067097127437591674e-03
2.532499730587005511e-03
1.816172599792480451e-03
1.851155757904052830e-03
1.871513426303863517e-03
2.832816243171691704e-03
3.589344024658202952e-03
2.540634870529174735e-03
2.662341892719268660e-03
2.707557678222656181e-03
2.096073627471923759e-03
2.699627578258514439e-03
1.815535575151443464e-03
2.503811717033386109e-03
2.072018086910247785e-03
2.277302592992782627e-03
2.286480814218521188e-03
2.128320187330245885e-03
2.231661379337310930e-03
2.100529819726944161e-03
1.842851787805557286e-03
1.795229464769363369e-03
2.420395016670226929e-03
2.112156748771667515e-03
1.952312588691711365e-03
3.925915956497192522e-03
3.654397726058960117e-03
1.858678758144378766e-03
2.839241623878478987e-03
2.961090207099914464e-03
2.209474146366119211e-03
1.810843646526336722e-03
2.026365995407104423e-03
1.771583259105682408e-03
2.103615403175353865e-03
1.901785731315612689e-03
2.491479814052581856e-03
2.177137732505798201e-03
2.030701637268066215e-03
1.811811774969101022e-03
2.533933818340301704e-03
2.058493345975875768e-03
1.954928338527679287e-03
2.754897177219390713e-03
2.726843357086181432e-03
2.175135314464568884e-03
1.767058074474334639e-03
1.871798336505889815e-03
1.895851939916610735e-03
1.891235113143920890e-03
2.589755058288574063e-03
2.213141918182373082e-03
2.110290527343750173e-03
2.574069797992706212e-03
1.943356692790985203e-03
1.772959381341934109e-03
2.656124532222747803e-03
4.809887111186981166e-03
2.300809025764465228e-03
2.010774910449981794e-03
2.069216072559356551e-03
1.814443171024322527e-03
2.035968154668808122e-03
1.857450306415557931e-03
2.943625152111053415e-03
2.696293294429778949e-03
2.043207585811614938e-03
2.386864423751831193e-03
2.080102562904358014e-03
1.877512484788894593e-03
3.017210960388183680e-03
2.893310189247131486e-03
1.928231716156005894e-03
1.986577212810516392e-03
3.226664066314697404e-03
