1.607686233520507768e-01
8.472122192382812444e-02
4.550657272338867049e-02
5.255266189575195229e-02
3.615823745727539396e-02
3.429278373718261386e-02
4.433234214782715010e-02
2.897138357162475433e-02
3.142094612121582031e-02
2.670113801956176813e-02
3.054003238677978349e-02
3.040932416915893485e-02
3.041239023208618109e-02
2.966159343719482547e-02
3.251010417938232644e-02
2.966997146606445424e-02
3.098492622375488212e-02
2.897896051406860518e-02
3.123348951339721680e-02
3.485517263412475641e-02
3.155232667922973355e-02
3.364740848541259571e-02
2.759332180023193332e-02
2.999170780181884682e-02
2.632319211959838895e-02
2.516065359115600419e-02
2.872747898101806613e-02
2.452613830566406292e-02
3.096160411834716908e-02
3.133141517639160406e-02
2.243050098419189370e-02
2.418091058731079018e-02
2.869891166687011871e-02
2.883470773696899386e-02
2.588532447814941365e-02
2.293570041656494210e-02
2.059677839279174666e-02
2.233859062194824135e-02
2.273653030395507771e-02
2.537859201431274386e-02
2.511816978454589969e-02
2.285874366760254003e-02
2.054099559783935380e-02
2.740983486175536943e-02
2.536483287811279463e-02
1.955664157867431641e-02
2.058106899261474484e-02
2.287731409072876060e-02
2.267078161239623885e-02
1.850954532623291099e-02
2.060653924942016518e-02
2.005665779113769559e-02
2.240833997726440416e-02
1.919491291046142648e-02
2.011955499649047824e-02
1.904596924781799469e-02
2.093031883239745983e-02
2.098264694213867326e-02
1.908204078674316517e-02
2.053537845611572155e-02
2.110398769378661957e-02
2.057958126068115332e-02
2.579493999481201338e-02
2.039418697357177693e-02
2.192166805267333970e-02
2.178651809692382785e-02
2.072401285171508734e-02
2.110491752624511774e-02
1.911075711250305106e-02
2.057140111923217926e-02
2.080836534500122084e-02
1.959365725517273060e-02
2.232127189636230399e-02
2.063872575759887612e-02
1.915224432945251617e-02
1.887748122215271093e-02
1.926728963851928600e-02
2.297423362731933552e-02
2.001663446426391740e-02
1.962244272232055789e-02
1.924952864646911621e-02
2.018918514251709026e-02
2.565727233886718611e-02
1.914074182510375893e-02
2.295782566070556779e-02
1.957269072532653864e-02
1.898939132690429660e-02
1.851557254791259821e-02
1.783575415611267020e-02
1.921225547790527191e-02
2.056589126586914201e-02
2.011781454086303614e-02
1.832602620124816964e-02
2.124996423721313421e-02
2.076250791549682714e-02
2.098273754119872950e-02
1.900989055633544797e-02
1.841171383857726981e-02
2.385660171508788979e-02
2.000400781631469713e-02
1.779003262519836259e-02
1.828922867774963532e-02
2.091247081756591672e-02
1.754033565521240234e-02
1.895467042922973494e-02
1.805752515792846680e-02
2.041297435760498075e-02
1.856081247329711970e-02
1.809449076652526814e-02
1.955099105834961007e-02
2.212560892105102511e-02
1.957305073738098075e-02
1.800585508346557589e-02
2.035888671875000014e-02
2.002682209014892620e-02
2.182499408721923911e-02
1.825068116188049289e-02
1.876457095146179255e-02
1.863121151924133218e-02
1.912485837936401395e-02
1.958782553672790486e-02
1.928691625595092829e-02
1.880442142486572418e-02
2.020756721496581865e-02
2.101130962371826338e-02
1.902375578880309906e-02
1.808696031570434723e-02
2.170909404754638519e-02
2.174511671066284291e-02
2.293510913848877120e-02
2.082853794097900418e-02
2.330287694931030412e-02
1.930746197700500613e-02
1.848206281661987291e-02
1.887568950653076283e-02
2.105776309967041099e-02
1.879329562187194783e-02
2.077153682708740220e-02
2.185363292694091769e-02
1.918078422546386566e-02
2.117593526840209905e-02
1.898918628692626911e-02
2.023974418640136705e-02
2.000487089157104367e-02
1.981475472450256251e-02
1.935575723648071123e-02
2.296812772750854437e-02
1.927834033966064481e-02
2.007337570190429604e-02
2.105331897735595800e-02
1.899209856986999387e-02
2.398492813110351604e-02
2.221436500549316476e-02
1.944293022155761663e-02
1.951934576034546065e-02
1.917186498641967884e-02
1.905391216278076033e-02
1.938970327377319280e-02
1.990232586860656711e-02
1.980885982513427845e-02
2.107276439666748089e-02
2.059363842010497950e-02
2.002149820327758789e-02
1.874043107032775934e-02
2.100852727890014510e-02
1.905040979385376129e-02
1.979014635086059556e-02
1.875709891319275041e-02
2.089013099670410101e-02
2.709834575653076102e-02
2.459537982940673828e-02
2.443838834762573214e-02
1.923235654830932756e-02
1.915808916091919084e-02
1.923643350601196220e-02
1.994671702384948758e-02
1.894372820854187123e-02
1.918265819549560408e-02
1.950422644615173312e-02
1.858279705047607283e-02
1.921033620834350711e-02
1.973227500915527427e-02
2.107687950134277260e-02
2.147738456726074052e-02
2.024529457092285115e-02
2.111512660980224484e-02
1.789398789405822685e-02
2.204479455947876143e-02
1.911508202552795327e-02
2.129523754119872977e-02
1.878797292709350614e-02
2.302101135253906139e-02
2.069639682769775293e-02
2.152285814285278404e-02
2.059177398681640708e-02
2.205246448516845828e-02
2.045583724975585938e-02
2.399422407150268721e-02
2.033551216125488448e-02
1.973920822143554812e-02
1.948539018630981307e-02
1.979531168937682939e-02
1.951892256736755329e-02
1.923887968063354645e-02
2.105842828750610282e-02
2.096880435943603363e-02
1.944494485855102414e-02
2.188765525817870997e-02
2.043626546859741294e-02
2.124376296997070382e-02
2.043613433837890639e-02
2.049405574798584054e-02
2.105907440185546958e-02
2.044755220413208008e-02
1.921541929244995062e-02
1.975178360939025893e-02
1.980032205581665206e-02
2.099184274673461872e-02
2.035470962524413979e-02
2.070106983184814495e-02
2.035511970520019476e-02
2.048103809356689384e-02
2.034895420074462821e-02
2.140371561050415095e-02
2.055769920349121219e-02
2.125946521759033286e-02
2.214367389678955148e-02
2.060916423797607561e-02
2.017272710800170968e-02
2.080690860748291016e-02
1.989599227905273354e-02
2.397053718566894559e-02
2.164087772369384724e-02
1.961810588836669991e-02
2.053714752197265472e-02
2.114418745040893416e-02
1.989965319633484053e-02
2.157566308975219713e-02
1.995443344116211090e-02
2.037687540054321234e-02
2.228585243225097642e-02
2.168589353561401270e-02
2.066409587860107422e-02
2.285452127456664984e-02
2.128799200057983343e-02
2.094096899032592621e-02
2.054015636444091880e-02
2.037060022354126101e-02
2.072606801986694169e-02
2.103390455245971596e-02
2.500123500823974582e-02
2.470705509185790877e-02
2.154374599456787207e-02
2.053415775299072266e-02
2.045058250427246246e-02
2.166400671005248857e-02
2.115376472473144698e-02
2.069617271423339691e-02
2.116157531738281292e-02
2.157035827636718736e-02
2.145936965942382701e-02
2.111817836761474554e-02
2.186745643615722531e-02
2.172726631164550656e-02
2.104897022247314425e-02
2.301865577697754031e-02
2.175598382949829254e-02
2.188637495040893569e-02
2.345110177993774483e-02
2.322134017944335951e-02
2.182426214218139565e-02
2.117074966430664007e-02
2.215975999832153417e-02
2.094047546386718778e-02
2.120874166488647544e-02
2.286504268646240290e-02
2.161397457122802776e-02
2.134254455566406139e-02
2.121759653091430733e-02
2.090006113052368317e-02
2.223516464233398285e-02
2.323536872863769462e-02
2.634613513946533134e-02
2.269939422607421958e-02
2.202142238616943207e-02
2.120000362396240109e-02
2.213775157928466950e-02
2.168158292770385603e-02
2.210191249847412095e-02
2.196982383728027233e-02
2.151917934417724512e-02
2.199512481689453250e-02
2.293192863464355372e-02
2.241925716400146318e-02
2.271682977676391449e-02
2.125713348388671986e-02
2.189865589141845592e-02
2.147338628768920982e-02
2.284791469573974748e-02
2.450941085815429646e-02
