1.413587915897369429e+00
9.515702545642852339e-01
1.158258545398712203e+00
1.415933394432067782e+00
8.314981281757354292e-01
9.763194859027862771e-01
8.548935890197754128e-01
6.959253013134002464e-01
6.768804013729095015e-01
6.984093487262725830e-01
6.890248537063599077e-01
7.096872270107269509e-01
6.386125564575195757e-01
5.658644556999206099e-01
5.683727383613585982e-01
5.960664868354796919e-01
6.489827156066894087e-01
6.113216161727905718e-01
6.129130959510803445e-01
6.984461665153502974e-01
6.835511147975921187e-01
5.956200718879699485e-01
6.263762652873993142e-01
6.005216300487518089e-01
5.740569233894348145e-01
5.857290804386139360e-01
6.668237328529358354e-01
6.732372641563415527e-01
5.674542129039764626e-01
5.580219328403472900e-01
5.068846613168715987e-01
5.363863170146941917e-01
5.686936616897583230e-01
5.481792122125626054e-01
5.732773154973983543e-01
4.427555739879608376e-01
4.042550295591354481e-01
4.162383019924164040e-01
4.053398430347442405e-01
3.652218252420425526e-01
3.938048869371414407e-01
3.577140808105468972e-01
3.639201596379280090e-01
4.090306043624877819e-01
3.415881842374801636e-01
3.804583907127380149e-01
2.906620100140571705e-01
2.950236186385154502e-01
2.512750878930091747e-01
2.481856316328048817e-01
2.592981219291686790e-01
3.064266145229339600e-01
2.392521604895591625e-01
2.233827754855156056e-01
2.383342534303665161e-01
2.411158144474029597e-01
2.356338441371917669e-01
2.467267364263534546e-01
2.555029302835464255e-01
2.486815974116325378e-01
2.133880436420440563e-01
2.014821097254753113e-01
2.101248189806938227e-01
2.191992655396461376e-01
2.691060960292815940e-01
2.025323420763015803e-01
1.924526751041412409e-01
1.911406800150871332e-01
2.260627344250679127e-01
3.624823257327079995e-01
2.666633665561676247e-01
2.108351856470108143e-01
1.928516805171966442e-01
2.664581850171089394e-01
1.993875861167907770e-01
1.887170165777206365e-01
1.739190980792045538e-01
2.768517971038818581e-01
2.070390194654464777e-01
2.519969806075096352e-01
2.263257458806037792e-01
2.011887937784195002e-01
2.298556402325630243e-01
3.396944597363472096e-01
2.197675526142120472e-01
2.086525946855544988e-01
3.245639488101005332e-01
2.063983440399169977e-01
2.160586044192314148e-01
1.956831336021423451e-01
2.016841262578964178e-01
1.648447737097740173e-01
1.553275600075721685e-01
1.757202073931694031e-01
1.806028753519058339e-01
2.294790923595428356e-01
2.724906504154205322e-01
2.782730624079704507e-01
2.552865341305732838e-01
2.149384915828704834e-01
2.290810048580169678e-01
2.185632169246673473e-01
1.794152870774269048e-01
1.578698880970478002e-01
1.567738890647888128e-01
1.773407310247421265e-01
1.603901684284210205e-01
1.574120014905929510e-01
1.533110663294792175e-01
1.542022027075290735e-01
1.515310503542423304e-01
1.461458869278430828e-01
1.679897725582122914e-01
1.440951980650425068e-01
1.433108754456043354e-01
1.395572952926159016e-01
1.485904790461063385e-01
1.398073077201843206e-01
1.420926764607429449e-01
1.552547499537468012e-01
1.393168844282627050e-01
1.912664152681827490e-01
1.680088244378566686e-01
1.785664543509483393e-01
1.609175965189933721e-01
1.391293838620185908e-01
1.403349906206131092e-01
1.448612794280052241e-01
1.481782823801040538e-01
1.445396110415458624e-01
1.429905340075492970e-01
1.478111706674098969e-01
1.358969390392303356e-01
1.572983808815479334e-01
1.440627537667751312e-01
1.584539361298084315e-01
1.818331383168697302e-01
1.603858098387718201e-01
1.649537757039070129e-01
1.725215584039688221e-01
1.594084776937961523e-01
1.388407498598098755e-01
1.351363688707351574e-01
1.520261973142623957e-01
1.359609797596931513e-01
1.326592676341533661e-01
1.395311519503593389e-01
1.337859570980071966e-01
1.443697944283485468e-01
1.499839104712009374e-01
1.579837910830974579e-01
1.457248128950595911e-01
1.538271866738796234e-01
1.744762338697910253e-01
1.713021993637084961e-01
1.491583712399005834e-01
1.327236689627170618e-01
1.291396334767341558e-01
1.372851207852363586e-01
1.350778602063655853e-01
1.288780592381954249e-01
1.272763468325138203e-01
1.406100817024707739e-01
1.497929379343986567e-01
1.332558199763297924e-01
1.359863974153995569e-01
1.586957603693008312e-01
1.332651592791080364e-01
1.576343372464180104e-01
1.387760087847709767e-01
1.486040920019149891e-01
1.936757147312164196e-01
1.378063954412937220e-01
1.443603090941905920e-01
1.309654176235199030e-01
1.457416929304599651e-01
1.265297576785087696e-01
1.405735649168491364e-01
1.367597922682762257e-01
1.423396691679954529e-01
1.721194699406623785e-01
1.468568518757820129e-01
1.581682384014129750e-01
1.566881544888019673e-01
1.411622218787670080e-01
1.346887417137622722e-01
1.382660448551177867e-01
1.348576888442039601e-01
1.571282342076301686e-01
1.275065183639526312e-01
1.236672319471836118e-01
1.316743321716785375e-01
1.339739531278610341e-01
1.388810075819492396e-01
1.459094218909740559e-01
1.292939044535160176e-01
1.544089473783969990e-01
1.335638962686061804e-01
1.582373745739459880e-01
2.256781563162803539e-01
1.749488390982150976e-01
1.390555202960968018e-01
1.373749271035194508e-01
1.312083423137664906e-01
1.624091006815433502e-01
1.368491284549236409e-01
1.455775327980518286e-01
1.315638996660709326e-01
1.244034431874752045e-01
1.238618053495883914e-01
1.294220186769962366e-01
1.225406065583229120e-01
1.227893717586994171e-01
1.224130436778068515e-01
1.343593567609787098e-01
1.257643006742000524e-01
1.213229537010192816e-01
1.230056308209896143e-01
1.201939515769481631e-01
1.209703773260116522e-01
1.283663183450698964e-01
1.214230127632617978e-01
1.241825424134731237e-01
1.224542245268821772e-01
1.422334335744381006e-01
1.290542803704738672e-01
1.245146252214908572e-01
1.227663993835449163e-01
1.207602947950363187e-01
1.325665116310119629e-01
1.200508095324039487e-01
1.197340615093707983e-01
1.278492420911788996e-01
1.351973593235015758e-01
1.361998558044433538e-01
1.321587450802326202e-01
1.314154349267482869e-01
1.202164173126220731e-01
1.198945365846157129e-01
1.265643574297428131e-01
1.227085061371326474e-01
1.268618315458297785e-01
1.240631908178329440e-01
1.184115335345268250e-01
1.253381051123142187e-01
1.263527281582355610e-01
1.365270681679248699e-01
1.500332415103912409e-01
1.424613989889621790e-01
1.256395928561687414e-01
1.287232480943202861e-01
1.192895665764808627e-01
1.269244171679019817e-01
1.202492848038673456e-01
1.295715212821960394e-01
1.371785953640937694e-01
1.461337327957153431e-01
1.257141888141632136e-01
1.188783541321754428e-01
1.212613806128501892e-01
1.493555136024951879e-01
1.321765467524528559e-01
1.249382957816123907e-01
1.204758524894714300e-01
1.202328652143478394e-01
1.268862560391426086e-01
1.166990399360656738e-01
1.159594029188156100e-01
1.191341258585452978e-01
1.222396090626716586e-01
1.178841009736061041e-01
1.169271014630794553e-01
1.289421766996383667e-01
1.200912199914455358e-01
1.320925138890743367e-01
1.246526479721069280e-01
1.352055169641971644e-01
1.275624491274356953e-01
1.260284423828124944e-01
1.227985173463821411e-01
1.375743620097637232e-01
1.315714530646800995e-01
1.247478045523166684e-01
1.269720509648323004e-01
1.190498955547809601e-01
1.180791102349758176e-01
1.167390696704387609e-01
1.163081794977188083e-01
1.190547995269298498e-01
1.151463508605957003e-01
1.187544912099838257e-01
1.252549350261688288e-01
1.204320542514324133e-01
1.219225212931633051e-01
1.270329438149929158e-01
1.149427689611911829e-01
1.143930770456790952e-01
1.280113361775875036e-01
1.219920761883258875e-01
1.297083973884582409e-01
1.209548830986022921e-01
1.203837275505065946e-01
1.212863720953464564e-01
1.229595109820365850e-01
1.299516998231410869e-01
1.207305915653705541e-01
1.202205806970596258e-01
1.157652631402015658e-01
1.141520962119102478e-01
1.129792936146259280e-01
1.140693828463554410e-01
1.140008479356765803e-01
1.141672529280185755e-01
1.124528691172599765e-01
1.130953967571258489e-01
1.143703892827034052e-01
1.168020859360694857e-01
1.131722144782543182e-01
1.156930245459079770e-01
1.209688626229763059e-01
1.165607266128063230e-01
1.172155007719993536e-01
1.164926566183566992e-01
1.228561528027057592e-01
1.300740540027618408e-01
1.260699860751628987e-01
1.175863124430179540e-01
1.198306649923324557e-01
1.232043303549289759e-01
1.195523902773857061e-01
1.276506908237934057e-01
1.260310351848602239e-01
1.231183469295501764e-01
1.158330880105495481e-01
1.127975024282932281e-01
1.134006261825561551e-01
1.195245422422885895e-01
1.148842275142669678e-01
1.150128982961177854e-01
1.192888192832469996e-01
1.163351051509380341e-01
1.163006797432899475e-01
1.138973325490951483e-01
1.131443813443183954e-01
1.131336390972137451e-01
1.170163460075855227e-01
1.134421370923519162e-01
1.122734405100345584e-01
1.108947969973087255e-01
1.161491379141807584e-01
1.220254324376583155e-01
1.181063860654830988e-01
1.232229351997375516e-01
1.153903886675834711e-01
1.131662696599960299e-01
1.129552833735942841e-01
1.128604739904403714e-01
1.197357892990112277e-01
1.155790597200393732e-01
1.120625615119934110e-01
1.113003522157669095e-01
1.116315655410289737e-01
1.119937069714069394e-01
1.110221065580844907e-01
1.132183574140071813e-01
1.159175813198089627e-01
1.259614311158657185e-01
1.156430028378963443e-01
1.145526476204395266e-01
1.113227620720863287e-01
1.116200447082519587e-01
1.136763364076614352e-01
1.153673589229583796e-01
1.106162980198860113e-01
1.132690489292144803e-01
1.151914998888969449e-01
1.153717599809169769e-01
1.249448992311954498e-01
1.300593554973602239e-01
1.199390925467014313e-01
1.264709271490573883e-01
1.170443750917911502e-01
1.120388641953468378e-01
1.103499136865138952e-01
1.100142762064933721e-01
1.125285737216472626e-01
1.108064442873001043e-01
1.123351961374282892e-01
1.125031784176826477e-01
1.122300878167152433e-01
1.135659992694854764e-01
1.187339812517166082e-01
1.287977248430252075e-01
1.319632038474082836e-01
1.313707076013088115e-01
1.317025162279605865e-01
1.322283662855625042e-01
1.293409772217273823e-01
1.129213578999042483e-01
1.127884976565837888e-01
1.175702296197414370e-01
1.168711759150028173e-01
1.097420655190944616e-01
1.094769164919853210e-01
1.088294185698032435e-01
1.095936693251133021e-01
1.096317313611507444e-01
1.105878278613090515e-01
1.115366406738758087e-01
1.131222970783710424e-01
1.092465840280056055e-01
1.106332980096340207e-01
1.086481608450412806e-01
1.089046619832515772e-01
1.103621780872345026e-01
1.085989072918891879e-01
1.087945103645324707e-01
1.107073359191417666e-01
1.098047830164432526e-01
1.105716988444328253e-01
1.111234597861766871e-01
1.132237158715724973e-01
1.104217864573001917e-01
1.099362485110759735e-01
1.083156131207942963e-01
1.090587005019187927e-01
1.085024319589138059e-01
1.082262612879276303e-01
1.092165619134903010e-01
1.080299943685531644e-01
1.086053662002086639e-01
1.087538301944732666e-01
1.085348345339298276e-01
1.100961618125438635e-01
1.100096963346004486e-01
1.084577471017837552e-01
1.080682940781116513e-01
1.082404896616935702e-01
1.081516265869140597e-01
1.078229814767837497e-01
1.082050718367099790e-01
1.083794444799423273e-01
1.083991535007953616e-01
1.083067134022712708e-01
1.098630174994468661e-01
1.092604637145996038e-01
1.117874152958393125e-01
1.104531541466712979e-01
1.084326073527336065e-01
1.076336577534675598e-01
1.082775905728340093e-01
1.094645798206329290e-01
1.113313354551792173e-01
1.073958285152912112e-01
1.080264024436473902e-01
1.080252788960933685e-01
1.077153898775577573e-01
1.099991209805011722e-01
1.117861233651638031e-01
1.080010831356048584e-01
1.088721804320812170e-01
1.094509005546569769e-01
1.104494325816631345e-01
1.082742407917976352e-01
1.075939774513244573e-01
1.075417160987854059e-01
1.093573875725269290e-01
1.169099345803260859e-01
1.137516453862190274e-01
1.198017679154872867e-01
1.142583325505256708e-01
1.154678635299205836e-01
1.084824226796627100e-01
1.124512009322643225e-01
1.117019265890121515e-01
1.089326061308383969e-01
1.078177534043788938e-01
1.071879640221595764e-01
1.071305744349956568e-01
1.078541658818721743e-01
1.078968301415443448e-01
1.092067442834377261e-01
1.117149353027343806e-01
1.071825839579105405e-01
1.071158006787300138e-01
1.080543152987956945e-01
1.092782251536846133e-01
1.083869330585002927e-01
1.066394105553627042e-01
1.065251581370830480e-01
1.075605601072311401e-01
1.083864510059356634e-01
1.065545797348022433e-01
1.061574228107929202e-01
1.072352468967437689e-01
1.082643449306488065e-01
1.062639087438583402e-01
1.065037831664085444e-01
1.070069804787635859e-01
1.078812941908836309e-01
1.062214300036430359e-01
1.062569014728069333e-01
1.060013987123966245e-01
1.059126913547515925e-01
1.065626710653305026e-01
1.063605651259422330e-01
1.059984549880027827e-01
1.058626182377338382e-01
1.063039034605026273e-01
1.061841562390327398e-01
1.073711372911930056e-01
1.065924696624278994e-01
1.065772630274295779e-01
1.060038745403289739e-01
1.060658231377601679e-01
1.059251852333545629e-01
1.058417342603206607e-01
1.062778435647487585e-01
1.074204325675964383e-01
1.057165458798408481e-01
1.069202825427055387e-01
1.065777286887168857e-01
1.063381597399711553e-01
1.056428365409374237e-01
1.062229208648204776e-01
1.059581041336059570e-01
1.059244565665721921e-01
1.056080490350723294e-01
1.059469230473041590e-01
1.056653499603271429e-01
1.058978065848350525e-01
1.058721616864204407e-01
1.069848626852035467e-01
1.058236584067344666e-01
1.067046031355857877e-01
1.058718711137771606e-01
1.071843415498733576e-01
1.062690049409866361e-01
1.061188638210296686e-01
1.069249205291271237e-01
1.053222820162773160e-01
1.055758297443389893e-01
1.054602682590484591e-01
1.059255547821521815e-01
1.055254861712455750e-01
1.056085862219333649e-01
1.056262232363223974e-01
1.058345310389995630e-01
1.052660174667835180e-01
1.056935571134090396e-01
1.054413914680480957e-01
1.055997103452682440e-01
1.056214705109596308e-01
1.054002344608306885e-01
1.052240468561649323e-01
1.057618044316768618e-01
1.053552478551864624e-01
1.055355101823806790e-01
1.050511911511421148e-01
1.053409896790981348e-01
1.062091626226902008e-01
1.060380913317203466e-01
1.060943394899368231e-01
1.066344134509563391e-01
1.060118094086646978e-01
1.064178094267845126e-01
1.052639491856098147e-01
1.060835808515548651e-01
1.057526916265487671e-01
1.068869486451149015e-01
1.051298074424266843e-01
1.053798675537109403e-01
1.050687246024608612e-01
1.056269101798534421e-01
1.049686416983604403e-01
1.048683792352676364e-01
1.055886328220367459e-01
1.056278161704540253e-01
1.067023582756519290e-01
1.059629231691360529e-01
1.052151419222354944e-01
1.047111153602600098e-01
1.052328743040561732e-01
1.052690483629703522e-01
1.045886836946010590e-01
1.052711956202983801e-01
1.045515291392803137e-01
1.053983047604560852e-01
1.058424182236194638e-01
1.063867911696434049e-01
1.044680841267108945e-01
1.050592422485351618e-01
1.046013638377189664e-01
1.049394689500331851e-01
1.050653867423534393e-01
1.056010507047176333e-01
1.045461215078830747e-01
1.049400530755519867e-01
1.045216433703899384e-01
1.055686958134174347e-01
1.046606361865997370e-01
1.045947194099426242e-01
1.041912250220775604e-01
1.042504295706749018e-01
1.043539084494113922e-01
1.042289845645427704e-01
1.042730920016765594e-01
1.042268238961696625e-01
1.041691690683364813e-01
1.043626934289932223e-01
1.041911080479621943e-01
1.041792422533035223e-01
1.043120145797729464e-01
1.041662909090518979e-01
1.042628295719623538e-01
1.041058205068111364e-01
1.042566038668155670e-01
1.041995979845523890e-01
1.041681490838527735e-01
1.041070550680160550e-01
1.041077494621276828e-01
1.042572110891342163e-01
1.044332265853881864e-01
1.041537307202815982e-01
1.043694831430912046e-01
1.040712051093578283e-01
1.041570521891117124e-01
1.040228776633739527e-01
1.041538499295711490e-01
1.041028909385204315e-01
1.039415292441844968e-01
1.044417329132556888e-01
1.041560128331184415e-01
1.039763584733009311e-01
1.041516683995723780e-01
1.038891144096851377e-01
1.040424846112728147e-01
1.040408544242382022e-01
1.039549335837364197e-01
1.039960578083991977e-01
1.039209835231304224e-01
1.042610682547092382e-01
1.042265214025974301e-01
1.046569429337978335e-01
1.038803100585937444e-01
1.039350487291812869e-01
1.038472563028335627e-01
1.038661591708660153e-01
1.040853552520275144e-01
1.039236791431903811e-01
1.040726967155933408e-01
1.038499027490615845e-01
1.037337124347686712e-01
1.040575198829174070e-01
1.038902260363101931e-01
1.037546202540397672e-01
1.036785677075386103e-01
1.038534924387931879e-01
1.039322510361671420e-01
1.039634130895137759e-01
1.036538332700729370e-01
1.037399262189865057e-01
1.037841551005840302e-01
1.037268050014972659e-01
1.039071753621101379e-01
1.036553479731082972e-01
1.037652581930160467e-01
1.038182832300662967e-01
1.035621248185634585e-01
1.035651862621307373e-01
1.035935498774051694e-01
1.035739660263061551e-01
1.036126017570495605e-01
1.035603493452072199e-01
1.039119966328144046e-01
1.034050688147544889e-01
1.035004079341888400e-01
1.037776641547679957e-01
1.037823773920536069e-01
1.037075452506542178e-01
1.035181775689125033e-01
1.035032428801059695e-01
1.039794720709323883e-01
1.036690399050712585e-01
1.035265319049358396e-01
1.035281769931316320e-01
1.034322634339332608e-01
1.035182282328605680e-01
1.035715408623218564e-01
1.034051872789859827e-01
1.034224599599838229e-01
1.034289434552192743e-01
1.032672517001628903e-01
1.034104563295841217e-01
1.033246517181396484e-01
1.033304110169410706e-01
1.034410215914249448e-01
1.032515183091163580e-01
1.034425795078277588e-01
1.033507458865642603e-01
1.034216001629829351e-01
1.033579371869564056e-01
1.033181034028530093e-01
1.031322255730628967e-01
1.033113323152065333e-01
1.031581342220306424e-01
1.032313376665115329e-01
1.032073512673377935e-01
1.031284786760807010e-01
1.033871509134769440e-01
1.033737383782863672e-01
1.032617837190628052e-01
1.031772129237651797e-01
1.031011298298835782e-01
1.031556427478790283e-01
1.031244292855262729e-01
1.031124532222747747e-01
1.031780101358890506e-01
1.030961237847805023e-01
1.031829021871089880e-01
1.032298952341079712e-01
1.032047361135482733e-01
1.031506299972534124e-01
1.030446119606494848e-01
1.031289480626583072e-01
1.030696339905261966e-01
1.030463777482509558e-01
1.030796632170677130e-01
1.030501112341880854e-01
1.030351735651493100e-01
1.030743934214115171e-01
1.029945835471153259e-01
1.030324600636959020e-01
1.030177116394042913e-01
1.030775852501392420e-01
1.029728583991527530e-01
1.030172772705554990e-01
1.030437663197517340e-01
1.029566444456577329e-01
1.029835410416126279e-01
1.029257573187351282e-01
1.029475614428520258e-01
1.029227100312709864e-01
1.029652170836925507e-01
1.029707141220569666e-01
1.029592223465442685e-01
1.029253169894218389e-01
1.029289156198501531e-01
1.029342092573642675e-01
1.028957553207874298e-01
1.029062025249004309e-01
1.029206573963165339e-01
1.028754457831382724e-01
1.029119372367858914e-01
1.028693795204162625e-01
1.029549889266490881e-01
1.028806462883949252e-01
1.029740028083324377e-01
1.027387000620365171e-01
1.030120231211185400e-01
1.028099521994590704e-01
1.028231889009475764e-01
1.027747377753257807e-01
1.029413297772407559e-01
1.028028868138790158e-01
1.027707539498805972e-01
1.031076908111572266e-01
1.029209055006504031e-01
1.028842702507972717e-01
1.027940757572650965e-01
1.027490250766277258e-01
1.028100505471229581e-01
1.028879284858703613e-01
1.027201145887374906e-01
1.029398575425148066e-01
1.031719036400318146e-01
1.029096245765686035e-01
1.027534723281860324e-01
1.027358479797840091e-01
1.027075529098510770e-01
1.027213804423809107e-01
1.026467427611350985e-01
1.028740271925926153e-01
1.029284894466400146e-01
1.027341052889823858e-01
1.027895107865333529e-01
1.025929160416126223e-01
1.026892140507698059e-01
1.029544383287429865e-01
1.029009521007537842e-01
1.027428381145000513e-01
1.026574186980724335e-01
1.026719309389591273e-01
1.025774680078029577e-01
1.027103006839752142e-01
1.025849968194961492e-01
1.026121631264686612e-01
1.025683909654617337e-01
1.027244411408901187e-01
1.027658678591251429e-01
1.026611365377902985e-01
1.026642471551895142e-01
1.026034846901893588e-01
1.025315582752227839e-01
1.025336049497127533e-01
1.025324426591396332e-01
1.025713339447975186e-01
1.024837531149387360e-01
1.025139570236206082e-01
1.025134764611721067e-01
1.025592483580112513e-01
1.024813212454318972e-01
1.025356784462928827e-01
1.025135666131973267e-01
1.024885632097721072e-01
1.024827212095260620e-01
1.024948433041572571e-01
1.025012336671352331e-01
1.025154821574687930e-01
1.024608425796031952e-01
1.024799481034278925e-01
1.024647265672683771e-01
1.024614669382572230e-01
1.025164030492305700e-01
1.024578295648097964e-01
1.024761922657489721e-01
1.024674855172634097e-01
1.024395518004894284e-01
1.024201579391956357e-01
1.024535141885280637e-01
1.024269111454486902e-01
1.024136565625667628e-01
1.024091787636280115e-01
1.024423882365226718e-01
1.024548299610614777e-01
1.025435805320739774e-01
1.024205245077609988e-01
1.024750359356403351e-01
1.024083167314529391e-01
1.023831509053707151e-01
1.023935176432132776e-01
1.024440892040729550e-01
1.023716367781162262e-01
1.024070248007774298e-01
1.023896694183349665e-01
1.023730754852294894e-01
1.023717693984508570e-01
1.023590192198753357e-01
1.023758314549922943e-01
1.024023354053497370e-01
1.023400209844112368e-01
1.023801170289516393e-01
1.023710668087005615e-01
1.023893691599369049e-01
1.024170979857444708e-01
1.023786023259162931e-01
1.024118363857269287e-01
1.023633360862731961e-01
1.023503541946411133e-01
1.023164749145507868e-01
1.023439481854438726e-01
1.023453503847122220e-01
1.023171313107013730e-01
1.023697562515735598e-01
1.022818617522716494e-01
1.023556411266326877e-01
1.023293361067771912e-01
1.022951938211917877e-01
1.022904120385646765e-01
1.022778227925300598e-01
1.022710904479026822e-01
1.023590095341205541e-01
1.023539714515209198e-01
1.023279458284378080e-01
1.022467039525508936e-01
1.022956579923629816e-01
1.022796198725700323e-01
1.023180574178695623e-01
1.022475056350231198e-01
1.022451318800449427e-01
1.023208938539028195e-01
1.023002341389656067e-01
1.022805958986282293e-01
1.022373571991920527e-01
1.022264845669269562e-01
1.022227354347705897e-01
1.022514618933200864e-01
1.022221155464649173e-01
1.022899821400642395e-01
1.022245608270168360e-01
1.022499315440654755e-01
1.022555410861969022e-01
1.022059626877307864e-01
1.021961033344268854e-01
1.021868199110031183e-01
1.022192329168319647e-01
1.022674463689327296e-01
1.021971456706523840e-01
1.021467514336109189e-01
1.021923914551734897e-01
1.021772280335426358e-01
1.021611697971820804e-01
1.021592989563941956e-01
1.021483443677425329e-01
1.021467678248882266e-01
1.021508589386939947e-01
1.021454624831676511e-01
1.021676428616046933e-01
1.021387755870819120e-01
1.021507188677787809e-01
1.021265454590320615e-01
1.021382957696914673e-01
1.021358430385589655e-01
1.021275483071804047e-01
1.021749489009380341e-01
1.021649762988090515e-01
1.021247446537017767e-01
1.021301299333572388e-01
1.021249532699584905e-01
1.021304816007614080e-01
1.021262139081954984e-01
1.021114014089107569e-01
1.021345578134059962e-01
1.021110802888870184e-01
1.021455720067024203e-01
1.021248675882816259e-01
1.021189264953136500e-01
1.021692819893360166e-01
1.021363154053687994e-01
1.021111793816089630e-01
1.020901136100292178e-01
1.021047197282314301e-01
1.021140821278095218e-01
1.020960442721843692e-01
1.020948082208633367e-01
1.020819060504436493e-01
1.021263815462589292e-01
1.020795546472072629e-01
1.020703397691249820e-01
1.020906597375869779e-01
1.020804122090339661e-01
1.020698927342891665e-01
1.020734392106533023e-01
1.020807191729545538e-01
1.021044351160526331e-01
1.020807757973671015e-01
1.021146528422832434e-01
1.020656473934650477e-01
1.020577296614646884e-01
1.020730368793010684e-01
1.020763851702213287e-01
1.020631201565265628e-01
1.020978309214115171e-01
1.020624965429306058e-01
1.020593389868736239e-01
1.020553253591060666e-01
1.020691893994808142e-01
1.020461753010749872e-01
1.020430915057659177e-01
1.020390272140502957e-01
1.020596981048584040e-01
1.020299255847930964e-01
1.020368531346321078e-01
1.020294316112995148e-01
1.020368047058582278e-01
1.020323410630226135e-01
1.020258404314517975e-01
1.020562812685966436e-01
1.020227871835231725e-01
1.020333483815193121e-01
1.020259819924831390e-01
1.020089872181415558e-01
1.020334690809249906e-01
1.020057298243045862e-01
1.020484700798988398e-01
1.020218059420585632e-01
1.020307794213295011e-01
1.020114719867706299e-01
1.020147949457168579e-01
1.020029507577419337e-01
1.020268969237804468e-01
1.020090423524379758e-01
1.019918434321880341e-01
1.020069591701030787e-01
1.019906163215637263e-01
1.019944503903389005e-01
1.019780121743679019e-01
1.019900135695934323e-01
1.020204968750476893e-01
1.020146742463111933e-01
1.019827216863632147e-01
1.019714802503585843e-01
1.019703328609466580e-01
1.020188182592391968e-01
1.019818529486656161e-01
1.020007684826850919e-01
1.019753590226173401e-01
1.019762970507144956e-01
1.019838511943817194e-01
1.019516468048095731e-01
