1.133861497044563321e-01
4.455443937331438065e-02
3.953341953456401825e-02
4.575701225548982343e-02
3.743133712559938708e-02
3.928398136049508771e-02
3.798817936331033707e-02
3.034243229776621004e-02
2.817229051142931123e-02
2.985541187226772170e-02
2.983131483197212080e-02
2.825082615017891069e-02
2.737969011068343977e-02
2.642773631960153649e-02
2.642553392797708511e-02
2.642603032290935516e-02
2.698388658463955064e-02
2.620237283408641954e-02
2.636201120913028717e-02
2.616577008739113738e-02
2.783252373337745736e-02
2.675660587847232888e-02
2.648461274802684645e-02
2.450404521077871253e-02
2.337047457695007324e-02
2.316086702048778673e-02
2.476283647119998862e-02
2.345728594809770584e-02
2.286585308611393044e-02
2.077395934611558914e-02
1.937205949798226357e-02
1.883018277585506509e-02
1.813559066504239967e-02
1.754033546894788811e-02
1.525925928726792370e-02
1.480460464954376151e-02
1.246016649529337918e-02
1.097041703760623897e-02
1.022833529859781300e-02
9.141610795632004391e-03
8.169588097371161678e-03
7.657953351736068552e-03
6.678001279942691673e-03
6.752122100442648281e-03
6.490669073536991726e-03
6.745431898161768566e-03
5.611482821404933756e-03
5.510169570334256042e-03
5.130899231880902897e-03
4.810988809913397182e-03
4.722202825359999960e-03
5.355221149511635130e-03
4.747313214465975761e-03
4.211647144984453917e-03
4.164111323188990181e-03
4.052325256634503430e-03
4.310760344378650015e-03
4.300167690962553371e-03
4.336779983714222735e-03
4.166807665023952376e-03
3.874887793790548953e-03
3.456938290037214843e-03
3.507789119612425739e-03
3.409791621379554272e-03
3.966153692454099308e-03
3.233205713331699545e-03
3.297370503423735413e-03
3.111075726337730885e-03
3.185726306401193315e-03
4.282791144214570175e-03
3.866017051041126425e-03
3.466389351524412719e-03
3.124709869734942740e-03
3.458321571815759117e-03
3.242685645818710501e-03
3.015451366081833839e-03
2.727007830981164997e-03
3.156244731508195487e-03
2.990871318615972996e-03
2.959954296238720504e-03
3.226581180933863011e-03
2.988791902316734108e-03
2.793334785383194858e-03
3.090147266630083149e-03
3.177358047105372039e-03
2.691066998522728682e-03
3.082986676599830216e-03
2.794685529079288071e-03
2.887026686221360987e-03
2.791497390717267990e-03
2.417672961018979723e-03
2.456757484469562942e-03
2.353798423428088427e-03
2.211831265594810074e-03
2.117542451014742082e-03
2.345913473982364026e-03
2.802775264717638406e-03
3.104205720592290337e-03
2.788683841936290351e-03
2.656443044543266296e-03
2.756684913765639240e-03
2.443776931613683701e-03
2.443536062492057594e-03
2.139751514187082735e-03
2.162742940708994692e-03
2.054139960091560906e-03
2.064395451452582901e-03
1.982835563831031409e-03
1.965405931696295565e-03
1.916011725552380128e-03
1.945545093622058587e-03
1.848355232505127874e-03
1.953746433719061228e-03
1.808282785350456790e-03
1.820513844722881870e-03
1.762880478054285049e-03
1.817628665594384031e-03
1.707210706081241456e-03
1.726167456945404497e-03
1.703331503085791978e-03
1.701072865398600741e-03
1.842586300335824576e-03
1.776023214915767312e-03
1.776230661198496732e-03
1.730196253629401370e-03
1.680045202374458356e-03
1.665095405769534409e-03
1.661997917108237787e-03
1.655358116840943607e-03
1.655210444005206141e-03
1.604392327135428830e-03
1.613647557678632395e-03
1.559808506863191811e-03
1.589913945645094005e-03
1.703272492159158078e-03
1.602293277392163786e-03
1.895289262756705371e-03
1.653212384553626180e-03
1.560561984661035240e-03
1.675796619383618192e-03
1.706961332820355805e-03
1.543350925203412771e-03
1.559546077623963443e-03
1.533911185106262565e-03
1.568049052730202762e-03
1.514272048370912628e-03
1.469013938913121863e-03
1.471799483988434163e-03
1.485370899899862707e-03
1.514894369756803003e-03
1.539989816956222144e-03
1.416897767921909733e-03
1.488378026988357349e-03
1.590684548136778132e-03
1.532353617949411230e-03
1.501372328493744092e-03
1.446091139223426667e-03
1.418603802449069917e-03
1.436093769734725443e-03
1.385769899934530345e-03
1.407199585810303731e-03
1.381049372139386876e-03
1.401019393233582291e-03
1.386578817619010763e-03
1.402413693722337528e-03
1.387345400871708989e-03
1.400524168275296688e-03
1.340600190451368603e-03
1.422137767076492353e-03
1.393686654046177777e-03
1.397599722258746537e-03
1.496642746496945706e-03
1.424985215999186126e-03
1.378393830964341716e-03
1.393477912642993033e-03
1.347993087256327185e-03
1.335993199609219941e-03
1.311312167672440410e-03
1.338448410388082353e-03
1.363105082418769598e-03
1.347051782067865047e-03
1.336893043480813590e-03
1.374643907183781266e-03
1.400732621550559954e-03
1.347659016028046695e-03
1.354502770118415269e-03
1.379811443621292797e-03
1.324218013905920088e-03
1.340734562836587342e-03
1.300148182781413154e-03
1.277299356297589925e-03
1.277072826633229938e-03
1.317938946885988073e-03
1.278152456507086754e-03
1.300074718892574397e-03
1.264418059145100501e-03
1.266865862999111457e-03
1.339970802655443636e-03
1.353596255648881284e-03
1.615075138397514907e-03
1.625631737988442269e-03
1.289238763274624987e-03
1.280926121398806529e-03
1.273394731106236490e-03
1.290117151802405628e-03
1.378631033003330274e-03
1.270248668151907579e-03
1.341192433028481944e-03
1.216191129060462117e-03
1.224172092042863282e-03
1.226627852884121283e-03
1.237529900390654846e-03
1.213589287362992720e-03
1.197181991301476955e-03
1.237185648642480460e-03
1.211787300417199774e-03
1.227564428700134202e-03
1.169606871553696735e-03
1.202246404136531012e-03
1.180439570453017863e-03
1.182415493531152606e-03
1.165099866921082182e-03
1.195929251844063488e-03
1.140208108699880454e-03
1.193052533199079291e-03
1.235974088194779965e-03
1.154939390835352155e-03
1.136358227813616352e-03
1.163506499142385976e-03
1.175877897185273425e-03
1.139544186298735483e-03
1.138468144927173896e-03
1.159660294069908473e-03
1.182693519513122694e-03
1.186381172738038090e-03
1.211667712777853055e-03
1.141183089930564122e-03
1.155019417637959123e-03
1.117763170623220547e-03
1.177104102680459619e-03
1.140983408549800472e-03
1.134265004657208833e-03
1.108749245759099722e-03
1.123198115965351419e-03
1.133143057813867927e-03
1.122486489475704773e-03
1.144395317533053544e-03
1.230582350399345203e-03
1.148857380030676723e-03
1.135696965502575083e-03
1.116314582759514451e-03
1.118668046547099905e-03
1.106520381290465507e-03
1.127540881861932662e-03
1.095038666971959217e-03
1.156159496167674574e-03
1.155439647845923901e-03
1.110972650349140211e-03
1.114806858822703362e-03
1.076851077959872695e-03
1.162644312717020468e-03
1.112074486445635514e-03
1.137333124643191739e-03
1.080822409130632964e-03
1.102748449193313805e-03
1.089788918034173592e-03
1.073455536970868663e-03
1.044882828136906071e-03
1.074509846512228337e-03
1.062817493220791221e-03
1.059834987972862975e-03
1.062894792994484305e-03
1.068388964631594631e-03
1.080923440167680426e-03
1.062318313051946374e-03
1.082013841369189322e-03
1.084472180809825615e-03
1.065461119287647220e-03
1.059091335628181783e-03
1.068235927959904075e-03
1.093319366918876724e-03
1.075443834997713479e-03
1.043190734344534663e-03
1.071835064794868187e-03
1.061476668110117360e-03
1.049559473176486747e-03
1.049283481552265541e-03
1.040978677337989211e-03
1.020172482822090431e-03
1.025634809047915128e-03
1.012920169159770012e-03
1.047489093616604892e-03
1.019461845862679097e-03
1.058131136232987046e-03
1.042422503815032542e-03
1.006390427937731060e-03
9.896646137349308404e-04
1.003059637150727299e-03
1.036513573490083304e-03
1.081173389684408816e-03
9.918776107951999578e-04
1.010249200044199911e-03
9.823008527746423212e-04
9.960609313566237688e-04
1.024221454281359998e-03
1.018390530953183857e-03
1.002590640564449175e-03
9.908582142088562250e-04
9.840397862717509703e-04
9.956586669431998458e-04
9.729462355608120994e-04
9.887023014016449018e-04
9.806432412005961809e-04
9.710043377708643675e-04
9.755154285812750025e-04
9.713478793855756521e-04
9.980926755815745267e-04
9.735764440847560330e-04
9.679995971964671774e-04
9.748983749886975126e-04
9.637583454605192380e-04
9.810090617975220952e-04
9.731919737532735305e-04
1.001863702549599198e-03
9.871723887044936419e-04
1.003485167166218075e-03
9.793053643079475002e-04
9.739463246660306616e-04
9.847874869592487378e-04
9.955631627235560742e-04
1.009706294280476912e-03
9.912933805026114854e-04
9.883717226330190030e-04
9.667354985140264251e-04
9.527081158012152152e-04
9.730041638249531388e-04
9.551143710268660946e-04
9.510727104498073459e-04
9.552626812364906289e-04
9.783358604181558761e-04
9.506826318101957440e-04
9.533910080790520148e-04
9.568885492626577399e-04
9.427095763385295434e-04
9.509360243100672960e-04
9.482851513894274614e-04
9.432475431822240569e-04
9.485059534199535413e-04
9.451576508581638770e-04
9.295458672568202236e-04
9.776061808224767880e-04
9.597431228030473428e-04
9.547769237542525151e-04
9.457326144911348603e-04
9.363623626995831945e-04
9.299155120970681093e-04
9.452250611502677419e-04
9.280819358536973596e-04
9.527657326543703892e-04
9.227015078067779107e-04
9.247988607967271967e-04
9.343860991066321297e-04
9.207150986185296936e-04
9.246174537111073949e-04
9.121717564994468851e-04
9.150821191724389575e-04
9.436765278223902421e-04
9.219562576618045785e-04
9.152586397249251170e-04
9.217669459758326845e-04
9.097100992221385241e-04
9.212238932377658568e-04
9.229773306287825541e-04
9.108170837862416885e-04
9.011698071844876029e-04
9.060425218194723129e-04
9.147398814093321562e-04
9.116610250202939131e-04
9.756344370543956757e-04
9.060124808456748941e-04
9.266351378755643530e-04
9.054771449882537343e-04
8.975091681350022338e-04
9.159191860817373233e-04
8.972732437541707917e-04
9.026256942888721607e-04
8.825646800687536597e-04
8.918521285522729375e-04
9.191372519126161933e-04
8.968049864051863334e-04
8.993435854790732481e-04
8.863853028742596941e-04
9.151816135272383907e-04
9.759593871422111771e-04
9.212545526679604812e-04
9.730935649713501551e-04
9.170470351818948767e-04
9.610567125491797707e-04
9.006020729430020289e-04
8.920667867641895576e-04
8.894793078070506670e-04
9.073225359315983734e-04
8.763743186136707880e-04
8.917828527046367526e-04
8.802187483524903221e-04
8.815621113171800971e-04
8.904412359697743817e-04
8.915148733649403074e-04
8.754760754527523680e-04
8.949623908847570853e-04
8.727391279535368519e-04
8.768451953073963523e-04
8.894036873243749142e-04
8.815360080916434960e-04
8.761753706494346261e-04
8.765047678025439382e-04
8.725262683583423712e-04
8.758469019085168405e-04
8.709874877240508578e-04
8.777245675446465611e-04
8.850857906509190581e-04
8.781940763583406589e-04
8.757734787650406794e-04
8.738877193536608978e-04
8.755759889027103348e-04
8.674490149132907174e-04
8.724978106329217553e-04
8.631751581560820775e-04
8.656225370941683216e-04
8.655891753733158545e-04
8.688468427862971804e-04
8.637930295662954450e-04
8.655483718030155139e-04
8.655832090880722241e-04
8.575715357437730269e-04
8.660390551085584299e-04
8.546601195121184425e-04
8.579167304560541673e-04
8.596223604399710460e-04
8.606190123828128414e-04
8.521851414116099477e-04
8.620116190286353014e-04
8.674152413732372224e-04
8.582744398154318116e-04
8.518542686942965009e-04
8.575232757721095844e-04
8.471293956972658201e-04
8.695702184922992966e-04
8.562285176594742076e-04
8.489081170409918048e-04
8.450852503301576214e-04
8.527342171873897748e-04
8.449092274531722069e-04
8.486012084176763892e-04
8.453182876110076687e-04
8.436720352619885965e-04
8.516575835528783500e-04
8.432489936240017631e-04
8.462999219773336811e-04
8.427447057329118685e-04
8.394402975682169199e-04
8.399817568715661330e-04
8.403075655223802166e-04
8.373597869649529240e-04
8.440173522103577419e-04
8.433062554104253867e-04
8.394099597353488641e-04
8.403382322285324552e-04
8.622014225693419793e-04
8.723571314476430633e-04
8.340061613125726581e-04
8.404326566960662387e-04
8.320242515765130954e-04
8.400253311265260415e-04
8.411253045778721137e-04
8.370904630282893994e-04
8.394670876441523433e-04
8.274890249595045610e-04
8.381022940739058175e-04
8.275615080492570563e-04
8.315224753459915302e-04
8.335653343237936714e-04
8.357224956853315451e-04
8.299528359202668288e-04
8.215008623665198467e-04
8.286919532110914371e-04
8.256026572780683854e-04
8.278573164716363170e-04
8.297440013848245361e-04
8.229426573961972757e-04
8.224891556892543814e-04
8.284881187137216330e-04
8.241837174864485426e-04
8.178457152098417499e-04
8.165805833414196751e-04
8.227166370488702817e-04
8.154738112352788665e-04
8.196014532586559653e-04
8.149605331709608219e-04
8.136103235301562087e-04
8.128943329211324887e-04
8.139783749356865883e-04
8.152226597303524830e-04
8.131072303513064764e-04
8.143787330482154868e-04
8.090149669442326264e-04
8.099077647784724398e-04
8.117943798424676061e-04
8.144059742335229895e-04
8.092272648354992704e-04
8.121707403915933831e-04
8.077477221377193494e-04
8.140336401993408365e-04
8.098517952021211603e-04
8.058354258537292047e-04
8.100424980511889078e-04
8.072640921454876661e-04
8.120435813907533884e-04
8.064468536758794947e-04
8.103940839646383903e-04
8.106514607788995342e-04
8.032671408727765300e-04
8.097737649222835682e-04
8.053727156948298433e-04
8.059383253566920757e-04
8.055184909608215527e-04
8.042381581617519043e-04
8.074672339716925783e-04
8.038565691094845100e-04
7.994661718839779496e-04
8.013941987883299589e-04
7.969424681505188129e-04
8.029141929000616507e-04
7.993335020728409290e-04
8.053894154727459388e-04
8.010181161807849570e-04
8.116325043374672532e-04
7.979624657309614339e-04
8.002928676432930150e-04
7.968517747940495610e-04
8.030614539165980897e-04
7.983204675838350816e-04
7.957575435284525156e-04
7.982298091519623561e-04
7.927544909762218161e-04
8.037276085815392868e-04
7.949803490191698291e-04
7.936090943985619085e-04
7.963451935211196542e-04
7.933984743431210518e-04
7.941628340631723187e-04
7.949069695314392447e-04
7.905952254077420072e-04
7.966818637214600606e-04
7.925015728687867305e-04
7.930935767944902398e-04
7.915093679912388542e-04
7.953366235597059348e-04
7.927048165583983497e-04
7.931328349513932846e-04
7.895954215200618343e-04
7.916650123661383770e-04
7.910568383522331715e-04
7.971005776198581078e-04
7.826630113413557627e-04
8.003466733498499014e-04
7.859391480451449752e-04
7.845652085961774208e-04
7.848970722989179411e-04
7.947610720293596387e-04
7.824377971701323986e-04
7.865772495279088616e-04
7.862561498768628077e-04
7.849934976547956250e-04
7.847538799978792667e-04
7.830069313058629849e-04
7.849289948353543444e-04
7.809124654158949852e-04
7.847108296118676879e-04
7.894787297118455605e-04
7.834087096853181937e-04
7.835314696421846964e-04
7.855146948713808818e-04
7.761795917758717916e-04
7.837108714738860726e-04
7.805059402016922398e-04
7.856990385334938331e-04
7.790257834130898552e-04
7.798266567988320751e-04
7.823094943887554326e-04
7.758580206427723603e-04
7.742864981992170215e-04
7.773989491397514939e-04
7.766509836073965268e-04
7.720775683992542326e-04
7.792230666382238052e-04
7.722495269263162992e-04
7.756706472719088197e-04
7.761158398352563164e-04
7.733649254078045487e-04
7.759435597108676813e-04
7.797459431458265023e-04
7.740203058347105763e-04
7.714770530583336733e-04
7.755916973110288598e-04
7.727881049504504041e-04
7.728983066044748263e-04
7.707834069151431105e-04
7.718881010077893517e-04
7.734403072390705781e-04
7.693817722611128850e-04
7.697756751440465667e-04
7.722938695224002221e-04
7.694042418734170280e-04
7.708406454185023470e-04
7.690213067689910097e-04
7.722322334302589297e-04
7.713893384789117114e-04
7.725611605565064089e-04
7.712897291639819958e-04
7.672544074011966369e-04
7.688674231758341193e-04
7.667234138352796002e-04
7.692518032854422710e-04
7.701238704612478397e-04
7.684515250730328696e-04
7.697206019656732678e-04
7.665898418053984208e-04
7.660971081349998496e-04
7.669823040487244942e-04
7.686451630434021137e-04
7.692445738939568617e-04
7.645937934285029552e-04
7.660260554985143678e-04
7.673284504562616565e-04
7.671329309232533195e-04
7.650498882867395878e-04
7.672570151044056036e-04
7.663400509045458896e-04
7.656278496142477231e-04
7.624997146194800518e-04
7.635331974597647352e-04
7.617272669449449019e-04
7.679657821427099840e-04
7.640095805982128003e-04
7.635330985067412257e-04
7.662170144612900479e-04
7.651539519429207282e-04
7.622417237143963359e-04
7.610400381963700490e-04
7.638295035576447411e-04
7.609492837218567946e-04
7.625470345374197201e-04
7.613442983711137934e-04
7.610520668094977303e-04
7.600655138958245299e-04
7.607309671584516764e-04
7.612242712639272430e-04
7.600374112371355729e-04
7.620518124895169897e-04
7.577991811558604674e-04
7.581727055367082574e-04
7.588110645883716209e-04
7.560041762189939401e-04
7.611679291585459872e-04
7.578911667224019549e-04
7.586467021610587618e-04
7.572515751235187054e-04
7.566961430711671710e-04
7.583872327813878222e-04
7.587790256366133907e-04
7.573645707452669740e-04
7.568478467874228954e-04
7.558694022009148760e-04
7.589506101794540448e-04
7.548838097136467478e-04
7.557346179964952171e-04
7.559832301922142506e-04
7.552274881163611574e-04
7.555053336545825438e-04
7.534033618867396875e-04
7.522161351516843276e-04
7.570229907287284298e-04
7.542209787061437964e-04
7.528502319473773241e-04
7.518018654081970020e-04
7.511375122703611417e-04
7.535075856139883399e-04
7.536398945376277404e-04
7.531060837209224701e-04
7.539514917880296707e-04
7.548003748524933620e-04
7.504848937969655232e-04
7.502033928176388361e-04
7.497735525248572664e-04
7.506802328862249418e-04
7.487249211408197446e-04
7.511475530918687148e-04
7.507349451771006205e-04
7.492186152376234965e-04
7.505592162488028624e-04
7.492633943911641619e-04
7.495984260458499410e-04
7.498284860048443513e-04
7.490834279451519685e-04
7.485274662030860348e-04
7.475298887584358020e-04
7.480884727556258223e-04
7.480671803932637410e-04
7.504275854444131255e-04
7.475902035366744020e-04
7.479845429770648263e-04
7.482649991288781600e-04
7.478794170310721235e-04
7.485263398848473809e-04
7.473809848306701021e-04
7.465044443961232467e-04
7.477214865502900942e-04
7.463431320502422750e-04
7.472488388884813027e-04
7.465050191967747672e-04
7.470630138413980386e-04
7.461300949216820733e-04
7.456970866769552448e-04
7.459057189407758848e-04
7.449930650182068565e-04
7.438884844304993532e-04
7.460438559064641378e-04
7.485581823857501366e-04
7.460173597792163708e-04
7.439690729370340488e-04
7.438463304424658635e-04
7.470110809663310864e-04
7.450356381013989882e-04
7.450592354871332212e-04
7.457451763912103637e-04
7.449436408933252530e-04
7.443961949320510030e-04
7.430423313053325252e-04
7.444944349117577076e-04
7.443995127687230706e-04
7.424815907143056176e-04
7.417913642711937211e-04
7.427973134326748984e-04
7.432763144606724165e-04
7.430911675328389244e-04
7.430163881508633278e-04
7.418968278216197653e-04
7.409095618641003749e-04
7.418879889883100770e-04
7.432627375237643502e-04
7.432399579556658864e-04
7.416580265271477401e-04
7.420445443131029172e-04
7.421701957355253398e-04
7.414485124172642393e-04
7.403182564303279357e-04
7.403082010569051342e-04
7.412531122099608183e-04
7.405173440929502032e-04
7.398370915325358076e-04
7.418959867209196091e-04
7.405227777780964537e-04
7.401494091027416506e-04
7.397773064440116069e-04
7.395735156023874879e-04
7.406247430481016202e-04
7.386444311123340888e-04
7.392935978714377122e-04
7.405400887364521406e-04
7.410152378724887750e-04
7.391851569991559224e-04
7.388341240584850094e-04
7.390334649244323373e-04
7.391103281406685710e-04
7.374077249551191926e-04
7.388712081592529578e-04
7.386097568087279797e-04
7.373381347861140533e-04
7.388683006865903735e-04
7.377936592092737989e-04
7.377091009402647398e-04
7.389995182165876465e-04
7.367348734987899661e-04
7.360275863902643540e-04
7.381713599897921302e-04
7.375960733043030338e-04
7.366659468971192620e-04
7.373074826318770430e-04
7.348443643422797756e-04
7.371021754806860848e-04
7.368709833826869509e-04
7.350020256126299717e-04
7.357212758506648459e-04
7.370673090917989178e-04
7.343205157667398670e-04
7.352823653491213701e-04
7.368843333097174330e-04
7.359977724263444109e-04
7.331193643040023961e-04
7.325175101868808270e-04
7.340646276134066501e-04
7.349694729782641151e-04
7.345795602304860950e-04
7.342114695347845554e-04
7.347144011873752312e-04
7.334105321206152439e-04
7.334875495871529200e-04
7.339089657762088098e-04
7.331084052566438913e-04
7.325404236325994351e-04
7.334614900173618956e-04
7.344376295804977634e-04
7.343742589000612064e-04
7.343418692471459508e-04
7.334785419516265609e-04
7.333404864766635001e-04
7.339545380091294213e-04
7.337025250308215835e-04
7.326913037104532123e-04
7.336061651585623188e-04
7.326122897211462693e-04
7.326173799810931087e-04
7.325567305088043647e-04
7.329169835429638841e-04
7.331829765462316573e-04
7.333031040616333701e-04
7.323039171751588583e-04
7.319406751776114540e-04
7.322535500861703916e-04
7.317881565541029410e-04
7.322013087105005546e-04
7.325466533075087206e-04
7.323823738261125982e-04
7.316025948966853321e-04
7.312622357858345346e-04
7.318257688893936358e-04
7.316727147554047623e-04
7.309987151529640393e-04
7.313432259252294464e-04
7.306497573154047132e-04
7.311304769245907231e-04
7.316304632695391991e-04
7.306427403818815513e-04
7.315107126487418792e-04
7.314275513635948517e-04
7.308451735298149071e-04
7.304003462195396640e-04
7.306002313271165111e-04
7.302466809051110907e-04
7.304833619855344079e-04
7.306065293960273049e-04
7.316794275538995645e-04
7.313839450944215059e-04
7.302030760911292894e-04
7.300715325982310312e-04
7.290933688636868758e-04
7.306400948436930776e-04
7.303515158127993345e-04
7.297150004887953401e-04
7.298545824596658349e-04
7.293313828995451331e-04
7.290171721251681664e-04
7.293870323337614970e-04
7.300260796910152273e-04
7.294699200429022746e-04
7.287637505214661577e-04
7.286241947440430305e-04
7.293162256246432445e-04
7.296441908692941070e-04
7.291286718100308938e-04
7.288703258382156274e-04
7.286632462637498975e-04
7.283568294951692657e-04
7.292227935977279706e-04
7.288079010322690227e-04
7.276627671672031500e-04
7.273431518115102811e-04
7.288054504897445874e-04
7.284630759386345527e-04
7.284348364919423623e-04
7.276613410795107701e-04
7.274633579072542055e-04
7.273288385476917462e-04
7.273157447343691967e-04
7.276150543475523157e-04
7.278342716745100482e-04
7.274028233950957439e-04
7.263892359333113270e-04
7.272665883647277734e-04
7.272593036759644313e-04
7.276129414094612219e-04
7.266640546731651046e-04
7.260801357915624976e-04
7.266377375344746032e-04
7.267725741257891059e-04
7.272379996720701022e-04
7.270826696185395338e-04
7.267891196534037590e-04
7.263750390848145106e-04
7.262655795784667351e-04
7.263179810252040841e-04
7.264107785886153796e-04
7.261234830366447134e-04
7.262851926498114846e-04
7.261743419803678556e-04
7.260867772856727026e-04
7.261376857059075995e-04
7.257282384671270414e-04
7.258236641064286015e-04
7.259132893523201130e-04
7.260881946422159238e-04
7.257179153384640596e-04
7.256509241415187283e-04
7.259555655764416077e-04
7.255078526213765144e-04
7.252249110024422190e-04
7.258095734869130173e-04
7.257038319949060895e-04
7.252234354382380843e-04
7.253757416037842414e-04
7.249978458276018717e-04
7.246954744914546175e-04
7.248530688229948499e-04
7.254277574247680388e-04
7.259232428623363159e-04
7.255868797074072497e-04
7.258471479872242050e-04
7.254078198457136317e-04
7.250525872223078988e-04
7.248306967085227804e-04
7.249720511026680470e-04
7.247299217851832509e-04
7.247509754961356087e-04
7.246886380016803741e-04
7.250804483192041516e-04
7.252669631270692186e-04
7.247908913996070190e-04
7.247349887620658116e-04
7.246732711791992188e-04
7.248396694194525047e-04
7.244796433951705694e-04
7.241701619932428219e-04
7.245220665936357839e-04
7.241696483106351955e-04
7.239820377435534759e-04
7.237779616843908592e-04
7.244157197419554429e-04
7.252418261487036510e-04
7.247406741953454695e-04
7.244256295962259607e-04
7.241830549901351550e-04
7.234275049995631196e-04
7.237244601128623323e-04
7.238342106575146751e-04
7.239347905851900578e-04
7.240131264552474456e-04
7.237884332425892136e-04
7.232598931295797012e-04
7.233138923766091900e-04
7.236983976326883273e-04
7.238735037390142462e-04
7.238087884616107182e-04
7.235637196572497921e-04
7.229255134006962180e-04
7.229658396681771116e-04
7.238106569275260188e-04
7.235375873278826258e-04
7.230597548186779022e-04
7.236436853418126485e-04
7.234434713609516187e-04
7.230850111227482774e-04
7.229689857922494195e-04
7.230077870190143152e-04
7.237070298288017295e-04
7.234479096950962706e-04
7.228145375847816034e-04
7.225499197375029109e-04
7.225909852422773621e-04
7.226726447697728872e-04
7.225437031593174176e-04
7.220961095299571319e-04
7.226055429782717986e-04
7.228766655316576795e-04
7.228265050798654990e-04
7.227556940051727214e-04
7.225476932944729707e-04
7.220927480375393791e-04
7.219350663945078850e-04
7.221532432595267892e-04
7.224853907246142626e-04
7.223462511319666884e-04
7.224247150588780425e-04
7.224590808618813753e-04
7.224384287837892337e-04
7.217087433673441844e-04
7.219895662274212079e-04
7.221266307169571953e-04
7.215250167064368942e-04
7.216827885713428476e-04
