4.857107376058896614e-02
4.037799686193466187e-02
5.141547322273254395e-02
3.933223461111386848e-02
4.052705441912015510e-02
4.209631308913230896e-02
3.370693636437257362e-02
2.860701705018679417e-02
2.721465441087881840e-02
2.897475784023602688e-02
2.619705721735954285e-02
2.607163786888122559e-02
2.575630384186903751e-02
2.462429056564966953e-02
2.490133543809254849e-02
2.517232050498326504e-02
2.427277776102225101e-02
2.447580546140670776e-02
2.456121829648812496e-02
2.746699005365371704e-02
2.545379723111788547e-02
2.698430543144543850e-02
2.286360537012417996e-02
2.349781369169553005e-02
2.122957942386468136e-02
2.263474464416503906e-02
2.359945513308048248e-02
2.016488959391911709e-02
2.242899686098098755e-02
1.826540629069010532e-02
1.868918227652708805e-02
1.677551089475552357e-02
1.764431192229191578e-02
1.413578726351261139e-02
1.413566494981447798e-02
1.112286218752463716e-02
9.528216440230607986e-03
1.013497294237216372e-02
8.260635503878196659e-03
8.474368291596571026e-03
6.518718165655930548e-03
5.186373833566904068e-03
5.850288706521193476e-03
4.690857526535789461e-03
5.369541700929403305e-03
5.178015523900588064e-03
4.038720081249873133e-03
3.808384450773397937e-03
2.705027620928982749e-03
2.916912703464428439e-03
2.602605187955001845e-03
2.899593518426021085e-03
3.072550597911079869e-03
2.298358090532322869e-03
2.774037265529235349e-03
3.010191178570190921e-03
2.386244246736168861e-03
2.887051086872816086e-03
3.017879556864500046e-03
2.444954123347997665e-03
2.186394878663122654e-03
2.213209285400807858e-03
1.790717050122718089e-03
2.557659676919380679e-03
2.220517955720424652e-03
2.183689502999186516e-03
2.022465807385742664e-03
2.003892363669971480e-03
2.020364277996122837e-03
3.073074311638871684e-03
3.450282306099931254e-03
2.226967325744529710e-03
1.763036474585533142e-03
2.045979218867918000e-03
1.700291565308968298e-03
2.228731250700851426e-03
2.048405120149254799e-03
2.064366592094302177e-03
1.848725485615432262e-03
2.346908091567456722e-03
2.220631189023455129e-03
1.599949551746249199e-03
2.577415589864055171e-03
2.403503128637870297e-03
1.996195681082705512e-03
2.097548218443989754e-03
2.498745375002423778e-03
1.661561623526116140e-03
1.666577998548746109e-03
1.533947555193056591e-03
1.624674381067355402e-03
1.586792874149978161e-03
1.651202794164419174e-03
1.444507118624945409e-03
1.566403661854565144e-03
1.832682678165535204e-03
2.604454988613724709e-03
2.784190156186620250e-03
2.127098967321217060e-03
1.670958319058020837e-03
1.808040775358676910e-03
1.949197651507953875e-03
1.546850505595405824e-03
1.325792613594482415e-03
1.354095720065136678e-03
1.346350453483561747e-03
1.560157397761940956e-03
1.518981492457290418e-03
1.298502883097777836e-03
1.432107334646085970e-03
1.234298436126361363e-03
1.392596090833346121e-03
1.249368942808359861e-03
1.343151166414221056e-03
1.342451161084075697e-03
1.442349826296170480e-03
1.376963686197996140e-03
1.312069012783467770e-03
1.408228650689125061e-03
1.260027968479941361e-03
1.238309332014371879e-03
1.376836366641024821e-03
1.407072995789349079e-03
1.574429683387279510e-03
1.324300964673360117e-03
1.198202837258577347e-03
1.375065534375607967e-03
1.191193393121163123e-03
1.322421051251391642e-03
1.243830464469889872e-03
1.350029061237971060e-03
1.232985892177869804e-03
1.268755140093465574e-03
1.309075276367366314e-03
1.372142578475177288e-03
1.536923383052150481e-03
1.548809891877074964e-03
1.232144500439365633e-03
1.543286489322781563e-03
1.481267972849309444e-03
1.200325360211233370e-03
1.296033073837558501e-03
1.251948997378349304e-03
1.322589698247611523e-03
1.450919701407353156e-03
1.238974179917325504e-03
1.271418256995578535e-03
1.241813103357950919e-03
1.269794340866307490e-03
1.359493549292286165e-03
1.151876756921410561e-03
1.182872258747617476e-03
1.195666710070024006e-03
1.373757569429775007e-03
1.281716356364389188e-03
1.440603130807479150e-03
1.261838013306260109e-03
1.221012479315201514e-03
1.225852368709941633e-03
1.205819154468675382e-03
1.182969038685162790e-03
1.193828492735822923e-03
1.342308125458657742e-03
1.290342460076014273e-03
1.201049735148747690e-03
1.265342696569859982e-03
1.126087852753698826e-03
1.205179685105880029e-03
1.301968004554510117e-03
1.299496080415944331e-03
1.388695634280641801e-03
1.348174797991911643e-03
1.301043822119633429e-03
1.274038727084795706e-03
1.301726287541290052e-03
1.246367852824429743e-03
1.345319246562818758e-03
1.200753089506179094e-03
1.516360440291464329e-03
1.223496471842129953e-03
1.180184558810045250e-03
1.246870572989185579e-03
1.259194182542463071e-03
1.341162753912309878e-03
1.375072441684703104e-03
1.401004963554441929e-03
1.361454681803782709e-03
1.208875173081954248e-03
1.251918186123172514e-03
1.160959402720133536e-03
1.187168993055820465e-03
1.308060367591679096e-03
1.125506765674799681e-03
1.314990765725572832e-03
1.242657424882054329e-03
1.289114511261383765e-03
1.212597708217799664e-03
1.457776680278281443e-03
1.268493477255105972e-03
1.458493332999448054e-03
1.327641269502540357e-03
1.197847886942327023e-03
1.251986735345174797e-03
1.158679214616616495e-03
1.337227566788594000e-03
1.216315586740772002e-03
1.188664871733635664e-03
1.274943662186463602e-03
1.180022954940795898e-03
1.188205322250723839e-03
1.198307611048221588e-03
1.171127504979570634e-03
1.173249523465832002e-03
1.241079648025333881e-03
1.188384252600371838e-03
1.172530736463765376e-03
1.183386407016466134e-03
1.114475599024444818e-03
1.246322353836148977e-03
1.125409481270859711e-03
1.099670422263443470e-03
1.167418900877237320e-03
1.176616914259890788e-03
1.216583050942669384e-03
1.341158058494329453e-03
1.132771469807873242e-03
1.118154730647802353e-03
1.295155535141627066e-03
1.231204563130934961e-03
1.190603167439500563e-03
1.154312281869351864e-03
1.195117559594412572e-03
1.166295648242036574e-03
1.089574885554611683e-03
1.321124495007097721e-03
1.180005182201663725e-03
1.231206037725011580e-03
1.285190131360044010e-03
1.194148751286168821e-03
1.132304663769900799e-03
1.112766001218308933e-03
1.185603362197677367e-03
1.062686225244154460e-03
1.178002062564094789e-03
1.162851365127911098e-03
1.182596121604243987e-03
1.397563338590164907e-03
1.167639469106992013e-03
1.111767526405553095e-03
1.240496834119160898e-03
1.140976014236609213e-03
1.073165738489478827e-03
1.232627158363660104e-03
1.184590335469692945e-03
1.134630409069359303e-03
1.251813412333528273e-03
1.206453501557310350e-03
1.089896269453068502e-03
1.249200392824908025e-03
1.124712463933974504e-03
1.133459930618603952e-03
1.109662814997136593e-03
1.115709213384737499e-03
1.173393179972966440e-03
1.216071036954720743e-03
1.111694281765570171e-03
1.130364291990796797e-03
1.106977889624734647e-03
1.061894814483821392e-03
1.052652233435461991e-03
1.125608144017557375e-03
1.174191226406643860e-03
1.199882535729557276e-03
1.068077224772423506e-03
1.206107942077020876e-03
1.215891640943785436e-03
1.143743361656864412e-03
1.167872881827255018e-03
1.183929697920878656e-03
1.175782798479000800e-03
1.120779818544785254e-03
1.133132842369377613e-03
1.238981067823867075e-03
1.213805517181754112e-03
1.073969780312230117e-03
1.076247989355276101e-03
1.163236952076355689e-03
1.083056655867646210e-03
1.124742285658915765e-03
1.170038711279630661e-03
1.057965467528750427e-03
1.130152454910178907e-03
1.029935878856728547e-03
1.316555426456034184e-03
1.092724327463656664e-03
1.030371136342485673e-03
1.139741623774170876e-03
1.185494106418142788e-03
1.123542121301094763e-03
1.027781787949303858e-03
1.128952717408537865e-03
1.127564619916180842e-03
1.121183488673220150e-03
1.255034507873157732e-03
1.141957977476219408e-03
1.234075791823367350e-03
1.079454319551587105e-03
1.097239495720714331e-03
1.096195114466051333e-03
1.110410240168372862e-03
1.118181040510535240e-03
1.073386752977967262e-03
1.111313273819784396e-03
1.123655645642429590e-03
1.044777823456873424e-03
1.116191425050298445e-03
1.204625373551001079e-03
1.103016431443393230e-03
1.162538498950501211e-03
1.082596272074927814e-03
1.096785999834537506e-03
1.114067020049939625e-03
1.121246217129131086e-03
1.173619762994349003e-03
1.146420681228240259e-03
1.172128133475780487e-03
1.072817986520628207e-03
1.237307054301102884e-03
1.109757577069103718e-03
1.132610836066305637e-03
1.165586872957646847e-03
1.268305000849068165e-03
1.094831697021921403e-03
1.157212847222884424e-03
1.077437094257523544e-03
1.169863506220281124e-03
1.112915226258337498e-03
1.181834513166298397e-03
1.242872191748271458e-03
1.112802749654899113e-03
1.149053762977321870e-03
1.128393302982052095e-03
1.175759961673368938e-03
1.125697007713218458e-03
1.115945400670170784e-03
1.079011824913322926e-03
1.135465824821342952e-03
1.104899410468836553e-03
1.081425327962885373e-03
1.161813561338931322e-03
1.174928717470417492e-03
1.109057455323636532e-03
1.142888756779332883e-03
1.100610262559105880e-03
1.079725412031014688e-03
1.119998400099575520e-03
1.088434325841565855e-03
1.085611157274494641e-03
1.074958359822630882e-03
1.104005612432956696e-03
1.056987986279030569e-03
1.148562218683461420e-03
1.134986795174578898e-03
1.122065004892647266e-03
1.082247705198824406e-03
1.042117442314823396e-03
1.174121319005886786e-03
1.064608416830499895e-03
1.086808527664591796e-03
1.078166998922824860e-03
1.154846337158232927e-03
1.068418030627071857e-03
1.140880068608870037e-03
1.163124553083131783e-03
1.100480052021642454e-03
1.067861934037258155e-03
1.097503428657849557e-03
1.203109355022509821e-03
1.139806699939072132e-03
1.111188146751374006e-03
1.105453741426269286e-03
1.135076861828565598e-03
1.156366624248524435e-03
1.093901111744344234e-03
1.092148750709990733e-03
1.071593122712026112e-03
1.019566106454779632e-03
1.092692875924209826e-03
1.114241390799482591e-03
1.073590518596271746e-03
1.167570396016041510e-03
1.065476913936436176e-03
1.169835508335381746e-03
1.140836218837648630e-03
1.133491479170819051e-03
1.125501526985317469e-03
1.149843058859308488e-03
1.044728851411491632e-03
1.033578960535426862e-03
1.148423335204521887e-03
1.058050993985186093e-03
1.099776593036949635e-03
1.030404314709206350e-03
1.101336034480482340e-03
1.059339401156951911e-03
1.165900709262738697e-03
1.035350937551508419e-03
1.140962238423526287e-03
1.042815740220248699e-03
1.111786870751529932e-03
1.121759919139246218e-03
1.114791414390007727e-03
1.136369440549363620e-03
1.153035516229768522e-03
1.056582511713107355e-03
1.104404819974054821e-03
1.021462997111181490e-03
1.103661605156958103e-03
1.121665176469832659e-03
1.081194612197577953e-03
1.043609673312554829e-03
1.206576552552481420e-03
1.101113972254097462e-03
1.107761966219792836e-03
1.028609947146226890e-03
1.110399685179193742e-03
1.134822668973356485e-03
1.042854952781150811e-03
1.076938099383066170e-03
1.040427091841896303e-03
1.072130942096312768e-03
1.074103754945099354e-03
1.148529137329508789e-03
1.082651666365563869e-03
1.137307845056056976e-03
1.066127559170126915e-03
1.050487393513321877e-03
1.137310697231441736e-03
1.132605771999806166e-03
1.067612553015351295e-03
1.103151085165639646e-03
1.113341189920902252e-03
1.118996646255254745e-03
1.040431399208803899e-03
1.078446395695209503e-03
1.062418974470347166e-03
1.198516925796866417e-03
1.028620482732852228e-03
1.042467153941591508e-03
1.085944124497473240e-03
1.111752295400947332e-03
1.084446848835796118e-03
1.134232307473818533e-03
1.108997695458431966e-03
1.081872149370610714e-03
1.055574044585227966e-03
1.100507157389074564e-03
1.046938317206998594e-03
1.096587434100608103e-03
1.050797097074488871e-03
1.100013381801545620e-03
1.094557170290499926e-03
1.098928856663405895e-03
1.047948899213224649e-03
1.049448988245179184e-03
1.118373960101356037e-03
1.042895756351451151e-03
1.179004126849273913e-03
1.112166035454720259e-03
1.168403114813069575e-03
1.057796316066135891e-03
1.088568591512739658e-03
1.097298634704202414e-03
1.147711746549854748e-03
1.118961178387204878e-03
1.058237200292448275e-03
1.087395745950440638e-03
1.120461791288107634e-03
1.156194329572220571e-03
1.083632543062170274e-03
1.147801910216609709e-03
1.107571045091996663e-03
1.098992962700625188e-03
1.058734642962614768e-03
1.057259854860603809e-03
1.017734039730082028e-03
1.126833997356394999e-03
1.029033621307462454e-03
1.037329609971493483e-03
1.082020753528922796e-03
1.174430498698105342e-03
1.103586614287147992e-03
1.099694500832508080e-03
1.021633448544889688e-03
1.180060440674424171e-03
1.088659977540373802e-03
1.040422881487756968e-03
1.113458167916784756e-03
1.050802238751202822e-03
1.011454927114148862e-03
1.022854354232549667e-03
1.117700963125874527e-03
1.166101060031602852e-03
1.023674907628446817e-03
1.031787910809119470e-03
1.078106074904402025e-03
1.064071160120268590e-03
1.049825824641932972e-03
1.133038119102517836e-03
1.047126541379839182e-03
1.054513559211045504e-03
1.061918194560955040e-03
1.051769397842387431e-03
1.040531399970253236e-03
1.071147581872840650e-03
1.100521864524732106e-03
1.104199676774442196e-03
1.079176901839673519e-03
1.124791703963031299e-03
1.084207712362210028e-03
9.917353163473308086e-04
1.071235029182086461e-03
1.120537616467724316e-03
1.089482801035046577e-03
1.065473305061459541e-03
1.023473644939561613e-03
1.091773932178815134e-03
1.090758596546947956e-03
1.108397225228448637e-03
1.076976264206071622e-03
1.052638865076005459e-03
1.085669326130300760e-03
1.096949815594901569e-03
1.139024311366180651e-03
1.089040791460623272e-03
1.075221807695925236e-03
1.081071735825389624e-03
1.118591094079117053e-03
1.134931866545230150e-03
1.065774820744991302e-03
1.059758457510421746e-03
1.052250522964944370e-03
1.007600745651870966e-03
1.029084921659280784e-03
1.095214198964337580e-03
1.064856924737493269e-03
1.058938641411562688e-03
1.052206944829473965e-03
1.057154421384135954e-03
1.020267799807091482e-03
1.094566813359657996e-03
1.102049738013495929e-03
1.097506727091968060e-03
1.107024261727929115e-03
1.107432375041147001e-03
1.126959143827358954e-03
1.039296214003115892e-03
1.042394995844612591e-03
1.023570754720519059e-03
1.097239437513053417e-03
1.106832952549060113e-03
1.079879739942650073e-03
1.026822040633608825e-03
1.059362723026424646e-03
1.059299839350084536e-03
1.044295378960669041e-03
1.121812849305570126e-03
1.082172888951997035e-03
1.093375205527991056e-03
1.149947696831077337e-03
1.014143713594724662e-03
1.046623083918045037e-03
1.057045417837798595e-03
1.046422558526198142e-03
1.150842212761441939e-03
1.058579926999906771e-03
1.134696241933852434e-03
1.027234364300966263e-03
1.113470391525576584e-03
1.052078170080979593e-03
1.071473894019921548e-03
1.105768295625845664e-03
1.015787750172118418e-03
1.057905610650777817e-03
1.055862521752715111e-03
1.059525937307626009e-03
1.021522407730420358e-03
1.108789913511524670e-03
1.094212619742999546e-03
1.029141305480152369e-03
1.031717479539414175e-03
1.077724252051363461e-03
1.032418357984473236e-03
1.088860211893916130e-03
1.050738831205914490e-03
1.055067812558263540e-03
1.085748372133821249e-03
1.103057700674980879e-03
1.057999868256350286e-03
1.047333915873120301e-03
1.101239720204224117e-03
1.020754202424238198e-03
1.115165650844573975e-03
1.050797814968973398e-03
1.077703821162382834e-03
1.020153557571272128e-03
1.072565733920782804e-03
1.066974325415988691e-03
1.011331332847476006e-03
1.072811215029408462e-03
1.100010781859358079e-03
1.028631057124584913e-03
1.017340963395933382e-03
1.006278286998470552e-03
1.017706798544774525e-03
9.820478929517169071e-04
1.001050773387153871e-03
1.054086838848888874e-03
1.109363608217487805e-03
1.080345634060601466e-03
1.026569070139278896e-03
1.109689609923710353e-03
1.154272623049716227e-03
1.033758686389774084e-03
9.808795681844155716e-04
1.049965814066429861e-03
1.069266077441473730e-03
1.016209464675436490e-03
1.074257035118838079e-03
1.071126161453624494e-03
1.034325997655590303e-03
1.051302378376324899e-03
1.073804218322038651e-03
1.032284596779694088e-03
1.044118912735332973e-03
1.076755734781424277e-03
1.060143035526077025e-03
1.020648322689036601e-03
1.040378992911428213e-03
1.074806321412324905e-03
1.039459855140497215e-03
1.091171250057717092e-03
9.959126085353393627e-04
1.051973823147515528e-03
1.001678814645856619e-03
1.053747061329583399e-03
1.000197061027089827e-03
1.064684901696940191e-03
1.044926951484133728e-03
9.956887030663590359e-04
1.066963188350200653e-03
1.018625897510598175e-03
1.069458938824633830e-03
1.109464928352584369e-03
1.044620876200497150e-03
1.054064991573492758e-03
1.090342586394399405e-03
1.093589099279294484e-03
1.040029649933179147e-03
1.016879376644889586e-03
1.089437534877409465e-03
9.942542722759146762e-04
1.048646479224165208e-03
1.093984600932647712e-03
1.053506857715547085e-03
1.083588635083287954e-03
1.027857166870186799e-03
1.064179309954245813e-03
1.059551723301410675e-03
1.056998308437566035e-03
1.099364482797682285e-03
1.095279333336899750e-03
1.042041132071365840e-03
1.000341978700210578e-03
1.039537911613782175e-03
1.138121917999039166e-03
9.629851847421377897e-04
1.055690401699393988e-03
1.058379964282115228e-03
1.067307991130898468e-03
1.058921916410326958e-03
1.001023008332898147e-03
1.080766145605593920e-03
1.021286045822004549e-03
1.126719192446519859e-03
1.049623203774293191e-03
1.027398917358368635e-03
1.022270550796141155e-03
1.015508120569090121e-03
1.058416053031881578e-03
1.046813908033072948e-03
1.059601743084688909e-03
1.128958499369521864e-03
1.069256725410620444e-03
1.105970140391339786e-03
1.057078596204519272e-03
1.096363062970340252e-03
1.045482776438196428e-03
1.022514906556655891e-03
1.022507688806702621e-03
1.080942844661573641e-03
1.072655587146679633e-03
1.018938065196077101e-03
1.042590515377620928e-03
1.000610451834897273e-03
1.093121846982588298e-03
1.063114187369744055e-03
1.093142336079229839e-03
1.089106837753206491e-03
1.096662929436812870e-03
1.064004260115325451e-03
1.025614115254332550e-03
1.080580327349404566e-03
1.063379769523938425e-03
1.122216344811022282e-03
1.012415101286023855e-03
1.006773964036256075e-03
1.053224628170331247e-03
1.039366121403872967e-03
1.070348662324249744e-03
1.040543274333079584e-03
1.092687986480693095e-03
1.004479534458369017e-03
1.023230608552694321e-03
1.017246744595468044e-03
1.033405036044617422e-03
1.062893813165525668e-03
1.033056954232354887e-03
1.028074106822411292e-03
1.079611228002856247e-03
1.103606113853554003e-03
1.080731919500976801e-03
1.113855571020394564e-03
1.036149934710313804e-03
1.118427685772379167e-03
1.102194539271295071e-03
1.055584560769299738e-03
1.042189988462875359e-03
1.084042790656288393e-03
1.081564366662253864e-03
1.102086253619442456e-03
1.016224676277488470e-03
1.005674945190548897e-03
1.146986420887212031e-03
1.027006772346794605e-03
1.101411762647330761e-03
1.056685190026958711e-03
1.042611295512567036e-03
1.042533239039282076e-03
1.025272164649019711e-03
1.062444585841149092e-03
1.051738819417854078e-03
1.073523036514719255e-03
1.104479597415775061e-03
1.088334150457133777e-03
1.084909037066002615e-03
1.097558105054001086e-03
1.153831040331472881e-03
1.039348406872401707e-03
1.070213154889643192e-03
1.082190157224734552e-03
1.064169375846783392e-03
1.070572451377908461e-03
1.117216170920680039e-03
1.109563687350600958e-03
1.058296843742330797e-03
1.027014494563142531e-03
1.019029082575191982e-03
1.018292154185473919e-03
1.026412976595262759e-03
1.012852473650127649e-03
1.072747167199850082e-03
1.113767541634539835e-03
1.079999337283273466e-03
1.134099147748202085e-03
1.026043008702496760e-03
1.043220787929991953e-03
1.104861187438170187e-03
1.028560160193592310e-03
1.060661335941404104e-03
9.978611293869714665e-04
1.040115855478991993e-03
1.001615620528658159e-03
1.105727918911725283e-03
1.001071553522099979e-03
1.060272353546072967e-03
1.093075707710037701e-03
1.083988735141853564e-03
1.076271951509018667e-03
1.082986185792833567e-03
1.054311287589371204e-03
1.097133286142100818e-03
1.044912380166351795e-03
1.095256593544036150e-03
1.089414154800276034e-03
1.102767632498095505e-03
1.071319158654659986e-03
1.066699934502442606e-03
1.052087522111833096e-03
1.085227859827379458e-03
1.114187975569317810e-03
1.004703090681384079e-03
1.021954114548861980e-03
9.985075060588617397e-04
1.027246238663792610e-03
1.082130242139101028e-03
1.051884474388013356e-03
1.100357854738831520e-03
1.027425188415994175e-03
1.062972354702651501e-03
1.057555918426563270e-03
1.109093582878510230e-03
1.018408996363480814e-03
1.046036544721573591e-03
1.131054751264552348e-03
1.049001080294450052e-03
1.037034128482143156e-03
1.027584987847755425e-03
1.059008490604658849e-03
1.057612942531704903e-03
1.050434230516354315e-03
1.003725997482736833e-03
1.084268093109130859e-03
1.076146378181874752e-03
1.045102835632860661e-03
1.135597975614170306e-03
1.037948124576359987e-03
1.032089193662007577e-03
1.075711586357404716e-03
1.017604721710085869e-03
1.136408982953677647e-03
1.075811975169926882e-03
1.068652103034158475e-03
1.024080906063318253e-03
1.100663503166288137e-03
1.015498070046305656e-03
1.052173553034663200e-03
1.104041060898452997e-03
1.149681028133879178e-03
1.062914108236630685e-03
1.077823690138757229e-03
1.053989787275592558e-03
1.066043856553733349e-03
1.075410516932606697e-03
9.942111598017315793e-04
1.074678186948100798e-03
1.153683503313611023e-03
1.107128628063946962e-03
1.127446244936436415e-03
1.041332706032941811e-03
1.159285350392262213e-03
1.031395397149026394e-03
1.068787610468765028e-03
1.078236246636758320e-03
1.054878618257741206e-03
1.116512537313004262e-03
1.089077986155946977e-03
1.017404972420384414e-03
1.037152309436351061e-03
1.069671280371646159e-03
1.068616829191644914e-03
1.035972304331759684e-03
1.062619131213675015e-03
1.064740198974807985e-03
1.119171249835441582e-03
1.070285215973854065e-03
1.168307499028742313e-03
1.085512631107121706e-03
1.060089135232071154e-03
1.052336980743954651e-03
1.051821163855493069e-03
1.064100962442656286e-03
9.902393212541937828e-04
1.056217685497055523e-03
1.071714252854387038e-03
1.054794139539201982e-03
1.041967790418614872e-03
9.950671810656785965e-04
1.113877069049825199e-03
1.082908924824247830e-03
1.018339981480191224e-03
1.020716018198678963e-03
1.073505865254749782e-03
1.022577305169155128e-03
1.126067460669825547e-03
1.051842623079816573e-03
1.007059336795161240e-03
1.090017496608197689e-03
1.038211650059868820e-03
1.061173466344674356e-03
1.076922092276314967e-03
1.048094010911881924e-03
1.074756728485226631e-03
1.045555807650089264e-03
1.057973441978295572e-03
1.008316195414711959e-03
1.025448417446265690e-03
1.077446329873055220e-03
1.023645299331595428e-03
1.026751842194547184e-03
1.105871905262271635e-03
1.021731315025438793e-03
1.078889724643280036e-03
1.020733014835665696e-03
1.147884002421051264e-03
1.106573521004368789e-03
1.012523716781288385e-03
1.001012724979470246e-03
1.047176464150349371e-03
1.022536695624391310e-03
1.017916617759813793e-03
1.090285795119901426e-03
1.085818822806080110e-03
1.076353054183224909e-03
1.029013403846571915e-03
1.001382324223716981e-03
1.042663197343548067e-03
1.093463118498523958e-03
1.141384942457079887e-03
1.019486769412954576e-03
1.044646603986620903e-03
1.089506685578574665e-03
1.034943580937882192e-03
9.693640749901533127e-04
1.056153909303247929e-03
1.015858996349076502e-03
1.052832095107684605e-03
1.067034376319497824e-03
1.022259336120138638e-03
1.059474656358361244e-03
1.042177764854083531e-03
1.061116694472730160e-03
1.025610681002338655e-03
1.059357658959925175e-03
1.116795717583348281e-03
1.099982745169351571e-03
1.047706910564253800e-03
1.006806637936582096e-03
1.066160621121525764e-03
1.064693826871613734e-03
1.025514327920973301e-03
1.110427915894736774e-03
1.057212318604191072e-03
1.058650513490041025e-03
1.045920478645712137e-03
1.025244186166673899e-03
1.088043830047051184e-03
1.022123324219137430e-03
9.970821556635200977e-04
1.125871921734263427e-03
1.087599860814710386e-03
1.087371143512427807e-03
1.069132801300535672e-03
1.000535887821267121e-03
1.055588790525992639e-03
1.016286065957198613e-03
9.578238047348955906e-04
1.071235630661249161e-03
1.003685465548187494e-03
1.083362925176819093e-03
1.051084992165366881e-03
1.047989974419275992e-03
1.043429326576491125e-03
1.021186258488645084e-03
1.068587065674364567e-03
1.098093654339512117e-03
1.106952220046271808e-03
1.020940059485534899e-03
1.023098612980296142e-03
1.052852700619647973e-03
1.101016881875693798e-03
1.033634238410741091e-03
1.015533673732231133e-03
1.059496658854186535e-03
1.031204534228891134e-03
1.059434725902974606e-03
1.034405858566363580e-03
1.072286550576488249e-03
1.053743452454606764e-03
1.049079117365181446e-03
1.021016486144314282e-03
1.027815160341560841e-03
1.048647934415688045e-03
1.078220200724899769e-03
1.059916239076604373e-03
1.070716263105471857e-03
1.046692486852407455e-03
1.047228346578776836e-03
1.058398396708071232e-03
1.047997308584551089e-03
1.053239800967276096e-03
1.042766030877828598e-03
1.040071326618393190e-03
1.113541715312749147e-03
1.102597355687369831e-03
1.074086370257039793e-03
1.044401045267780550e-03
1.006672624498605728e-03
9.873046268088121486e-04
1.039654850804557331e-03
