9.937617381413778039e-01
1.377164204915364509e+00
1.917746822039286370e+00
9.648121595382690430e-01
9.932327866554260254e-01
1.012828151384989495e+00
7.993581891059875488e-01
8.922415375709533691e-01
7.774754365285238000e-01
8.225496411323547363e-01
7.007181644439697266e-01
9.069862365722656250e-01
6.960183382034301758e-01
6.975282629330953332e-01
7.136512200037637976e-01
7.719958225886026648e-01
8.491147756576538086e-01
7.403200467427571985e-01
7.242191831270853308e-01
7.799962759017944336e-01
8.141294320424398157e-01
7.223591208457946777e-01
6.720936894416809082e-01
6.970322926839193078e-01
6.843045751253763465e-01
8.956903815269470215e-01
7.520243128140767785e-01
6.385905941327413293e-01
7.372691233952840539e-01
6.355568766593933105e-01
6.677010059356689453e-01
6.749583085378011438e-01
7.541288336118062707e-01
6.849133769671121863e-01
5.712558825810750696e-01
5.230318109194437293e-01
5.427492260932922363e-01
6.524379352728525427e-01
4.761402010917663574e-01
5.727189083894094201e-01
4.201031724611918317e-01
4.470353623231251849e-01
6.124016543229421350e-01
4.252047638098399029e-01
4.023667871952056885e-01
4.287341833114624023e-01
4.184381862481434955e-01
3.306235571702321185e-01
3.230221023162205829e-01
2.781727214654286517e-01
3.021226326624552594e-01
2.840266873439152850e-01
2.848937958478927612e-01
2.651703208684921265e-01
2.743325382471084595e-01
2.853609919548034668e-01
2.624077598253886090e-01
3.696987926959991455e-01
2.745074828465779437e-01
2.623420258363087787e-01
2.486095080773035593e-01
2.677551557620366229e-01
2.266867558161417551e-01
2.493946105241775513e-01
2.480795582135518484e-01
2.322500497102737427e-01
2.596806089083353863e-01
2.190977831681569510e-01
2.614773313204447613e-01
3.058746854464213238e-01
3.029954632123311176e-01
2.444393187761306763e-01
2.396496683359146118e-01
2.313703298568725586e-01
2.852393438418706073e-01
2.394645760456720895e-01
3.106485158205032349e-01
2.183618942896524973e-01
2.050442695617675781e-01
2.745699485143025531e-01
2.777259051799774170e-01
2.453383356332778931e-01
5.414308309555053711e-01
2.800648063421249390e-01
2.836744040250778198e-01
4.885519544283549176e-01
3.143127361933390485e-01
2.161780248085657663e-01
2.177675714095433646e-01
2.129686375459035330e-01
2.138569951057434082e-01
1.948934992154439383e-01
1.967966655890146799e-01
1.903686672449111938e-01
2.209770133097966605e-01
2.058276385068893433e-01
3.243467857440312518e-01
3.411387999852498187e-01
2.761988490819931030e-01
2.310096869866053171e-01
3.081102371215820312e-01
2.417721251646677560e-01
1.945571998755137033e-01
2.141074438889821463e-01
2.049042185147603445e-01
2.056070019801457816e-01
1.940726488828659058e-01
2.066875398159027100e-01
1.920827080806096487e-01
1.868375490109125681e-01
1.817726890246073312e-01
1.973266949256261282e-01
2.203720559676488333e-01
1.886392136414845877e-01
1.945843348900476999e-01
1.707059641679128104e-01
2.049776862064997263e-01
1.968041757742563791e-01
1.945030689239501953e-01
1.858775267998377390e-01
2.039683163166046143e-01
2.101233402887980051e-01
2.156553467114766531e-01
2.179312258958816528e-01
1.849162628253301077e-01
1.801184217135111398e-01
2.021118253469467163e-01
1.982103039820989066e-01
1.751076281070709229e-01
1.970719695091247559e-01
2.102518031994501657e-01
1.882242014010747366e-01
1.779200683037439890e-01
1.940334687630335397e-01
1.800279567639032907e-01
2.132691244284311838e-01
3.021526734034220563e-01
2.272566010554631644e-01
2.616823414961497174e-01
2.033049017190933228e-01
1.793380131324132376e-01
1.737501621246337891e-01
1.831431537866592407e-01
1.916140168905258179e-01
1.817131638526916504e-01
1.868732968966166086e-01
1.894947737455368042e-01
2.231819629669189453e-01
2.168806393941243582e-01
1.844461212555567331e-01
1.896357635656992502e-01
1.874371170997619629e-01
1.828677952289581299e-01
2.089092483123143607e-01
1.882240126530329294e-01
2.079001615444819040e-01
1.872810026009877615e-01
1.852885882059732980e-01
1.864128063122431345e-01
1.751109113295873099e-01
1.689591308434804373e-01
1.733934034903844290e-01
2.242903858423233032e-01
1.899224718411763602e-01
1.801570107539494925e-01
1.647174408038457327e-01
1.792125304539998465e-01
1.816228429476419992e-01
1.762847105662027902e-01
1.889998267094294138e-01
2.461879998445510864e-01
1.797471493482589722e-01
1.971983909606933594e-01
1.675318926572799683e-01
1.714331656694412231e-01
1.870890806118647165e-01
1.751101016998291016e-01
1.926136016845703125e-01
2.053416719039281302e-01
2.001436154047648019e-01
2.041048159201939993e-01
1.791849434375762939e-01
1.748974919319152832e-01
2.016597191492716379e-01
2.055569042762120657e-01
1.957107235987981253e-01
1.867185334364573068e-01
2.117449492216110229e-01
1.729088624318440848e-01
1.704721053441365652e-01
1.790492286284764700e-01
1.716338892777760916e-01
1.850120176871617728e-01
1.899848431348800659e-01
1.866318533817926950e-01
1.731054286162058420e-01
2.013751914103825980e-01
1.898503800233205252e-01
1.864658345778783255e-01
1.887622525294621878e-01
2.101899484793345041e-01
1.788824747006098337e-01
2.045395026604334421e-01
2.326080799102783203e-01
2.301769405603408813e-01
2.214294523000717163e-01
1.958015461762746268e-01
1.706044226884841919e-01
1.900958170493443899e-01
1.788341353336969919e-01
1.746940463781356812e-01
1.769488155841827393e-01
1.698842843373616629e-01
1.824470708767572946e-01
1.880634874105453491e-01
1.708102722962697440e-01
1.814709206422170096e-01
1.674030423164367676e-01
1.594199140866597586e-01
1.792086015144983835e-01
1.795556743939717703e-01
1.655854682127634592e-01
1.716597477595011301e-01
1.796846687793731689e-01
1.868183463811874390e-01
1.697688152392705374e-01
1.762819637854894095e-01
1.607496639092763357e-01
1.812561353047688895e-01
1.853912125031153268e-01
1.813900073369344168e-01
1.704719662666320801e-01
1.700531144936879568e-01
1.760260611772537231e-01
1.951820154984792166e-01
2.290248523155848093e-01
1.671548883120218820e-01
1.668213456869125366e-01
1.681593954563140869e-01
1.795987635850906372e-01
1.789629558722178049e-01
1.752812465031941824e-01
1.884196947018305368e-01
1.910256147384643555e-01
1.626609712839126587e-01
1.638770103454589844e-01
1.963315556446711130e-01
1.944545507431030273e-01
1.711682279904683524e-01
2.103946208953857422e-01
1.713058153788248605e-01
1.814915190140406198e-01
1.688856085141499930e-01
1.730217337608337402e-01
1.657251616319020682e-01
1.941609630982081003e-01
1.778559138377507620e-01
1.662266055742899484e-01
1.752380530039469309e-01
2.151289780934651785e-01
1.887974441051483154e-01
1.672868529955545969e-01
1.803770015637079782e-01
1.752384404341379709e-01
1.643685152133305960e-01
1.617405911286672049e-01
1.800878544648488455e-01
1.651082734266916818e-01
1.870427280664443970e-01
1.696826368570327759e-01
1.682111571232477731e-01
1.818689902623494559e-01
1.786093811194101877e-01
1.756326854228973389e-01
1.794061611096064157e-01
2.200722595055898123e-01
1.730845967928568430e-01
1.610339581966400146e-01
1.754336704810460501e-01
1.732715070247650146e-01
1.643579055865605765e-01
1.688829114039739066e-01
1.673853149016698294e-01
1.789968609809875488e-01
1.695820540189743042e-01
1.867114901542663574e-01
1.595174322525660104e-01
1.761615624030431204e-01
1.721987177928288870e-01
1.658021459976831979e-01
1.919212291638056345e-01
1.891488085190455026e-01
1.726654668649037772e-01
1.884159743785858154e-01
1.797016113996505737e-01
1.763627628485361643e-01
1.673922439416249686e-01
1.651845475037892752e-01
2.195678651332855225e-01
1.837198336919148856e-01
1.647954980532328195e-01
1.654284646113713675e-01
1.752892633279164725e-01
1.704396704832712717e-01
1.771154950062433786e-01
1.744936654965082712e-01
1.751139909029006958e-01
1.692867030700047903e-01
1.622286339600881033e-01
1.680202533801396780e-01
1.649199227492014475e-01
1.843604793151219778e-01
1.661168237527211600e-01
1.809694816668828421e-01
1.618737330039342337e-01
1.629975438117980957e-01
1.808606485525766916e-01
1.631498634815216064e-01
1.699772377808888846e-01
1.767129202683766775e-01
1.947539995114008493e-01
1.660333673159281320e-01
1.675454229116439819e-01
1.874226033687591553e-01
1.620629578828811646e-01
1.727823764085769653e-01
1.707053283850351877e-01
1.770933220783869333e-01
1.607941389083862305e-01
2.087956766287485666e-01
1.842642078797022409e-01
1.796408593654632568e-01
1.860483040412267142e-01
1.716443300247192383e-01
1.794422268867492676e-01
1.706665555636087961e-01
1.608230421940485544e-01
1.695534288883209229e-01
1.638404428958892822e-01
1.787052651246388846e-01
1.691537350416183472e-01
1.568391670783360892e-01
1.590854575236638480e-01
1.588705380757649832e-01
1.815212319294611520e-01
1.695779065291086740e-01
1.637643774350484305e-01
1.601022382577260428e-01
1.616697907447814941e-01
1.599493026733398438e-01
1.641712089379628592e-01
1.613564342260360718e-01
1.791532486677169800e-01
1.732257902622222900e-01
1.731652716795603342e-01
1.698251366615295410e-01
1.593035608530044556e-01
1.732714474201202393e-01
1.720511565605799265e-01
1.579185575246810913e-01
1.720204651355743408e-01
1.647012134393056326e-01
1.594611704349517822e-01
1.815699686606725149e-01
1.796688437461853027e-01
1.747862100601196289e-01
1.722748676935831613e-01
1.613933642705281668e-01
1.619002868731816702e-01
1.746617555618286133e-01
1.679784208536148071e-01
1.606417745351791382e-01
1.840891291697820120e-01
1.611357331275939941e-01
1.682606488466262817e-01
1.692008078098297119e-01
1.796451210975646973e-01
1.711744964122772217e-01
1.676645229260126657e-01
1.599829643964767456e-01
2.065945168336232596e-01
1.624286025762557983e-01
1.658320228258768625e-01
1.658633053302764893e-01
1.704890330632527762e-01
1.743305474519729614e-01
1.600612998008728027e-01
1.803002506494522095e-01
1.609434882799784250e-01
1.755158851544062204e-01
1.615267048279444284e-01
1.735310405492782593e-01
2.032355616490046091e-01
1.860678245623906546e-01
2.061974108219146729e-01
1.765211224555969238e-01
1.813195695479710989e-01
1.694664160410563059e-01
1.647445460160573416e-01
1.763610392808914185e-01
1.853942622741063528e-01
1.752777248620986938e-01
1.711369653542836600e-01
1.696282724539438791e-01
1.723669966061910086e-01
1.614106148481369019e-01
1.779282440741856985e-01
1.594606637954711914e-01
1.676039844751358032e-01
1.692922065655390329e-01
1.561748236417770386e-01
1.586519380410512381e-01
1.583451877037684030e-01
1.691441287597020560e-01
1.593113690614700317e-01
1.621321489413579398e-01
1.584300994873046875e-01
1.720885932445526123e-01
1.562117884556452341e-01
1.644617319107055664e-01
1.753307332595189505e-01
1.622860729694366455e-01
1.542176604270935059e-01
1.670150856177012033e-01
1.726572215557098389e-01
1.653639028469721384e-01
1.580294320980707712e-01
1.609059522549311227e-01
1.734619786341985159e-01
1.762262980143229074e-01
1.609646230936050415e-01
1.600191692511240549e-01
1.583905766407648630e-01
1.671308080355326242e-01
1.556249459584554129e-01
1.588084499041239328e-01
1.738596608241399222e-01
1.573494772116343088e-01
1.570493876934051514e-01
1.688932478427886963e-01
1.764136850833892822e-01
1.640554418166478567e-01
1.575224349896112985e-01
1.683050145705541067e-01
1.616122921307881766e-01
1.762649118900299072e-01
1.644917776187261038e-01
1.728066951036453247e-01
1.794301420450210571e-01
1.693614870309829712e-01
1.614889601866404123e-01
1.558039734760920114e-01
1.604373951752980643e-01
1.572531014680862427e-01
1.674002309640248709e-01
1.836074590682983398e-01
1.602831184864044189e-01
1.683594236771265573e-01
1.674328893423080444e-01
1.734892229239145822e-01
1.650993327299753732e-01
1.644041935602823801e-01
1.678062031666437692e-01
1.744307776292165213e-01
1.645725369453430176e-01
1.563593298196792603e-01
1.666632791360219412e-01
1.698726316293080740e-01
1.553291380405426025e-01
1.752447038888931274e-01
1.768720646699269705e-01
1.720903863509496146e-01
1.592573275168736868e-01
1.695871253808339529e-01
1.579923878113428659e-01
1.714797069629033499e-01
1.613199512163797922e-01
1.555240005254745483e-01
1.565314829349517822e-01
1.575272679328918457e-01
1.584567626317342215e-01
1.537602345148722238e-01
1.620666136344273978e-01
1.774617334206899100e-01
1.746090451876322336e-01
1.666056613127390451e-01
1.629928400119145804e-01
1.658521145582199097e-01
1.578171153863271170e-01
1.567515681187311716e-01
1.610065003236134940e-01
1.653148134549458914e-01
1.560858984788258963e-01
1.763483434915542603e-01
1.641980012257893973e-01
1.651375740766525269e-01
1.636945903301239014e-01
1.618329634269078665e-01
1.671322286128997803e-01
1.821825106938680106e-01
1.594245086113611765e-01
1.566193699836730957e-01
1.544051716725031442e-01
1.793998926877975464e-01
1.667383561531702585e-01
1.667890548706054688e-01
1.575180739164352417e-01
1.557154158751169748e-01
1.571359088023503714e-01
1.604499767223993845e-01
1.796932568152745657e-01
1.663069675366083688e-01
1.597965359687805176e-01
1.701366752386093140e-01
1.572601944208145142e-01
1.564034620920816965e-01
1.595270385344823294e-01
1.580183853705724173e-01
1.638289193312326975e-01
1.634231607119242258e-01
1.768307586510976248e-01
1.586129317680994577e-01
1.561114092667897635e-01
1.688636144002278738e-01
1.587629516919454031e-01
1.573884735504786081e-01
1.576289186875025339e-01
1.734323600927988596e-01
1.580502043167749948e-01
1.664695094029108591e-01
1.707792530457178659e-01
1.576119860013326102e-01
1.617299765348434448e-01
1.541887472073237009e-01
1.750742048025131226e-01
1.552493472894032889e-01
1.635137001673380441e-01
1.556799759467442923e-01
1.559718350569407053e-01
1.754622956116994315e-01
1.703769415616989136e-01
1.806464989980061941e-01
1.661849568287531442e-01
1.704667260249455862e-01
1.572185705105463571e-01
1.666742612918218069e-01
1.578506579001744681e-01
1.589433302481969290e-01
1.604533940553665161e-01
1.591736823320388794e-01
1.602504899104436331e-01
1.610493014256159372e-01
1.548043439785639352e-01
1.594787836074829102e-01
1.567833373943964548e-01
1.579555521408716745e-01
1.762869854768117361e-01
1.779465178648630685e-01
1.646833072106043405e-01
1.652544736862182617e-01
1.554428239663442068e-01
1.572145124276479178e-01
1.559803684552510672e-01
1.686208248138427734e-01
1.559641162554422922e-01
1.700402945280075073e-01
1.635108490784963065e-01
1.640986998875935965e-01
1.559450825055440359e-01
1.569282909234364920e-01
1.731816629568735666e-01
1.795844684044519968e-01
1.655587454636891775e-01
1.767853150765101022e-01
1.533669779698053903e-01
1.611820856730143137e-01
1.566545764605204172e-01
1.577332367499669485e-01
1.727632979551950998e-01
1.736784825722376413e-01
1.633302271366119385e-01
1.540357222159703665e-01
1.595490922530492239e-01
1.671935021877288818e-01
1.667071630557378226e-01
1.613371868928273611e-01
1.599880556265513010e-01
1.634575674931208200e-01
1.595022877057393484e-01
1.753868311643600464e-01
1.674467821915944510e-01
1.623775412638982230e-01
1.705223023891448975e-01
1.643249640862146921e-01
1.644196112950642996e-01
1.580755760272344046e-01
1.649044752120971680e-01
1.593682865301767893e-01
1.556415210167566843e-01
1.688584536314010620e-01
1.651205122470855713e-01
1.622387021780014038e-01
1.574458082516988211e-01
1.565213153759638376e-01
1.640583922465642386e-01
1.597243696451187134e-01
1.560174872477849417e-01
1.588603804508844919e-01
1.623955170313517160e-01
1.689563194910685129e-01
1.557111193736394339e-01
1.728743960460027151e-01
1.652846187353134155e-01
1.683792869249979562e-01
1.628932605187098093e-01
1.585995604594548636e-01
1.625624299049377441e-01
1.738787194093068533e-01
1.642861763636271066e-01
1.591554731130599976e-01
1.604759693145751953e-01
1.552674472332000732e-01
1.627592047055562430e-01
1.619339436292648315e-01
1.662028978268305368e-01
1.640629718701044626e-01
1.662832399209340506e-01
1.663201252619425363e-01
1.653948724269866943e-01
1.685316065947214670e-01
1.568174759546915598e-01
1.622208158175150461e-01
1.621393014987309866e-01
1.637812604506810599e-01
1.574156930049260550e-01
1.636215796073277884e-01
1.631651570399602347e-01
1.575581679741541452e-01
1.638581603765487671e-01
1.556859513123830252e-01
1.721106568972269601e-01
1.588143755992253714e-01
1.637593706448872977e-01
1.548335502545038767e-01
1.672569662332534790e-01
1.717431197563807077e-01
1.639749258756637573e-01
1.731117169062296457e-01
1.565208931763966971e-01
1.605530232191085815e-01
1.565612902243932181e-01
1.628579050302505493e-01
1.618974953889846802e-01
1.551919430494308472e-01
1.674408763647079468e-01
1.586430966854095459e-01
1.564784944057464600e-01
1.610230257113774710e-01
1.611164261897405081e-01
1.668618023395538330e-01
1.673084050416946411e-01
1.703188270330429077e-01
1.643522630135218210e-01
1.568124244610468454e-01
1.647665599981943674e-01
1.548580080270767212e-01
1.680887192487716675e-01
1.638886133829752512e-01
1.562405327955881662e-01
1.693074852228164673e-01
1.574706981579462595e-01
1.550983289877573557e-01
1.567058563232421875e-01
1.654356618722279959e-01
1.702793439229329520e-01
1.630784422159194946e-01
1.679445902506510324e-01
1.561720371246337891e-01
1.712174167235692435e-01
1.638276726007461548e-01
1.560080101092656546e-01
1.586332172155380249e-01
1.547435919443766184e-01
1.621581663688023978e-01
1.545257568359375000e-01
1.645060330629348755e-01
1.570884039004643851e-01
1.597248663504918509e-01
1.638471136490503854e-01
1.558649291594823294e-01
1.668617079655329294e-01
1.637632896502812796e-01
1.539345631996790476e-01
1.642555048068364554e-01
1.557539949814478464e-01
1.678031931320826120e-01
1.655369301637013846e-01
1.631623158852259226e-01
1.653632124265035086e-01
1.702150305112203055e-01
1.547877291838327951e-01
1.561239808797836304e-01
1.557957231998443604e-01
1.641066769758860178e-01
1.629739205042521066e-01
1.549747735261917114e-01
1.737788667281468802e-01
1.567457964022954398e-01
1.669222315152486258e-01
1.559388985236485892e-01
1.617945929368337088e-01
1.561042368412017822e-01
1.656065235535303659e-01
1.551358550786972046e-01
1.537603288888931274e-01
1.663365364074707031e-01
1.714392254749933786e-01
1.556786646445592337e-01
1.567364235719045096e-01
1.579776604970296316e-01
1.601137121518453055e-01
1.550339013338088989e-01
1.642029782136281424e-01
1.722359061241149902e-01
1.581264187892278128e-01
1.573630819718042917e-01
1.691608627637227469e-01
1.553837954998016357e-01
1.598850190639495850e-01
1.629169136285781860e-01
1.596254060665766306e-01
1.555886516968409128e-01
1.540570010741551810e-01
1.575218339761098318e-01
1.640431930621465140e-01
1.564241200685501099e-01
1.557723879814147949e-01
1.665292580922444754e-01
1.634764870007832938e-01
1.551225284735361643e-01
1.633396645387013846e-01
1.614159892002741403e-01
1.675186107556025095e-01
1.540508866310119629e-01
1.565425693988800049e-01
1.546742419401804514e-01
1.611900826295216971e-01
1.665581961472829275e-01
1.561724642912546701e-01
1.569587439298629761e-01
1.548661142587661743e-01
1.609058578809102469e-01
1.564194262027740479e-01
1.541191836198171072e-01
1.553554832935333252e-01
1.587203343709309988e-01
1.547351727883020944e-01
1.537284851074218750e-01
1.553390522797902518e-01
1.590328564246495657e-01
1.582500934600830078e-01
1.645801266034444266e-01
1.555297126372655325e-01
1.587940851847330637e-01
1.651147852341333933e-01
1.653091261784235544e-01
1.685344924529393607e-01
1.700769712527593069e-01
1.560706843932469778e-01
1.617310146490732736e-01
1.643842905759811401e-01
1.635553538799285889e-01
1.573227296272913522e-01
1.554397195577621460e-01
1.543522775173187256e-01
1.600856433312098093e-01
1.604769925276438303e-01
1.550857375065485544e-01
1.644577731688817435e-01
1.588211059570312500e-01
1.593968967596689768e-01
1.680777817964553833e-01
1.716383099555969238e-01
1.584047377109527588e-01
1.650093148152033395e-01
1.654820193847020560e-01
1.637346098820368356e-01
1.564372926950454712e-01
1.555590530236562186e-01
1.642300436894098825e-01
1.552346249421437674e-01
1.541385302941004343e-01
1.556511471668879099e-01
1.552387674649556570e-01
1.553407708803812570e-01
1.628974775473276682e-01
1.548663477102915353e-01
1.552193065484364920e-01
1.573234399159749441e-01
1.661844303210576468e-01
1.538296242554982596e-01
1.645715435345967703e-01
1.563572486241658621e-01
1.722837686538696289e-01
1.734732091426849365e-01
1.627244055271148682e-01
1.605197836955388480e-01
1.644501437743504935e-01
1.681587696075439453e-01
1.687597483396530151e-01
1.639518936475118094e-01
1.543246755997339792e-01
1.558115631341934204e-01
1.737590779860814505e-01
1.638403683900833130e-01
1.676540076732635498e-01
1.577841440836588449e-01
1.639528920253117972e-01
1.568004389603932791e-01
1.636230945587158203e-01
1.572821487983067923e-01
1.594655911127726144e-01
1.622738490502039499e-01
1.603664706150690622e-01
1.607577204704284668e-01
1.536020239194234305e-01
1.718407422304153442e-01
1.674621651570002145e-01
1.632545044024785452e-01
1.664871325095494681e-01
1.540646900733312064e-01
1.599803616603215628e-01
1.644651542107264108e-01
1.558385392030080252e-01
1.546343912680943899e-01
1.780819843212763376e-01
1.564552038908004761e-01
1.625245859225591116e-01
1.532059758901596069e-01
1.547832340002059937e-01
1.553726345300674438e-01
1.632637778917948312e-01
1.672461132208506174e-01
1.717336624860763550e-01
1.680704255898793631e-01
1.556868900855382376e-01
1.630557626485824585e-01
1.545366992553075247e-01
1.535098055998484201e-01
1.596421698729197092e-01
1.527962386608123779e-01
1.587926397720972604e-01
1.557283699512481689e-01
1.579561928908030100e-01
1.689299643039703369e-01
1.671514610449472971e-01
1.546896497408548898e-01
1.662733703851699829e-01
1.650689442952474051e-01
1.621714532375335693e-01
1.560801366964975900e-01
1.599507679541905814e-01
1.559195766846338815e-01
1.585495819648106985e-01
1.543278495470682687e-01
1.583378414312998361e-01
1.526480366786321097e-01
1.561521540085474558e-01
1.679652978976567679e-01
1.561699310938517160e-01
1.554982165495554514e-01
1.550667285919189453e-01
1.579217215379079275e-01
1.679494132598241263e-01
1.671398977438608713e-01
1.559226165215174265e-01
1.629203508297602243e-01
1.701407730579376221e-01
1.542678227027257376e-01
1.550871084133783884e-01
1.589264770348866873e-01
1.643059104681015015e-01
1.604364315668741769e-01
1.632952590783437186e-01
1.541262765725453787e-01
1.565441787242889404e-01
1.698074887196222849e-01
1.544463187456130981e-01
1.690301597118377686e-01
1.589141885439554758e-01
1.544334888458251953e-01
1.554658561944961548e-01
1.655713518460591727e-01
1.637618343035379953e-01
1.582334687312444144e-01
1.645130415757497244e-01
1.563383489847183228e-01
1.620746403932571411e-01
1.637861977020899362e-01
1.592932989199956351e-01
1.552677700916925974e-01
1.642377724250157767e-01
1.581112792094548636e-01
1.577105075120925903e-01
1.538222680489222116e-01
1.543186555306116647e-01
1.711476097504297800e-01
1.608013908068338937e-01
1.657788952191670828e-01
1.677299340565999441e-01
1.612220257520675659e-01
1.645969897508621216e-01
1.601288119951883859e-01
1.628930817047754831e-01
1.565421223640441895e-01
1.616314401229222708e-01
1.560126145680745535e-01
1.637521386146545410e-01
1.533186932404836111e-01
1.577369322379430228e-01
1.631591667731603079e-01
1.649108280738194876e-01
1.651044736305872507e-01
1.658823440472284860e-01
1.698972632487615042e-01
1.564782808224360056e-01
1.570474306742350168e-01
1.597900092601776123e-01
1.630599995454152518e-01
1.680446416139602661e-01
1.653696397940317697e-01
1.627259949843088693e-01
1.596560974915822440e-01
1.574498414993286133e-01
1.539492607116699219e-01
1.545285483201344900e-01
1.608510166406631470e-01
1.661113103230794363e-01
1.701726863781611032e-01
1.553618609905242920e-01
1.637697319189707346e-01
1.541143904129664011e-01
1.650532583395639963e-01
1.640495012203852243e-01
1.565404782692591257e-01
1.663942287365595407e-01
1.545035839080810547e-01
1.708218008279800415e-01
1.611606776714324951e-01
1.566522419452667236e-01
1.552480409542719431e-01
1.591156969467798776e-01
1.631150146325429373e-01
1.670167992512384958e-01
1.657242427269617624e-01
1.615107407172521048e-01
1.710325479507446289e-01
1.663577258586883545e-01
1.749149660269419260e-01
1.541966100533803397e-01
1.561332245667775565e-01
1.599618991216023856e-01
1.587361246347427368e-01
1.637901067733764648e-01
1.552811115980148315e-01
1.579346756140390939e-01
1.640002975861231393e-01
1.609475811322530203e-01
1.586092263460159302e-01
1.734300851821899414e-01
1.555428852637608939e-01
1.641720136006673270e-01
1.648959914843241281e-01
1.550612797339757376e-01
1.670562624931335449e-01
1.695625136295954294e-01
1.563927481571833200e-01
1.566477070252100534e-01
1.637510359287261963e-01
1.569814880688985281e-01
1.739131162563959665e-01
1.611820658047994070e-01
1.591174701849619455e-01
1.627689003944396973e-01
1.677969098091125488e-01
1.651390939950942993e-01
1.765251060326894217e-01
1.638757387797037668e-01
1.617893924315770560e-01
1.573935796817143851e-01
1.649920344352722168e-01
1.559193581342697144e-01
1.565194576978683472e-01
1.618532538414001465e-01
1.543616304794947214e-01
1.551277190446853638e-01
1.666902105013529367e-01
1.745783736308415823e-01
1.731648991505304880e-01
1.552375803391138620e-01
