9.129323959350585938e-01
3.044270910322666168e-02
3.177662985399365425e-02
2.573938295245170593e-02
2.637697383761405945e-02
2.561784209683537483e-02
3.151078009977936745e-02
2.644820418208837509e-02
2.706190431490540504e-02
2.888470655307173729e-02
2.944998722523450851e-02
2.539822179824113846e-02
2.383481105789542198e-02
3.170134965330362320e-02
2.340376004576683044e-02
2.339851902797818184e-02
2.281815884634852409e-02
2.848799573257565498e-02
2.065660711377859116e-02
2.166505670174956322e-02
2.387433964759111404e-02
2.452734205871820450e-02
2.814446529373526573e-02
2.124761603772640228e-02
2.093490632250905037e-02
2.193394815549254417e-02
2.585734333842992783e-02
2.232674788683652878e-02
2.212603809311985970e-02
2.275262912735342979e-02
2.917089685797691345e-02
2.222636807709932327e-02
2.156896796077489853e-02
2.260123798623681068e-02
3.082729876041412354e-02
2.502823108807206154e-02
2.481485204771161079e-02
2.329821931198239326e-02
3.116835979744791985e-02
2.463710121810436249e-02
2.472265204414725304e-02
2.278883801773190498e-02
3.323590196669101715e-02
2.524776197969913483e-02
2.460466092452406883e-02
2.879486605525016785e-02
3.403013292700052261e-02
2.793695498257875443e-02
3.047313913702964783e-02
3.946145018562674522e-02
2.402161108329892159e-02
2.706080395728349686e-02
3.330477187409996986e-02
2.620440302416682243e-02
2.532658306881785393e-02
3.290683077648282051e-02
3.149821003898978233e-02
2.977276779711246490e-02
2.866514585912227631e-02
3.276040079072117805e-02
2.937388699501752853e-02
2.724186470732092857e-02
3.117561899125576019e-02
2.792805479839444160e-02
3.007787838578224182e-02
3.670639684423804283e-02
2.809298597276210785e-02
2.800081484019756317e-02
2.871270710602402687e-02
3.214272996410727501e-02
2.906099706888198853e-02
2.810651576146483421e-02
3.282170183956623077e-02
2.603178331628441811e-02
2.557822223752737045e-02
3.033083863556385040e-02
3.681559534743428230e-02
3.035312937572598457e-02
2.806143509224057198e-02
3.921481920406222343e-02
2.999263815581798553e-02
2.552312333136796951e-02
3.333725174888968468e-02
2.377698011696338654e-02
2.205901779234409332e-02
2.340799989178776741e-02
2.904860675334930420e-02
2.447927091270685196e-02
2.300075907260179520e-02
2.358487993478775024e-02
3.482927381992340088e-02
2.408657083287835121e-02
2.231876831501722336e-02
2.545563224703073502e-02
3.600196493789553642e-02
2.206648793071508408e-02
2.355329971760511398e-02
3.358812304213643074e-02
2.674400433897972107e-02
2.551720198243856430e-02
2.567625278607010841e-02
3.410915285348892212e-02
2.294970909133553505e-02
2.436417108401656151e-02
2.928146673366427422e-02
2.419628109782934189e-02
2.270989911630749702e-02
2.092525595799088478e-02
2.073363726958632469e-02
3.728623688220977783e-02
2.210940793156623840e-02
2.127222670242190361e-02
3.044111933559179306e-02
2.458286099135875702e-02
2.498542191460728645e-02
2.414862997829914093e-02
3.502192487940192223e-02
4.508136725053191185e-02
2.592577319592237473e-02
2.977425837889313698e-02
2.445181086659431458e-02
2.145702671259641647e-02
2.199502801522612572e-02
2.971770800650119781e-02
2.597542293369770050e-02
2.331522898748517036e-02
2.295850915834307671e-02
3.056572796776890755e-02
2.441455097869038582e-02
2.491155220195651054e-02
2.296609897166490555e-02
3.225590102374553680e-02
2.276217890903353691e-02
2.252611890435218811e-02
2.183225704357028008e-02
2.561041293665766716e-02
2.503880206495523453e-02
2.525954227894544601e-02
2.477696118876338005e-02
2.706391504034399986e-02
2.611626312136650085e-02
2.375680999830365181e-02
2.599810343235731125e-02
7.599925622344017029e-02
4.686377989128232002e-02
5.118238506838679314e-02
2.959492709487676620e-02
2.847911696881055832e-02
2.234340785071253777e-02
2.375947032123804092e-02
2.197126811370253563e-02
3.131684008985757828e-02
2.270155912265181541e-02
2.418251987546682358e-02
2.352024987339973450e-02
3.018874861299991608e-02
2.234510798007249832e-02
3.136037988588213921e-02
3.702065721154212952e-02
2.310336893424391747e-02
2.227393817156553268e-02
2.262708917260169983e-02
2.714730519801378250e-02
2.279742900282144547e-02
2.409575972706079483e-02
2.275267895311117172e-02
2.927220705896615982e-02
2.297178888693451881e-02
2.578125195577740669e-02
2.310869982466101646e-02
3.225400997325778008e-02
2.425384009256958961e-02
2.209661807864904404e-02
2.220247918739914894e-02
3.184157982468605042e-02
2.362324995920062065e-02
2.332137990742921829e-02
2.228260785341262817e-02
2.752321492880582809e-02
2.497380180284380913e-02
2.271216828376054764e-02
2.276304783299565315e-02
2.785904565826058388e-02
2.436520112678408623e-02
2.604420296847820282e-02
2.418973995372653008e-02
2.683445392176508904e-02
2.384641021490097046e-02
2.366187004372477531e-02
2.414170978590846062e-02
2.860716590657830238e-02
2.308477880433201790e-02
2.390403021126985550e-02
2.380170999094843864e-02
3.017833782359957695e-02
2.279987884685397148e-02
2.294844901189208031e-02
2.304405905306339264e-02
2.950768778100609779e-02
2.172622829675674438e-02
2.244957815855741501e-02
2.145299734547734261e-02
3.095379984006285667e-02
2.331247879192233086e-02
2.154324762523174286e-02
2.319939900189638138e-02
3.157979995012283325e-02
2.627174416556954384e-02
2.325289882719516754e-02
2.281708922237157822e-02
2.855382487177848816e-02
2.964342711493372917e-02
2.514550182968378067e-02
2.416501101106405258e-02
2.983606792986392975e-02
2.592112170532345772e-02
2.433769032359123230e-02
2.536376286298036575e-02
3.165517980232834816e-02
2.286761905997991562e-02
2.433043112978339195e-02
3.037267830222845078e-02
2.657844405621290207e-02
2.428131084889173508e-02
2.711712429299950600e-02
2.985547808930277824e-02
2.407553093507885933e-02
2.332671917974948883e-02
2.444456098601222038e-02
2.877685707062482834e-02
2.421501092612743378e-02
2.300262916833162308e-02
2.295452915132045746e-02
2.863366575911641121e-02
2.126233698800206184e-02
2.230328880250453949e-02
2.581498166546225548e-02
2.899071574211120605e-02
2.131584659218788147e-02
2.347370004281401634e-02
2.231460902839899063e-02
2.956346701830625534e-02
2.446333132684230804e-02
2.142756711691617966e-02
2.284047892317175865e-02
3.008690895512700081e-02
2.328189881518483162e-02
2.417134121060371399e-02
2.364666014909744263e-02
3.189950017258524895e-02
2.383713098242878914e-02
2.399832010269165039e-02
2.273475937545299530e-02
2.764553530141711235e-02
2.473525190725922585e-02
2.191740693524479866e-02
2.132727671414613724e-02
2.822848502546548843e-02
2.292749891057610512e-02
2.163290698081254959e-02
2.082457579672336578e-02
2.122048707678914070e-02
2.891790587455034256e-02
2.123855659738183022e-02
2.122442703694105148e-02
2.111160708591341972e-02
2.543188212439417839e-02
2.223800774663686752e-02
2.285855915397405624e-02
2.145262667909264565e-02
2.805205481126904488e-02
2.270327834412455559e-02
2.734081493690609932e-02
2.250863891094923019e-02
3.117048880085349083e-02
2.151801763102412224e-02
2.560712210834026337e-02
2.192329801619052887e-02
3.111479897052049637e-02
2.470196224749088287e-02
3.380348300561308861e-02
2.305992878973484039e-02
4.228190425783395767e-02
3.251645108684897423e-02
3.530727513134479523e-02
4.374718479812145233e-02
2.413312997668981552e-02
2.335267001762986183e-02
3.091605892404913902e-02
3.606725577265024185e-02
2.743443474173545837e-02
2.817894518375396729e-02
3.047189814969897270e-02
2.242142939940094948e-02
2.181068714708089828e-02
2.828025585040450096e-02
3.818775899708271027e-02
2.944699721410870552e-02
3.027706919237971306e-02
2.785441512241959572e-02
2.307336917147040367e-02
2.229225914925336838e-02
2.654951298609375954e-02
3.188199084252119064e-02
2.277170913293957710e-02
2.109148679301142693e-02
2.684598416090011597e-02
2.811469463631510735e-02
2.200313843786716461e-02
2.082445705309510231e-02
2.484391117468476295e-02
2.076441561803221703e-02
2.608476299792528152e-02
2.924714703112840652e-02
2.899201679974794388e-02
3.258697083219885826e-02
2.290472900494933128e-02
3.057955903932452202e-02
2.490956196561455727e-02
2.723604394122958183e-02
2.351980004459619522e-02
3.062305925413966179e-02
2.454486116766929626e-02
2.269988879561424255e-02
2.332986984401941299e-02
2.967499662190675735e-02
2.967511676251888275e-02
2.403247123584151268e-02
2.440427104011178017e-02
2.657066285610198975e-02
3.119230968877673149e-02
2.547078207135200500e-02
3.352615283802151680e-02
2.797008492052555084e-02
2.370345033705234528e-02
2.108092606067657471e-02
2.686632424592971802e-02
2.912320615723729134e-02
2.152451779693365097e-02
2.121739694848656654e-02
2.654305286705493927e-02
2.559429267421364784e-02
2.567670308053493500e-02
2.083737589418888092e-02
2.937381668016314507e-02
2.771211508661508560e-02
2.224031928926706314e-02
2.125734603032469749e-02
2.613805327564477921e-02
2.932162722572684288e-02
2.242722874507308006e-02
2.138172695413231850e-02
2.603159286081790924e-02
2.457693079486489296e-02
2.290633926168084145e-02
2.136912709102034569e-02
3.268873179331421852e-02
2.646078309044241905e-02
2.183109708130359650e-02
2.226792788133025169e-02
2.615340379998087883e-02
2.855042601004242897e-02
2.327317884191870689e-02
2.199135720729827881e-02
3.002373781055212021e-02
3.178028017282485962e-02
2.331696031615138054e-02
2.413609018549323082e-02
3.112125024199485779e-02
2.889005560427904129e-02
2.240547910332679749e-02
3.471937403082847595e-02
2.970347786322236061e-02
2.394766034558415413e-02
2.203169791027903557e-02
2.730880491435527802e-02
2.830792637541890144e-02
2.272044820711016655e-02
2.323941001668572426e-02
2.882761694490909576e-02
2.985320705920457840e-02
2.254382800310850143e-02
2.340904995799064636e-02
3.229152085259556770e-02
3.149159019812941551e-02
2.347096009179949760e-02
3.083156887441873550e-02
2.947434689849615097e-02
2.459624083712697029e-02
2.501520095393061638e-02
3.240258106961846352e-02
2.975203702226281166e-02
2.393272100016474724e-02
3.482502419501543045e-02
3.154242970049381256e-02
2.226692810654640198e-02
2.127545699477195740e-02
2.835609577596187592e-02
2.776603633537888527e-02
2.534339204430580139e-02
2.359070023521780968e-02
2.550331177189946175e-02
2.562125306576490402e-02
2.337643923237919807e-02
2.364285010844469070e-02
3.002570802345871925e-02
2.835794584825634956e-02
2.296183910220861435e-02
2.248050831258296967e-02
3.117117006331682205e-02
2.828042488545179367e-02
3.098519891500473022e-02
3.385663265362381935e-02
2.795503474771976471e-02
2.288872888311743736e-02
2.357888873666524887e-02
3.171417070552706718e-02
3.087464906275272369e-02
2.880082605406641960e-02
3.102710004895925522e-02
2.945985691621899605e-02
2.505290228873491287e-02
2.205132786184549332e-02
2.439701091498136520e-02
2.948565734550356865e-02
2.613838296383619308e-02
3.791908826678991318e-02
3.300968231633305550e-02
2.465654071420431137e-02
2.520707203075289726e-02
4.273114399984478951e-02
2.935357810929417610e-02
2.454547118395566940e-02
2.826775610446929932e-02
3.200072981417179108e-02
2.507553156465291977e-02
3.235337091609835625e-02
3.055810881778597832e-02
2.601725282147526741e-02
2.448971103876829147e-02
2.946940809488296509e-02
2.793201478198170662e-02
2.451801067218184471e-02
2.355556003749370575e-02
2.722579520195722580e-02
2.955251699313521385e-02
2.064741589128971100e-02
3.014175873249769211e-02
4.448458598926663399e-02
2.350922022014856339e-02
2.347132004797458649e-02
2.922846656292676926e-02
3.062824904918670654e-02
2.466298080980777740e-02
3.125006984919309616e-02
3.168010991066694260e-02
2.540421206504106522e-02
2.544301282614469528e-02
3.327938169240951538e-02
3.009132808074355125e-02
2.390354033559560776e-02
3.197212005034089088e-02
2.885832684114575386e-02
2.387195033952593803e-02
2.611900307238101959e-02
2.837725589051842690e-02
2.943012770265340805e-02
2.261921763420104980e-02
2.320424979552626610e-02
2.865057578310370445e-02
2.447599079459905624e-02
2.258806908503174782e-02
2.007831493392586708e-02
4.370010597631335258e-02
2.306290902197360992e-02
2.227870887145400047e-02
2.956126723438501358e-02
2.837969595566391945e-02
2.126924600452184677e-02
2.059364598244428635e-02
3.407708369195461273e-02
3.243312099948525429e-02
2.364605991169810295e-02
2.206138800829648972e-02
2.796338498592376709e-02
2.746895421296358109e-02
2.111089695245027542e-02
2.342507010325789452e-02
2.763406513258814812e-02
3.204285074025392532e-02
2.433230122551321983e-02
3.092815913259983063e-02
3.199509996920824051e-02
2.675569429993629456e-02
2.468765201047062874e-02
2.534602209925651550e-02
3.590938495472073555e-02
2.497343113645911217e-02
3.012641845270991325e-02
2.986521692946553230e-02
2.327465964481234550e-02
2.141155675053596497e-02
2.828337578102946281e-02
2.797803469002246857e-02
3.494839416816830635e-02
2.978053782135248184e-02
2.951730694621801376e-02
2.667830372229218483e-02
2.233636938035488129e-02
2.786066476255655289e-02
2.712176414206624031e-02
2.148707769811153412e-02
2.555542206391692162e-02
3.211386129260063171e-02
2.804075507447123528e-02
2.130643697455525398e-02
2.196343708783388138e-02
2.594853285700082779e-02
3.091375902295112610e-02
2.089628577232360840e-02
2.097208704799413681e-02
2.776085492223501205e-02
2.510319184511899948e-02
2.115066722035408020e-02
2.114296704530715942e-02
2.724766405299305916e-02
2.794431615620851517e-02
2.186872810125350952e-02
2.200065786018967628e-02
2.774674491956830025e-02
2.923116693273186684e-02
2.102391701191663742e-02
2.296588895842432976e-02
2.707642409950494766e-02
3.851164877414703369e-02
2.535850182175636292e-02
3.251167107373476028e-02
2.792042493820190430e-02
2.457753103226423264e-02
2.232986828312277794e-02
2.867869613692164421e-02
3.028040798380970955e-02
2.192625729367136955e-02
2.239064918830990791e-02
2.757328469306230545e-02
2.984723821282386780e-02
2.222240809351205826e-02
2.432864112779498100e-02
3.673445573076605797e-02
2.448637969791889191e-02
2.165804710239171982e-02
3.009843779727816582e-02
2.612619334831833839e-02
2.676756307482719421e-02
2.318570017814636230e-02
2.968675829470157623e-02
3.093938902020454407e-02
2.596862334758043289e-02
2.755710482597351074e-02
4.446676559746265411e-02
2.352475002408027649e-02
2.078408608213067055e-02
2.857959596440196037e-02
2.689669374376535416e-02
2.331760991364717484e-02
2.283490914851427078e-02
3.213997976854443550e-02
2.987419720739126205e-02
2.470662072300910950e-02
3.047044808045029640e-02
3.160495962947607040e-02
2.436582092195749283e-02
2.417937992140650749e-02
2.798538608476519585e-02
3.056942904368042946e-02
2.426934987306594849e-02
3.400515438988804817e-02
3.504748409613966942e-02
2.569226315245032310e-02
2.549105184152722359e-02
3.201023070141673088e-02
3.431077301502227783e-02
2.478533191606402397e-02
3.182373009622097015e-02
3.136153984814882278e-02
2.441213093698024750e-02
2.388685010373592377e-02
3.149153012782335281e-02
2.930729696527123451e-02
2.720172517001628876e-02
3.005278762429952621e-02
2.632199274376034737e-02
2.244168799370527267e-02
2.217697817832231522e-02
2.989280782639980316e-02
2.812964608892798424e-02
2.468589134514331818e-02
2.411263110116124153e-02
3.296599211171269417e-02
2.941498719155788422e-02
2.582687279209494591e-02
3.478728421032428741e-02
3.049189876765012741e-02
2.353041898459196091e-02
2.066814713180065155e-02
2.758713485673069954e-02
2.736878395080566406e-02
3.128811018541455269e-02
2.306804992258548737e-02
2.990870689973235130e-02
2.861722512170672417e-02
2.270111907273530960e-02
3.318006172776222229e-02
2.920980704948306084e-02
2.491634199395775795e-02
2.199198678135871887e-02
2.642176300287246704e-02
2.872581733390688896e-02
2.411362994462251663e-02
2.363481000065803528e-02
2.569155301898717880e-02
2.832641638815402985e-02
2.306315908208489418e-02
2.268851874396204948e-02
2.841279609128832817e-02
2.761363517493009567e-02
2.469727117568254471e-02
2.357089007273316383e-02
3.748726798221468925e-02
2.277543907985091209e-02
2.364334976300597191e-02
2.878406597301363945e-02
2.928706677630543709e-02
2.255599806085228920e-02
2.100449660792946815e-02
2.740230457857251167e-02
2.419178001582622528e-02
2.460787119343876839e-02
1.999406516551971436e-02
2.244042884558439255e-02
4.098355211317539215e-02
3.024902800098061562e-02
4.306995496153831482e-02
3.383078286424279213e-02
4.539200710132718086e-02
4.168029315769672394e-02
2.862582681700587273e-02
2.189107704907655716e-02
2.538300212472677231e-02
3.092387923970818520e-02
2.336666965857148170e-02
2.432578103616833687e-02
2.732173399999737740e-02
2.713538520038127899e-02
2.637298265472054482e-02
2.454290073364973068e-02
3.697279701009392738e-02
3.240223089233040810e-02
2.951480774208903313e-02
4.985230276361107826e-02
2.382026007398962975e-02
2.154710795730352402e-02
2.620691340416669846e-02
3.240445069968700409e-02
2.431013109162449837e-02
3.171226009726524353e-02
3.647302696481347084e-02
2.549003204330801964e-02
2.660478372126817703e-02
3.505172394216060638e-02
2.955998806282877922e-02
2.549646236002445221e-02
2.689768420532345772e-02
3.398114303126931190e-02
2.552515175193548203e-02
3.210539091378450394e-02
3.940139012411236763e-02
2.697132388129830360e-02
3.336795186623930931e-02
3.960700985044240952e-02
2.426373027265071869e-02
2.526882197707891464e-02
2.621668390929698944e-02
2.765271486714482307e-02
2.321224892511963844e-02
2.292095869779586792e-02
2.642112411558628082e-02
2.657819399610161781e-02
2.482210099697113037e-02
2.283909916877746582e-02
3.045191895216703415e-02
2.667172392830252647e-02
2.350904000923037529e-02
2.741267392411828041e-02
3.739483701065182686e-02
2.606500312685966492e-02
2.293738909065723419e-02
2.733851503580808640e-02
2.846148610115051270e-02
2.457826118916273117e-02
2.248293906450271606e-02
3.136618994176387787e-02
3.183731995522975922e-02
2.732195518910884857e-02
3.077235864475369453e-02
2.568417182192206383e-02
2.569749159738421440e-02
2.420953102409839630e-02
2.784680482000112534e-02
2.985505806282162666e-02
2.593361306935548782e-02
3.741449769586324692e-02
3.320228215306997299e-02
2.641646284610033035e-02
2.801104588434100151e-02
3.949016006663441658e-02
2.738181501626968384e-02
2.140081720426678658e-02
2.865892602130770683e-02
2.593301329761743546e-02
2.723617525771260262e-02
2.669974369928240776e-02
2.890238584950566292e-02
2.855697739869356155e-02
2.201963774859905243e-02
2.672577416524291039e-02
3.697356581687927246e-02
2.883797604590654373e-02
2.399334963411092758e-02
4.297060379758477211e-02
2.439586073160171509e-02
2.237049769610166550e-02
3.043727762997150421e-02
2.847891626879572868e-02
2.200494799762964249e-02
2.250356879085302353e-02
3.241226961836218834e-02
2.935305703431367874e-02
2.471972210332751274e-02
2.671112306416034698e-02
2.843647589907050133e-02
2.486164122819900513e-02
2.084684697911143303e-02
2.554169204086065292e-02
3.394656302407383919e-02
2.640656381845474243e-02
2.174567710608243942e-02
2.986613800749182701e-02
2.746058488264679909e-02
2.135050669312477112e-02
2.240037918090820312e-02
2.981965662911534309e-02
2.886013593524694443e-02
2.352291997522115707e-02
2.120757708325982094e-02
2.595163276419043541e-02
2.765485504642128944e-02
2.297051902860403061e-02
2.239879919216036797e-02
2.749460516497492790e-02
3.595319483429193497e-02
2.170185791328549385e-02
2.127097686752676964e-02
3.046667901799082756e-02
2.895259577780961990e-02
2.350425999611616135e-02
2.243723860010504723e-02
2.848194586113095284e-02
2.227872796356678009e-02
2.332449983805418015e-02
2.083176607266068459e-02
2.587803313508629799e-02
3.504544496536254883e-02
2.257470786571502686e-02
2.751646470278501511e-02
3.429149417206645012e-02
2.470739092677831650e-02
2.091258717700839043e-02
2.743092505261301994e-02
2.647876273840665817e-02
2.235793881118297577e-02
2.097301604226231575e-02
2.635321393609046936e-02
2.744047529995441437e-02
2.513302164152264595e-02
2.103299601003527641e-02
2.916798694059252739e-02
2.768016466870903969e-02
2.105479687452316284e-02
2.190641779452562332e-02
2.498700236901640892e-02
2.615619311109185219e-02
2.251570811495184898e-02
2.162557700648903847e-02
3.001352772116661072e-02
2.204338833689689636e-02
2.437649108469486237e-02
2.242046780884265900e-02
2.606242289766669273e-02
3.752853721380233765e-02
2.743671508505940437e-02
2.386615984141826630e-02
3.060855902731418610e-02
2.902577724307775497e-02
2.488605165854096413e-02
3.462410392239689827e-02
2.760774502530694008e-02
2.830622578039765358e-02
2.495670085772871971e-02
2.849808707833290100e-02
2.730672387406229973e-02
2.482196176424622536e-02
2.461899071931838989e-02
3.170584002509713173e-02
2.557679312303662300e-02
3.199394000694155693e-02
2.585430303588509560e-02
2.557943295687437057e-02
2.641467330977320671e-02
2.299894904717803001e-02
2.636391390115022659e-02
2.563893236219882965e-02
2.066949708387255669e-02
2.277647843584418297e-02
2.573795197531580925e-02
2.738345507532358170e-02
2.249970892444252968e-02
2.308355923742055893e-02
2.859997609630227089e-02
2.653587376698851585e-02
2.567552169784903526e-02
2.264968771487474442e-02
2.408626070246100426e-02
2.504162164404988289e-02
2.047915617004036903e-02
2.005844516679644585e-02
2.466821065172553062e-02
3.545681387186050415e-02
2.239417890086770058e-02
2.518578199669718742e-02
2.709194412454962730e-02
2.869191672652959824e-02
2.562558185309171677e-02
3.423527395352721214e-02
2.745099365711212158e-02
2.856869576498866081e-02
2.223129803314805031e-02
2.381699020043015480e-02
2.296350896358489990e-02
2.779237600043416023e-02
2.176820719614624977e-02
2.079868689179420471e-02
2.844781614840030670e-02
2.617918280884623528e-02
2.229641797021031380e-02
2.152760699391365051e-02
2.852512570098042488e-02
3.068506903946399689e-02
2.657081419602036476e-02
2.894832706078886986e-02
3.001242782920598984e-02
2.463400131091475487e-02
2.148470701649785042e-02
3.021456766873598099e-02
3.289699088782072067e-02
2.318709017708897591e-02
2.591874310746788979e-02
2.915955707430839539e-02
2.554570185020565987e-02
2.140235668048262596e-02
3.050759900361299515e-02
2.796274609863758087e-02
2.252090768888592720e-02
2.178139798343181610e-02
3.256796998903155327e-02
2.869925694540143013e-02
2.500759065151214600e-02
2.195921819657087326e-02
3.138470975682139397e-02
3.242098120972514153e-02
2.395697077736258507e-02
3.025274770334362984e-02
2.464985195547342300e-02
2.967184688895940781e-02
2.136507723480463028e-02
3.028515912592411041e-02
2.536796173080801964e-02
2.171423798426985741e-02
2.137705683708190918e-02
2.968250773847103119e-02
2.609496284276247025e-02
2.136566676199436188e-02
2.259466890245676041e-02
3.067895863205194473e-02
2.292523859068751335e-02
2.495370060205459595e-02
2.334679011255502701e-02
2.812600601464509964e-02
3.334475168958306313e-02
2.211697818711400032e-02
2.122572716325521469e-02
2.558690309524536133e-02
2.758411504328250885e-02
2.285592909902334213e-02
2.116058720275759697e-02
2.728157397359609604e-02
2.583094313740730286e-02
2.126381732523441315e-02
2.247518906369805336e-02
2.600111300125718117e-02
2.820787485688924789e-02
2.217249805107712746e-02
2.945791697129607201e-02
3.072685934603214264e-02
2.567900205031037331e-02
2.430670009925961494e-02
2.244049916043877602e-02
2.837657602503895760e-02
3.227137075737118721e-02
2.869183570146560669e-02
3.641356574371457100e-02
3.796190815046429634e-02
2.598175266757607460e-02
3.036602819338440895e-02
2.471712185069918633e-02
2.857456589117646217e-02
2.684837393462657928e-02
2.878926694393157959e-02
3.132640896365046501e-02
2.381169004365801811e-02
3.331313189119100571e-02
3.205362986773252487e-02
2.665826305747032166e-02
2.573059312999248505e-02
4.468489717692136765e-02
2.885582577437162399e-02
2.970198774710297585e-02
4.354206519201397896e-02
2.772840484976768494e-02
3.020051820203661919e-02
3.286122204735875130e-02
2.554394211620092392e-02
2.399945119395852089e-02
3.004253795370459557e-02
2.626039320603013039e-02
2.592451311647891998e-02
2.119869692251086235e-02
3.375221276655793190e-02
2.475239103659987450e-02
2.302975906059145927e-02
2.260256791487336159e-02
2.828792575746774673e-02
2.489844197407364845e-02
2.222811803221702576e-02
2.240587770938873291e-02
2.634766325354576111e-02
2.683149371296167374e-02
2.441471070051193237e-02
2.266043936833739281e-02
2.698133420199155807e-02
2.831667615100741386e-02
2.312685921788215637e-02
2.332525001838803291e-02
3.293012222275137901e-02
3.558822534978389740e-02
2.390941977500915527e-02
2.801954606547951698e-02
2.658111369237303734e-02
2.381219016388058662e-02
2.268794877454638481e-02
2.730908431112766266e-02
2.630519401282072067e-02
2.975466754287481308e-02
2.180861681699752808e-02
2.417381107807159424e-02
2.783729461953043938e-02
2.075387677177786827e-02
2.171216718852519989e-02
2.636855375021696091e-02
2.797612501308321953e-02
2.132349694147706032e-02
2.142065670341253281e-02
2.646019309759140015e-02
2.905751671642065048e-02
2.365947980433702469e-02
3.715653717517852783e-02
3.434823406860232353e-02
3.370380215346813202e-02
4.369536507874727249e-02
4.199945321306586266e-02
3.588316636160016060e-02
3.193089971318840981e-02
2.864804677665233612e-02
2.153350692242383957e-02
2.258512936532497406e-02
3.196348017081618309e-02
2.939285803586244583e-02
2.193241799250245094e-02
3.808574797585606575e-02
2.865463588386774063e-02
