2.345998978614807129e+01
7.524090170860290527e+00
4.055054128170013428e+00
1.601407162845134735e+00
9.833798296749591827e-01
6.907225027680397034e-01
5.575297400355339050e-01
4.341928586363792419e-01
6.288939481601119041e-01
6.234769783914089203e-01
3.096236139535903931e-01
1.601167339831590652e-01
2.523065861314535141e-01
1.749061620794236660e-01
1.135610081255435944e-01
8.727250713855028152e-02
1.877732570283114910e-01
1.357888877391815186e-01
1.287352121435105801e-01
1.951827567536383867e-01
1.882793027907609940e-01
1.176161384209990501e-01
8.248880039900541306e-02
8.890103362500667572e-02
8.690641634166240692e-02
9.585532080382108688e-02
7.883878704160451889e-02
6.430808920413255692e-02
7.283391430974006653e-02
8.815321885049343109e-02
8.046180591918528080e-02
1.545216143131256104e-01
2.037634253501892090e-01
1.778131094761192799e-01
7.977183721959590912e-02
1.838599201291799545e-01
1.390082836151123047e-01
1.054334873333573341e-01
1.379635259509086609e-01
1.434219293296337128e-01
1.114895595237612724e-01
1.081237159669399261e-01
1.334925526753067970e-01
1.553004591842181981e-01
6.194503186270594597e-02
9.140550065785646439e-02
1.360176522284746170e-01
1.021782408352009952e-01
4.568207329139113426e-01
2.610239242203533649e-01
3.190819518640637398e-01
1.186290727928280830e-01
2.136798845604062080e-01
1.353488489985466003e-01
1.373631246387958527e-01
1.728611756116151810e-01
1.107340622693300247e-01
1.172232375247403979e-01
1.954075631219893694e-01
5.979292746633291245e-02
4.642090806737542152e-02
4.839943529805168509e-02
1.223669692408293486e-01
3.565093390643596649e-01
1.604236010462045670e-01
8.331648353487253189e-02
7.540990691632032394e-02
5.222422257065773010e-02
5.116267967969179153e-02
6.768703949637711048e-02
2.873553382232785225e-02
2.775218477472662926e-02
3.347391495481133461e-02
7.115839363541454077e-02
2.748746459838002920e-02
1.095690476358868182e-01
2.946967676398344338e-01
8.330413163639605045e-02
3.524086531251668930e-02
4.566980944946408272e-02
3.955665929242968559e-02
4.255079454742372036e-02
3.915076702833175659e-02
4.056121408939361572e-02
3.839145204983651638e-02
3.005799511447548866e-02
3.090323135256767273e-02
2.640397625509649515e-02
1.212065469007939100e-02
4.600917466450482607e-02
2.791754598729312420e-02
2.394446521066129208e-02
4.072402534075081348e-02
2.226688177324831486e-02
1.903195236809551716e-02
1.649206446018069983e-02
9.393841493874788284e-03
6.807920057326555252e-03
8.051714452449232340e-03
6.800864357501268387e-03
2.215691539458930492e-02
4.147405526600778103e-02
1.892034430056810379e-02
8.973428397439420223e-03
9.563354105921462178e-03
1.444445136803551577e-02
1.241398055572062731e-02
7.774488534778356552e-03
4.090047266799956560e-03
3.874852642184123397e-03
1.481824221264105290e-02
2.351944469410227612e-03
1.641062290218542330e-02
1.016651348618324846e-02
9.884541621431708336e-03
4.331848933361470699e-03
6.530212820507586002e-03
6.170236156322062016e-03
2.711377834202721715e-03
1.708606978354509920e-02
1.880074158543720841e-02
9.684815828222781420e-03
1.981046370929107070e-02
1.454459025990217924e-02
1.432499603834003210e-02
9.895636932924389839e-03
2.090496491291560233e-02
5.692678205377887934e-03
4.562949412502348423e-03
2.428598731057718396e-03
4.422176949447020888e-03
2.931598690338432789e-03
3.453372628428041935e-03
1.106708272709511220e-02
1.104573247721418738e-02
4.157848074100911617e-03
9.563947911374270916e-03
9.042798003065399826e-03
5.418075772468000650e-03
7.225320558063685894e-03
7.664118893444538116e-03
5.930274433922022581e-03
8.464732731226831675e-03
9.919832576997578144e-03
8.206806378439068794e-03
4.323335015214979649e-03
9.296773630921961740e-03
8.361029729712754488e-03
4.601547901984304190e-03
3.410942852497100830e-03
6.876893574371933937e-03
4.603257402777671814e-03
5.333963665179908276e-03
3.884196223225444555e-03
1.005484291817992926e-02
4.423387057613581419e-03
1.703958382859127596e-02
2.010025712661445141e-02
1.104449958074837923e-02
8.074624493019655347e-03
3.309329962939955294e-02
2.228929963894188404e-02
1.435059797950088978e-02
8.049970143474638462e-03
3.368542340467683971e-03
9.434266568860039115e-03
4.004908713977783918e-02
2.148103940999135375e-02
7.523141219280660152e-03
4.772989501361735165e-03
8.842210168950259686e-03
3.144773043459281325e-03
3.819751960691064596e-03
3.170043171849101782e-03
7.099596376065164804e-03
3.750323725398629904e-03
7.004428072832524776e-03
5.160334287211298943e-03
5.827224696986377239e-03
6.335345678962767124e-03
6.308382609859108925e-03
5.997663189191371202e-03
5.855054070707410574e-03
6.299671891611069441e-03
2.792456289171241224e-03
1.568888100882759318e-02
1.223801879677921534e-02
1.059015165083110332e-02
1.306780357845127583e-02
1.124062854796648026e-02
1.006141823017969728e-02
1.155655796173959970e-02
1.049376971786841750e-02
7.467453659046441317e-03
1.039318350376561284e-02
1.304806314874440432e-02
5.305689817760139704e-03
3.775405755732208490e-03
1.994938502321019769e-03
3.201957486453466117e-03
8.743478538235649467e-04
3.016096743522211909e-04
3.870583677780814469e-04
9.599034856364596635e-04
3.196980978827923536e-04
8.352681179530918598e-04
3.390109050087630749e-04
7.225197514344472438e-04
4.093843963346444070e-04
7.758697938697878271e-04
3.997434869233984500e-04
7.520750004914589226e-04
4.360849889053497463e-04
9.825009838095866144e-04
2.219863501522922888e-03
1.408042749972082675e-03
1.063182324287481606e-03
7.135138584999367595e-04
1.623885560547932982e-03
1.782628125511109829e-03
9.785572183318436146e-04
1.813040638808161020e-03
1.555103415739722550e-03
1.005958234600257128e-03
1.741649670293554664e-03
1.711774530122056603e-03
1.333845284534618258e-03
1.355193759081885219e-03
1.072350511094555259e-03
1.975544841116061434e-03
1.869267420261166990e-03
9.724053088575601578e-04
1.991680415812879801e-03
4.812306433450430632e-04
1.343307094430201687e-03
1.388873264659196138e-03
1.022856045892694965e-03
1.594181172549724579e-03
1.393376391206402332e-03
1.240147947100922465e-03
3.271300602136761881e-04
2.500684813639963977e-04
6.087141377975058276e-04
1.371961479890160263e-03
8.951589625212363899e-04
8.290560690511483699e-04
6.092841940699145198e-04
9.788469615159556270e-04
1.752440468408167362e-03
8.553092411602847278e-04
1.008950603136327118e-03
4.605808040651027113e-03
5.975397536531090736e-03
3.260365803726017475e-03
1.697328523732721806e-03
5.395541793404845521e-03
7.584572013001888990e-03
3.818916506133973598e-03
3.232350398320704699e-03
2.171761181671172380e-03
1.080699126760009676e-03
1.302717380895046517e-03
1.905870754853822291e-03
7.542127568740397692e-04
1.210802769492147490e-03
1.179220089397858828e-03
1.734264595143031329e-03
3.797227909672074020e-04
3.655528271337971091e-04
1.774369047780055553e-03
1.060101982147898525e-03
1.253064925549551845e-03
1.469775143050355837e-03
2.228821380413137376e-03
1.998632302274927497e-03
5.255783922621048987e-03
3.487456022412516177e-03
4.130434099351987243e-03
4.678674304159358144e-03
3.414429316762834787e-03
2.221457980340346694e-03
3.707937750732526183e-03
5.152445170097053051e-03
3.213207586668431759e-03
1.348159705230500549e-03
2.361832255701301619e-03
3.544961131410673261e-03
9.583944556652568281e-04
2.060633967630565166e-03
9.598700744390953332e-04
2.057406629319302738e-03
2.187656791647896171e-03
6.399486828740919009e-04
1.626596189453266561e-03
1.869261090178042650e-03
1.270897046197205782e-03
1.367378514260053635e-03
1.573451780132018030e-03
1.031440609949640930e-03
1.895324050565250218e-03
5.834881521877832711e-04
1.058689176716143265e-04
1.639149013499263674e-04
8.598421936767408624e-05
6.434340502892155200e-05
1.173765667772386223e-04
1.548603613628074527e-04
1.736873900881619193e-04
2.852182833521510474e-04
4.603887209668755531e-04
3.417372972762677819e-04
3.077140208915807307e-04
3.607792095863260329e-04
2.919429389294236898e-04
4.336938654887489974e-04
3.433671299717389047e-04
2.597215025161858648e-04
4.203701901133172214e-04
4.787896396010182798e-04
1.952542497747344896e-04
3.998957763542421162e-04
4.056764955748803914e-04
2.882018125092145056e-04
3.747084010683465749e-04
2.892627453547902405e-04
3.349101680214516819e-04
4.410498841025400907e-04
2.946090353361796588e-04
3.422237568884156644e-04
2.919512444350402802e-04
4.151269968133419752e-04
4.334035256761126220e-04
3.303593184682540596e-04
3.275532362749800086e-04
3.023683384526520967e-04
4.110416703042574227e-04
4.114140447200043127e-04
3.143665635434444994e-04
3.124530012428294867e-04
3.983705028076656163e-04
4.161832403042353690e-04
2.969363649754086509e-04
3.096984728472307324e-04
3.599805058911442757e-04
3.300723983556963503e-04
3.422387380851432681e-04
2.932853167294524610e-04
3.639014503278303891e-04
4.476076501305215061e-04
2.229230121884029359e-04
4.012558601971250027e-04
3.995836159447208047e-04
2.570715005276724696e-04
3.637105510279070586e-04
3.423785674385726452e-04
4.169499588897451758e-04
3.111772493866737932e-04
3.186176327290013433e-04
3.643632408056873828e-04
4.656672172131948173e-04
4.726408915303181857e-04
2.467480990162584931e-04
3.696464409586042166e-04
3.577272109396290034e-04
3.796828386839479208e-04
3.562743295333348215e-04
2.563101988926064223e-04
4.553135368041694164e-04
3.718931329785846174e-04
3.195636345481034368e-04
2.769213897408917546e-04
4.092364761163480580e-04
3.112159247393719852e-04
3.530218527885153890e-04
3.431084114708937705e-04
3.008055718964897096e-04
4.481860378291457891e-04
3.367043464095331728e-04
3.270747183705680072e-04
3.709115080710034817e-04
2.905546789406798780e-04
3.159661682730074972e-04
4.019339030492119491e-04
3.614986489992588758e-04
3.758942948479671031e-04
2.276134473504498601e-04
3.978246095357462764e-04
3.549844223016407341e-04
4.627992893802002072e-04
3.840836398012470454e-04
3.378959081601351500e-04
3.540671314112842083e-04
3.160473934258334339e-04
3.795498669205699116e-04
2.822430033120326698e-04
3.670091864478308707e-04
3.451093289186246693e-04
3.702403701026923954e-04
2.282101668242830783e-04
4.799484031536849216e-04
1.831796889746328816e-04
2.729103744059102610e-05
4.580739187076687813e-05
1.035897184920031577e-04
5.968434743408579379e-05
8.850680296745849773e-05
6.604868940485175699e-05
8.997704935609363019e-05
7.051041393424384296e-05
1.007207738439319655e-04
4.320554580772295594e-05
4.294417476558010094e-05
9.813655287871370092e-05
7.828871821402572095e-05
6.177400064188987017e-05
1.002271092147566378e-04
5.761025840911315754e-05
8.630045704194344580e-05
6.893487898196326569e-05
7.998050750757101923e-05
7.760272001178236678e-05
7.601545348734362051e-05
8.842239822115516290e-05
5.902163047721842304e-05
9.561014485370833427e-05
6.386934001056943089e-05
9.332128047390142456e-05
6.995687544986139983e-05
9.136760672845412046e-05
6.482595654233591631e-05
7.162669044191716239e-05
8.070832609519129619e-05
9.872305963654071093e-05
7.125245974748395383e-05
9.354826033813878894e-05
5.671120561601128429e-05
1.017027179841534235e-04
8.639924362796591595e-05
6.933018357813125476e-05
9.282598330173641443e-05
7.869169803598197177e-05
8.710010661161504686e-05
8.464142047159839422e-05
8.824186534184264019e-05
7.366857244051061571e-05
1.021500320348422974e-04
5.620425326924305409e-05
1.020038816932355985e-04
6.630756615777499974e-05
9.207089351548347622e-05
8.499590512656141073e-05
8.296646228700410575e-05
9.300732563133351505e-05
7.690193706366699189e-05
8.936553240346256644e-05
6.153804770292481408e-05
9.714036332297837362e-05
8.198247905966127291e-05
7.574802566523430869e-05
9.785811016627121717e-05
8.833738411340164021e-05
5.331293459676089697e-05
1.083840825231163763e-04
7.913229637779295444e-05
1.055809980243793689e-04
6.371889776346506551e-05
1.025025185299455188e-04
6.945814993741805665e-05
1.100918489100877196e-04
7.807529391357093118e-05
8.531279036105843261e-05
1.020829931803746149e-04
6.525191338369040750e-05
1.108438827941427007e-04
7.746228857286041602e-05
9.433483319298829883e-05
8.515985973645001650e-05
9.299092198489233851e-05
8.410367445321753621e-05
7.326949389607761987e-05
9.845162639976479113e-05
9.842267081694444641e-05
1.122424928325926885e-04
6.128132008598186076e-05
9.214674628310604021e-05
9.268362191505730152e-05
8.999004967336077243e-05
9.943045006366446614e-05
7.266939792316406965e-05
9.147712262347340584e-05
1.055165266734547913e-04
8.954318218457046896e-05
9.459833017899654806e-05
7.272739640029612929e-05
1.010861524264328182e-04
9.768018935574218631e-05
1.060386093740817159e-04
4.661450452658755239e-05
1.176803598355036229e-04
8.349995368917006999e-05
8.816046988613379654e-05
1.077096262633858714e-04
6.978695819270797074e-05
5.903521741856820881e-05
1.028021856654959265e-04
6.193210310811991803e-05
7.885553986852755770e-05
7.089541713867220096e-05
4.617407694240682758e-05
5.058141414338024333e-05
3.973611501351115294e-05
3.060035578528186306e-05
3.742179023902281187e-05
2.442300547045306303e-05
2.228342373200575821e-05
1.628298582545539830e-05
1.106175500353856478e-05
1.028196675179060549e-05
9.799153076528455131e-06
1.230029465659754351e-05
1.549601961414737161e-05
1.623917478354997002e-05
1.019917635858291760e-05
1.321590639236092102e-05
1.198342215502634645e-05
1.328300004388438538e-05
1.180822869173425715e-05
1.553818901811609976e-05
1.623887897039821837e-05
1.116148223445634358e-05
1.171484086626151111e-05
1.732954183353285771e-05
1.301245652030047495e-05
1.250192212864931207e-05
1.325889002146141138e-05
1.809323771340132225e-05
1.253329696737637278e-05
1.663150897002196871e-05
1.454300286241050344e-05
1.316740872425725684e-05
1.621263481865753420e-05
1.248487092198047321e-05
1.106270974560175091e-05
1.689163946139160544e-05
1.690980298008071259e-05
1.378586853206797969e-05
1.512183712293335702e-05
1.602176689630141482e-05
1.379639525111997500e-05
1.543509802104381379e-05
1.269062568098888732e-05
1.295206698159745429e-05
1.187065572594292462e-05
1.835268494687625207e-05
1.467309994040988386e-05
1.054827293955895584e-05
1.541964866191847250e-05
2.255774325021775439e-05
1.702057340935425600e-05
2.174989367631496862e-05
2.322654245290323161e-05
1.684971130089252256e-05
1.608030015631811693e-05
1.807875923987012357e-05
1.747732562762394082e-05
2.036084765677514952e-05
2.818434813889325596e-05
2.121807256116881035e-05
2.659716938069323078e-05
2.140778042303281836e-05
2.749596001194731798e-05
2.464634371790452860e-05
2.643616699060657993e-05
2.301295444340212271e-05
2.605492454677005298e-05
2.319615987289580517e-05
2.576575207058340311e-05
2.559091217335662805e-05
2.536868350944132544e-05
2.805555732265929691e-05
2.119397959177149460e-05
2.949536178675771225e-05
2.230192922070273198e-05
1.980214051400253084e-05
3.130666755168931559e-05
2.014537813010974787e-05
2.738341800068155862e-05
2.659791061887517571e-05
2.058721815956232604e-05
3.084466311520372983e-05
2.319210761925205588e-05
2.680073089322831947e-05
2.496322395018069074e-05
2.800962374749360606e-05
2.273075278935721144e-05
2.799335015879478306e-05
2.150839372916379943e-05
2.913992489084193949e-05
2.617520408421114553e-05
2.382109323662007228e-05
2.402806626378151122e-05
1.846853479037235957e-05
2.169080380554078147e-05
2.448388818265812006e-05
1.603173291186976712e-05
1.803985924198059365e-05
1.414061853211023845e-05
1.124895948123594280e-05
9.977258287108270451e-06
8.750710435379005503e-06
8.199556759791448712e-06
7.430594564539205749e-06
6.658609322585107293e-06
6.142899337646667846e-06
6.087164592827321030e-06
6.162166528156376444e-06
6.108872298682399560e-06
6.027971153343969490e-06
6.048818590898008551e-06
6.189473879203433171e-06
5.953439767836243846e-06
5.820785531795991119e-06
5.747646014242491219e-06
5.737290962315455545e-06
5.794104367851105053e-06
5.790160344076866750e-06
5.752697802563488949e-06
5.681340098817599937e-06
5.684873485733987764e-06
5.726156018681649584e-06
5.700633664673659950e-06
5.702429234588635154e-06
5.731430633204581682e-06
5.634909598484227899e-06
5.642615860779187642e-06
5.641321308758051600e-06
5.694948185919201933e-06
5.688560690941812936e-06
5.623843094326730352e-06
5.752650167778483592e-06
5.646120257551956456e-06
5.580494871537666768e-06
5.696550033462699503e-06
5.584516316048393492e-06
5.561792363550921436e-06
5.688372652912221383e-06
5.630142823065398261e-06
5.614873316517332569e-06
5.620558795271790586e-06
5.906458909521461464e-06
6.004224928801704664e-06
6.090846568440611009e-06
6.003189696457411628e-06
5.743503265875915531e-06
5.752565016337030102e-06
5.500638962985249236e-06
5.542410008274600841e-06
5.462617423290794250e-06
5.423145239547011442e-06
5.448490696835506242e-06
5.462868671202159021e-06
5.356229280550905969e-06
5.311868335411418229e-06
5.329755140337510966e-06
5.343673024071904365e-06
5.375809337238024455e-06
5.502142698787793051e-06
5.423621473710227292e-06
5.310486244525236543e-06
5.327609073901840020e-06
5.492151672115141992e-06
5.440937570710957516e-06
5.451782158161222469e-06
5.587686132457747590e-06
5.694787773791176733e-06
5.679298055838444270e-06
5.820488809149537701e-06
5.647130478791950736e-06
5.609750019175407942e-06
5.732422664550540503e-06
5.458865302898630034e-06
5.296606559568317607e-06
5.359554052120074630e-06
5.343512270883366000e-06
5.293953449836408254e-06
5.243120426712266635e-06
5.340652478480478749e-06
5.320327545632608235e-06
5.232506396168901119e-06
5.189282546780304983e-06
5.353986807676847093e-06
5.245487386673630681e-06
5.246277510195795912e-06
5.122123639011988416e-06
5.201361091167200357e-06
5.213757049205014482e-06
5.215364012656209525e-06
5.214749535298324190e-06
5.230575879977550358e-06
5.090440708954702131e-06
5.062125524091243278e-06
5.056823283666744828e-06
5.066337848802504595e-06
5.040446353632432874e-06
5.036790639678656589e-06
5.040607561568322126e-06
5.027033125770685729e-06
5.032506805946468376e-06
5.032173248764593154e-06
5.043543524152482860e-06
5.043881174060516059e-06
5.033515208197059110e-06
5.060595981376536656e-06
5.050648155702219810e-06
5.046342835157702211e-06
5.029221938457340002e-06
5.049389983469154686e-06
5.052342658018460497e-06
4.996487405151128769e-06
4.982167524758551735e-06
5.007049026062304620e-06
5.010630161450535525e-06
4.986873136658687145e-06
5.061814931650587823e-06
5.066322614766249899e-06
5.069933308732288424e-06
5.096566610518493690e-06
5.070838028586877044e-06
5.121076469549734611e-06
4.980077846994390711e-06
5.045986426921444945e-06
5.053993959336366970e-06
4.953500251758669037e-06
4.978851052328536753e-06
4.944023999087221455e-06
4.929876581627468113e-06
4.932168621962773614e-06
4.932439196636551060e-06
4.934908020004513673e-06
4.984780844097258523e-06
4.958380372954707127e-06
4.959579541718994733e-06
4.973922273165953811e-06
4.948632408741104882e-06
4.968793859916331712e-06
4.970246322955063079e-06
4.976860168426355813e-06
4.922969424114853609e-06
4.987618694940465502e-06
4.954986707161879167e-06
4.950704692419094499e-06
4.881714971816109028e-06
4.880903020421101246e-06
4.901533202428254299e-06
4.940721396451408509e-06
4.889212050329660997e-06
4.896466407444677316e-06
4.889602678304072469e-06
4.856308237322082277e-06
4.851666972172097303e-06
4.877041760664724279e-06
4.881994414063228760e-06
4.899873715658031870e-06
4.884852501163550187e-06
4.851493486057734117e-06
4.838604013457370456e-06
4.841815325562492944e-06
4.863431854573718738e-06
4.863805088461958803e-06
4.828508622267690953e-06
4.901893021269643214e-06
4.886644092039205134e-06
4.853363748225092422e-06
4.810781433661759365e-06
4.820352842216379941e-06
4.891615390079095960e-06
4.918898525829717983e-06
4.967170298186829314e-06
4.815407464775489643e-06
4.784123007084417623e-06
4.781870416081801523e-06
4.803329261449107435e-06
4.784022053172520828e-06
4.754489282277063467e-06
4.753544544655596837e-06
4.761829245580884162e-06
4.809119332094269339e-06
4.800434794560715090e-06
4.915549538964114618e-06
4.895968118034943473e-06
4.807042728316446301e-06
4.793766720467829145e-06
4.804602667718427256e-06
4.871372766501735896e-06
4.833328489439736586e-06
4.828788632948999293e-06
4.824596544494852424e-06
4.761981017509242520e-06
4.730066848424030468e-06
4.772087095261667855e-06
4.709508516498317476e-06
4.691828848990553524e-06
4.699237024397007190e-06
4.695608822657959536e-06
4.713337830253294669e-06
4.707999096353887580e-06
4.723758934233046602e-06
4.706106665253173560e-06
4.701953912444878370e-06
4.704341336037032306e-06
4.697349709203990642e-06
4.702361707131785806e-06
4.684002533394959755e-06
4.691650929089519195e-06
4.691610456575290300e-06
4.683610654865333345e-06
4.680572715187736321e-06
4.673589160120172892e-06
4.665933147407486103e-06
4.670029056796920486e-06
4.664654966290981974e-06
4.671270630751678254e-06
4.659044634536257945e-06
4.673028001889178995e-06
4.670947873819386587e-06
4.692647053161635995e-06
4.689687216341553722e-06
4.689413913183670957e-06
4.695181246461288538e-06
4.676966000261018053e-06
4.702418550550646614e-06
4.680582833316293545e-06
4.642160547518869862e-06
4.641453529075079132e-06
4.644602313419454731e-06
4.646017828235926572e-06
4.663221261580474675e-06
4.660678541767993011e-06
4.660143531509675086e-06
4.665472147280524950e-06
4.647102855415141676e-06
4.635680966202926356e-06
4.640189899873803370e-06
4.625434371519077104e-06
4.633404500964388717e-06
4.632618356481543742e-06
4.624225198313069995e-06
4.629453201232536230e-06
4.614324325302732177e-06
4.610081305145286024e-06
4.607631808539736085e-06
4.607371238307678141e-06
4.606653533301141579e-06
4.604841137734183576e-06
4.606223455994040705e-06
4.602001581588410772e-06
4.617341460289026145e-06
4.637866595658124425e-06
4.636634571397735272e-06
4.636075345842982642e-06
4.610530481841124129e-06
4.595418886310653761e-06
4.585990154737373814e-06
4.604874106917122845e-06
4.597232646119664423e-06
4.607446953741600737e-06
4.590109938362729736e-06
4.611266945175884757e-06
4.620514800990349613e-06
4.584220732795074582e-06
4.590454864228377119e-06
4.579887217914802022e-06
4.606408879226364661e-06
4.584053726830461528e-06
4.604660034601693042e-06
4.590514549818180967e-06
4.589964191836770624e-06
4.604302944244409446e-06
4.597549946083745454e-06
4.595833388520986773e-06
4.581199277708947193e-06
4.573063733914750628e-06
4.559633225653669797e-06
4.556001726996328216e-06
4.558674731924838852e-06
4.569160182654741220e-06
4.554792440103483386e-06
4.573033493215916678e-06
4.559043645713245496e-06
4.545588467408379074e-06
4.542502210824750364e-06
4.558651198749430478e-06
4.559635044643073343e-06
4.547833896140218712e-06
4.545102228803443722e-06
4.520488687376200687e-06
4.523211373452795669e-06
4.526063094090204686e-06
4.512790837907232344e-06
4.526279894889739808e-06
4.503085619944613427e-06
4.514059924076718744e-06
4.503554919210728258e-06
4.503823333834588993e-06
4.509547579800710082e-06
4.510209123509412166e-06
4.505371975938032847e-06
4.503223522078769747e-06
4.503953050516429357e-06
4.500187515077413991e-06
4.512485929808462970e-06
4.504231924329360481e-06
4.513296858021931257e-06
4.510009716796048451e-06
4.508068059294600971e-06
4.501243097365659196e-06
4.499674105318263173e-06
4.494937911658780649e-06
4.496451310842530802e-06
4.500904651649761945e-06
4.488785180001286790e-06
4.492139055400912184e-06
4.484290570871962700e-06
4.487229261940228753e-06
4.488002787184086628e-06
4.488093281906913035e-06
4.492105745157459751e-06
4.486037482820393052e-06
4.490108267418690957e-06
4.478990831557894126e-06
4.481757287067011930e-06
4.476905814954079688e-06
4.476712319956277497e-06
4.475846139939676505e-06
4.476132744457572699e-06
4.470761496122577228e-06
4.482051735976710916e-06
4.475125820135872345e-06
4.470815042623144109e-06
4.484465193854703102e-06
4.469971713660925161e-06
4.477202082853182219e-06
4.482561507757054642e-06
4.504432581597939134e-06
4.469934538064990193e-06
4.474344791560724843e-06
4.472194859772571363e-06
4.482992267185181845e-06
4.460768650460522622e-06
4.462966671781032346e-06
4.461605158212478273e-06
4.457085992726206314e-06
4.476713002077303827e-06
4.463539767129987013e-06
4.467660119189531542e-06
4.455137514014495537e-06
4.450541837286436930e-06
4.455664566194172949e-06
4.446315074346784968e-06
4.450131200428586453e-06
4.444343176146503538e-06
4.444785190571565181e-06
4.442188924258516636e-06
4.445354534254875034e-06
4.445234822014754172e-06
4.453260089576360770e-06
4.442844442564819474e-06
4.448409299584454857e-06
4.440427915142208803e-06
4.448748541108216159e-06
4.438882342583383434e-06
4.447674200491746888e-06
4.435964228832744993e-06
4.447019932740658987e-06
4.447082346814568155e-06
4.466591803975461517e-06
4.457805289348470978e-06
4.459119963939883746e-06
4.429062073540990241e-06
4.430135049915406853e-06
4.431668230608920567e-06
4.424992994245258160e-06
4.433265303305233829e-06
4.424271992320427671e-06
4.430204626260092482e-06
4.419529204824357294e-06
4.432773380358412396e-06
4.416969545673055109e-06
4.420775098878948484e-06
4.412858402247366030e-06
4.411687541505671106e-06
4.417288209879188798e-06
4.414094291860237718e-06
4.419394826982170343e-06
4.418625962898659054e-06
4.419693595991702750e-06
4.410517931319191121e-06
4.409344228406553157e-06
4.407292863106704317e-06
4.404818696457368787e-06
