1.189940527081489563e+00
9.331061989068984985e-01
8.744725137948989868e-01
7.700446546077728271e-01
6.670380532741546631e-01
6.538415849208831787e-01
6.106081604957580566e-01
6.164218485355377197e-01
5.540488958358764648e-01
5.213755443692207336e-01
5.433612018823623657e-01
5.247165113687515259e-01
4.991439878940582275e-01
5.364885106682777405e-01
4.749094992876052856e-01
4.936673045158386230e-01
4.335261657834053040e-01
5.559665858745574951e-01
5.206629335880279541e-01
4.800439998507499695e-01
5.260511562228202820e-01
5.625222846865653992e-01
4.668490737676620483e-01
4.688335657119750977e-01
4.890783503651618958e-01
4.505145549774169922e-01
5.075793489813804626e-01
4.400145336985588074e-01
4.310858137905597687e-01
4.104366451501846313e-01
4.235348850488662720e-01
3.804461397230625153e-01
4.671832174062728882e-01
4.122608937323093414e-01
4.101273417472839355e-01
4.449533075094223022e-01
4.403485357761383057e-01
4.290279597043991089e-01
3.893325477838516235e-01
3.754085302352905273e-01
4.731604531407356262e-01
3.824744969606399536e-01
4.642439335584640503e-01
3.552589491009712219e-01
4.000299051403999329e-01
3.811648264527320862e-01
3.915206529200077057e-01
3.465834520757198334e-01
4.083310328423976898e-01
3.160914257168769836e-01
4.646097980439662933e-01
3.220027424395084381e-01
3.511762768030166626e-01
3.537335954606533051e-01
4.690226763486862183e-01
4.210220202803611755e-01
3.427517414093017578e-01
5.455929040908813477e-01
4.348808676004409790e-01
4.075641222298145294e-01
4.075292237102985382e-01
4.008811861276626587e-01
3.700603917241096497e-01
3.798047043383121490e-01
3.920289725065231323e-01
3.248550109565258026e-01
4.217682033777236938e-01
3.472097963094711304e-01
3.616826944053173065e-01
3.752821311354637146e-01
3.783673495054244995e-01
3.772113807499408722e-01
3.338497392833232880e-01
3.724916800856590271e-01
3.529610298573970795e-01
3.361241631209850311e-01
3.738007992506027222e-01
3.248345479369163513e-01
4.016418345272541046e-01
3.055743724107742310e-01
3.480692766606807709e-01
4.224306717514991760e-01
3.124457523226737976e-01
4.116156436502933502e-01
3.125641047954559326e-01
3.529301397502422333e-01
3.692621663212776184e-01
3.039683662354946136e-01
2.983267344534397125e-01
3.291062116622924805e-01
2.913616262376308441e-01
4.275835528969764709e-01
3.374182209372520447e-01
4.071069657802581787e-01
3.202860578894615173e-01
3.104577735066413879e-01
3.376089669764041901e-01
3.485107608139514923e-01
3.700032047927379608e-01
2.937397956848144531e-01
2.786808796226978302e-01
2.787721492350101471e-01
3.017529658973217010e-01
2.588180042803287506e-01
2.415335215628147125e-01
2.312615253031253815e-01
2.403852287679910660e-01
2.138777561485767365e-01
2.689006030559539795e-01
2.256045825779438019e-01
2.773503139615058899e-01
2.086187116801738739e-01
2.560121603310108185e-01
2.150538191199302673e-01
2.902275994420051575e-01
2.223019748926162720e-01
2.317615002393722534e-01
2.589737139642238617e-01
2.162401564419269562e-01
2.652804031968116760e-01
2.147707268595695496e-01
2.517716959118843079e-01
2.143567092716693878e-01
2.251121290028095245e-01
2.103433422744274139e-01
2.694076187908649445e-01
2.180977873504161835e-01
2.098502330482006073e-01
2.334399148821830750e-01
2.265972420573234558e-01
2.531751878559589386e-01
2.324314676225185394e-01
2.077309116721153259e-01
2.786638624966144562e-01
1.944188512861728668e-01
2.128759305924177170e-01
1.930989045649766922e-01
2.112302128225564957e-01
2.037392761558294296e-01
2.036976255476474762e-01
2.118857204914093018e-01
2.520819194614887238e-01
2.275079041719436646e-01
2.286875769495964050e-01
1.948259901255369186e-01
2.684578001499176025e-01
1.995918657630681992e-01
2.681286782026290894e-01
1.866618581116199493e-01
2.813714705407619476e-01
1.978967506438493729e-01
2.073927391320466995e-01
1.843979135155677795e-01
2.681155316531658173e-01
1.874019075185060501e-01
2.192698083817958832e-01
1.973348483443260193e-01
3.336437232792377472e-01
2.521634958684444427e-01
2.681714557111263275e-01
2.613418735563755035e-01
2.119458839297294617e-01
2.143574263900518417e-01
2.014254629611968994e-01
2.125227488577365875e-01
1.921480391174554825e-01
2.739740982651710510e-01
1.803191732615232468e-01
1.869247183203697205e-01
2.121467720717191696e-01
2.000754475593566895e-01
2.176178544759750366e-01
1.742983069270849228e-01
1.725122481584548950e-01
2.194167561829090118e-01
2.097887992858886719e-01
2.171701975166797638e-01
2.047674283385276794e-01
2.483279556035995483e-01
2.009302936494350433e-01
2.099522426724433899e-01
1.942899674177169800e-01
2.325473651289939880e-01
1.677905991673469543e-01
1.683651749044656754e-01
1.856133118271827698e-01
2.394982799887657166e-01
2.058658096939325333e-01
2.159294597804546356e-01
2.198399417102336884e-01
2.562054544687271118e-01
2.149119228124618530e-01
2.286568842828273773e-01
1.914580017328262329e-01
1.877212598919868469e-01
1.961162183433771133e-01
2.507570199668407440e-01
1.737089455127716064e-01
1.788281295448541641e-01
1.803198717534542084e-01
1.565939653664827347e-01
1.517693605273962021e-01
1.387316603213548660e-01
1.404840648174285889e-01
1.364149227738380432e-01
1.466427631676197052e-01
1.385527290403842926e-01
1.515621840953826904e-01
1.300080716609954834e-01
1.447489708662033081e-01
1.329545378684997559e-01
1.474349610507488251e-01
1.290273685008287430e-01
1.424743663519620895e-01
1.290400773286819458e-01
1.504795979708433151e-01
1.272771600633859634e-01
1.427359990775585175e-01
1.281347833573818207e-01
1.476921606808900833e-01
1.260611210018396378e-01
1.434634830802679062e-01
1.260250918567180634e-01
1.461554300040006638e-01
1.251975502818822861e-01
1.435755249112844467e-01
1.244198530912399292e-01
1.453092135488986969e-01
1.247401125729084015e-01
1.466222014278173447e-01
1.228897459805011749e-01
1.448639575392007828e-01
1.232005860656499863e-01
1.429994404315948486e-01
1.227223742753267288e-01
1.433291397988796234e-01
1.217379979789257050e-01
1.444101016968488693e-01
1.211458556354045868e-01
1.427096407860517502e-01
1.210500933229923248e-01
1.426191683858633041e-01
1.203074138611555099e-01
1.417024657130241394e-01
1.197863370180130005e-01
1.423413231968879700e-01
1.193564105778932571e-01
1.412339657545089722e-01
1.190078184008598328e-01
1.400310508906841278e-01
1.188335660845041275e-01
1.433293558657169342e-01
1.175356842577457428e-01
1.390962656587362289e-01
1.181984636932611465e-01
1.404331196099519730e-01
1.170392017811536789e-01
1.390723194926977158e-01
1.167590320110321045e-01
1.410012114793062210e-01
1.164652127772569656e-01
1.382901668548583984e-01
1.160309948027133942e-01
1.389063708484172821e-01
1.156261619180440903e-01
1.382359359413385391e-01
1.151191312819719315e-01
1.388542763888835907e-01
1.149249784648418427e-01
1.374114565551280975e-01
1.145002599805593491e-01
1.373931281268596649e-01
1.140694543719291687e-01
1.370728909969329834e-01
1.137237902730703354e-01
1.370285134762525558e-01
1.134214662015438080e-01
1.362727861851453781e-01
1.130584049969911575e-01
1.359644010663032532e-01
1.126817241311073303e-01
1.358082909137010574e-01
1.123070474714040756e-01
1.353935375809669495e-01
1.120766941457986832e-01
1.350825857371091843e-01
1.116232387721538544e-01
1.344963796436786652e-01
1.113940086215734482e-01
1.344682797789573669e-01
1.109501793980598450e-01
1.338864527642726898e-01
1.107399780303239822e-01
1.337227635085582733e-01
1.103305928409099579e-01
1.331574693322181702e-01
1.100410278886556625e-01
1.329680308699607849e-01
1.097198855131864548e-01
1.325971893966197968e-01
1.061032079160213470e-01
1.015157820656895638e-01
9.659348987042903900e-02
9.459196776151657104e-02
9.958476759493350983e-02
9.661364089697599411e-02
9.738091938197612762e-02
9.552969690412282944e-02
9.150063898414373398e-02
9.672677423804998398e-02
9.253134578466415405e-02
9.868327062577009201e-02
9.174126759171485901e-02
9.463424887508153915e-02
9.191111940890550613e-02
9.737634565681219101e-02
9.042337629944086075e-02
9.550754725933074951e-02
9.322295803576707840e-02
9.748582076281309128e-02
9.125276841223239899e-02
9.544593468308448792e-02
9.240462537854909897e-02
9.554550517350435257e-02
9.207875374704599380e-02
9.774763137102127075e-02
9.246642235666513443e-02
9.548035636544227600e-02
9.191497229039669037e-02
9.614442940801382065e-02
9.117495641112327576e-02
9.547109436243772507e-02
9.195701312273740768e-02
9.575538150966167450e-02
9.117780905216932297e-02
9.516631066799163818e-02
9.144949633628129959e-02
9.532018471509218216e-02
9.103425685316324234e-02
9.535888582468032837e-02
9.117830358445644379e-02
9.453121107071638107e-02
9.082623198628425598e-02
9.484712313860654831e-02
9.077916759997606277e-02
9.419266786426305771e-02
9.074430447071790695e-02
9.417991060763597488e-02
9.052003920078277588e-02
9.362650848925113678e-02
9.044739324599504471e-02
9.345997218042612076e-02
9.012759104371070862e-02
9.344059415161609650e-02
8.993029408156871796e-02
9.336997475475072861e-02
8.962193783372640610e-02
9.343489352613687515e-02
8.935207501053810120e-02
9.321508090943098068e-02
8.915879670530557632e-02
9.315377846360206604e-02
8.902885951101779938e-02
9.300548303872346878e-02
8.897255081683397293e-02
9.277639444917440414e-02
8.892232645303010941e-02
9.249703586101531982e-02
8.893704693764448166e-02
9.201640821993350983e-02
8.888435643166303635e-02
9.168327413499355316e-02
8.871852979063987732e-02
9.183411579579114914e-02
8.853110019117593765e-02
9.227784164249897003e-02
8.822144102305173874e-02
9.232665505260229111e-02
8.780889306217432022e-02
9.215783420950174332e-02
8.758117631077766418e-02
9.204958379268646240e-02
8.755211066454648972e-02
9.184059407562017441e-02
8.752264082431793213e-02
9.156460966914892197e-02
8.745648711919784546e-02
9.125921409577131271e-02
8.741613384336233139e-02
9.092789608985185623e-02
8.737101871520280838e-02
9.071236010640859604e-02
8.725054841488599777e-02
9.068921674042940140e-02
8.705240208655595779e-02
9.077223576605319977e-02
8.679724670946598053e-02
9.081627801060676575e-02
8.651702199131250381e-02
9.078356903046369553e-02
8.489264827221632004e-02
8.025142177939414978e-02
7.995273265987634659e-02
7.963460125029087067e-02
7.890154235064983368e-02
7.820879667997360229e-02
7.802366325631737709e-02
7.782911136746406555e-02
7.765809772536158562e-02
7.744105625897645950e-02
7.726707775145769119e-02
7.717968104407191277e-02
7.705429755151271820e-02
7.697887765243649483e-02
7.686111656948924065e-02
7.678474346175789833e-02
7.672487339004874229e-02
7.658945815637707710e-02
7.656758325174450874e-02
7.645027246326208115e-02
7.638932904228568077e-02
7.632532762363553047e-02
7.622808637097477913e-02
7.617682218551635742e-02
7.608405407518148422e-02
7.605881569907069206e-02
7.593399053439497948e-02
7.605908205732703209e-02
7.592023070901632309e-02
7.636873563751578331e-02
7.585683697834610939e-02
7.604836719110608101e-02
7.557838596403598785e-02
7.558537041768431664e-02
7.549349591135978699e-02
7.541628135368227959e-02
7.543790061026811600e-02
7.542332448065280914e-02
7.539341598749160767e-02
7.536321552470326424e-02
7.521742070093750954e-02
7.518042484298348427e-02
7.504951627925038338e-02
7.503527961671352386e-02
7.497161021456122398e-02
7.492246618494391441e-02
7.490947889164090157e-02
7.476239465177059174e-02
7.481429167091846466e-02
7.459869422018527985e-02
7.472939835861325264e-02
7.446660427376627922e-02
7.465274678543210030e-02
7.433948665857315063e-02
7.455947110429406166e-02
7.420700509101152420e-02
7.446291670203208923e-02
7.407757872715592384e-02
7.437611324712634087e-02
7.394869346171617508e-02
7.429257594048976898e-02
7.381664169952273369e-02
7.421062979847192764e-02
7.368559995666146278e-02
7.413213420659303665e-02
7.355560362339019775e-02
7.405475107952952385e-02
7.342848181724548340e-02
7.397577771916985512e-02
7.330366410315036774e-02
7.389508793130517006e-02
7.318109693005681038e-02
7.381347753107547760e-02
7.306106481701135635e-02
7.373137306421995163e-02
7.294317381456494331e-02
7.364898454397916794e-02
7.282736292108893394e-02
7.356680510565638542e-02
7.271453831344842911e-02
7.348491996526718140e-02
7.260516937822103500e-02
7.340374728664755821e-02
7.250072481110692024e-02
7.332333968952298164e-02
7.240204652771353722e-02
7.324427831918001175e-02
7.231142884120345116e-02
7.316815713420510292e-02
7.223106408491730690e-02
7.309644250199198723e-02
7.216455694288015366e-02
7.303171278908848763e-02
7.211529882624745369e-02
7.297771377488970757e-02
7.208802690729498863e-02
7.293759984895586967e-02
7.208509184420108795e-02
7.291353959590196609e-02
7.210535788908600807e-02
7.223663479089736938e-02
7.090876763686537743e-02
7.077431119978427887e-02
7.074964791536331177e-02
7.078107632696628571e-02
7.061337120831012726e-02
7.041647657752037048e-02
7.054458837956190109e-02
7.048568781465291977e-02
7.034448254853487015e-02
7.036743732169270515e-02
7.035573199391365051e-02
7.027337886393070221e-02
7.025120640173554420e-02
7.023889105767011642e-02
7.018330274149775505e-02
7.015203684568405151e-02
7.013408001512289047e-02
7.009009970352053642e-02
7.005561143159866333e-02
7.003263058140873909e-02
6.999471457675099373e-02
6.995854480192065239e-02
6.993182236328721046e-02
6.989777227863669395e-02
6.986175617203116417e-02
6.983178574591875076e-02
6.979968072846531868e-02
6.976477941498160362e-02
6.973253563046455383e-02
6.970041617751121521e-02
6.966672791168093681e-02
6.963370367884635925e-02
6.960092624649405479e-02
6.956773437559604645e-02
6.953438278287649155e-02
6.950139068067073822e-02
6.946806563064455986e-02
6.943480111658573151e-02
6.940139504149556160e-02
6.936800060793757439e-02
6.933452980592846870e-02
6.930100964382290840e-02
6.926742987707257271e-02
6.923364102840423584e-02
6.920007197186350822e-02
6.916633341461420059e-02
6.913239974528551102e-02
6.909849448129534721e-02
6.906458362936973572e-02
6.903052888810634613e-02
6.899642152711749077e-02
6.896227970719337463e-02
6.892797909677028656e-02
6.889353366568684578e-02
6.885923678055405617e-02
6.882468797266483307e-02
6.879015360027551651e-02
6.875555356964468956e-02
6.872074725106358528e-02
6.868582731112837791e-02
6.865103822201490402e-02
6.861597066745162010e-02
6.858080625534057617e-02
6.854563485831022263e-02
6.851020595058798790e-02
6.847487902268767357e-02
6.843931926414370537e-02
6.840363657101988792e-02
6.836795061826705933e-02
6.833208538591861725e-02
6.829611258581280708e-02
6.826010951772332191e-02
6.822387455031275749e-02
6.818764656782150269e-02
6.815125979483127594e-02
6.811477197334170341e-02
6.807816214859485626e-02
6.804145360365509987e-02
6.800482375547289848e-02
6.796790333464741707e-02
6.793110352009534836e-02
6.789422687143087387e-02
6.785707268863916397e-02
6.782016251236200333e-02
6.778316246345639229e-02
6.774606928229331970e-02
6.770920287817716599e-02
6.767225405201315880e-02
6.763544119894504547e-02
6.759865768253803253e-02
6.756197428330779076e-02
6.752535747364163399e-02
6.748897349461913109e-02
6.745261698961257935e-02
6.741647468879818916e-02
6.738031283020973206e-02
6.734441313892602921e-02
6.730856746435165405e-02
6.727276230230927467e-02
6.697281356900930405e-02
6.696154130622744560e-02
6.694140424951910973e-02
6.691927928477525711e-02
6.690142815932631493e-02
6.688589695841073990e-02
6.686821766197681427e-02
6.684908224269747734e-02
6.683086603879928589e-02
6.681337906047701836e-02
6.679591536521911621e-02
6.677810940891504288e-02
6.676012556999921799e-02
6.674219807609915733e-02
6.672438047826290131e-02
6.670633424073457718e-02
6.668836204335093498e-02
6.667039915919303894e-02
6.665235385298728943e-02
6.663441937416791916e-02
6.661639129742980003e-02
6.659837253391742706e-02
6.658037612214684486e-02
6.656227959319949150e-02
6.654410995543003082e-02
6.652604788541793823e-02
6.650801515206694603e-02
6.648989068344235420e-02
6.647160788998007774e-02
6.645343312993645668e-02
6.643529376015067101e-02
6.641712412238121033e-02
6.639868160709738731e-02
6.638040952384471893e-02
6.636218819767236710e-02
6.634381040930747986e-02
6.632543867453932762e-02
6.630699522793292999e-02
6.628871569409966469e-02
6.627023033797740936e-02
6.625176034867763519e-02
6.623327219858765602e-02
6.621484924107789993e-02
6.619632150977849960e-02
6.617779331281781197e-02
6.615920970216393471e-02
6.614051433280110359e-02
6.612201966345310211e-02
6.610333640128374100e-02
6.608472345396876335e-02
6.606613146141171455e-02
6.604725262150168419e-02
6.602846551686525345e-02
6.600983161479234695e-02
6.599093833938241005e-02
6.597210001200437546e-02
6.595334969460964203e-02
6.593442708253860474e-02
6.591556593775749207e-02
6.589664192870259285e-02
6.587772909551858902e-02
6.585889030247926712e-02
6.583985360339283943e-02
6.582073960453271866e-02
6.580171408131718636e-02
6.578268017619848251e-02
6.576357642188668251e-02
6.574445543810725212e-02
6.572533166036009789e-02
6.570615060627460480e-02
6.568697048351168633e-02
6.566780246794223785e-02
6.564845982939004898e-02
6.562925409525632858e-02
6.560999294742941856e-02
6.559061724692583084e-02
6.557131744921207428e-02
6.555187189951539040e-02
6.553256791085004807e-02
6.551303667947649956e-02
6.549358647316694260e-02
6.547423219308257103e-02
6.545466138049960136e-02
6.543523492291569710e-02
6.541556445881724358e-02
6.539600249379873276e-02
6.537642749026417732e-02
6.535679101943969727e-02
6.533721834421157837e-02
6.531742075458168983e-02
6.529772980138659477e-02
6.527809100225567818e-02
6.525819934904575348e-02
6.523848418146371841e-02
6.521857762709259987e-02
6.519882753491401672e-02
6.517893262207508087e-02
6.515906145796179771e-02
6.513917073607444763e-02
6.511920224875211716e-02
6.496245786547660828e-02
6.495442101731896400e-02
6.494452152401208878e-02
6.493364181369543076e-02
6.492264010012149811e-02
6.491259764879941940e-02
6.490276893600821495e-02
6.489294907078146935e-02
6.488277344033122063e-02
6.487247906625270844e-02
6.486219121143221855e-02
6.485198903828859329e-02
6.484193122014403343e-02
6.483176955953240395e-02
6.482158880680799484e-02
6.481138616800308228e-02
6.480112951248884201e-02
6.479086074978113174e-02
6.478057987987995148e-02
6.477033998817205429e-02
6.476004142314195633e-02
6.474970094859600067e-02
6.473932648077607155e-02
6.472901534289121628e-02
6.471869023516774178e-02
6.470830133184790611e-02
6.469787470996379852e-02
6.468741595745086670e-02
6.467709923163056374e-02
6.466667028144001961e-02
6.465616542845964432e-02
6.464575883001089096e-02
6.463526887819170952e-02
6.462481105700135231e-02
6.461420934647321701e-02
6.460375199094414711e-02
6.459317263215780258e-02
6.458264729008078575e-02
6.457212753593921661e-02
6.456150207668542862e-02
6.455087056383490562e-02
6.454026093706488609e-02
6.452967086806893349e-02
6.451897462829947472e-02
6.450833613052964211e-02
6.449765106663107872e-02
6.448703724890947342e-02
6.447630561888217926e-02
6.446560937911272049e-02
6.445472687482833862e-02
6.444410933181643486e-02
6.443328084424138069e-02
6.442256132140755653e-02
6.441166158765554428e-02
6.440095370635390282e-02
6.439011264592409134e-02
6.437924830242991447e-02
6.436833599582314491e-02
6.435750890523195267e-02
6.434667296707630157e-02
6.433572713285684586e-02
6.432479713112115860e-02
6.431387597694993019e-02
6.430291431024670601e-02
6.429198803380131721e-02
6.428091134876012802e-02
6.426999671384692192e-02
6.425891211256384850e-02
6.424794718623161316e-02
6.423689424991607666e-02
6.422574771568179131e-02
6.421476509422063828e-02
6.420369492843747139e-02
6.419259682297706604e-02
6.418138649314641953e-02
6.417023437097668648e-02
6.415914790704846382e-02
6.414792826399207115e-02
6.413675099611282349e-02
6.412556767463684082e-02
6.411440391093492508e-02
6.410308275371789932e-02
6.409180397167801857e-02
6.408062763512134552e-02
6.406923616304993629e-02
6.405798811465501785e-02
6.404668232426047325e-02
6.403537048026919365e-02
6.402395153418183327e-02
6.401260802522301674e-02
6.400122400373220444e-02
6.398979993537068367e-02
6.397837167605757713e-02
6.396690243855118752e-02
6.395551608875393867e-02
6.394409853965044022e-02
6.393251381814479828e-02
6.392106553539633751e-02
6.390952644869685173e-02
6.389816477894783020e-02
6.381601002067327499e-02
6.381061905995011330e-02
6.380507722496986389e-02
6.379917543381452560e-02
6.379312509670853615e-02
6.378726148977875710e-02
6.378136854618787766e-02
6.377545744180679321e-02
6.376964226365089417e-02
6.376378424465656281e-02
6.375798070803284645e-02
6.375199509784579277e-02
6.374628376215696335e-02
6.374030280858278275e-02
6.373440753668546677e-02
6.372839724645018578e-02
6.372253084555268288e-02
6.371662300080060959e-02
6.371064437553286552e-02
6.370469462126493454e-02
6.369877001270651817e-02
6.369296694174408913e-02
6.368688680231571198e-02
6.368089467287063599e-02
6.367485364899039268e-02
6.366891413927078247e-02
6.366287032142281532e-02
6.365688238292932510e-02
6.365091539919376373e-02
6.364481709897518158e-02
6.363881519064307213e-02
6.363273737952113152e-02
6.362667353823781013e-02
6.362057896330952644e-02
6.361461523920297623e-02
6.360855512320995331e-02
6.360233575105667114e-02
6.359629239886999130e-02
6.359015125781297684e-02
6.358411861583590508e-02
6.357788667082786560e-02
6.357179209589958191e-02
6.356571940705180168e-02
6.355956429615616798e-02
6.355343014001846313e-02
6.354717630892992020e-02
6.354106543585658073e-02
6.353474687784910202e-02
6.352865928784012794e-02
6.352247856557369232e-02
6.351626338437199593e-02
6.350992806255817413e-02
6.350370589643716812e-02
6.349753215909004211e-02
6.349125271663069725e-02
6.348495557904243469e-02
6.347878975793719292e-02
6.347248470410704613e-02
6.346616288647055626e-02
6.345977168530225754e-02
6.345356674864888191e-02
6.344717601314187050e-02
6.344096036627888680e-02
6.343468837440013885e-02
6.342833908274769783e-02
6.342188920825719833e-02
6.341554829850792885e-02
6.340920319780707359e-02
6.340275239199399948e-02
6.339646037667989731e-02
6.339003192260861397e-02
6.338356761261820793e-02
6.337717082351446152e-02
6.337072560563683510e-02
6.336438050493597984e-02
6.335783936083316803e-02
6.335147423669695854e-02
6.334496987983584404e-02
6.333853723481297493e-02
6.333193229511380196e-02
6.332551874220371246e-02
6.331889051944017410e-02
6.331248534843325615e-02
6.330594653263688087e-02
6.329951621592044830e-02
6.329290289431810379e-02
6.328635476529598236e-02
6.327978754416108131e-02
6.327313557267189026e-02
6.326665775850415230e-02
6.326003372669219971e-02
6.325345113873481750e-02
6.324678752571344376e-02
6.324024824425578117e-02
6.323362840339541435e-02
6.322691496461629868e-02
6.322038266807794571e-02
6.321364501491189003e-02
6.320711039006710052e-02
6.320032710209488869e-02
6.315743224695324898e-02
6.315415073186159134e-02
6.315079424530267715e-02
6.314738374203443527e-02
6.314416229724884033e-02
6.314080022275447845e-02
6.313734548166394234e-02
6.313392613083124161e-02
6.313052494078874588e-02
6.312713632360100746e-02
6.312370114028453827e-02
6.312028691172599792e-02
6.311688153073191643e-02
6.311360979452729225e-02
6.311005447059869766e-02
6.310668634250760078e-02
6.310329213738441467e-02
6.309989327564835548e-02
6.309649301692843437e-02
6.309305736795067787e-02
6.308957980945706367e-02
6.308611715212464333e-02
6.308277091011404991e-02
6.307925656437873840e-02
6.307580601423978806e-02
6.307229120284318924e-02
6.306881411001086235e-02
6.306527322158217430e-02
6.306197121739387512e-02
6.305844569578766823e-02
6.305499654263257980e-02
6.305153295397758484e-02
6.304801627993583679e-02
6.304448051378130913e-02
6.304099038243293762e-02
6.303742621093988419e-02
6.303394725546240807e-02
6.303043011575937271e-02
6.302686408162117004e-02
6.302335765212774277e-02
6.301989965140819550e-02
6.301639555022120476e-02
6.301276339218020439e-02
6.300922576338052750e-02
6.300568673759698868e-02
6.300213048234581947e-02
6.299858214333653450e-02
6.299504218623042107e-02
6.299147149547934532e-02
6.298791104927659035e-02
6.298425327986478806e-02
6.298066768795251846e-02
6.297712167724967003e-02
6.297355750575661659e-02
6.296990392729640007e-02
6.296629132702946663e-02
6.296264287084341049e-02
6.295910989865660667e-02
6.295545445755124092e-02
6.295184371992945671e-02
6.294832006096839905e-02
6.294463202357292175e-02
6.294091651216149330e-02
6.293733231723308563e-02
6.293369643390178680e-02
6.293006101623177528e-02
6.292643118649721146e-02
6.292279949411749840e-02
6.291909003630280495e-02
6.291543925181031227e-02
6.291172234341502190e-02
6.290805339813232422e-02
6.290436582639813423e-02
6.290064938366413116e-02
6.289692176505923271e-02
6.289328355342149734e-02
6.288961786776781082e-02
6.288599455729126930e-02
6.288223620504140854e-02
6.287840846925973892e-02
6.287471903488039970e-02
6.287100771442055702e-02
6.286724144592881203e-02
6.286350311711430550e-02
6.285985466092824936e-02
6.285604694858193398e-02
6.285226484760642052e-02
6.284854467958211899e-02
6.284476676955819130e-02
6.284098373726010323e-02
6.283721840009093285e-02
6.283339438959956169e-02
6.282965978607535362e-02
6.282590655609965324e-02
6.282210769131779671e-02
6.281827716156840324e-02
6.281442753970623016e-02
6.281061051413416862e-02
6.280685635283589363e-02
6.280302116647362709e-02
