6.420285701751708984e-01
6.324082612991333008e-01
5.984916090965270996e-01
5.812813639640808105e-01
6.170388460159301758e-01
5.507761240005493164e-01
5.355218052864074707e-01
5.101057887077331543e-01
4.889131188392639160e-01
4.624334573745727539e-01
4.615066349506378174e-01
4.618188440799713135e-01
4.378041625022888184e-01
4.423222243785858154e-01
4.354065358638763428e-01
4.266144335269927979e-01
4.850940704345703125e-01
4.147517681121826172e-01
4.321650266647338867e-01
4.854460656642913818e-01
4.433830976486206055e-01
4.271211922168731689e-01
4.275812804698944092e-01
3.989320993423461914e-01
4.174082875251770020e-01
4.155921041965484619e-01
4.067031741142272949e-01
3.920017778873443604e-01
3.749383091926574707e-01
3.747350275516510010e-01
3.614345490932464600e-01
4.184650182723999023e-01
3.575869798660278320e-01
3.561891615390777588e-01
3.758705854415893555e-01
3.803298771381378174e-01
3.820534944534301758e-01
3.784576058387756348e-01
3.433425724506378174e-01
4.056943655014038086e-01
3.499099612236022949e-01
3.894112408161163330e-01
3.423350453376770020e-01
3.446994721889495850e-01
3.450512886047363281e-01
3.390950560569763184e-01
3.233305215835571289e-01
3.754662871360778809e-01
3.271300196647644043e-01
4.392642080783843994e-01
3.167423009872436523e-01
3.383427262306213379e-01
2.911265194416046143e-01
4.066880643367767334e-01
3.775158524513244629e-01
3.421289026737213135e-01
5.086746215820312500e-01
4.126185476779937744e-01
3.474087119102478027e-01
3.602013289928436279e-01
3.440943062305450439e-01
3.426979482173919678e-01
3.525485992431640625e-01
3.540393710136413574e-01
3.279630243778228760e-01
3.875111639499664307e-01
3.274954259395599365e-01
3.063636422157287598e-01
3.421521782875061035e-01
3.395019173622131348e-01
3.578320145606994629e-01
3.087967336177825928e-01
3.478836417198181152e-01
3.088607192039489746e-01
3.295519053936004639e-01
3.264926075935363770e-01
3.221237361431121826e-01
3.605956435203552246e-01
3.031341433525085449e-01
3.095961213111877441e-01
3.556194901466369629e-01
3.109710514545440674e-01
3.661197721958160400e-01
3.064801394939422607e-01
3.231292665004730225e-01
3.770339190959930420e-01
2.924700975418090820e-01
3.304285407066345215e-01
2.897244095802307129e-01
3.085448443889617920e-01
3.440456390380859375e-01
3.030938506126403809e-01
3.858208060264587402e-01
3.109436631202697754e-01
2.893145978450775146e-01
3.349605202674865723e-01
3.119906485080718994e-01
3.510611951351165771e-01
2.669157087802886963e-01
2.933072149753570557e-01
2.902633845806121826e-01
3.109163343906402588e-01
2.560692727565765381e-01
2.571329772472381592e-01
2.544639110565185547e-01
2.491860389709472656e-01
2.490113824605941772e-01
2.793891131877899170e-01
2.587367594242095947e-01
2.869945764541625977e-01
2.438097000122070312e-01
2.431127279996871948e-01
2.594135701656341553e-01
2.834980785846710205e-01
2.394866496324539185e-01
2.305336296558380127e-01
2.862176001071929932e-01
2.210108935832977295e-01
2.614908814430236816e-01
2.147497385740280151e-01
2.681471705436706543e-01
2.148667275905609131e-01
2.390798181295394897e-01
2.208649814128875732e-01
3.000786602497100830e-01
2.168242335319519043e-01
2.211448550224304199e-01
2.388398349285125732e-01
2.256836593151092529e-01
2.566643953323364258e-01
2.281198501586914062e-01
2.079135030508041382e-01
3.037219643592834473e-01
2.262580096721649170e-01
2.054545134305953979e-01
1.998401433229446411e-01
2.303874939680099487e-01
2.052662968635559082e-01
2.352427244186401367e-01
2.133312225341796875e-01
2.618046998977661133e-01
2.155493050813674927e-01
2.077989280223846436e-01
2.066711038351058960e-01
2.725076675415039062e-01
2.152571082115173340e-01
2.450000196695327759e-01
2.095372080802917480e-01
2.880370914936065674e-01
2.019566744565963745e-01
2.034506499767303467e-01
1.988003253936767578e-01
2.783145606517791748e-01
1.957470029592514038e-01
2.235259711742401123e-01
2.323685586452484131e-01
3.474355340003967285e-01
2.474038302898406982e-01
1.868645250797271729e-01
2.729580998420715332e-01
2.276867628097534180e-01
1.975535303354263306e-01
2.223414629697799683e-01
2.157161980867385864e-01
2.045385688543319702e-01
2.850919961929321289e-01
1.982418447732925415e-01
1.866057962179183960e-01
2.123038172721862793e-01
2.034553140401840210e-01
2.400332391262054443e-01
1.857897490262985229e-01
2.008073925971984863e-01
2.085830420255661011e-01
2.004021406173706055e-01
2.442198693752288818e-01
1.855758577585220337e-01
2.541893124580383301e-01
1.843654215335845947e-01
2.074797004461288452e-01
1.942608952522277832e-01
2.551180124282836914e-01
1.948486268520355225e-01
1.796728074550628662e-01
1.770210415124893188e-01
2.223155498504638672e-01
1.898663640022277832e-01
2.048385590314865112e-01
2.290571331977844238e-01
2.276203036308288574e-01
1.991128921508789062e-01
1.984667330980300903e-01
1.855688095092773438e-01
2.088048160076141357e-01
1.836708784103393555e-01
2.430946230888366699e-01
1.910059750080108643e-01
1.719612479209899902e-01
2.054624557495117188e-01
1.759103983640670776e-01
1.900537461042404175e-01
1.763664036989212036e-01
1.750921607017517090e-01
1.715758442878723145e-01
1.923259645700454712e-01
1.701923161745071411e-01
1.881930828094482422e-01
1.734422594308853149e-01
1.810554862022399902e-01
1.685693264007568359e-01
1.869604438543319702e-01
1.659727841615676880e-01
1.794242858886718750e-01
1.654708832502365112e-01
1.879923045635223389e-01
1.642315834760665894e-01
1.798465996980667114e-01
1.638776510953903198e-01
1.858738511800765991e-01
1.626119315624237061e-01
1.809131652116775513e-01
1.622705459594726562e-01
1.844757795333862305e-01
1.615525037050247192e-01
1.815448403358459473e-01
1.610135287046432495e-01
1.833848506212234497e-01
1.601155102252960205e-01
1.828824728727340698e-01
1.593169122934341431e-01
1.828392297029495239e-01
1.581727862358093262e-01
1.820113658905029297e-01
1.587002724409103394e-01
1.815725713968276978e-01
1.590180993080139160e-01
1.818479150533676147e-01
1.577193737030029297e-01
1.808999925851821899e-01
1.576936244964599609e-01
1.809919923543930054e-01
1.566656529903411865e-01
1.799671947956085205e-01
1.579278856515884399e-01
1.799215972423553467e-01
1.559756696224212646e-01
1.808448582887649536e-01
1.557967513799667358e-01
1.777350157499313354e-01
1.560860723257064819e-01
1.809832304716110229e-01
1.549740731716156006e-01
1.773989051580429077e-01
1.544545888900756836e-01
1.797164827585220337e-01
1.545228511095046997e-01
1.767449527978897095e-01
1.542921662330627441e-01
1.790953427553176880e-01
1.535649448633193970e-01
1.765588372945785522e-01
1.531012207269668579e-01
1.778073608875274658e-01
1.528766900300979614e-01
1.761394888162612915e-01
1.528019905090332031e-01
1.769175827503204346e-01
1.520178020000457764e-01
1.758981794118881226e-01
1.518103182315826416e-01
1.757866293191909790e-01
1.514149606227874756e-01
1.753328293561935425e-01
1.513222604990005493e-01
1.750193387269973755e-01
1.507177948951721191e-01
1.747948378324508667e-01
1.504305005073547363e-01
1.741885691881179810e-01
1.501022279262542725e-01
1.740760356187820435e-01
1.498064845800399780e-01
1.735010296106338501e-01
1.494344174861907959e-01
1.733849644660949707e-01
1.490473896265029907e-01
1.727612912654876709e-01
1.487689316272735596e-01
1.726335287094116211e-01
1.484095305204391479e-01
1.720580011606216431e-01
1.480912864208221436e-01
1.718977391719818115e-01
1.477117240428924561e-01
1.713662147521972656e-01
1.474062055349349976e-01
1.711077839136123657e-01
1.470666676759719849e-01
1.707156300544738770e-01
1.467499434947967529e-01
1.521089673042297363e-01
1.459598690271377563e-01
1.448597908020019531e-01
1.422977596521377563e-01
1.457137465476989746e-01
1.477239429950714111e-01
1.454696059226989746e-01
1.437603831291198730e-01
1.464584320783615112e-01
1.357096582651138306e-01
1.482651531696319580e-01
1.427384465932846069e-01
1.427793949842453003e-01
1.393706649541854858e-01
1.458643078804016113e-01
1.411636918783187866e-01
1.452085077762603760e-01
1.370014995336532593e-01
1.459355652332305908e-01
1.433877348899841309e-01
1.449913978576660156e-01
1.395219713449478149e-01
1.440846920013427734e-01
1.391136646270751953e-01
1.457283347845077515e-01
1.407086700201034546e-01
1.439476758241653442e-01
1.391614824533462524e-01
1.440188586711883545e-01
1.390852034091949463e-01
1.435604244470596313e-01
1.381715983152389526e-01
1.437375098466873169e-01
1.395320445299148560e-01
1.431996822357177734e-01
1.377923041582107544e-01
1.430307775735855103e-01
1.383813470602035522e-01
1.427781134843826294e-01
1.378785520792007446e-01
1.421643197536468506e-01
1.376929134130477905e-01
1.420514881610870361e-01
1.376548558473587036e-01
1.414112597703933716e-01
1.373114138841629028e-01
1.411354094743728638e-01
1.374215334653854370e-01
1.406271755695343018e-01
1.369916349649429321e-01
1.404250115156173706e-01
1.367850303649902344e-01
1.404886394739151001e-01
1.363792419433593750e-01
1.405215859413146973e-01
1.360279321670532227e-01
1.405466943979263306e-01
1.357438117265701294e-01
1.403645128011703491e-01
1.354334801435470581e-01
1.402028501033782959e-01
1.353108733892440796e-01
1.399268358945846558e-01
1.352083534002304077e-01
1.394877582788467407e-01
1.351649910211563110e-01
1.389406919479370117e-01
1.351633369922637939e-01
1.383473426103591919e-01
1.350845545530319214e-01
1.380676180124282837e-01
1.347743421792984009e-01
1.382485628128051758e-01
1.343439370393753052e-01
1.385766267776489258e-01
1.339465826749801636e-01
1.386134922504425049e-01
1.335103362798690796e-01
1.384776979684829712e-01
1.331580281257629395e-01
1.382907480001449585e-01
1.330597847700119019e-01
1.379737257957458496e-01
1.330595910549163818e-01
1.375364363193511963e-01
1.330078989267349243e-01
1.370371133089065552e-01
1.329270452260971069e-01
1.366325914859771729e-01
1.328184455633163452e-01
1.364139765501022339e-01
1.326243430376052856e-01
1.363521665334701538e-01
1.323142349720001221e-01
1.363954991102218628e-01
1.319414079189300537e-01
1.364445835351943970e-01
1.315712779760360718e-01
1.364455074071884155e-01
1.312301754951477051e-01
1.313897222280502319e-01
1.315712481737136841e-01
1.293988078832626343e-01
1.289753764867782593e-01
1.278110593557357788e-01
1.281972378492355347e-01
1.289476603269577026e-01
1.277981698513031006e-01
1.283999979496002197e-01
1.284952461719512939e-01
1.276772320270538330e-01
1.279061436653137207e-01
1.276867240667343140e-01
1.275798976421356201e-01
1.275437921285629272e-01
1.273815482854843140e-01
1.272619366645812988e-01
1.272073686122894287e-01
1.269724071025848389e-01
1.269604265689849854e-01
1.268367022275924683e-01
1.267161369323730469e-01
1.266912370920181274e-01
1.264566779136657715e-01
1.265699416399002075e-01
1.261548995971679688e-01
1.265643239021301270e-01
1.256931722164154053e-01
1.268449425697326660e-01
1.253044605255126953e-01
1.266637593507766724e-01
1.255523562431335449e-01
1.260786652565002441e-01
1.254997849464416504e-01
1.258135139942169189e-01
1.252705752849578857e-01
1.256972998380661011e-01
1.249992847442626953e-01
1.256750673055648804e-01
1.248127520084381104e-01
1.254658997058868408e-01
1.246915385127067566e-01
1.252882778644561768e-01
1.245248168706893921e-01
1.251353472471237183e-01
1.244220137596130371e-01
1.249338984489440918e-01
1.243315860629081726e-01
1.247099637985229492e-01
1.242253556847572327e-01
1.245193108916282654e-01
1.240973845124244690e-01
1.243546828627586365e-01
1.239790618419647217e-01
1.241841316223144531e-01
1.238600164651870728e-01
1.240193024277687073e-01
1.237429380416870117e-01
1.238528415560722351e-01
1.236354634165763855e-01
1.236815825104713440e-01
1.235353797674179077e-01
1.235072687268257141e-01
1.234400495886802673e-01
1.233353987336158752e-01
1.233460977673530579e-01
1.231645196676254272e-01
1.232533976435661316e-01
1.229968070983886719e-01
1.231602281332015991e-01
1.228317543864250183e-01
1.230680048465728760e-01
1.226693093776702881e-01
1.229775026440620422e-01
1.225077882409095764e-01
1.228895038366317749e-01
1.223467439413070679e-01
1.228054463863372803e-01
1.221856102347373962e-01
1.227260529994964600e-01
1.220245361328125000e-01
1.226516216993331909e-01
1.218626201152801514e-01
1.225838512182235718e-01
1.217008084058761597e-01
1.225233823060989380e-01
1.215387731790542603e-01
1.224731057882308960e-01
1.213774904608726501e-01
1.224350407719612122e-01
1.212173253297805786e-01
1.224124133586883545e-01
1.210604831576347351e-01
1.224077567458152771e-01
1.209103465080261230e-01
1.224219501018524170e-01
1.207709759473800659e-01
1.224520429968833923e-01
1.206484287977218628e-01
1.224882006645202637e-01
1.212767735123634338e-01
1.206488087773323059e-01
1.213465481996536255e-01
1.209842637181282043e-01
1.204463914036750793e-01
1.208679750561714172e-01
1.209059208631515503e-01
1.206145063042640686e-01
1.207516416907310486e-01
1.207894012331962585e-01
1.206253990530967712e-01
1.206223815679550171e-01
1.206064745783805847e-01
1.205195561051368713e-01
1.205122470855712891e-01
1.204937696456909180e-01
1.204385533928871155e-01
1.204189658164978027e-01
1.203880086541175842e-01
1.203412786126136780e-01
1.203136593103408813e-01
1.202777102589607239e-01
1.202387437224388123e-01
1.202121004462242126e-01
1.201765015721321106e-01
1.201396733522415161e-01
1.201109886169433594e-01
1.200747489929199219e-01
1.200378164649009705e-01
1.200076267123222351e-01
1.199727281928062439e-01
1.199374943971633911e-01
1.199066117405891418e-01
1.198727563023567200e-01
1.198384985327720642e-01
1.198064982891082764e-01
1.197726950049400330e-01
1.197387501597404480e-01
1.197063773870468140e-01
1.196735128760337830e-01
1.196396797895431519e-01
1.196072325110435486e-01
1.195742785930633545e-01
1.195410117506980896e-01
1.195084378123283386e-01
1.194756105542182922e-01
1.194428205490112305e-01
1.194099485874176025e-01
1.193768307566642761e-01
1.193443238735198975e-01
1.193118989467620850e-01
1.192789450287818909e-01
1.192460581660270691e-01
1.192133799195289612e-01
1.191808581352233887e-01
1.191481649875640869e-01
1.191156730055809021e-01
1.190827935934066772e-01
1.190499588847160339e-01
1.190174669027328491e-01
1.189850419759750366e-01
1.189524307847023010e-01
1.189197674393653870e-01
1.188871711492538452e-01
1.188548356294631958e-01
1.188222020864486694e-01
1.187893524765968323e-01
1.187565550208091736e-01
1.187241747975349426e-01
1.186918988823890686e-01
1.186594963073730469e-01
1.186268031597137451e-01
1.185939535498619080e-01
1.185613572597503662e-01
1.185286268591880798e-01
1.184960156679153442e-01
1.184638217091560364e-01
1.184310093522071838e-01
1.183981522917747498e-01
1.183656975626945496e-01
1.183332428336143494e-01
1.183009371161460876e-01
1.182683929800987244e-01
1.182360053062438965e-01
1.182033121585845947e-01
1.181708946824073792e-01
1.181384623050689697e-01
1.181062087416648865e-01
1.180742233991622925e-01
1.180419400334358215e-01
1.180094704031944275e-01
1.179771572351455688e-01
1.179451793432235718e-01
1.179130151867866516e-01
1.178806647658348083e-01
1.178483664989471436e-01
1.178162917494773865e-01
1.177840009331703186e-01
1.177515983581542969e-01
1.177191361784934998e-01
1.177098155021667480e-01
1.176966950297355652e-01
1.176633834838867188e-01
1.176209598779678345e-01
1.175843998789787292e-01
1.175557747483253479e-01
1.175361052155494690e-01
1.175269261002540588e-01
1.175223514437675476e-01
1.175118982791900635e-01
1.174935922026634216e-01
1.174741685390472412e-01
1.174574419856071472e-01
1.174409836530685425e-01
1.174235790967941284e-01
1.174062415957450867e-01
1.173892021179199219e-01
1.173717305064201355e-01
1.173546984791755676e-01
1.173385009169578552e-01
1.173226162791252136e-01
1.173060163855552673e-01
1.172887384891510010e-01
1.172714605927467346e-01
1.172544658184051514e-01
1.172376349568367004e-01
1.172207146883010864e-01
1.172036156058311462e-01
1.171863526105880737e-01
1.171692535281181335e-01
1.171521171927452087e-01
1.171351000666618347e-01
1.171183213591575623e-01
1.171012818813323975e-01
1.170841157436370850e-01
1.170668676495552063e-01
1.170497089624404907e-01
1.170325055718421936e-01
1.170152127742767334e-01
1.169978305697441101e-01
1.169805750250816345e-01
1.169632971286773682e-01
1.169461011886596680e-01
1.169290915131568909e-01
1.169118210673332214e-01
1.168944165110588074e-01
1.168768629431724548e-01
1.168593540787696838e-01
1.168420687317848206e-01
1.168248057365417480e-01
1.168074086308479309e-01
1.167902126908302307e-01
1.167728230357170105e-01
1.167552843689918518e-01
1.167376711964607239e-01
1.167202144861221313e-01
1.167026609182357788e-01
1.166853383183479309e-01
1.166676953434944153e-01
1.166501715779304504e-01
1.166328340768814087e-01
1.166153475642204285e-01
1.165978386998176575e-01
1.165803521871566772e-01
1.165628954768180847e-01
1.165449693799018860e-01
1.165273264050483704e-01
1.165098920464515686e-01
1.164922788739204407e-01
1.164747700095176697e-01
1.164572387933731079e-01
1.164393872022628784e-01
1.164218708872795105e-01
1.164041683077812195e-01
1.163865476846694946e-01
1.163688451051712036e-01
1.163511052727699280e-01
1.163333132863044739e-01
1.163154169917106628e-01
1.162976846098899841e-01
1.162798255681991577e-01
1.162621453404426575e-01
1.162446215748786926e-01
1.162267625331878662e-01
1.162091046571731567e-01
1.161910966038703918e-01
1.161732301115989685e-01
1.161554232239723206e-01
1.161376908421516418e-01
1.161201074719429016e-01
1.161020249128341675e-01
1.160837933421134949e-01
1.160659193992614746e-01
1.160481795668601990e-01
1.160303577780723572e-01
1.160127818584442139e-01
1.159950196743011475e-01
1.159767508506774902e-01
1.159588322043418884e-01
1.159410476684570312e-01
1.159338131546974182e-01
1.159271374344825745e-01
1.159160658717155457e-01
1.159005388617515564e-01
1.158835664391517639e-01
1.158678382635116577e-01
1.158541738986968994e-01
1.158422827720642090e-01
1.158321648836135864e-01
1.158242300152778625e-01
1.158173605799674988e-01
1.158102378249168396e-01
1.158017739653587341e-01
1.157925501465797424e-01
1.157831773161888123e-01
1.157740503549575806e-01
1.157652065157890320e-01
1.157562956213951111e-01
1.157471537590026855e-01
1.157380491495132446e-01
1.157288923859596252e-01
1.157197356224060059e-01
1.157102733850479126e-01
1.157007589936256409e-01
1.156913638114929199e-01
1.156822741031646729e-01
1.156730651855468750e-01
1.156638339161872864e-01
1.156546920537948608e-01
1.156454607844352722e-01
1.156360954046249390e-01
1.156267151236534119e-01
1.156173869967460632e-01
1.156081184744834900e-01
1.155987232923507690e-01
1.155892759561538696e-01
1.155799105763435364e-01
1.155704632401466370e-01
1.155610606074333191e-01
1.155517622828483582e-01
1.155424490571022034e-01
1.155331209301948547e-01
1.155237928032875061e-01
1.155145019292831421e-01
1.155050024390220642e-01
1.154955253005027771e-01
1.154859215021133423e-01
1.154765263199806213e-01
1.154672056436538696e-01
1.154579520225524902e-01
1.154485940933227539e-01
1.154391244053840637e-01
1.154297068715095520e-01
1.154202222824096680e-01
1.154107451438903809e-01
1.154013127088546753e-01
1.153920888900756836e-01
1.153826341032981873e-01
1.153732091188430786e-01
1.153635382652282715e-01
1.153540387749671936e-01
1.153444275259971619e-01
1.153349205851554871e-01
1.153254210948944092e-01
1.153160184621810913e-01
1.153065487742424011e-01
1.152970641851425171e-01
1.152875274419784546e-01
1.152780577540397644e-01
1.152686029672622681e-01
1.152591556310653687e-01
1.152496337890625000e-01
1.152402088046073914e-01
1.152304932475090027e-01
1.152212321758270264e-01
1.152116581797599792e-01
1.152020320296287537e-01
1.151923611760139465e-01
1.151827573776245117e-01
1.151731237769126892e-01
1.151634827256202698e-01
1.151537224650382996e-01
1.151441037654876709e-01
1.151343956589698792e-01
1.151248216629028320e-01
1.151151657104492188e-01
1.151056736707687378e-01
1.150960326194763184e-01
1.150865182280540466e-01
1.150768324732780457e-01
1.150673851370811462e-01
1.150577440857887268e-01
1.150480210781097412e-01
1.150382310152053833e-01
1.150282919406890869e-01
1.150185763835906982e-01
1.150090098381042480e-01
1.149995028972625732e-01
1.149897947907447815e-01
1.149799302220344543e-01
1.149755641818046570e-01
1.149718835949897766e-01
1.149674206972122192e-01
1.149616762995719910e-01
1.149545609951019287e-01
1.149471998214721680e-01
1.149401292204856873e-01
1.149335801601409912e-01
1.149273067712783813e-01
1.149215102195739746e-01
1.149156913161277771e-01
1.149103417992591858e-01
1.149052083492279053e-01
1.149006262421607971e-01
1.148960590362548828e-01
1.148912757635116577e-01
1.148866340517997742e-01
1.148818209767341614e-01
1.148768961429595947e-01
1.148719564080238342e-01
1.148670539259910583e-01
1.148622035980224609e-01
1.148572489619255066e-01
1.148523315787315369e-01
1.148473545908927917e-01
1.148423328995704651e-01
1.148372590541839600e-01
1.148322969675064087e-01
1.148271784186363220e-01
1.148221194744110107e-01
1.148171648383140564e-01
1.148121878504753113e-01
1.148071065545082092e-01
1.148021742701530457e-01
1.147971674799919128e-01
1.147922277450561523e-01
1.147872805595397949e-01
1.147822514176368713e-01
1.147772893309593201e-01
1.147722303867340088e-01
1.147671863436698914e-01
1.147622466087341309e-01
1.147571727633476257e-01
1.147521212697029114e-01
1.147470325231552124e-01
1.147420182824134827e-01
1.147368401288986206e-01
1.147318407893180847e-01
1.147266775369644165e-01
1.147216930985450745e-01
1.147166788578033447e-01
1.147117763757705688e-01
1.147069558501243591e-01
1.147019192576408386e-01
1.146969273686408997e-01
1.146919205784797668e-01
1.146869286894798279e-01
1.146818920969963074e-01
1.146768629550933838e-01
1.146718636155128479e-01
1.146667078137397766e-01
1.146616563200950623e-01
1.146565601229667664e-01
1.146514639258384705e-01
1.146463453769683838e-01
1.146413609385490417e-01
1.146363690495491028e-01
1.146313324570655823e-01
1.146262884140014648e-01
1.146211400628089905e-01
1.146160364151000977e-01
1.146108955144882202e-01
1.146059408783912659e-01
1.146010383963584900e-01
1.145957857370376587e-01
1.145907342433929443e-01
1.145855486392974854e-01
1.145804375410079956e-01
1.145752891898155212e-01
1.145702600479125977e-01
1.145651414990425110e-01
1.145600005984306335e-01
1.145549342036247253e-01
1.145497858524322510e-01
1.145447045564651489e-01
1.145397573709487915e-01
1.145346611738204956e-01
1.145294830203056335e-01
1.145243048667907715e-01
1.145192384719848633e-01
1.145141348242759705e-01
1.145091205835342407e-01
1.145040169358253479e-01
1.144990622997283936e-01
1.144939586520195007e-01
1.144888550043106079e-01
1.144837066531181335e-01
1.144786402583122253e-01
1.144733875989913940e-01
1.144683063030242920e-01
1.144657880067825317e-01
1.144633963704109192e-01
1.144608855247497559e-01
1.144582331180572510e-01
1.144554466009140015e-01
1.144522801041603088e-01
1.144490242004394531e-01
1.144457757472991943e-01
1.144426912069320679e-01
1.144396290183067322e-01
1.144366040825843811e-01
1.144336163997650146e-01
1.144306883215904236e-01
1.144276782870292664e-01
1.144247725605964661e-01
1.144219785928726196e-01
1.144191622734069824e-01
1.144166365265846252e-01
1.144141107797622681e-01
1.144114658236503601e-01
1.144087687134742737e-01
1.144060865044593811e-01
1.144033968448638916e-01
1.144006699323654175e-01
1.143979430198669434e-01
1.143952906131744385e-01
1.143924891948699951e-01
1.143898963928222656e-01
1.143872216343879700e-01
1.143844351172447205e-01
1.143817976117134094e-01
1.143791750073432922e-01
1.143764555454254150e-01
1.143737882375717163e-01
1.143711358308792114e-01
1.143685877323150635e-01
1.143659278750419617e-01
1.143632829189300537e-01
1.143605411052703857e-01
1.143579855561256409e-01
1.143553331494331360e-01
1.143526136875152588e-01
1.143499910831451416e-01
1.143475025892257690e-01
1.143448427319526672e-01
1.143422499299049377e-01
1.143395751714706421e-01
1.143369823694229126e-01
1.143343523144721985e-01
1.143317297101020813e-01
1.143290176987648010e-01
1.143264770507812500e-01
1.143236905336380005e-01
1.143211275339126587e-01
1.143184080719947815e-01
1.143157333135604858e-01
1.143130883574485779e-01
1.143104210495948792e-01
1.143077611923217773e-01
1.143051236867904663e-01
1.143024787306785583e-01
1.142997741699218750e-01
1.142972186207771301e-01
1.142944768071174622e-01
1.142918393015861511e-01
1.142891272902488708e-01
1.142863631248474121e-01
1.142835393548011780e-01
1.142807081341743469e-01
1.142778545618057251e-01
1.142752245068550110e-01
1.142725124955177307e-01
1.142698675394058228e-01
1.142671182751655579e-01
1.142644956707954407e-01
1.142619103193283081e-01
1.142590716481208801e-01
1.142563596367835999e-01
1.142535358667373657e-01
1.142509207129478455e-01
1.142481863498687744e-01
1.142455264925956726e-01
1.142428964376449585e-01
1.142403781414031982e-01
1.142375618219375610e-01
1.142349988222122192e-01
1.142322495579719543e-01
1.142295226454734802e-01
1.142268702387809753e-01
1.142242103815078735e-01
1.142213419079780579e-01
1.142186522483825684e-01
1.142159998416900635e-01
1.142132654786109924e-01
1.142105236649513245e-01
1.142078116536140442e-01
1.142050921916961670e-01
1.142024174332618713e-01
1.141996756196022034e-01
1.141968593001365662e-01
