5.123733997344970703e+00
2.011222600936889648e+00
1.163316249847412109e+00
9.506031125783920288e-02
3.186791837215423584e-01
3.795300126075744629e-01
2.427629083395004272e-01
1.787450723350048065e-02
2.329269051551818848e-01
1.958415657281875610e-01
1.228047460317611694e-01
2.113729715347290039e-01
4.311645403504371643e-02
5.552573874592781067e-02
4.288854822516441345e-02
1.448620576411485672e-02
3.343016281723976135e-02
1.281817853450775146e-01
1.599057577550411224e-02
1.494157165288925171e-01
4.011479020118713379e-02
2.380762808024883270e-02
3.456063941121101379e-02
4.123650863766670227e-02
3.218317776918411255e-02
2.012621797621250153e-02
2.416749857366085052e-02
3.829792141914367676e-02
2.399683929979801178e-02
4.867868032306432724e-03
8.269206434488296509e-02
1.268466114997863770e-01
3.021865896880626678e-02
2.960463799536228180e-02
1.411411315202713013e-01
7.650738954544067383e-02
6.399189680814743042e-02
1.007617339491844177e-01
8.061959594488143921e-02
3.256320580840110779e-02
2.725809812545776367e-02
2.062337286770343781e-02
6.994875147938728333e-03
7.646957878023386002e-03
7.378954440355300903e-02
3.069686517119407654e-02
1.350844977423548698e-03
1.671718358993530273e-01
2.057258486747741699e-01
1.205243729054927826e-02
3.173913806676864624e-02
9.926281124353408813e-02
5.637544393539428711e-02
5.748148262500762939e-02
1.110730990767478943e-01
4.008626565337181091e-02
2.987849153578281403e-02
2.016170620918273926e-01
2.854074724018573761e-02
2.747519873082637787e-02
9.724769741296768188e-03
1.881112530827522278e-02
1.933142691850662231e-01
1.040302142500877380e-01
4.310860857367515564e-02
1.447359565645456314e-02
1.094501931220293045e-02
3.005964122712612152e-02
3.943146206438541412e-03
1.279806252568960190e-02
4.604659974575042725e-03
1.538393925875425339e-02
5.294160172343254089e-02
1.412860583513975143e-02
2.209358476102352142e-02
6.321009714156389236e-04
3.926233854144811630e-03
2.939751558005809784e-02
4.662290215492248535e-03
3.438120335340499878e-02
7.446330040693283081e-03
3.597327694296836853e-02
1.811174675822257996e-02
5.781278945505619049e-03
3.679466247558593750e-02
1.890605129301548004e-02
5.761226639151573181e-03
5.172987468540668488e-03
2.813379839062690735e-02
1.633535139262676239e-02
9.167054668068885803e-03
2.616026252508163452e-02
6.069143768399953842e-03
4.282752983272075653e-03
1.181986555457115173e-02
8.348104543983936310e-03
3.469493240118026733e-03
6.067418027669191360e-03
4.263906273990869522e-03
5.126485135406255722e-03
1.700923778116703033e-03
1.598500763066112995e-03
4.087654408067464828e-03
6.127495318651199341e-03
6.583101581782102585e-03
9.205829352140426636e-03
9.828690672293305397e-04
8.998676785267889500e-04
2.006480935961008072e-03
3.291163826361298561e-03
1.685424504103139043e-04
1.111074537038803101e-02
2.408669330179691315e-03
6.565199233591556549e-03
3.054352011531591415e-03
4.979334189556539059e-04
4.286496900022029877e-03
1.170099014416337013e-03
1.029845513403415680e-02
9.595609270036220551e-03
4.163956735283136368e-03
8.429855108261108398e-03
5.844650324434041977e-03
3.096251515671610832e-03
2.958361292257905006e-03
7.016168441623449326e-03
8.868536911904811859e-03
1.950946287252008915e-03
1.138530788011848927e-03
1.442815642803907394e-03
1.278331503272056580e-03
5.160749424248933792e-04
8.413916453719139099e-03
2.789973514154553413e-03
1.000704825855791569e-03
5.586312618106603622e-03
1.056440523825585842e-03
1.336595043540000916e-03
4.315323662012815475e-03
4.796898458153009415e-03
3.364104079082608223e-03
5.961675196886062622e-03
6.325660273432731628e-03
1.707738265395164490e-03
1.266709179617464542e-03
6.448572035878896713e-03
3.417969681322574615e-03
1.264125457964837551e-03
2.185652032494544983e-03
4.714317154139280319e-03
1.769213355146348476e-03
9.305005078203976154e-04
2.223851159214973450e-03
6.971770897507667542e-03
3.000690368935465813e-03
9.569275192916393280e-03
1.283493917435407639e-02
6.493572145700454712e-03
6.121969199739396572e-04
1.270848978310823441e-02
1.542903669178485870e-02
4.091682378202676773e-03
1.929283840581774712e-03
5.340309347957372665e-03
2.069398760795593262e-04
1.364793721586465836e-02
1.750890351831912994e-02
3.228877438232302666e-03
3.809365909546613693e-03
2.685911022126674652e-03
9.290344314649701118e-04
8.460459066554903984e-04
2.969432156533002853e-03
5.563719663769006729e-03
2.061711158603429794e-03
3.622617805376648903e-03
2.267759758979082108e-03
3.691092366352677345e-03
3.283048514276742935e-03
2.196306129917502403e-03
1.407227828167378902e-03
1.423992216587066650e-03
1.061363494955003262e-03
1.065632328391075134e-03
8.266626857221126556e-03
9.070551022887229919e-03
1.622550422325730324e-03
5.021209828555583954e-03
7.930259220302104950e-03
1.633937237784266472e-03
4.896231461316347122e-03
5.547251086682081223e-03
2.377165248617529869e-03
5.097661167383193970e-03
1.046190317720174789e-02
2.211963990703225136e-03
3.028999781236052513e-03
9.200147469528019428e-04
2.636345103383064270e-03
6.639600615017116070e-04
2.046233566943556070e-04
3.115202707704156637e-04
4.401876067277044058e-04
2.157663693651556969e-04
3.501406754367053509e-04
2.179635921493172646e-04
4.110865993425250053e-04
2.821017696987837553e-04
6.422117003239691257e-04
1.948685967363417149e-04
5.859991651959717274e-04
1.664058363530784845e-04
6.312306504696607590e-04
1.289228530367836356e-04
7.396581349894404411e-04
8.187541970983147621e-04
2.940766571555286646e-04
1.103425514884293079e-03
7.386438082903623581e-04
3.644412790890783072e-04
1.039014430716633797e-03
3.569565305951982737e-04
3.855055547319352627e-04
1.218375866301357746e-03
6.900302250869572163e-04
3.036548441741615534e-04
3.819518315140157938e-04
4.728973435703665018e-04
1.276970375329256058e-03
5.417259526439011097e-04
1.930788857862353325e-04
4.310477233957499266e-04
1.031462379614822567e-04
5.349674756871536374e-05
9.736702777445316315e-04
2.843436377588659525e-04
3.044731856789439917e-04
2.864194102585315704e-04
9.561203769408166409e-04
6.689350993838161230e-05
3.433278106967918575e-05
4.425672232173383236e-04
9.255536133423447609e-04
5.039175739511847496e-04
9.417098772246390581e-05
4.358577134553343058e-04
1.751299423631280661e-04
6.728402804583311081e-04
2.709672553464770317e-04
7.009088294580578804e-04
2.259206026792526245e-03
4.518626723438501358e-03
1.321383053436875343e-03
1.223196042701601982e-03
2.328359987586736679e-03
7.085203193128108978e-03
6.697128992527723312e-04
1.921779243275523186e-03
9.556940640322864056e-04
8.285069488920271397e-04
1.482993247918784618e-04
6.390518392436206341e-04
4.648803151212632656e-04
3.374709340278059244e-04
2.343505620956420898e-04
1.146523165516555309e-03
6.221406511031091213e-05
2.582580782473087311e-04
1.146546215750277042e-03
6.871962687000632286e-04
8.564004674553871155e-04
1.680903660599142313e-04
1.862771110609173775e-03
1.907959085656329989e-04
2.377620199695229530e-03
1.686788047663867474e-03
4.044254310429096222e-03
1.592573826201260090e-03
1.027168123982846737e-03
9.809420444071292877e-04
1.334029831923544407e-03
5.090512800961732864e-03
1.646616728976368904e-03
6.995582371018826962e-04
1.043308293446898460e-03
3.467038972303271294e-03
7.399095920845866203e-04
1.659969566389918327e-03
6.090388051234185696e-04
1.469673356041312218e-03
8.618849096819758415e-04
4.777765570906922221e-05
1.009865780360996723e-03
9.574634023010730743e-04
3.437306440901011229e-04
4.439167678356170654e-04
4.638276295736432076e-04
4.378095618449151516e-04
1.084904884919524193e-03
3.355528460815548897e-04
3.257003118051216006e-05
1.165624416898936033e-04
5.100251655676402152e-05
4.114408875466324389e-05
3.736038343049585819e-05
6.611398566747084260e-05
9.115908324019983411e-05
1.475744647905230522e-04
3.107872325927019119e-04
1.631612831261008978e-04
1.435357407899573445e-04
2.167256316170096397e-04
2.048891910817474127e-04
2.740377676673233509e-04
1.493897580076009035e-04
1.729424111545085907e-04
3.343972784932702780e-04
1.769123628037050366e-04
6.787946767872199416e-05
3.726720460690557957e-04
2.137568371836096048e-04
1.444899826310575008e-04
1.972362661035731435e-04
1.259137352462857962e-04
2.702858764678239822e-04
2.068168687401339412e-04
1.045811441144905984e-04
1.986911665881052613e-04
1.889934501377865672e-04
2.919591788668185472e-04
1.376486470689997077e-04
6.669255526503548026e-05
1.999676314881071448e-04
1.989709708141162992e-04
2.877060906030237675e-04
1.323671021964401007e-04
9.594023140380159020e-05
2.365190157433971763e-04
3.095449355896562338e-04
1.890032290248200297e-04
1.017296453937888145e-04
2.012286422541365027e-04
2.323184162378311157e-04
1.911183353513479233e-04
2.025318390224128962e-04
1.850794214988127351e-04
2.808989956974983215e-04
1.955343177542090416e-04
9.889431385090574622e-05
3.375527739990502596e-04
2.054917858913540840e-04
1.345152268186211586e-04
2.804998366627842188e-04
2.761593495961278677e-04
3.441718872636556625e-04
1.986114657483994961e-04
2.788004640024155378e-04
3.214153985027223825e-04
3.421293222345411777e-04
1.823535712901502848e-04
5.795112519990652800e-05
2.765394165180623531e-04
2.163418103009462357e-04
2.257379237562417984e-04
1.360929745715111494e-04
1.843246136559173465e-04
3.355885564815253019e-04
1.612765190657228231e-04
1.467227120883762836e-04
2.261967747472226620e-04
3.146238159388303757e-04
1.844069483922794461e-04
2.452478802297264338e-04
2.114771777996793389e-04
2.421296521788462996e-04
3.245146654080599546e-04
1.502807426732033491e-04
1.925931137520819902e-04
1.764241897035390139e-04
1.450560812372714281e-04
2.629922819323837757e-04
2.876826329156756401e-04
1.985296694329008460e-04
1.358675799565389752e-04
1.212580536957830191e-04
3.347345336806029081e-04
2.786463592201471329e-04
2.933871292043477297e-04
1.355912827420979738e-04
1.376078434986993670e-04
1.589782041264697909e-04
1.636822562431916595e-04
1.691593934083357453e-04
1.557414798298850656e-04
2.568476484157145023e-04
2.241932379547506571e-04
2.164377947337925434e-04
1.423884823452681303e-04
3.791178169194608927e-04
1.959923392860218883e-04
2.106367355736438185e-05
4.388048910186626017e-05
8.331299613928422332e-05
3.555541479727253318e-05
5.003603655495680869e-05
4.548801371129229665e-05
5.689069439540617168e-05
4.007444294984452426e-05
5.177290950086899102e-05
2.479101749486289918e-05
3.703759648487903178e-05
6.195547757670283318e-05
5.091345155960880220e-05
4.290144352125935256e-05
5.988210614304989576e-05
3.572657806216739118e-05
5.871571556781418622e-05
4.421117773745208979e-05
4.827580414712429047e-05
4.416995216161012650e-05
4.664391963160596788e-05
5.039980169385671616e-05
4.188435195828787982e-05
6.852560181869193912e-05
4.615891521098092198e-05
6.850671343272551894e-05
5.126151154399849474e-05
6.497820868389680982e-05
4.608653398463502526e-05
5.796824552817270160e-05
5.902046905248425901e-05
6.013456732034683228e-05
3.712652687681838870e-05
5.551779031520709395e-05
3.341179763083346188e-05
8.670413808431476355e-05
4.641198756871744990e-05
4.925109533360227942e-05
6.748520536348223686e-05
5.244857675279490650e-05
5.916311783948913217e-05
5.640939343720674515e-05
4.418488606461323798e-05
4.350875315140001476e-05
5.061623960500583053e-05
2.835368832165841013e-05
6.738973752362653613e-05
4.598152008838951588e-05
7.171298057073727250e-05
5.476812657434493303e-05
5.724707807530649006e-05
5.487205999088473618e-05
3.554177237674593925e-05
4.498329872149042785e-05
2.968470835185144097e-05
6.807793397456407547e-05
3.838152406387962401e-05
4.821575203095562756e-05
5.434048580355010927e-05
4.200086186756379902e-05
2.714668698899913579e-05
7.942540833028033376e-05
4.188736420474015176e-05
6.957012374186888337e-05
2.972863694594707340e-05
7.525386172346770763e-05
3.673594619613140821e-05
8.209012594306841493e-05
3.763414133572950959e-05
7.044184894766658545e-05
6.013297024765051901e-05
4.465847814572043717e-05
8.135650568874552846e-05
4.054573219036683440e-05
7.102922245394438505e-05
5.404602052294649184e-05
6.852348451502621174e-05
4.852495476370677352e-05
6.219658098416402936e-05
7.609681779285892844e-05
7.208540773717686534e-05
5.486130612553097308e-05
3.439198553678579628e-05
7.490767166018486023e-05
6.264477997319772840e-05
5.883674748474732041e-05
5.885105201741680503e-05
3.847516563837416470e-05
7.533527968917042017e-05
6.192040018504485488e-05
5.057405724073760211e-05
3.313800698379054666e-05
4.335033372626639903e-05
7.068661216180771589e-05
5.579446224146522582e-05
4.649196853279136121e-05
1.860883639892563224e-05
1.031434949254617095e-04
5.555266398005187511e-05
7.073390588629990816e-05
8.446761785307899117e-05
2.922416751971468329e-05
3.203344385838136077e-05
7.081449439283460379e-05
2.740696254477370530e-05
4.095988697372376919e-05
6.607823161175474524e-05
1.639901347516570240e-05
3.104699499090202153e-05
5.145923569216392934e-05
1.907941077661234885e-05
2.653334377100691199e-05
1.910571518237702549e-05
3.244474646635353565e-05
2.461333679093513638e-05
1.948765930137597024e-05
2.263145142933353782e-05
2.007368493650574237e-05
2.364041210967116058e-05
2.594511715869884938e-05
2.673545895959250629e-05
2.014783785853069276e-05
2.464763929310720414e-05
2.267710624437313527e-05
2.470760045980568975e-05
2.450463398417923599e-05
2.674477764230687171e-05
2.588297866168431938e-05
2.027717346209101379e-05
2.341027357033453882e-05
2.749446866801008582e-05
2.346154724364168942e-05
2.246396798000205308e-05
2.461686381138861179e-05
2.949129884655121714e-05
2.256024890812113881e-05
2.750684325292240828e-05
2.387485437793657184e-05
2.329903327336069196e-05
2.492673593224026263e-05
2.173262691940180957e-05
2.263805072288960218e-05
2.823366230586543679e-05
2.800954462145455182e-05
2.295467493240721524e-05
2.488333120709285140e-05
2.559763379395008087e-05
2.256971492897719145e-05
2.585821857792325318e-05
2.400296580162830651e-05
2.339220372959971428e-05
2.260759902128484100e-05
2.988809319504071027e-05
2.602165295684244484e-05
2.188279540860094130e-05
2.289017174916807562e-05
2.886737820517737418e-05
1.624005381017923355e-05
1.318331760558066890e-05
1.449359388061566278e-05
1.386290750815533102e-05
1.730110670905560255e-05
2.049934300885070115e-05
1.934182182594668120e-05
1.594402601767797023e-05
2.524814772186800838e-05
3.093904160778038204e-05
2.322790896869264543e-05
2.560297798481769860e-05
1.986815550480969250e-05
2.475220935593824834e-05
2.117542680935002863e-05
2.537838372518308461e-05
2.348619273107033223e-05
2.476129702699836344e-05
2.373481038375757635e-05
2.927281093434430659e-05
2.362458872084971517e-05
2.545412826293613762e-05
2.686130937945563346e-05
1.843619975261390209e-05
3.676451524370349944e-05
1.713990786811336875e-05
2.178579961764626205e-05
2.928990761574823409e-05
2.040844265138730407e-05
3.862276571453548968e-05
2.168335595342796296e-05
1.941041955433320254e-05
3.101777110714465380e-05
2.034740464296191931e-05
2.631113784445915371e-05
2.257008418382611126e-05
3.122819543932564557e-05
2.397256503172684461e-05
3.403367736609652638e-05
1.787493965821340680e-05
3.702858521137386560e-05
2.027449045272078365e-05
2.929099719040095806e-05
1.415331826137844473e-05
1.996035825868602842e-05
3.016212758666370064e-05
1.676749343459960073e-05
1.910453102027531713e-05
1.812376831367146224e-05
2.067819150397554040e-05
1.830121072998736054e-05
1.362894545309245586e-05
1.322393563896184787e-05
1.366695050819544122e-05
1.487429108237847686e-05
1.485260781919350848e-05
1.442577558918856084e-05
1.514424275228520855e-05
1.398359836457530037e-05
1.356520442641340196e-05
1.317492842645151541e-05
1.308818445977522060e-05
1.391346359014278278e-05
1.471428640797967091e-05
1.464559954911237583e-05
1.441424410586478189e-05
1.427324787073303014e-05
1.474111195420846343e-05
1.445301222702255473e-05
1.458757378713926300e-05
1.398451968270819634e-05
1.394227820128435269e-05
1.330351187789347023e-05
1.316039106313837692e-05
1.295696711167693138e-05
1.321986565017141402e-05
1.327021254837745801e-05
1.332028296019416302e-05
1.349984358967049047e-05
1.318411250395001844e-05
1.304540364799322560e-05
1.283784058614401147e-05
1.327583686361322179e-05
1.342917039437452331e-05
1.315377448918297887e-05
1.350110414932714775e-05
1.391059868183219805e-05
1.456190693716052920e-05
1.456407517252955586e-05
1.499776135460706428e-05
1.474314012739341706e-05
1.507475462858565152e-05
1.475527642469387501e-05
1.387715292366920039e-05
1.316047109867213294e-05
1.261629495274974033e-05
1.226885797223076224e-05
1.279740536119788885e-05
1.266730305360397324e-05
1.302854161622235551e-05
1.361908107355702668e-05
1.290759428229648620e-05
1.299565519730094820e-05
1.316576344834174961e-05
1.331935527559835464e-05
1.353033349005272612e-05
1.316799989581340924e-05
1.286959650315111503e-05
1.284613063035067171e-05
1.315881399932550266e-05
1.308310947933932766e-05
1.336167588306125253e-05
1.431243526894832030e-05
1.429935127816861495e-05
1.300050280406139791e-05
1.288721068704035133e-05
1.335179149464238435e-05
1.303564295085379854e-05
1.339767004537861794e-05
1.324725690210470930e-05
1.350155253021512181e-05
1.218253873958019540e-05
1.198577319883042946e-05
1.246488682227209210e-05
1.317475107498466969e-05
1.350612274109153077e-05
1.352792514808243141e-05
1.372839869873132557e-05
1.401502049702685326e-05
1.417226758348988369e-05
1.390819124935660511e-05
1.337729008810129017e-05
1.295784568355884403e-05
1.267659536097198725e-05
1.248634634976042435e-05
1.281909953831927851e-05
1.363649971608538181e-05
1.374503244733205065e-05
1.363146384392166510e-05
1.348722253169398755e-05
1.361328395432792604e-05
1.263923968508606777e-05
1.297095514019019902e-05
1.257961048395372927e-05
1.254819107998628169e-05
1.268899723072536290e-05
1.283346045966027305e-05
1.256222185475053266e-05
1.275376871490152553e-05
1.298219831369351596e-05
1.274805617867968976e-05
1.227779921464389190e-05
1.254652761417673901e-05
1.269421500182943419e-05
1.315706776949809864e-05
1.272550707653863356e-05
1.227348911925218999e-05
1.244800205313367769e-05
1.280361357203219086e-05
1.210348091262858361e-05
1.286343012907309458e-05
1.267327843379462138e-05
1.265262471861205995e-05
1.206628257932607085e-05
1.255668212252203375e-05
1.291827447857940570e-05
1.192580111819552258e-05
1.223737308464478701e-05
1.346211865893565118e-05
1.281149434362305328e-05
1.187971520266728476e-05
1.253857226402033120e-05
1.300688199989963323e-05
1.193120988318696618e-05
1.212580173159949481e-05
1.302872806263621897e-05
1.236488878930686042e-05
1.232582235388690606e-05
1.219594923895783722e-05
1.247787713509751484e-05
1.227615939569659531e-05
1.196127504954347387e-05
1.298063125432236120e-05
1.263800550077576190e-05
1.184636312245856971e-05
1.215048450831091031e-05
1.289994179387576878e-05
1.221411275764694437e-05
1.172923475678544492e-05
1.239095490745967254e-05
1.295567744818981737e-05
1.219197474711108953e-05
1.158735813078237697e-05
1.221468210133025423e-05
1.251662069989833981e-05
1.247887666977476329e-05
1.216506825585383922e-05
1.202103248942876235e-05
1.220869853568729013e-05
1.178867660200921819e-05
1.205312219099141657e-05
1.210034588439157233e-05
1.185855853691464290e-05
1.216363853018265218e-05
1.271657947654603049e-05
1.262876958207925782e-05
1.200492351927096024e-05
1.204304135171696544e-05
1.220699596160557121e-05
1.222411538037704304e-05
1.160319698101375252e-05
1.210441951116081327e-05
1.263592821487691253e-05
1.211980270454660058e-05
1.187212910735979676e-05
1.208092726301401854e-05
1.248334137926576659e-05
1.260990393348038197e-05
1.174512453872011974e-05
1.110070570575771853e-05
1.184281882160576060e-05
1.244307622982887551e-05
1.189935846923617646e-05
1.175181660073576495e-05
1.224354855366982520e-05
1.179332048195647076e-05
1.213472296512918547e-05
1.203638657898409292e-05
1.155701374955242500e-05
1.219306977873202413e-05
1.261718898604158312e-05
1.217407316289609298e-05
1.158502982434583828e-05
1.169632560049649328e-05
1.250975674338405952e-05
1.279536354559240863e-05
1.191050796478521079e-05
1.133596015279181302e-05
1.138710740633541718e-05
1.171714757219888270e-05
1.208086814585840330e-05
1.214708117913687602e-05
1.170313589682336897e-05
1.178783622890478000e-05
1.187031921290326864e-05
1.179911214421736076e-05
1.206709657708415762e-05
1.150400021288078278e-05
1.210968548548407853e-05
1.154993969976203516e-05
1.199805865326197818e-05
1.150319258158560842e-05
1.201239410875132307e-05
1.155315021605929360e-05
1.188810347230173647e-05
1.164465356850996614e-05
1.191782575915567577e-05
1.184975280921207741e-05
1.169569259218405932e-05
1.172193333331961185e-05
1.177182639366947114e-05
1.173725831904448569e-05
1.163543674920219928e-05
1.191253613797016442e-05
1.164261084340978414e-05
1.185286146210273728e-05
1.152850109065184370e-05
1.202664589072810486e-05
1.138684183388249949e-05
1.202720522996969521e-05
1.163043452834244817e-05
1.142509881901787594e-05
1.217963745148153976e-05
1.143912413681391627e-05
1.159796920546796173e-05
1.161595537269022316e-05
1.160748979600612074e-05
1.173387681774329394e-05
1.142220753536093980e-05
1.182912637887056917e-05
1.176854129880666733e-05
1.130089549405965954e-05
1.190713282994693145e-05
1.169384267996065319e-05
1.148855790233938023e-05
1.157940641860477626e-05
1.176093974208924919e-05
1.134539616032270715e-05
1.173739656223915517e-05
1.159717339760391042e-05
1.143713052442763001e-05
1.155725931312190369e-05
1.156467624241486192e-05
1.157464248535688967e-05
1.159900784841738641e-05
1.163243086921283975e-05
1.148873070633271709e-05
1.167814025393454358e-05
1.147801867773523554e-05
1.129388874687720090e-05
1.205801800097106025e-05
1.106141371565172449e-05
1.186267127195606008e-05
1.143449571827659383e-05
1.145281839853851125e-05
1.164982404588954523e-05
1.164842251455411315e-05
1.164196055469801649e-05
1.128397161664906889e-05
1.191174760606372729e-05
1.115540089813293889e-05
1.161640921054640785e-05
1.122455250879283994e-05
1.167863501905230805e-05
1.126054212363669649e-05
1.136661558120977134e-05
1.184408029075711966e-05
1.102180340240010992e-05
1.180512117571197450e-05
1.109387358155800030e-05
1.140890344686340541e-05
1.189825798064703122e-05
1.095253173843957484e-05
1.168146536656422541e-05
1.127093310060445219e-05
1.137476920121116564e-05
1.168485960079124197e-05
1.105185674532549456e-05
1.143537338066380471e-05
1.156466259999433532e-05
1.109634376916801557e-05
1.141575830843066797e-05
1.119342141464585438e-05
1.165544290415709838e-05
1.114525184675585479e-05
1.117790725402301177e-05
1.160018018708797172e-05
1.126362258219160140e-05
1.133351997850695625e-05
1.103215890907449648e-05
1.137879462476121262e-05
1.150815478467848152e-05
1.122454523283522576e-05
1.133024943555938080e-05
1.130629334511468187e-05
1.116927433031378314e-05
1.132785382651491091e-05
1.124315076594939455e-05
1.125195467466255650e-05
1.126263850892428309e-05
1.127006817114306614e-05
1.123962465499062091e-05
1.133343357651028782e-05
1.123765287047717720e-05
1.118169438996119425e-05
1.127036648540524766e-05
1.112663539970526472e-05
1.143252939073136076e-05
1.109925869968719780e-05
1.133790192398009822e-05
1.105156843550503254e-05
1.131233329942915589e-05
1.113215876102913171e-05
1.126120787375839427e-05
1.121511741075664759e-05
1.125992002926068380e-05
1.113901271310169250e-05
1.123967285820981488e-05
1.121368586609605700e-05
1.115276518248720095e-05
1.118850741477217525e-05
1.119018816098105162e-05
1.112899190047755837e-05
1.120113938668509945e-05
1.109850018110591918e-05
1.121827699535060674e-05
1.117953706852858886e-05
1.115753366320859641e-05
1.118689306167652830e-05
1.115667691919952631e-05
1.110306948248762637e-05
1.131087083194870502e-05
1.102587702916935086e-05
1.118058389693032950e-05
1.104702459997497499e-05
1.124803748098202050e-05
1.104796774598071352e-05
1.110892299038823694e-05
1.119635180657496676e-05
1.109198092308361083e-05
1.118590171245159581e-05
1.103196518670301884e-05
1.117158899432979524e-05
1.100906411011237651e-05
1.120824890676885843e-05
1.105552837543655187e-05
1.110307857743464410e-05
1.124300797528121620e-05
1.100106237572617829e-05
1.116861585614969954e-05
1.107841308112256229e-05
1.111571145884227008e-05
1.109318327507935464e-05
1.108969536289805546e-05
1.103850172512466088e-05
1.111995879909954965e-05
1.099750897992635146e-05
1.110973971663042903e-05
1.095574953069444746e-05
1.109790264308685437e-05
1.103324211726430804e-05
1.115376289817504585e-05
1.097471613320522010e-05
1.097419317375170067e-05
1.112519385060295463e-05
1.096517189580481499e-05
1.099589371733600274e-05
1.111910205509047955e-05
1.092782440537121147e-05
1.109286495193373412e-05
1.108689957618480548e-05
1.080411493603605777e-05
1.126710321841528639e-05
1.081694063032045960e-05
1.120383421948645264e-05
1.078547575161792338e-05
1.112677364289993420e-05
1.092574802896706387e-05
1.105826413549948484e-05
1.088631051970878616e-05
1.102251826523570344e-05
1.098824395739939064e-05
1.090949081117287278e-05
1.102193800761597231e-05
1.096047981263836846e-05
1.087832424673251808e-05
1.110438734031049535e-05
1.071211227099411190e-05
1.117139163397951052e-05
1.074171905202092603e-05
1.112810696213273332e-05
1.082560174836544320e-05
1.097632866731146351e-05
