6.424961690790951252e-01
4.681729199364781380e-02
4.333315696567296982e-02
4.251271486282348633e-02
4.328419594094157219e-02
4.392935801297426224e-02
4.424706799909472466e-02
4.331696685403585434e-02
4.187855403870344162e-02
4.273079475387930870e-02
4.223895631730556488e-02
4.098498309031128883e-02
4.112297296524047852e-02
4.267088603228330612e-02
4.102693265303969383e-02
4.166551399976015091e-02
4.127536388114094734e-02
4.148836387321352959e-02
4.186532460153102875e-02
4.152562329545617104e-02
4.321644594892859459e-02
4.162446409463882446e-02
4.238334577530622482e-02
4.435868794098496437e-02
4.377016704529523849e-02
4.409710690379142761e-02
4.493502900004386902e-02
4.335167724639177322e-02
3.311940096318721771e-02
3.500633360818028450e-02
2.953748498111963272e-02
2.986405603587627411e-02
3.091109683737158775e-02
2.930588508024811745e-02
2.935531456023454666e-02
2.972196601331233978e-02
2.900132536888122559e-02
2.887538401409983635e-02
2.888176497071981430e-02
2.884701406583189964e-02
3.470863401889801025e-02
2.850272413343191147e-02
2.912430511787533760e-02
2.871179394423961639e-02
2.842477383092045784e-02
2.850116370245814323e-02
2.892837394028902054e-02
2.830845303833484650e-02
2.831691363826394081e-02
2.821085322648286819e-02
2.852693386375904083e-02
2.838347386568784714e-02
2.876477362588047981e-02
2.866518497467041016e-02
2.846728311851620674e-02
2.878623502328991890e-02
2.842960413545370102e-02
3.005755599588155746e-02
2.937958482652902603e-02
3.229309991002082825e-02
2.992785582318902016e-02
2.944275597110390663e-02
2.986913593485951424e-02
2.906981389969587326e-02
2.862493507564067841e-02
2.872210415080189705e-02
2.921610511839389801e-02
2.860880363732576370e-02
2.954944595694541931e-02
2.916324418038129807e-02
3.466333309188485146e-02
3.251809021458029747e-02
3.636316629126667976e-02
3.176851896569132805e-02
2.957887621596455574e-02
2.972287591546773911e-02
2.934839529916644096e-02
3.033617697656154633e-02
3.919601021334528923e-02
3.142037801444530487e-02
3.865583008155226707e-02
3.479450382292270660e-02
3.142334800213575363e-02
3.096356801688671112e-02
3.167884889990091324e-02
3.146992763504385948e-02
3.135010786354541779e-02
3.141177818179130554e-02
3.301226114854216576e-02
3.112728800624608994e-02
2.938306517899036407e-02
2.943587582558393478e-02
2.917865384370088577e-02
2.877323422580957413e-02
2.850516373291611671e-02
2.839483320713043213e-02
2.870353404432535172e-02
2.885800413787364960e-02
2.823073416948318481e-02
2.808643318712711334e-02
2.875123405829071999e-02
2.847291389480233192e-02
2.839502412825822830e-02
2.809373289346694946e-02
2.834314387291669846e-02
2.831138391047716141e-02
2.812482323497533798e-02
2.840120391920208931e-02
2.841629367321729660e-02
2.819144306704401970e-02
3.468979382887482643e-02
3.568148519843816757e-02
3.942549973726272583e-02
3.413974214345216751e-02
3.354697208851575851e-02
3.335562115535140038e-02
3.313318081200122833e-02
3.356144158169627190e-02
3.286919137462973595e-02
3.312970139086246490e-02
3.304574079811573029e-02
3.292417107149958611e-02
3.303236002102494240e-02
3.134299814701080322e-02
3.341816086322069168e-02
3.293156111612915993e-02
3.405659180134534836e-02
3.354221070185303688e-02
3.234958974644541740e-02
3.273406019434332848e-02
3.311008075252175331e-02
3.282388020306825638e-02
3.281799098476767540e-02
3.230341896414756775e-02
3.350518131628632545e-02
3.226634999737143517e-02
3.278248012065887451e-02
3.297957126051187515e-02
3.118312824517488480e-02
3.191344020888209343e-02
3.309691091999411583e-02
3.270451026037335396e-02
3.290284099057316780e-02
3.168717818334698677e-02
3.407639218494296074e-02
3.747102804481983185e-02
3.169854916632175446e-02
3.212058776989579201e-02
3.399111283943057060e-02
3.395088203251361847e-02
3.306066105142235756e-02
3.766330797225236893e-02
3.287426102906465530e-02
3.186374902725219727e-02
3.179048886522650719e-02
3.529363358393311501e-02
3.358187200501561165e-02
3.183201886713504791e-02
3.236279031261801720e-02
3.702409705147147179e-02
3.698899736627936363e-02
4.062169278040528297e-02
3.746573813259601593e-02
3.321094112470746040e-02
3.154721902683377266e-02
3.236122895032167435e-02
3.171766921877861023e-02
3.197636036202311516e-02
3.401009179651737213e-02
3.186130896210670471e-02
3.175915917381644249e-02
3.778150817379355431e-02
3.749165683984756470e-02
3.196039889007806778e-02
3.168904921039938927e-02
3.091226704418659210e-02
2.979798614978790283e-02
2.979513583704829216e-02
2.993133617565035820e-02
3.002905705943703651e-02
3.005416598170995712e-02
2.986771613359451294e-02
3.161463933065533638e-02
3.746874816715717316e-02
3.219079924747347832e-02
3.248077025637030602e-02
3.149412898346781731e-02
3.382680192589759827e-02
3.506149398162961006e-02
3.334301104769110680e-02
3.420024318620562553e-02
3.486961405724287033e-02
3.408076195046305656e-02
3.413110319525003433e-02
3.450741292908787727e-02
3.149839863181114197e-02
3.493129415437579155e-02
3.453617263585329056e-02
3.321609133854508400e-02
3.501684404909610748e-02
3.345968201756477356e-02
3.386058239266276360e-02
3.497981373220682144e-02
3.431015228852629662e-02
3.310480015352368355e-02
3.329164115712046623e-02
3.533194400370121002e-02
3.404218284413218498e-02
3.293369011953473091e-02
3.557054419070482254e-02
3.331911237910389900e-02
3.268702002242207527e-02
3.121145768091082573e-02
3.247134992852807045e-02
3.509177407249808311e-02
2.996118739247322083e-02
2.986333565786480904e-02
2.852199412882328033e-02
3.000005614012479782e-02
2.920042537152767181e-02
2.875407412648200989e-02
2.840168401598930359e-02
2.977560600265860558e-02
2.935173502191901207e-02
2.867188397794961929e-02
2.866879384964704514e-02
2.870920393615961075e-02
2.843550406396389008e-02
2.880262397229671478e-02
2.956642629578709602e-02
2.951935492455959320e-02
2.868682425469160080e-02
2.830153377726674080e-02
2.852055430412292480e-02
2.879412379115819931e-02
2.846522442996501923e-02
2.843549428507685661e-02
2.894037496298551559e-02
2.848058380186557770e-02
2.816493296995759010e-02
2.842627372592687607e-02
2.973586600273847580e-02
2.894404390826821327e-02
3.767691785469651222e-02
3.249765001237392426e-02
3.170956810936331749e-02
3.175738919526338577e-02
3.172414936125278473e-02
3.144815890118479729e-02
3.147122776135802269e-02
3.101016813889145851e-02
3.032037708908319473e-02
3.017586609348654747e-02
3.084725840017199516e-02
3.025483712553977966e-02
3.046152601018548012e-02
3.077051742002367973e-02
3.054294688627123833e-02
3.073786618188023567e-02
3.008862724527716637e-02
3.006391599774360657e-02
3.011816693469882011e-02
2.997491601854562759e-02
3.013593563809990883e-02
3.031452698633074760e-02
3.010818595066666603e-02
3.118621790781617165e-02
3.057358693331480026e-02
3.039464587345719337e-02
3.041826561093330383e-02
3.010499710217118263e-02
2.995341597124934196e-02
3.022892680019140244e-02
3.029644582420587540e-02
3.042466705664992332e-02
3.019473701715469360e-02
3.168605919927358627e-02
3.112762700766324997e-02
3.160626767203211784e-02
3.223374020308256149e-02
3.147794818505644798e-02
3.097946802154183388e-02
3.127801790833473206e-02
3.101218817755579948e-02
3.104903781786561012e-02
3.204514924436807632e-02
3.160864766687154770e-02
3.083122801035642624e-02
3.143810806795954704e-02
3.175296913832426071e-02
3.021290712058544159e-02
3.031312581151723862e-02
3.037206595763564110e-02
3.009911673143506050e-02
3.099900716915726662e-02
3.010469721630215645e-02
2.996083581820130348e-02
3.026128700003027916e-02
3.022559592500329018e-02
3.187179937958717346e-02
3.130755806341767311e-02
3.074584715068340302e-02
3.049973724409937859e-02
3.155737882480025291e-02
3.204136900603771210e-02
3.195049893110990524e-02
3.164553781971335411e-02
3.127347817644476891e-02
3.142430912703275681e-02
3.141328785568475723e-02
3.139500878751277924e-02
3.145057801157236099e-02
3.137414902448654175e-02
3.173163812607526779e-02
3.327904175966978073e-02
3.159797796979546547e-02
3.157849889248609543e-02
3.220559004694223404e-02
3.159789787605404854e-02
3.140007797628641129e-02
3.176517877727746964e-02
3.121805842965841293e-02
3.176756901666522026e-02
3.061640681698918343e-02
3.113771788775920868e-02
3.067620703950524330e-02
3.137826872989535332e-02
3.162469808012247086e-02
3.118636785075068474e-02
3.122531808912754059e-02
3.155332803726196289e-02
3.172216890379786491e-02
3.137421887367963791e-02
3.073820704594254494e-02
3.076959773898124695e-02
3.143943799659609795e-02
3.143293783068656921e-02
3.122411901131272316e-02
3.094851691275835037e-02
3.192789899185299873e-02
3.240338899195194244e-02
3.143541794270277023e-02
3.208692884072661400e-02
3.192459000274538994e-02
3.128113783895969391e-02
3.149819793179631233e-02
3.178799897432327271e-02
3.136112913489341736e-02
3.085715696215629578e-02
3.142264904454350471e-02
3.046657703816890717e-02
3.072525700554251671e-02
3.113910835236310959e-02
3.062531678006052971e-02
3.024178696796298027e-02
3.054442675784230232e-02
3.070153668522834778e-02
3.123563807457685471e-02
3.644372709095478058e-02
3.817366808652877808e-02
3.533757384866476059e-02
3.517928393557667732e-02
3.461846429854631424e-02
3.550187405198812485e-02
3.595109609887003899e-02
3.471103310585021973e-02
3.348753182217478752e-02
3.509193425998091698e-02
3.506197407841682434e-02
3.455277299508452415e-02
3.609378589317202568e-02
3.556355414912104607e-02
3.694869717583060265e-02
3.648499585688114166e-02
3.609999502077698708e-02
3.509660391137003899e-02
3.623013477772474289e-02
3.468231391161680222e-02
3.380985185503959656e-02
3.380183177068829536e-02
3.506949404254555702e-02
3.505678381770849228e-02
3.406489314511418343e-02
3.424915205687284470e-02
3.488967381417751312e-02
3.433513315394520760e-02
3.536787489429116249e-02
3.761224821209907532e-02
4.420816805213689804e-02
3.804461797699332237e-02
4.038823302835226059e-02
3.844379913061857224e-02
4.197663394734263420e-02
4.275392508134245872e-02
4.301723698154091835e-02
4.435956804081797600e-02
4.417082760483026505e-02
4.411968775093555450e-02
4.497734876349568367e-02
4.638711130246520042e-02
4.466466931626200676e-02
4.555317992344498634e-02
4.295444581657648087e-02
3.950986126437783241e-02
4.031561175361275673e-02
4.156718403100967407e-02
3.785690804943442345e-02
4.627089109271764755e-02
4.627887113019824028e-02
4.361102683469653130e-02
4.345822706818580627e-02
4.435482900589704514e-02
4.311053594574332237e-02
4.119596397504210472e-02
3.784823790192604065e-02
3.988842200487852097e-02
4.255374521017074585e-02
3.894080035388469696e-02
4.115606378763914108e-02
3.772386815398931503e-02
3.166997898370027542e-02
3.107069805264472961e-02
3.009034600108861923e-02
3.017149586230516434e-02
2.990472596138715744e-02
3.000587597489356995e-02
3.025138704106211662e-02
3.051238739863038063e-02
2.940485486760735512e-02
3.434387315064668655e-02
3.281713044270873070e-02
3.375768102705478668e-02
3.311222093179821968e-02
3.297122986987233162e-02
3.260544128715991974e-02
3.327715117484331131e-02
3.298462089151144028e-02
3.297020075842738152e-02
3.299775999039411545e-02
3.292849985882639885e-02
3.263717005029320717e-02
3.278225986286997795e-02
3.464269265532493591e-02
3.549213428050279617e-02
3.095878800377249718e-02
3.163114935159683228e-02
3.095738729462027550e-02
3.340337192639708519e-02
3.248480008915066719e-02
3.151147812604904175e-02
3.274135990068316460e-02
3.319248137995600700e-02
3.169106924906373024e-02
3.331813076511025429e-02
3.232927992939949036e-02
3.105410793796181679e-02
3.304346092045307159e-02
3.145105810835957527e-02
3.140781866386532784e-02
3.123439801856875420e-02
3.171486873179674149e-02
3.149410756304860115e-02
3.096945723518729210e-02
3.429093305021524429e-02
3.209846001118421555e-02
3.108299802988767624e-02
3.110414789989590645e-02
3.141385782510042191e-02
3.090352797880768776e-02
3.059830702841281891e-02
3.130847821012139320e-02
3.137013735249638557e-02
3.092986717820167542e-02
3.094731783494353294e-02
3.144784830510616302e-02
3.111821832135319710e-02
3.090033773332834244e-02
3.197066904976963997e-02
3.116183821111917496e-02
3.126065805554389954e-02
3.134138789027929306e-02
3.101591765880584717e-02
3.105834685266017914e-02
3.117327764630317688e-02
3.141065826639533043e-02
3.080783691257238388e-02
3.208793886005878448e-02
3.110286779701709747e-02
3.105792775750160217e-02
3.113521775230765343e-02
3.128380794078111649e-02
3.104644827544689178e-02
3.103537810966372490e-02
3.108702786266803741e-02
3.132482804358005524e-02
3.082924708724021912e-02
3.102147672325372696e-02
3.094759816303849220e-02
3.113189805299043655e-02
3.119262820109724998e-02
3.009457606822252274e-02
3.061491670086979866e-02
3.145654825493693352e-02
3.158253896981477737e-02
3.131782775744795799e-02
3.122430806979537010e-02
3.114196797832846642e-02
3.116580797359347343e-02
3.132766904309391975e-02
3.136435803025960922e-02
3.052863711491227150e-02
3.144325781613588333e-02
3.141878778114914894e-02
3.133559785783290863e-02
3.118759766221046448e-02
3.128290874883532524e-02
3.111238777637481689e-02
3.116854792460799217e-02
3.142324835062026978e-02
3.136629797518253326e-02
3.151076799258589745e-02
3.157856920734047890e-02
3.131026821210980415e-02
3.110889811068773270e-02
3.095671767368912697e-02
4.015207197517156601e-02
4.130123322829604149e-02
4.006394185125827789e-02
4.043304221704602242e-02
4.038844211027026176e-02
3.994606062769889832e-02
4.345574695616960526e-02
2.990766568109393120e-02
3.531439416110515594e-02
3.191780904307961464e-02
3.225148981437087059e-02
3.655602596700191498e-02
3.109369706362485886e-02
3.107422729954123497e-02
3.821037802845239639e-02
4.089031321927905083e-02
4.011028073728084564e-02
3.735355800017714500e-02
3.652333607897162437e-02
4.262245586141943932e-02
3.790478827431797981e-02
3.862514905631542206e-02
3.789219819009304047e-02
3.712448710575699806e-02
3.663425613194704056e-02
3.781947772949934006e-02
3.843533899635076523e-02
3.756121778860688210e-02
3.707764716818928719e-02
3.771009808406233788e-02
3.773181838914752007e-02
3.847147896885871887e-02
3.752891672775149345e-02
3.864123998209834099e-02
3.831355925649404526e-02
3.912049019709229469e-02
3.761738678440451622e-02
3.752031736075878143e-02
3.781276801601052284e-02
3.721710713580250740e-02
3.636108618229627609e-02
3.791257785633206367e-02
3.710292698815464973e-02
3.640005597844719887e-02
3.690214687958359718e-02
3.662840602919459343e-02
3.645077580586075783e-02
3.718109708279371262e-02
3.734968695789575577e-02
3.796379780396819115e-02
3.678097622469067574e-02
3.701233677566051483e-02
3.675982682034373283e-02
3.741727815940976143e-02
3.682011598721146584e-02
3.714904701337218285e-02
3.738054772838950157e-02
3.652024595066905022e-02
3.547038510441780090e-02
3.607666492462158203e-02
3.692799620330333710e-02
3.662544582039117813e-02
3.644267562776803970e-02
3.635488590225577354e-02
3.660292597487568855e-02
3.682061703875660896e-02
3.654037602245807648e-02
3.595817601308226585e-02
3.706699702888727188e-02
4.631217056885361671e-02
4.261114494875073433e-02
4.602615069597959518e-02
4.069237317889928818e-02
3.272967087104916573e-02
3.520027408376336098e-02
3.271753992885351181e-02
3.276761109009385109e-02
4.115459276363253593e-02
3.769457805901765823e-02
3.770864801481366158e-02
4.120253305882215500e-02
3.696012683212757111e-02
4.070762265473604202e-02
3.401640197262167931e-02
3.288253117352724075e-02
4.921852611005306244e-02
4.207646520808339119e-02
4.092753306031227112e-02
3.269752999767661095e-02
3.312162123620510101e-02
3.902914980426430702e-02
3.356552124023437500e-02
3.257034020498394966e-02
3.420905163511633873e-02
3.214760031551122665e-02
3.171621868386864662e-02
3.689298639073967934e-02
3.419249178841710091e-02
3.270456101745367050e-02
3.238743031397461891e-02
3.282140986993908882e-02
3.428529342636466026e-02
3.311769105494022369e-02
3.390608215704560280e-02
3.374527068808674812e-02
3.485363302752375603e-02
3.689307672902941704e-02
3.524974407628178596e-02
3.460198407992720604e-02
3.597192466259002686e-02
3.496679384261369705e-02
3.666136600077152252e-02
3.500024275854229927e-02
3.401651280000805855e-02
3.597581526264548302e-02
3.431565267965197563e-02
3.419685270637273788e-02
3.624614607542753220e-02
3.485564282163977623e-02
3.406092198565602303e-02
3.182383906096220016e-02
3.185909893363714218e-02
3.179002925753593445e-02
3.155222907662391663e-02
3.253932017832994461e-02
3.167789895087480545e-02
3.159166825935244560e-02
3.280140087008476257e-02
3.216153010725975037e-02
3.396512195467948914e-02
3.286798112094402313e-02
3.267044015228748322e-02
3.197547886520624161e-02
3.195554995909333229e-02
3.192031895741820335e-02
3.162690810859203339e-02
3.142171772196888924e-02
3.339579096063971519e-02
3.467700444161891937e-02
3.139973804354667664e-02
3.148002875968813896e-02
3.167744912207126617e-02
3.358734119683504105e-02
3.319539083167910576e-02
3.322592144832015038e-02
3.420891193673014641e-02
3.777092788368463516e-02
3.781176777556538582e-02
3.681632690131664276e-02
3.832937916740775108e-02
3.539269510656595230e-02
3.324070991948246956e-02
3.300635144114494324e-02
3.320465097203850746e-02
3.305627126246690750e-02
3.306783083826303482e-02
3.353110188618302345e-02
3.221645904704928398e-02
3.130655875429511070e-02
3.123644785955548286e-02
3.315040096640586853e-02
3.240506025031208992e-02
3.365236194804310799e-02
3.344365069642663002e-02
3.690927708521485329e-02
3.135582897812128067e-02
3.138016816228628159e-02
3.250215994194149971e-02
3.195775905624032021e-02
3.190567018464207649e-02
3.169453795999288559e-02
3.139961790293455124e-02
3.165022935718297958e-02
3.177042864263057709e-02
3.145008767023682594e-02
3.165232902392745018e-02
3.144743805751204491e-02
3.161663888022303581e-02
3.147925902158021927e-02
3.265442978590726852e-02
3.175844904035329819e-02
3.124030772596597672e-02
3.146872902289032936e-02
3.184088924899697304e-02
3.107247687876224518e-02
3.109913691878318787e-02
3.185687866061925888e-02
3.099764697253704071e-02
3.121943771839141846e-02
3.204224910587072372e-02
3.212131932377815247e-02
3.204454993829131126e-02
3.540405398234724998e-02
3.033647686243057251e-02
3.041605697944760323e-02
3.094292804598808289e-02
3.229665895923972130e-02
3.087770706042647362e-02
3.094846801832318306e-02
3.105715801939368248e-02
3.138394793495535851e-02
3.110282821580767632e-02
3.088815789669752121e-02
3.108225716277956963e-02
3.013007715344429016e-02
3.178332932293415070e-02
3.141247807070612907e-02
3.142756922170519829e-02
3.270897036418318748e-02
3.172827884554862976e-02
3.086788766086101532e-02
3.067598678171634674e-02
3.159428900107741356e-02
3.046251693740487099e-02
3.067036718130111694e-02
3.052225708961486816e-02
3.130768798291683197e-02
3.165650926530361176e-02
3.149264818057417870e-02
3.114408673718571663e-02
3.252976993098855019e-02
3.190150903537869453e-02
3.049848694354295731e-02
3.151917783543467522e-02
3.129992773756384850e-02
3.146264795213937759e-02
3.078070795163512230e-02
3.242337005212903023e-02
3.124326793476939201e-02
3.072144696488976479e-02
3.086351836100220680e-02
3.263559006154537201e-02
3.151395916938781738e-02
3.197748865932226181e-02
3.272400004789233208e-02
3.321910183876752853e-02
3.282462991774082184e-02
3.299928084015846252e-02
3.378677181899547577e-02
3.008383605629205704e-02
2.985297515988349915e-02
3.006249573081731796e-02
3.055144706740975380e-02
2.933736471459269524e-02
2.929817466065287590e-02
2.905422495678067207e-02
2.851064363494515419e-02
2.904514456167817116e-02
2.856742404401302338e-02
2.852715412154793739e-02
2.981717605143785477e-02
2.972661610692739487e-02
2.969452599063515663e-02
2.955658501014113426e-02
3.022071672603487968e-02
3.005637601017951965e-02
2.966319583356380463e-02
2.980533614754676819e-02
3.021155577152967453e-02
3.021913720294833183e-02
2.970281615853309631e-02
2.987892599776387215e-02
2.992491610348224640e-02
2.919993503019213676e-02
2.983785606920719147e-02
2.959597529843449593e-02
2.959037432447075844e-02
2.993189590051770210e-02
3.000266617164015770e-02
2.995901601389050484e-02
2.980467630550265312e-02
2.982301637530326843e-02
3.010957594960927963e-02
2.982528600841760635e-02
2.984467614442110062e-02
2.971993573009967804e-02
3.004297614097595215e-02
2.985158609226346016e-02
2.999324630945920944e-02
2.994813723489642143e-02
2.961750468239188194e-02
2.973309578374028206e-02
2.943857526406645775e-02
2.958294609561562538e-02
2.909859502688050270e-02
2.901632478460669518e-02
2.968446491286158562e-02
2.999394666403532028e-02
2.965101459994912148e-02
2.972746593877673149e-02
2.944842632859945297e-02
2.993305632844567299e-02
2.947537507861852646e-02
2.949190605431795120e-02
2.983685582876205444e-02
3.001592587679624557e-02
2.971960604190826416e-02
2.982139587402343750e-02
2.975766593590378761e-02
3.035074565559625626e-02
2.972913580015301704e-02
2.963813627138733864e-02
2.976316586136817932e-02
2.971897600218653679e-02
2.954553486779332161e-02
2.938065491616725922e-02
2.972507476806640625e-02
3.003195673227310181e-02
3.004915593191981316e-02
2.961925603449344635e-02
2.990967594087123871e-02
3.020686609670519829e-02
2.962329564616084099e-02
2.926670480519533157e-02
2.984544634819030762e-02
2.987011615186929703e-02
2.951437607407569885e-02
3.028347622603178024e-02
2.981993602588772774e-02
2.978904591873288155e-02
2.956368634477257729e-02
3.039771690964698792e-02
3.126586833968758583e-02
2.947113523259758949e-02
3.035116707906126976e-02
2.941111521795392036e-02
2.947292476892471313e-02
2.948811464011669159e-02
3.007744718343019485e-02
3.017255570739507675e-02
2.927431510761380196e-02
2.917436510324478149e-02
2.984369592741131783e-02
2.987116621807217598e-02
2.968808542937040329e-02
2.948996610939502716e-02
3.005462605506181717e-02
2.891790494322776794e-02
2.879869425669312477e-02
2.998606581240892410e-02
2.953620580956339836e-02
2.988109597936272621e-02
2.931339526548981667e-02
2.972546592354774475e-02
2.887606434524059296e-02
2.937966585159301758e-02
2.887083403766155243e-02
2.963615581393241882e-02
3.002021601423621178e-02
2.985238609835505486e-02
2.996083628386259079e-02
2.986327605322003365e-02
2.882700460031628609e-02
2.909750491380691528e-02
2.975577581673860550e-02
2.947087492793798447e-02
2.901506470516324043e-02
2.941231476143002510e-02
2.985326573252677917e-02
2.999148610979318619e-02
2.897335495799779892e-02
2.944942470639944077e-02
2.966968622058629990e-02
2.937309490516781807e-02
2.992919599637389183e-02
2.979234512895345688e-02
2.933335490524768829e-02
2.962144464254379272e-02
2.991285594180226326e-02
3.004016634076833725e-02
2.897783415392041206e-02
2.886367496103048325e-02
2.861890429630875587e-02
2.919043507426977158e-02
2.901206491515040398e-02
2.999978605657815933e-02
2.995943604037165642e-02
2.940566604956984520e-02
2.972650527954101562e-02
2.984181605279445648e-02
2.964273607358336449e-02
2.968049608170986176e-02
2.959517529234290123e-02
2.914247382432222366e-02
2.949071582406759262e-02
2.906054491177201271e-02
2.884218282997608185e-02
2.969584614038467407e-02
2.990082604810595512e-02
2.917941519990563393e-02
2.942505525425076485e-02
3.007345693185925484e-02
2.967239497229456902e-02
2.987636486068367958e-02
2.945039467886090279e-02
3.059153677895665169e-02
3.273564064875245094e-02
3.116676816716790199e-02
3.132614772766828537e-02
3.135215770453214645e-02
3.166784904897212982e-02
3.166750911623239517e-02
3.163975896313786507e-02
3.093796689063310623e-02
3.153666900470852852e-02
3.072334686294198036e-02
3.147173905745148659e-02
3.153394814580678940e-02
3.165540797635912895e-02
3.129731770604848862e-02
3.156365780159831047e-02
3.168364893645048141e-02
3.147111926227807999e-02
3.138408809900283813e-02
3.204674879088997841e-02
3.070341795682907104e-02
3.189619909971952438e-02
3.272333974018692970e-02
3.144026920199394226e-02
3.207731898874044418e-02
3.202917892485857010e-02
3.183188894763588905e-02
3.180217882618308067e-02
3.250270010903477669e-02
3.152203792706131935e-02
3.143757907673716545e-02
3.156716795638203621e-02
3.247356927022337914e-02
3.100132709369063377e-02
3.176028886809945107e-02
3.164345910772681236e-02
3.314197110012173653e-02
3.146398905664682388e-02
3.189184889197349548e-02
3.115515829995274544e-02
3.151664789766073227e-02
3.129526879638433456e-02
3.693897696211934090e-02
3.210846893489360809e-02
3.153307922184467316e-02
3.104132832959294319e-02
3.178135911002755165e-02
3.179898904636502266e-02
3.108720807358622551e-02
3.048252593725919724e-02
3.088856721296906471e-02
3.134775813668966293e-02
3.118051774799823761e-02
3.198694903403520584e-02
3.091175667941570282e-02
3.106117714196443558e-02
3.132743900641798973e-02
3.202332882210612297e-02
3.153446875512599945e-02
3.138388833031058311e-02
3.314245073124766350e-02
3.072369657456874847e-02
3.027967689558863640e-02
3.027644706889986992e-02
3.054587682709097862e-02
3.098939824849367142e-02
3.096789726987481117e-02
3.160420898348093033e-02
3.101466828957200050e-02
3.130240784958004951e-02
3.203012933954596519e-02
3.111157706007361412e-02
3.088419791311025620e-02
3.101816819980740547e-02
3.095272788777947426e-02
3.082848712801933289e-02
3.097690781578421593e-02
3.153813909739255905e-02
3.101054718717932701e-02
3.114756802096962929e-02
