2.168122577667236328e+01
2.090060329437255859e+01
1.898672237396240092e+01
1.872594223022461080e+01
1.858894386291503764e+01
1.769172573089599609e+01
1.753962001800537251e+01
1.812907295227050852e+01
1.772627353668212891e+01
1.775851993560791087e+01
1.800352649688720774e+01
1.798192462921142720e+01
1.841299934387206960e+01
1.873914432525634766e+01
1.791953563690185547e+01
1.831639251708984517e+01
1.780967922210693288e+01
1.752399864196777202e+01
1.734808464050292898e+01
1.759430923461913920e+01
1.768879661560058736e+01
1.793742618560791158e+01
1.810427360534668040e+01
1.785426502227783274e+01
1.789759273529052663e+01
1.802043437957763672e+01
1.804657421112060689e+01
1.819993419647216726e+01
1.798489246368408345e+01
1.751160507202148509e+01
1.791378307342529297e+01
1.774257984161376811e+01
1.769403591156005717e+01
1.798023338317871023e+01
1.823980140686035156e+01
1.768618412017822195e+01
1.732405338287353658e+01
1.742850189208984446e+01
1.739567375183105469e+01
1.752053375244140554e+01
1.786276683807373189e+01
1.770502052307129048e+01
1.745442638397216939e+01
1.758612060546875000e+01
1.763488101959228516e+01
1.790038738250732564e+01
1.771202049255371236e+01
1.773092021942138530e+01
1.733327713012695170e+01
1.744695014953613210e+01
1.762619323730468679e+01
1.752443084716797017e+01
1.744810562133789134e+01
1.738931293487548757e+01
1.754508953094482493e+01
1.769438266754150391e+01
1.805035934448242330e+01
1.778779296875000071e+01
1.771983013153076314e+01
1.771211109161377095e+01
1.757301177978515483e+01
1.755668792724609517e+01
1.776487197875976420e+01
1.738421955108642436e+01
1.745356388092040945e+01
1.761522426605224467e+01
1.733261947631836009e+01
1.733064384460449148e+01
1.734897193908691548e+01
1.734628601074218679e+01
1.737775630950927663e+01
1.760854816436767578e+01
1.754741210937499929e+01
1.738372344970703054e+01
1.728942298889160156e+01
1.728508491516113210e+01
1.728569698333740234e+01
1.728530960083007884e+01
1.734370288848877095e+01
1.728640880584716655e+01
1.730687675476074361e+01
1.739317779541015696e+01
1.769486503601074290e+01
1.794548988342285156e+01
1.762941741943359375e+01
1.793912029266357422e+01
1.768035984039306641e+01
1.738312072753906179e+01
1.783067359924316264e+01
1.751906318664550710e+01
1.737960281372070170e+01
1.765649013519287180e+01
1.776231765747070312e+01
1.760998344421386719e+01
1.742769756317138530e+01
1.728045558929443359e+01
1.729690151214599680e+01
1.734796276092529155e+01
1.731502113342285298e+01
1.735691356658935547e+01
1.753654804229736186e+01
1.751038208007812358e+01
1.730573215484618999e+01
1.727883243560791016e+01
1.730193805694580078e+01
1.732651119232177805e+01
1.732229251861572195e+01
1.728101444244384766e+01
1.729517555236816406e+01
1.730095939636230540e+01
1.727890300750732422e+01
1.728538169860839702e+01
1.727995719909667827e+01
1.729077644348144460e+01
1.728616981506347727e+01
1.734252986907959126e+01
1.734085063934326243e+01
1.738905696868896555e+01
1.736958370208740376e+01
1.731065235137939595e+01
1.728445529937744141e+01
1.728903617858886577e+01
1.731986961364746236e+01
1.729392738342285085e+01
1.730568962097168040e+01
1.728867988586425852e+01
1.730982913970947124e+01
1.735324287414550781e+01
1.736407089233398438e+01
1.748019351959228374e+01
1.760528507232665874e+01
1.740099143981933594e+01
1.752542362213134908e+01
1.752036647796630930e+01
1.734749870300293040e+01
1.734761333465576172e+01
1.736682796478271484e+01
1.746331214904785156e+01
1.731890773773193359e+01
1.746849765777587749e+01
1.764575252532959126e+01
1.749200515747070384e+01
1.750889606475830007e+01
1.730379199981689453e+01
1.728673458099365234e+01
1.728163261413574148e+01
1.728125991821288920e+01
1.728454895019531179e+01
1.728102817535400249e+01
1.728461608886718892e+01
1.732468376159668111e+01
1.730907897949218821e+01
1.727605838775634695e+01
1.728589992523193430e+01
1.728794345855713033e+01
1.729553108215332102e+01
1.729099636077880930e+01
1.731923847198486399e+01
1.727942619323730611e+01
1.735372886657714986e+01
1.740124855041504048e+01
1.728523998260498118e+01
1.738397769927978587e+01
1.740944061279297017e+01
1.758369579315185405e+01
1.746767501831054759e+01
1.744681377410888601e+01
1.730627021789550923e+01
1.732245979309082173e+01
1.730986003875732493e+01
1.744807262420654226e+01
1.744634513854980540e+01
1.749618682861328267e+01
1.756118240356445170e+01
1.733054180145263601e+01
1.731269817352294993e+01
1.755944538116455078e+01
1.733794097900390696e+01
1.733222618103027202e+01
1.730081119537353374e+01
1.727589893341064453e+01
1.740781269073486470e+01
1.733059463500976705e+01
1.729407882690429688e+01
1.731152114868164205e+01
1.739653034210205007e+01
1.731069297790527273e+01
1.729240741729736186e+01
1.727519969940185618e+01
1.728545284271240234e+01
1.727760620117187429e+01
1.727590141296386861e+01
1.727100849151611328e+01
1.727844791412353587e+01
1.727517032623291016e+01
1.728698558807372976e+01
1.727549705505371236e+01
1.728831157684326314e+01
1.730332851409912109e+01
1.731349697113036967e+01
1.728090934753418040e+01
1.728627300262451172e+01
1.728424072265625000e+01
1.727676086425781321e+01
1.729141559600829936e+01
1.726851215362548686e+01
1.726969566345214702e+01
1.726932640075683523e+01
1.726944026947021626e+01
1.726957778930664134e+01
1.726804752349853445e+01
1.727543849945068288e+01
1.727127361297607422e+01
1.726978282928466868e+01
1.727816486358642578e+01
1.726960544586181712e+01
1.726927375793457031e+01
1.726949481964111399e+01
1.726700248718261577e+01
1.727370262145996094e+01
1.727134304046630930e+01
1.726731834411621236e+01
1.727040996551513530e+01
1.726806583404540874e+01
1.727273693084716655e+01
1.726899986267089915e+01
1.727020797729492330e+01
1.726820545196533274e+01
1.726756229400634624e+01
1.727082710266113352e+01
1.727051353454589844e+01
1.726644496917724680e+01
1.727338275909423970e+01
1.727169628143310476e+01
1.727852764129638530e+01
1.727387714385986328e+01
1.726820125579833842e+01
1.727547321319580220e+01
1.727089614868163991e+01
1.727826595306396484e+01
1.727225360870361470e+01
1.728042945861816548e+01
1.727635440826416158e+01
1.728744163513183452e+01
1.730034027099609517e+01
1.727455520629882812e+01
1.728276939392089773e+01
1.727004089355468608e+01
1.727301120758056641e+01
1.727055587768554545e+01
1.727378330230713033e+01
1.726597633361816264e+01
1.726869621276855327e+01
1.726606521606445455e+01
1.726807136535644460e+01
1.726925964355468679e+01
1.726772289276123118e+01
1.727086277008056570e+01
1.726716060638427663e+01
1.726615409851074290e+01
1.727030715942382955e+01
1.726673183441162251e+01
1.727050151824951030e+01
1.726499233245849751e+01
1.727071170806884837e+01
1.726802635192871094e+01
1.726571235656738423e+01
1.726906509399413991e+01
1.726779365539550781e+01
1.728066120147705220e+01
1.727643585205078125e+01
1.726684780120849538e+01
1.727171802520751953e+01
1.727084865570068217e+01
1.726189823150634695e+01
1.728888626098632741e+01
1.727989196777343750e+01
1.727536354064941548e+01
1.729602546691894460e+01
1.729619178771972798e+01
1.727939796447753906e+01
1.727609386444091655e+01
1.726965732574462820e+01
1.726730308532714986e+01
1.726574153900146413e+01
1.726423587799072124e+01
1.726561336517334055e+01
1.726455020904541016e+01
1.726979961395263530e+01
1.726969356536865163e+01
1.728732376098632884e+01
1.727961711883544993e+01
1.727297706604003835e+01
1.726796283721923686e+01
1.726650047302246094e+01
1.726595249176025249e+01
1.726581268310546946e+01
1.726345577239990092e+01
1.727400779724121094e+01
1.726643714904785298e+01
1.726345176696777273e+01
1.726256198883056570e+01
1.726263809204101562e+01
1.726277828216552734e+01
1.726219615936279439e+01
1.726245422363281179e+01
1.726374301910400533e+01
1.726246986389160298e+01
1.726306095123290874e+01
1.726249198913574290e+01
1.726292896270751953e+01
1.726189708709716797e+01
1.726258335113525533e+01
1.726301403045654226e+01
1.726212387084961009e+01
1.726253929138183452e+01
1.726322517395019673e+01
1.726393127441406250e+01
1.726256275177001953e+01
1.726274070739746236e+01
1.726261863708496236e+01
1.726206665039062571e+01
1.726180782318115092e+01
1.726388549804687500e+01
1.726183032989501953e+01
1.726135044097900462e+01
1.726238842010497976e+01
1.726212825775146342e+01
1.726205291748046733e+01
1.726231212615966726e+01
1.726170234680175852e+01
1.726274185180664134e+01
1.726177978515625000e+01
1.726319408416748047e+01
1.726154422760009766e+01
1.726158790588378977e+01
1.726455497741699219e+01
1.726177158355712749e+01
1.726125297546386861e+01
1.726473751068115092e+01
1.726455421447753835e+01
1.726255149841308523e+01
1.726295909881591939e+01
1.726313476562500071e+01
1.726180419921875142e+01
1.726344184875488352e+01
1.726357574462890554e+01
1.726351547241210938e+01
1.726262817382812642e+01
1.726091918945312642e+01
1.726536045074463033e+01
1.726373310089111257e+01
1.726196899414062358e+01
1.726678066253662180e+01
1.726377182006836009e+01
1.726381988525390554e+01
1.726120510101318217e+01
1.726174507141113423e+01
1.726119632720947195e+01
1.726148662567138814e+01
1.726057701110839915e+01
1.726324138641357564e+01
1.726314296722411967e+01
1.726441040039062358e+01
1.726190948486328125e+01
1.726124000549316406e+01
1.726130981445312429e+01
1.726111965179443430e+01
1.726425914764404368e+01
1.726438789367675852e+01
1.727093963623046946e+01
1.726910877227783203e+01
1.727185611724853587e+01
1.727062454223632670e+01
1.726251926422118999e+01
1.726346549987793111e+01
1.726143722534179759e+01
1.726161403656005788e+01
1.726092319488525462e+01
1.726164722442626953e+01
1.726349544525146484e+01
1.726470603942870952e+01
1.726615829467773366e+01
1.726055755615234233e+01
1.726079368591308594e+01
1.726355533599853587e+01
1.726337165832519460e+01
1.726320781707763530e+01
1.726097755432128977e+01
1.726509132385253764e+01
1.726488666534423899e+01
1.726383972167968750e+01
1.726182994842529439e+01
1.726171665191650462e+01
1.726136569976806712e+01
1.726047763824463033e+01
1.726306209564209126e+01
1.726111946105957173e+01
1.726410369873046946e+01
1.726151466369628906e+01
1.726133308410644673e+01
1.726020755767822124e+01
1.726078281402588033e+01
1.726084709167480469e+01
1.726001224517822408e+01
1.726006183624267720e+01
1.725996551513672017e+01
1.725973396301269602e+01
1.726049671173095845e+01
1.726025524139404155e+01
1.725983905792236328e+01
1.725970344543457102e+01
1.726085929870605540e+01
1.725971164703368999e+01
1.726022109985351705e+01
1.725961227416992116e+01
1.726003608703613423e+01
1.726022300720214986e+01
1.725993938446044851e+01
1.726004943847656392e+01
1.726076183319091939e+01
1.726031074523925923e+01
1.726044330596923970e+01
1.726005725860595774e+01
1.725979118347168040e+01
1.725997982025146626e+01
1.725986614227294780e+01
1.725972023010253764e+01
1.726027164459228658e+01
1.726082019805908274e+01
1.726025981903076101e+01
1.726184597015380717e+01
1.725982494354247976e+01
1.726008548736572124e+01
1.726031093597412180e+01
1.725997314453125142e+01
1.726088409423828196e+01
1.725973873138427805e+01
1.726075839996337891e+01
1.726001491546630717e+01
1.725973377227783345e+01
1.726035099029541087e+01
1.725986270904541087e+01
1.726013793945312358e+01
1.725938434600830007e+01
1.725975952148437642e+01
1.725992107391357422e+01
1.726034126281738423e+01
1.726017875671386648e+01
1.726072597503662109e+01
1.726169967651367188e+01
1.726080722808837820e+01
1.726110439300537180e+01
1.725991859436035014e+01
1.725962543487548828e+01
1.726210403442382812e+01
1.726002025604248047e+01
1.726003570556640554e+01
1.726025962829589844e+01
1.726004619598388601e+01
1.725963191986084055e+01
1.725989036560058665e+01
1.725975399017334055e+01
1.725950164794921804e+01
1.726085567474365234e+01
1.726094074249267507e+01
1.725957889556884695e+01
1.726281509399414205e+01
1.725952548980712820e+01
1.725985355377197195e+01
1.725956935882568288e+01
1.725990123748779226e+01
1.726141281127929616e+01
1.725942497253418040e+01
1.725977840423583842e+01
1.725929470062255788e+01
1.726091308593749929e+01
1.725956745147705007e+01
1.725915699005127024e+01
1.726110324859619283e+01
1.726007633209228587e+01
1.725939350128173899e+01
1.726068649291992330e+01
1.725920410156249929e+01
1.725923004150390483e+01
1.726165218353271413e+01
1.725971527099609304e+01
1.726038665771484304e+01
1.725975608825683594e+01
1.726097087860107493e+01
1.725940151214599538e+01
1.725987567901611186e+01
1.725929260253906250e+01
1.725927753448486257e+01
1.726036243438720774e+01
1.725969066619872905e+01
1.726006107330322337e+01
1.725980968475341726e+01
1.725920124053955007e+01
1.725953350067138814e+01
1.725905456542968608e+01
1.725915355682372976e+01
1.725913791656494212e+01
1.725900573730468679e+01
1.725908641815185618e+01
1.725938243865966726e+01
1.725920658111572337e+01
1.725902290344238210e+01
1.725905799865722656e+01
1.725911331176757812e+01
1.725934162139892436e+01
1.725895137786865163e+01
1.725917873382568501e+01
1.725893630981445170e+01
1.725919208526611470e+01
1.725908412933349467e+01
1.725909328460693359e+01
1.725906887054443217e+01
1.725894966125488139e+01
1.725930423736572195e+01
1.725916557312011790e+01
1.725930213928222656e+01
1.725896816253662180e+01
1.725913410186767649e+01
1.725898723602294993e+01
1.725895404815673828e+01
1.725952625274658203e+01
1.725991077423095632e+01
1.725916080474853587e+01
1.725976009368896413e+01
1.725926818847656108e+01
1.725937213897704936e+01
1.725906753540039062e+01
1.725900955200195241e+01
1.725964050292968821e+01
1.725945949554443359e+01
1.725933628082275462e+01
1.725869655609130859e+01
1.726044063568115305e+01
1.725929164886474609e+01
1.725942268371581889e+01
1.725951786041259695e+01
1.725964202880859233e+01
1.725991840362548757e+01
1.725988922119140767e+01
1.726008510589599609e+01
1.725882968902588033e+01
1.725932197570800852e+01
1.725906524658203267e+01
1.725972080230712891e+01
1.725887851715087962e+01
1.725918464660644602e+01
1.725941619873047017e+01
1.725942802429199219e+01
1.725911655426025249e+01
1.725896339416503977e+01
1.725973739624023295e+01
1.725963592529296875e+01
1.725942287445068501e+01
1.725907859802246236e+01
1.725898284912109304e+01
1.725897865295410227e+01
1.725993404388427876e+01
1.725864944458007955e+01
1.725899524688720632e+01
1.725878295898437642e+01
1.725910301208496023e+01
1.725922775268554688e+01
1.725892581939697124e+01
1.725916805267333842e+01
1.725980167388916087e+01
1.725913429260253906e+01
1.725915107727050923e+01
1.725916118621826101e+01
1.725880088806152202e+01
1.725905380249023580e+01
1.725883579254150391e+01
1.725886325836181712e+01
1.725972385406494070e+01
1.725881900787353374e+01
1.725900993347168111e+01
1.725925121307373189e+01
1.725906352996826243e+01
1.725901012420654368e+01
1.725916023254394460e+01
1.725920715332031108e+01
1.725918731689453267e+01
1.725942001342773580e+01
1.725907363891601420e+01
1.725899333953857351e+01
1.725891437530517436e+01
1.725896244049072337e+01
1.725922908782958842e+01
1.725868015289306712e+01
1.725987377166747905e+01
1.725924701690673757e+01
1.725898818969726634e+01
1.725888538360595703e+01
1.725963573455810618e+01
1.725877819061279439e+01
1.725891990661621023e+01
1.725875682830810476e+01
1.725875892639160014e+01
1.725889759063720774e+01
1.725875072479248118e+01
1.725866699218750000e+01
1.725880622863769531e+01
1.725867443084716868e+01
1.725877952575683594e+01
1.725879478454589844e+01
1.725887470245361399e+01
1.725878696441650462e+01
1.725877857208251953e+01
1.725876865386963033e+01
1.725881137847900249e+01
1.725900802612304830e+01
1.725925540924072266e+01
1.725875625610351705e+01
1.725881462097168040e+01
1.725895862579345774e+01
1.725868682861328196e+01
1.725892982482910298e+01
1.725866107940673899e+01
1.725875072479248118e+01
1.725884265899658132e+01
1.725864334106445241e+01
1.725878353118896413e+01
1.725860862731933665e+01
1.725864810943603445e+01
1.725906887054443217e+01
1.725928058624267436e+01
1.725868167877197124e+01
1.725930213928222656e+01
1.725864524841308523e+01
1.725877437591552876e+01
1.725885066986084126e+01
1.725863971710204936e+01
1.725908851623535156e+01
1.725892963409423686e+01
1.725873794555663920e+01
1.725884819030761719e+01
1.725871925354003977e+01
1.725891551971435689e+01
1.725865230560302876e+01
1.725909957885742330e+01
1.725865650177001953e+01
1.725864334106445241e+01
1.725877285003662109e+01
1.725866661071777486e+01
1.725877628326416158e+01
1.725877246856689595e+01
1.725856819152831889e+01
1.725873069763183665e+01
1.725917644500732351e+01
1.725860862731933665e+01
1.725915565490722514e+01
1.725853519439697337e+01
1.725875091552734375e+01
1.725867404937743999e+01
1.725861186981201101e+01
1.725877666473388672e+01
1.725874557495117045e+01
1.725863323211670064e+01
1.725891628265380717e+01
1.725867938995361328e+01
1.725889778137207031e+01
1.725871448516845774e+01
1.725866699218750000e+01
1.725870819091796804e+01
1.725876197814941548e+01
1.725889186859130930e+01
1.725900611877441548e+01
1.725883884429931570e+01
1.725863780975341655e+01
1.725862426757812429e+01
1.725901546478271342e+01
1.725872879028320384e+01
1.725856914520263530e+01
1.725892200469970561e+01
1.725870532989501882e+01
1.725896396636962749e+01
1.725860137939453054e+01
1.725889358520507955e+01
1.725883331298827983e+01
1.725930767059326243e+01
1.725859203338622905e+01
1.725893497467041016e+01
1.725897750854492330e+01
1.725865821838378977e+01
1.725860996246337820e+01
1.725904808044433736e+01
1.725872211456298899e+01
1.725875263214111399e+01
1.725863437652587962e+01
1.725892639160156250e+01
1.725873394012451101e+01
1.725872039794921875e+01
1.725902976989745952e+01
1.725914440155029439e+01
1.725894165039062500e+01
1.725853958129882670e+01
1.725867576599121023e+01
1.725852909088134624e+01
1.725853309631347798e+01
1.725855998992919993e+01
1.725877017974853445e+01
1.725856132507324148e+01
1.725855007171630717e+01
1.725859794616699361e+01
1.725866985321044922e+01
1.725856189727783274e+01
1.725874061584472585e+01
1.725855522155761790e+01
1.725862064361572124e+01
1.725853424072265696e+01
1.725859889984131001e+01
1.725868759155273580e+01
1.725885295867919922e+01
1.725861072540283203e+01
1.725847854614257670e+01
1.725876502990722727e+01
1.725863895416259908e+01
1.725851802825927805e+01
1.725857009887695170e+01
1.725849857330322124e+01
1.725855121612548970e+01
1.725856227874755788e+01
1.725863742828369141e+01
1.725857563018798757e+01
1.725876617431640625e+01
1.725860977172851562e+01
1.725860214233398438e+01
1.725856189727783274e+01
1.725857963562011577e+01
1.725880832672119070e+01
1.725854225158691335e+01
1.725847511291503977e+01
1.725868968963623118e+01
1.725858058929443217e+01
1.725869655609130859e+01
1.725880260467529226e+01
1.725851325988769602e+01
1.725860576629638743e+01
1.725851974487304830e+01
1.725856800079345632e+01
1.725853614807128977e+01
1.725855007171630717e+01
1.725860862731933665e+01
1.725852966308593750e+01
1.725855693817138814e+01
1.725857391357421733e+01
1.725861206054687358e+01
1.725854606628417898e+01
1.725875053405761861e+01
1.725869293212890554e+01
1.725860996246337820e+01
1.725880603790283274e+01
1.725869216918945170e+01
1.725851631164550781e+01
1.725867538452148509e+01
1.725860137939453054e+01
1.725857353210449219e+01
1.725858306884765625e+01
1.725880451202392507e+01
1.725849742889404226e+01
1.725860538482665874e+01
1.725866012573242259e+01
1.725854187011718821e+01
1.725856590270996094e+01
1.725856628417968608e+01
1.725853958129882670e+01
1.725853080749511648e+01
1.725858917236327983e+01
1.725870819091796804e+01
1.725851745605468679e+01
1.725854682922363281e+01
1.725852603912353445e+01
1.725866565704345845e+01
1.725859031677246236e+01
1.725861244201660227e+01
1.725873546600341868e+01
1.725852527618408061e+01
1.725849075317382741e+01
1.725857086181640554e+01
1.725863971710204936e+01
1.725851306915283345e+01
1.725867023468017436e+01
1.725876064300537038e+01
1.725859336853027415e+01
1.725859241485595774e+01
1.725851497650146626e+01
1.725874118804931712e+01
1.725852546691894673e+01
1.725859241485595774e+01
1.725872173309326030e+01
1.725862197875976634e+01
1.725857543945312500e+01
1.725852851867675852e+01
1.725856475830078196e+01
1.725863380432128835e+01
1.725851879119873189e+01
1.725848217010497976e+01
1.725853099822997905e+01
1.725847320556640696e+01
1.725846385955810547e+01
1.725848999023437358e+01
1.725860729217529155e+01
1.725848941802978587e+01
1.725844707489013530e+01
1.725848770141601562e+01
1.725846652984619212e+01
1.725845031738281321e+01
1.725861396789550639e+01
1.725852584838867188e+01
1.725848999023437358e+01
1.725845813751220703e+01
1.725849418640136790e+01
1.725860633850097514e+01
1.725849266052246023e+01
1.725847091674804545e+01
1.725845584869384908e+01
1.725845737457275320e+01
1.725846633911132955e+01
1.725851612091064524e+01
1.725851230621337962e+01
1.725846424102783061e+01
1.725847606658935618e+01
1.725858573913574290e+01
1.725849018096923970e+01
1.725848026275634695e+01
1.725853157043457031e+01
1.725849590301513814e+01
1.725845851898193217e+01
1.725847606658935618e+01
1.725857906341552805e+01
1.725854263305664205e+01
1.725845146179199219e+01
1.725851173400878835e+01
1.725846195220947266e+01
1.725843963623047017e+01
1.725850696563720632e+01
1.725845241546630859e+01
1.725848731994629048e+01
1.725849475860595561e+01
1.725845470428466655e+01
1.725848636627197408e+01
1.725850315093994070e+01
1.725854759216308665e+01
1.725849876403808736e+01
1.725849533081054688e+01
1.725848827362060689e+01
1.725850849151611399e+01
1.725845623016357422e+01
1.725851001739501811e+01
1.725852699279785085e+01
1.725846195220947266e+01
1.725848541259765767e+01
1.725848064422607564e+01
1.725851612091064524e+01
1.725843715667724609e+01
1.725845851898193217e+01
1.725848636627197408e+01
1.725846939086914134e+01
1.725848445892334126e+01
1.725847110748291158e+01
1.725845851898193217e+01
1.725844364166259837e+01
1.725846996307372905e+01
1.725844593048095632e+01
1.725854816436767436e+01
1.725846824645996236e+01
1.725845699310302805e+01
1.725847587585449361e+01
1.725847339630126953e+01
1.725849132537841868e+01
1.725856094360351634e+01
1.725854740142822408e+01
1.725849189758300639e+01
1.725845947265624858e+01
1.725855388641357280e+01
1.725844497680663991e+01
1.725846061706543111e+01
1.725848369598388743e+01
1.725845069885253835e+01
1.725845375061035014e+01
1.725847415924072337e+01
1.725851764678954936e+01
1.725848731994629048e+01
1.725846366882324290e+01
1.725846576690673828e+01
1.725849380493163920e+01
1.725848331451415874e+01
1.725848865509033203e+01
1.725843486785888814e+01
1.725854110717773438e+01
1.725849208831787251e+01
1.725848731994629048e+01
1.725852909088134624e+01
1.725850811004638530e+01
1.725848808288574077e+01
1.725843887329101634e+01
1.725841655731201030e+01
1.725845184326171733e+01
1.725846443176269673e+01
1.725843963623047017e+01
1.725841884613037180e+01
1.725841960906982564e+01
1.725846691131591726e+01
1.725844821929931783e+01
1.725847625732421875e+01
1.725840911865234517e+01
1.725844230651855327e+01
1.725842685699462820e+01
1.725842857360839844e+01
1.725843009948730611e+01
1.725847110748291158e+01
1.725842647552490305e+01
1.725855731964111328e+01
1.725846538543701314e+01
1.725847949981689311e+01
1.725851497650146626e+01
1.725842895507812358e+01
1.725846023559570241e+01
1.725841922760009695e+01
1.725841922760009695e+01
1.725842456817627024e+01
1.725843296051025533e+01
1.725843143463134766e+01
1.725842037200927592e+01
1.725847225189209055e+01
1.725844326019286967e+01
1.725842151641845845e+01
1.725844058990478658e+01
1.725843486785888814e+01
1.725844764709472656e+01
1.725844192504882812e+01
1.725842075347900462e+01
1.725845603942871165e+01
1.725844097137451172e+01
1.725843696594238352e+01
1.725844898223876811e+01
1.725842876434326101e+01
1.725841560363769389e+01
1.725842170715332102e+01
1.725842380523681641e+01
1.725843887329101634e+01
1.725843620300292969e+01
1.725841865539550923e+01
1.725842456817627024e+01
1.725843296051025533e+01
1.725842456817627024e+01
1.725845489501953267e+01
1.725842838287353587e+01
1.725843009948730611e+01
1.725842609405517436e+01
1.725843181610107280e+01
1.725844268798828196e+01
1.725842933654785227e+01
1.725845012664795064e+01
1.725843830108642507e+01
1.725846710205077983e+01
1.725843868255615376e+01
1.725841636657714773e+01
1.725844364166259837e+01
1.725844020843505788e+01
1.725842075347900462e+01
1.725842380523681641e+01
1.725844020843505788e+01
1.725844554901123118e+01
1.725844402313232351e+01
1.725846099853515625e+01
1.725842018127441335e+01
1.725846977233886648e+01
1.725841827392578054e+01
1.725842533111572408e+01
1.725842342376709126e+01
1.725842609405517436e+01
1.725843334197998047e+01
1.725842113494872976e+01
1.725842266082763743e+01
1.725842037200927592e+01
1.725843353271484304e+01
1.725841979980468821e+01
1.725843505859375071e+01
1.725845241546630859e+01
1.725842475891113281e+01
1.725843372344970561e+01
1.725844154357910298e+01
1.725843181610107280e+01
1.725845718383789062e+01
1.725842113494872976e+01
1.725842552185058665e+01
1.725842514038085795e+01
1.725843601226806712e+01
1.725841979980468821e+01
1.725843276977538920e+01
1.725848102569580078e+01
1.725843105316162251e+01
1.725846118927001882e+01
1.725843067169189382e+01
