4.119380846619605796e-01
3.840365588665008434e-01
3.674934238195419201e-01
3.582976236939430237e-01
3.514392420649528614e-01
3.488961398601532204e-01
3.494119495153427124e-01
3.519560605287551658e-01
3.548671975731849670e-01
3.549820840358733909e-01
3.582191050052642711e-01
3.571230947971343883e-01
3.567307263612747303e-01
3.586539417505264504e-01
3.549978181719780079e-01
3.594485357403754966e-01
3.566305130720138772e-01
3.583698406815528648e-01
3.593726605176925659e-01
3.600672096014022605e-01
3.605335488915443198e-01
3.592124566435813682e-01
3.623944848775863536e-01
3.583268016576767190e-01
3.587953090667724831e-01
3.606177732348442300e-01
3.578882768750190624e-01
3.578665748238563649e-01
3.576180860400199890e-01
3.581319481134414562e-01
3.594265058636665344e-01
3.586025044322013744e-01
3.609695792198180930e-01
3.593583703041076660e-01
3.591035500168800465e-01
3.573240965604781993e-01
3.628888353705406189e-01
3.609129309654235951e-01
3.607577428221702687e-01
3.606047376990318409e-01
3.624280512332916371e-01
3.585054904222488292e-01
3.615936204791069253e-01
3.619637459516525380e-01
3.602744504809379800e-01
3.612064644694328308e-01
3.617033571004867332e-01
3.591332182288169972e-01
3.598112940788268932e-01
3.641242653131485096e-01
3.608244538307189830e-01
3.611609309911728016e-01
3.618413224816322549e-01
3.616937994956970215e-01
3.611223727464675792e-01
3.608157590031623729e-01
3.600101023912429810e-01
3.592514842748641968e-01
3.621174216270446888e-01
3.604602932929992787e-01
3.605158239603042380e-01
3.622919887304306141e-01
3.592372611165046692e-01
3.622370660305023193e-01
3.653733909130096325e-01
3.600976258516311868e-01
3.608760654926300160e-01
3.635440111160278542e-01
3.611269846558570751e-01
3.613171964883804543e-01
3.613310053944587819e-01
3.623250782489776389e-01
3.610039040446281211e-01
3.629726424813270458e-01
3.625838071107864158e-01
3.616101682186126931e-01
3.625495374202728494e-01
3.631382197141647117e-01
3.626021265983581654e-01
3.626533627510070690e-01
3.626281797885894664e-01
3.624042764306068531e-01
3.614273250102996715e-01
3.611859872937202565e-01
3.603274881839751975e-01
3.642476350069046021e-01
3.584458798170089833e-01
3.636905506253242382e-01
3.650065138936042786e-01
3.625701785087585560e-01
3.622240275144577026e-01
3.626729160547256248e-01
3.610427796840667836e-01
3.592520117759704368e-01
3.622981742024421470e-01
3.619325876235962025e-01
3.612739026546478160e-01
3.617205709218979104e-01
3.615879446268081554e-01
3.614915639162063488e-01
3.615368917584419473e-01
3.608292862772941589e-01
3.617819800972938427e-01
3.619823336601257213e-01
3.619337826967239380e-01
3.621816828846931569e-01
3.616485118865966908e-01
3.616960689425468556e-01
3.625933915376663430e-01
3.623690366744994895e-01
3.621638089418411366e-01
3.630828887224197277e-01
3.636348098516464233e-01
3.626827254891395458e-01
3.625328779220581277e-01
3.622742906212806924e-01
3.620102226734161488e-01
3.613699436187743919e-01
3.629068315029144176e-01
3.622098475694656150e-01
3.618817299604416005e-01
3.628716021776199341e-01
3.625569686293602101e-01
3.629882723093033059e-01
3.625750064849853627e-01
3.627076044678688160e-01
3.621386289596557617e-01
3.630350232124328613e-01
3.622136831283569447e-01
3.619914293289184792e-01
3.630181118845939858e-01
3.613771036267280357e-01
3.610867798328399880e-01
3.627355262637138589e-01
3.613299176096916310e-01
3.612272977828979714e-01
3.625395968556404114e-01
3.620286360383033752e-01
3.623484700918197521e-01
3.617861807346344216e-01
3.608184427022934071e-01
3.623780027031898721e-01
3.610316395759582409e-01
3.614721328020095714e-01
3.621439784765243530e-01
3.616065546870231850e-01
3.627601295709609874e-01
3.632996484637260326e-01
3.621730759739875682e-01
3.619043409824371227e-01
3.628038629889488442e-01
3.621341168880462535e-01
3.616636902093887107e-01
3.630372226238250954e-01
3.631627321243285911e-01
3.621484920382499473e-01
3.628414720296859741e-01
3.625044107437133678e-01
3.625555202364921792e-01
3.628317266702651978e-01
3.625284284353256226e-01
3.622122675180435292e-01
3.629287093877792136e-01
3.625631228089332692e-01
3.612067848443984985e-01
3.622532635927200317e-01
3.616126239299773948e-01
3.618549704551696777e-01
3.619044885039329751e-01
3.625161096453666798e-01
3.618547528982162254e-01
3.621156692504882701e-01
3.611658886075019836e-01
3.612578839063644298e-01
3.629292309284209983e-01
3.616083174943923728e-01
3.612563014030456543e-01
3.618152052164077537e-01
3.614752590656280518e-01
3.626906991004943959e-01
3.621881097555160745e-01
3.620540112257003562e-01
3.622731447219848522e-01
3.618544936180114746e-01
3.622806265950203053e-01
3.618667870759963989e-01
3.624455779790878296e-01
3.623507857322693093e-01
3.627283468842506520e-01
3.623133346438408009e-01
3.624415218830108754e-01
3.624030783772468345e-01
3.628824889659881814e-01
3.628661304712295643e-01
3.632563740015030129e-01
3.628073722124099953e-01
3.624023437500000222e-01
3.630065262317657693e-01
3.627105668187141641e-01
3.624146685004234203e-01
3.632562160491943359e-01
3.628003343939781300e-01
3.626654714345932118e-01
3.623670995235442893e-01
3.630105793476104958e-01
3.631427735090255737e-01
3.625604569911956565e-01
3.627857446670532116e-01
3.632347926497459523e-01
3.634217426180839650e-01
3.629567012190818565e-01
3.622425884008407815e-01
3.623783320188522228e-01
3.630849927663802879e-01
3.628590971231460682e-01
3.628257498145103233e-01
3.626343086361885071e-01
3.631832286715507285e-01
3.632059901952743308e-01
3.625779479742050060e-01
3.625584706664085610e-01
3.626082733273506276e-01
3.627694189548492654e-01
3.629537582397460715e-01
3.628729417920112388e-01
3.630315348505973594e-01
3.625556915998459084e-01
3.626990333199501260e-01
3.632594347000122070e-01
3.628298893570899852e-01
3.623011291027068981e-01
3.622907802462577709e-01
3.630841329693794139e-01
3.632081672549247742e-01
3.627471596002578846e-01
3.630060464143752830e-01
3.636043474078178295e-01
3.628416687250137218e-01
3.627401113510131947e-01
3.629532530903816223e-01
3.630155622959136963e-01
3.625266104936599731e-01
3.632351085543632507e-01
3.627581745386123657e-01
3.630124285817146190e-01
3.628798007965087780e-01
3.623009055852889904e-01
3.630646184086799844e-01
3.631515696644783131e-01
3.629451826214790122e-01
3.625522360205650219e-01
3.624833464622497781e-01
3.630905628204345592e-01
3.630470722913742287e-01
3.623963057994842307e-01
3.632431894540786854e-01
3.631949037313461082e-01
3.622567147016525491e-01
3.626328974962234608e-01
3.635336697101593240e-01
3.629185289144515880e-01
3.628902703523635975e-01
3.628484368324279563e-01
3.627704188227653392e-01
3.627359375357627758e-01
3.630498155951499828e-01
3.633114397525787354e-01
3.631499677896499745e-01
3.629140272736549599e-01
3.624628394842147605e-01
3.628591537475586160e-01
3.627332866191864125e-01
3.632149532437324302e-01
3.631178200244903342e-01
3.625186651945114247e-01
3.626036390662193409e-01
3.630793273448943981e-01
3.630463719367981179e-01
3.627106487751007302e-01
3.626730278134345786e-01
3.633527383208274841e-01
3.630125761032104714e-01
3.631608471274375693e-01
3.629651904106140359e-01
3.630479604005813488e-01
3.629975318908691406e-01
3.630153402686119302e-01
3.626508474349975364e-01
3.625067159533500449e-01
3.626448571681976096e-01
3.629367202520370483e-01
3.630023628473281749e-01
3.629214301705360191e-01
3.631210565567016824e-01
3.630289614200591930e-01
3.623403161764144897e-01
3.628025949001312256e-01
3.631712406873702781e-01
3.623705893754959328e-01
3.631587356328964122e-01
3.633343219757080300e-01
3.630464822053909302e-01
3.628669813275336997e-01
3.627665340900421143e-01
3.626554086804389954e-01
3.630642548203468212e-01
3.629597663879394753e-01
3.628396868705749401e-01
3.628262609243392833e-01
3.629561319947242626e-01
3.628486022353172302e-01
3.629096984863281472e-01
3.630061030387878307e-01
3.628816470503807290e-01
3.628475934267044178e-01
3.629892677068710105e-01
3.630616933107376210e-01
3.628124281764030234e-01
3.627375140786170959e-01
3.631974250078201516e-01
3.631228983402252086e-01
3.629233390092849731e-01
3.629956305027007835e-01
3.629058465361595376e-01
3.630973994731903076e-01
3.632449313998222240e-01
3.630540966987609863e-01
3.628013163805007824e-01
3.630110412836075051e-01
3.631220445036887901e-01
3.631520047783851624e-01
3.630550503730773926e-01
3.629870235919952504e-01
3.630571484565734974e-01
3.628771796822548024e-01
3.626226723194122536e-01
3.629879027605056874e-01
3.631287112832069508e-01
3.631975471973419300e-01
3.628974169492721336e-01
3.627974703907966836e-01
3.628832340240478738e-01
3.629700466990470886e-01
3.629249200224876626e-01
3.630698367953300587e-01
3.629231363534927146e-01
3.631374016404151917e-01
3.628097102046012878e-01
3.632360264658928140e-01
3.632799804210662953e-01
3.628160238265991100e-01
3.625434592366218456e-01
3.626097276806831138e-01
3.629577115178108104e-01
3.631422892212867737e-01
3.631897971034049877e-01
3.629738003015517966e-01
3.626917973160743713e-01
3.627012610435486062e-01
3.631696730852126964e-01
3.632099285721778759e-01
3.629423364996909873e-01
3.629635944962501526e-01
3.630201756954193337e-01
3.627683967351913452e-01
3.628568887710571511e-01
3.631287276744842307e-01
3.628790870308876149e-01
3.632107704877853283e-01
3.631549969315528981e-01
3.628759592771529929e-01
3.631117656826973183e-01
3.630038768053054921e-01
3.628440126776695251e-01
3.628698155283928140e-01
3.633070290088653564e-01
3.633479267358780129e-01
3.630179390311241150e-01
3.628196612000465504e-01
3.631408125162124412e-01
3.631036475300788990e-01
3.631239742040633933e-01
3.627169102430343739e-01
3.627781659364700539e-01
3.631517618894576915e-01
3.630359858274460061e-01
3.634884342551231162e-01
3.630690753459930309e-01
3.627813339233398326e-01
3.628889977931976096e-01
3.629574447870254628e-01
3.627126350998878257e-01
3.629051104187965282e-01
3.631562709808349720e-01
3.629295438528060691e-01
3.629287987947463767e-01
3.634786844253540261e-01
3.632971167564392201e-01
3.626411214470863231e-01
3.626697212457656860e-01
3.629537016153335793e-01
3.630847439169883617e-01
3.628534585237502830e-01
3.629673898220062145e-01
3.631383284926414379e-01
3.630785837769508473e-01
3.630819350481033214e-01
3.629012197256088479e-01
3.627555891871452332e-01
3.628009170293807761e-01
3.629169702529907449e-01
3.630111992359161266e-01
3.632088378071784973e-01
3.631115853786468506e-01
3.630779102444648965e-01
3.629861712455749734e-01
3.629772737622261047e-01
3.630990236997604370e-01
3.630828976631164662e-01
3.630421727895736805e-01
3.629649832844734081e-01
3.627823084592819436e-01
3.627650767564773449e-01
3.628396809101104847e-01
3.630579233169555775e-01
3.631374835968017578e-01
3.630302250385284424e-01
3.629293650388717429e-01
3.628641307353973611e-01
3.628948658704757579e-01
3.631955265998840221e-01
3.629539653658866993e-01
3.629548206925392040e-01
3.630504742264747398e-01
3.632734537124633900e-01
3.633536562323570474e-01
3.629878014326095581e-01
3.628609970211982838e-01
3.627712249755859486e-01
3.629078835248947255e-01
3.631789863109588512e-01
3.632129609584808239e-01
3.631397783756256104e-01
3.630852922797203064e-01
3.629416704177856334e-01
3.630007982254028209e-01
3.630280464887619130e-01
3.632736742496490701e-01
3.630305737257003562e-01
3.628949776291847118e-01
3.631147310137748940e-01
3.628422185778618081e-01
3.628750950098037498e-01
3.630180150270462258e-01
3.629610389471054077e-01
3.629962265491485374e-01
3.629783898591995017e-01
3.629530191421508900e-01
3.630047827959060891e-01
3.630077600479125755e-01
3.630727469921112283e-01
3.631398826837539673e-01
3.630313530564308055e-01
3.630361080169677845e-01
3.630585640668869130e-01
3.632446348667144886e-01
3.630663588643073814e-01
3.627073615789413452e-01
3.628625258803367393e-01
3.631775200366973988e-01
3.631957501173019298e-01
3.629609301686286815e-01
3.633418172597885354e-01
3.632345855236053245e-01
3.629316002130508201e-01
3.629517823457718007e-01
3.627857610583305470e-01
3.629256218671798595e-01
3.630925357341766579e-01
3.629012942314148171e-01
3.628583326935768127e-01
3.631455615162849648e-01
3.633380115032195934e-01
3.631503522396087869e-01
3.629396155476570240e-01
3.632041171193122753e-01
3.631236717104912026e-01
3.629125922918319813e-01
3.629901260137557983e-01
3.629360914230346791e-01
3.631297141313553078e-01
3.632082760334015004e-01
3.630549639463424572e-01
3.629777580499649048e-01
3.628550902009010093e-01
3.629911378026008384e-01
3.631752282381057739e-01
3.629202604293823020e-01
3.628975465893745644e-01
3.629568934440612904e-01
3.630214363336562999e-01
3.630221113562583923e-01
3.629671543836593406e-01
3.630859553813934326e-01
3.630604937672615162e-01
3.631617888808250649e-01
3.631491035223007313e-01
3.631655693054199330e-01
3.630455717444419639e-01
3.629396259784698486e-01
3.630300268530845531e-01
3.630276262760162576e-01
3.629878669977187888e-01
3.629473030567169078e-01
3.629957228899002297e-01
3.629989504814147838e-01
3.630723565816879050e-01
3.630552709102630726e-01
3.631032392382621543e-01
3.631486475467681774e-01
3.630193620920181274e-01
3.630330473184585349e-01
3.631059646606445424e-01
3.629941582679748757e-01
3.630099564790725819e-01
3.630708038806915172e-01
3.630689010024070740e-01
3.630952388048171997e-01
3.630561351776123158e-01
3.629891470074653737e-01
3.629668533802032360e-01
3.629870638251304626e-01
3.630392462015151755e-01
3.631024688482284435e-01
3.630466371774673240e-01
3.630284607410431130e-01
3.631024971604347451e-01
3.630792394280433766e-01
3.630743518471717945e-01
3.630736961960792653e-01
3.630460754036903270e-01
3.630488544702529796e-01
3.629751667380333169e-01
3.629741907119751199e-01
3.631611898541450278e-01
3.631106257438659890e-01
3.630874425172805897e-01
3.630318939685821533e-01
3.630912944674491993e-01
3.631023049354553112e-01
3.630711197853088157e-01
3.631504625082015991e-01
3.631004720926284679e-01
3.630377203226089478e-01
3.629109710454940796e-01
3.629473119974136464e-01
3.630650311708450428e-01
3.632229357957840188e-01
3.631996691226959117e-01
3.630310118198394886e-01
3.629723861813545227e-01
3.629757285118103138e-01
3.630665183067321999e-01
3.630796566605568043e-01
3.630742996931076161e-01
3.631118237972259521e-01
3.630313128232955933e-01
3.629824042320251576e-01
3.631539821624755748e-01
3.630722358822822682e-01
3.629775196313858032e-01
3.629392907023429871e-01
3.630844771862030140e-01
3.631513446569442638e-01
3.631159871816634910e-01
3.630647763609886058e-01
3.631196528673171775e-01
3.631266087293624767e-01
3.629908844828605430e-01
3.629334747791290172e-01
3.629792094230651633e-01
3.630667328834533691e-01
3.630970880389213784e-01
3.630751341581344716e-01
3.630877643823623435e-01
3.630514949560165183e-01
3.631367266178130992e-01
3.631989941000938193e-01
3.630270242691039928e-01
3.630468383431434409e-01
3.630771905183792225e-01
3.631253480911255105e-01
3.630330085754394642e-01
3.630639791488647350e-01
3.630746707320213207e-01
3.630536273121833801e-01
3.630526915192603954e-01
3.630120500922203175e-01
3.629432588815689198e-01
3.629713296890259011e-01
3.630303099751472362e-01
3.630134791135787853e-01
3.631030634045601113e-01
3.631082758307456748e-01
3.630839973688125832e-01
3.631028011441230774e-01
3.631186977028846852e-01
3.631076246500015148e-01
3.630581229925155529e-01
3.631280988454818615e-01
3.631083086133003457e-01
3.630546078085899464e-01
3.630334824323654397e-01
3.630311161279678456e-01
3.630211815237999184e-01
3.630656480789184459e-01
3.630525499582290538e-01
3.630694776773452648e-01
3.630990535020828247e-01
3.631445169448852539e-01
3.631474778056144603e-01
3.630510121583938599e-01
3.630318775773048179e-01
3.630298584699630515e-01
3.630541592836379894e-01
3.630753189325332531e-01
3.630772382020950317e-01
3.631038874387740867e-01
3.630979418754577415e-01
3.631504938006401284e-01
3.630774095654487610e-01
3.629951715469360574e-01
3.630512908101081737e-01
3.630501896142959706e-01
3.629756748676299938e-01
3.630671337246894614e-01
3.631264910101890675e-01
3.630387604236602894e-01
3.630588382482528576e-01
3.630769953131675609e-01
3.630489304661750904e-01
3.630397424101829418e-01
3.630763649940490501e-01
3.631082743406295887e-01
3.631400376558303611e-01
3.631084382534027211e-01
3.630292579531669839e-01
3.630794331431388966e-01
3.630855292081832664e-01
3.630697429180145264e-01
3.631026566028595082e-01
3.631000205874442832e-01
3.630826294422149769e-01
3.631644010543823020e-01
3.631446331739425770e-01
3.630516514182090537e-01
3.630243599414825217e-01
3.629869133234023826e-01
3.629822283983230591e-01
3.630274504423141591e-01
3.630228638648986816e-01
3.630537062883377186e-01
3.630832374095916970e-01
3.630508005619049183e-01
3.630529731512069924e-01
3.631104558706283458e-01
3.631001383066177479e-01
3.630354687571525352e-01
3.630995899438858032e-01
3.631857573986053689e-01
3.631380543112754933e-01
3.631273463368415721e-01
3.631754353642463462e-01
3.631774336099624634e-01
3.631084531545639149e-01
3.630206987261772045e-01
3.629744827747344860e-01
3.630053728818893322e-01
3.630578786134719960e-01
3.630693510174751171e-01
3.630526199936866538e-01
3.630298584699630515e-01
3.631028339266776928e-01
3.632073372602462880e-01
3.631377950310706870e-01
3.630088686943054310e-01
3.630099311470985635e-01
3.631069704890251271e-01
3.631473094224929588e-01
3.631370425224303977e-01
3.631479233503341897e-01
3.631755635142326355e-01
3.631507068872451560e-01
3.630830347537994385e-01
3.629820704460143821e-01
3.630266040563583374e-01
3.631123781204223522e-01
3.630936697125434764e-01
3.630356028676032798e-01
3.630850136280059925e-01
3.630789577960967796e-01
3.630763769149780162e-01
3.630673885345458984e-01
3.630711510777473450e-01
3.630862057209015004e-01
3.631241068243980519e-01
3.630985155701637046e-01
3.630822867155075184e-01
3.631062075495720132e-01
3.631136208772659524e-01
3.631087481975555642e-01
3.630615189671516641e-01
3.629908323287963645e-01
3.629895105957984813e-01
3.630132272839546315e-01
3.630498915910720936e-01
3.630459517240524070e-01
3.630868911743164174e-01
3.630896687507629284e-01
3.631195977330207714e-01
3.631054565310478099e-01
3.630918681621551625e-01
3.630786478519439919e-01
3.630803704261779674e-01
3.630878210067748912e-01
3.630793824791908042e-01
3.630871504545211681e-01
3.631170436739921681e-01
3.631273388862609752e-01
3.630826994776725769e-01
3.630438715219497792e-01
3.630773961544037087e-01
3.630577296018600575e-01
3.630359083414077537e-01
3.630655989050864951e-01
3.631034225225448497e-01
3.630923718214035256e-01
3.630570843815803528e-01
3.630248591303825156e-01
3.630195349454879983e-01
3.631004661321640126e-01
3.631018310785293357e-01
3.630467116832732932e-01
3.630299374461173900e-01
3.630830258131027000e-01
3.631024539470672496e-01
3.631024315953254589e-01
3.630854576826095803e-01
3.630861341953277588e-01
3.630654335021972767e-01
3.630614012479781993e-01
3.631188511848449929e-01
3.631353631615638622e-01
3.630896508693695068e-01
3.630593597888946422e-01
3.630767345428466686e-01
3.631096512079238781e-01
3.631526947021484486e-01
3.631342098116874806e-01
3.630756705999374501e-01
3.630615353584289440e-01
3.630827695131301769e-01
3.630802541971206443e-01
3.630543366074562295e-01
3.630458444356918224e-01
3.630849555134773032e-01
3.630934327840805165e-01
3.631063058972358593e-01
3.630987286567687877e-01
3.630704879760742188e-01
3.630412340164184681e-01
3.630671367049217446e-01
3.630821824073791615e-01
3.630532279610633739e-01
3.630612999200820701e-01
3.630843639373779186e-01
3.630818456411361583e-01
3.631286352872848400e-01
3.631230071187019348e-01
3.630674496293068154e-01
3.630647033452987782e-01
3.631040185689926036e-01
3.631174117326736450e-01
3.630764558911323547e-01
3.630355373024940491e-01
3.630312085151672363e-01
3.630471527576446533e-01
3.631231978535652272e-01
3.631813317537307961e-01
3.631424278020858876e-01
3.631266519427299722e-01
3.630630612373352273e-01
3.630264043807983620e-01
3.630637884140014426e-01
3.631073653697967640e-01
3.631212383508682362e-01
3.630909249186515808e-01
3.630590483546257130e-01
3.630589798092841991e-01
3.631042957305908314e-01
3.631096094846725242e-01
3.631069183349609486e-01
3.630885109305381775e-01
3.630771309137344471e-01
3.630856141448021157e-01
3.630963534116745106e-01
3.631190761923789867e-01
3.631104946136474720e-01
3.631039142608642467e-01
3.630912393331527932e-01
3.630809605121612660e-01
3.630906775593757407e-01
3.630758538842201455e-01
3.630797252058982627e-01
3.630871757864951865e-01
3.630796819925308228e-01
3.630970627069473045e-01
3.630811840295791737e-01
3.630752816796302684e-01
3.630788832902908103e-01
3.630952835083007812e-01
3.630952239036560059e-01
3.630945324897766335e-01
3.631028264760970958e-01
3.630915641784667747e-01
3.630801737308502197e-01
3.630818098783493153e-01
3.631121352314948814e-01
3.631210684776305930e-01
3.631136432290077432e-01
3.630865633487701527e-01
3.630690038204192893e-01
3.630843430757522694e-01
3.630922764539718517e-01
3.631050661206245422e-01
3.631037682294845359e-01
3.630932182073592918e-01
3.630885273218155129e-01
3.630956590175628551e-01
3.630960509181022644e-01
3.630986183881759755e-01
3.630952343344688305e-01
3.630988672375679016e-01
3.631019368767738342e-01
3.630890130996703991e-01
3.630934417247771995e-01
3.630826607346534507e-01
3.630840182304382324e-01
3.630799815058708413e-01
3.630904823541641346e-01
3.631005078554153664e-01
3.631198137998580822e-01
3.631230995059013256e-01
3.630921244621276855e-01
3.630970999598502891e-01
3.630944609642028920e-01
3.630942359566688427e-01
3.630786910653114319e-01
3.630601719021797069e-01
3.630597293376922607e-01
3.630816787481307983e-01
3.630890578031539806e-01
3.630992382764816062e-01
3.630979061126708984e-01
3.630968511104583629e-01
3.630835637450218201e-01
3.630812197923660167e-01
3.630730643868446128e-01
3.630658388137817383e-01
3.630822330713271984e-01
3.630836844444275124e-01
3.630793407559395058e-01
3.630947440862655751e-01
3.631126850843429676e-01
3.631052359938621299e-01
3.630854904651641957e-01
3.630730092525482067e-01
3.630870804190635681e-01
3.630977168679237477e-01
3.631206989288330300e-01
3.631098747253417858e-01
3.630867630243301281e-01
3.630971074104308860e-01
3.630999296903610341e-01
3.630877375602722390e-01
3.630844086408615001e-01
3.630874961614608543e-01
3.630972087383270153e-01
3.630943819880485535e-01
3.630959704518318398e-01
3.630843758583068848e-01
3.630753442645072715e-01
3.630743026733398438e-01
3.630864813923835865e-01
3.631174251437186973e-01
3.631178021430969127e-01
3.630969256162643322e-01
3.630697503685951233e-01
3.630650073289871105e-01
3.630868822336196788e-01
3.630984991788864247e-01
3.631003737449646218e-01
3.631065487861633301e-01
3.631040781736373790e-01
3.631078466773033364e-01
3.631091251969337241e-01
3.630968824028968922e-01
3.630844235420226940e-01
3.630715653300285450e-01
3.630690053105354309e-01
3.630704849958419911e-01
3.630824699997902139e-01
3.630894988775253407e-01
3.630933657288551442e-01
3.630915969610214455e-01
3.630996972322463878e-01
3.630968540906905906e-01
3.631205841898917930e-01
3.631087407469749673e-01
3.631041496992111206e-01
3.630921378731727378e-01
3.630847930908203125e-01
3.630874931812286266e-01
3.630878359079360851e-01
3.630896568298339622e-01
3.630887776613235252e-01
3.630969285964965598e-01
3.630976095795631631e-01
3.630926668643951194e-01
3.631041169166565052e-01
3.631116688251495583e-01
3.631061851978302224e-01
3.630892485380172729e-01
3.630817651748657338e-01
3.630788266658783181e-01
3.630899503827095254e-01
3.630913347005844116e-01
3.630958527326583751e-01
3.630883097648620605e-01
3.630811065435409768e-01
3.630942285060882457e-01
3.631010502576828003e-01
3.630994915962219016e-01
3.630943223834037781e-01
3.630902901291847007e-01
3.630894348025321960e-01
3.630841091275215371e-01
3.630845263600349648e-01
3.630827993154525646e-01
3.630833759903907554e-01
3.630815744400024414e-01
3.630845814943313710e-01
3.630933403968811257e-01
3.630922108888626210e-01
3.630974724888801353e-01
3.630935087800025718e-01
3.630982130765915139e-01
3.630983710289001354e-01
3.630836397409439309e-01
3.630862817168235557e-01
3.630769163370132224e-01
3.630777582526206748e-01
3.630868077278137096e-01
3.630884647369384544e-01
3.630977481603622214e-01
3.631011694669723511e-01
3.631020545959472434e-01
3.630981877446174400e-01
3.630873382091522328e-01
3.630834266543388478e-01
3.630746424198150746e-01
3.630752116441726685e-01
3.630920737981796487e-01
3.631003469228744618e-01
3.630944460630416981e-01
3.630914747714996116e-01
3.630863666534424050e-01
3.630933895707130210e-01
3.630906850099563377e-01
3.630987465381622092e-01
3.630938217043876426e-01
3.630872160196304543e-01
3.630921825766563193e-01
3.630927637219428794e-01
3.630985215306282154e-01
3.630930751562118641e-01
3.630986452102661355e-01
3.631020262837409973e-01
3.630951017141342274e-01
3.631011351943015941e-01
3.630978018045425415e-01
3.630934372544288857e-01
3.630894899368286022e-01
3.630829900503158569e-01
3.630801782011985890e-01
3.630828917026519553e-01
3.631043821573257668e-01
3.631051361560821422e-01
3.630930244922637717e-01
3.630938857793807872e-01
