1.702765242258707801e+01
1.586663564046224018e+01
1.515790748596191406e+01
1.512616984049479107e+01
1.517381572723388672e+01
1.468320083618164062e+01
1.463984839121500592e+01
1.451974932352701764e+01
1.453463522593180279e+01
1.518376223246256451e+01
1.456026013692220111e+01
1.473410097757975201e+01
1.474771086374918561e+01
1.470942878723144531e+01
1.457620938618977924e+01
1.452958393096923828e+01
1.455912971496582031e+01
1.448583952585856061e+01
1.447903633117675781e+01
1.447075812021891217e+01
1.486907227834065814e+01
1.453293037414550781e+01
1.476618703206380268e+01
1.481436030069986920e+01
1.500355084737141986e+01
1.463822460174560547e+01
1.495302613576253314e+01
1.494894154866536518e+01
1.449181811014811139e+01
1.466627120971679688e+01
1.474402936299641986e+01
1.465211391448974609e+01
1.451798089345296283e+01
1.474207051595052143e+01
1.464206949869791607e+01
1.448605855305989643e+01
1.442763392130533795e+01
1.458931255340576172e+01
1.457354418436686139e+01
1.451185735066731830e+01
1.450595219930013080e+01
1.454986095428466797e+01
1.443829091389974018e+01
1.477861054738362689e+01
1.456913630167643170e+01
1.466372172037760357e+01
1.455741437276204486e+01
1.458264128367106061e+01
1.443997701009114643e+01
1.467473570505777936e+01
1.452542304992675781e+01
1.459824244181315045e+01
1.446022033691406250e+01
1.448571713765462299e+01
1.464565722147623639e+01
1.468773047129313092e+01
1.476737531026204486e+01
1.454354413350423236e+01
1.475984477996826172e+01
1.451986058553059955e+01
1.461412016550699811e+01
1.450329558054606061e+01
1.469896507263183594e+01
1.441756439208984375e+01
1.456245930989583393e+01
1.459233983357747455e+01
1.442512035369873047e+01
1.446166356404622455e+01
1.449068005879720111e+01
1.445617262522379498e+01
1.446693579355875592e+01
1.450007311503092389e+01
1.453469371795654297e+01
1.444301764170328717e+01
1.446657307942708393e+01
1.444334093729654889e+01
1.444574165344238281e+01
1.443637084960937500e+01
1.448253472646077533e+01
1.443382453918457031e+01
1.446029408772786518e+01
1.448897425333658795e+01
1.473000907897949219e+01
1.458614412943522076e+01
1.442861302693684955e+01
1.451590092976888080e+01
1.463854344685872455e+01
1.444377168019612689e+01
1.459579658508300781e+01
1.445097668965657611e+01
1.447709401448567768e+01
1.469091383616129498e+01
1.457053820292154889e+01
1.457421334584554096e+01
1.443217468261718750e+01
1.446294593811035156e+01
1.444652970631917377e+01
1.450892035166422467e+01
1.444121615091959576e+01
1.455163160959879498e+01
1.446907901763916016e+01
1.445006179809570312e+01
1.446134217580159564e+01
1.443922233581542969e+01
1.446519470214843750e+01
1.445336914062500000e+01
1.445213603973388672e+01
1.445303217569986920e+01
1.443758138020833393e+01
1.445844459533691406e+01
1.444543679555257221e+01
1.443670050303141217e+01
1.442959594726562500e+01
1.447013854980468750e+01
1.443652502695719342e+01
1.446640491485595703e+01
1.445022837320963482e+01
1.444416014353434186e+01
1.445767434438069721e+01
1.444937038421630859e+01
1.445916334788004498e+01
1.443242295583089252e+01
1.445194657643636127e+01
1.443443457285563092e+01
1.445497671763102154e+01
1.444951279958089252e+01
1.444147555033365826e+01
1.451016807556152344e+01
1.445571486155191998e+01
1.444284407297770123e+01
1.453008238474527936e+01
1.450367101033528705e+01
1.444977633158365826e+01
1.453719838460286518e+01
1.445915794372558594e+01
1.444339847564697266e+01
1.443518511454264264e+01
1.445137500762939453e+01
1.454562632242838482e+01
1.447846285502115826e+01
1.447145779927571674e+01
1.446785004933675189e+01
1.446930853525797467e+01
1.445405101776123047e+01
1.444732284545898438e+01
1.445680363972981830e+01
1.443039385477701764e+01
1.445272064208984375e+01
1.445451609293619732e+01
1.444374529520670514e+01
1.445759264628092389e+01
1.445302963256835938e+01
1.444787661234537701e+01
1.442640813191731830e+01
1.444164148966471295e+01
1.445301119486490826e+01
1.442443974812825580e+01
1.445783201853434186e+01
1.442800871531168561e+01
1.443677202860514264e+01
1.447207736968994141e+01
1.442991097768147846e+01
1.449850591023763080e+01
1.447384357452392578e+01
1.450300947825113873e+01
1.444166596730550189e+01
1.445204925537109375e+01
1.444308026631673236e+01
1.444998995463053326e+01
1.443419551849365234e+01
1.444115416208902936e+01
1.459548219045003314e+01
1.446742502848307232e+01
1.443112087249755859e+01
1.449037679036458393e+01
1.446179008483886719e+01
1.445584996541341205e+01
1.444429238637288471e+01
1.444129721323649029e+01
1.444380664825439453e+01
1.444013468424479107e+01
1.448087437947591205e+01
1.444617843627929688e+01
1.445758692423502545e+01
1.443566640218099018e+01
1.444681803385416607e+01
1.445682557423909564e+01
1.443601926167806049e+01
1.444072659810384174e+01
1.444774278004964252e+01
1.444401009877522846e+01
1.443959681193033795e+01
1.442794259389241596e+01
1.444852638244628906e+01
1.442951806386311908e+01
1.446076965332031250e+01
1.443123626708984375e+01
1.443734391530354877e+01
1.444931983947753906e+01
1.443680445353190045e+01
1.442805099487304688e+01
1.443285433451334576e+01
1.445212427775065045e+01
1.443440659840901752e+01
1.442471536000569721e+01
1.443455600738525391e+01
1.444219017028808594e+01
1.443383789062500000e+01
1.442831611633300781e+01
1.442918078104654889e+01
1.443558692932128906e+01
1.444505341847737689e+01
1.443932183583577533e+01
1.442535781860351562e+01
1.443707879384358783e+01
1.443399143218994141e+01
1.443526172637939453e+01
1.442558542887369732e+01
1.443349266052246094e+01
1.444263648986816406e+01
1.443430455525716205e+01
1.443363761901855469e+01
1.442921765645345111e+01
1.443440246582031250e+01
1.443136056264241596e+01
1.443872769673665424e+01
1.443993949890136719e+01
1.442888863881429096e+01
1.442549133300781250e+01
1.443733088175455670e+01
1.444054349263509174e+01
1.442695840199788471e+01
1.442707665761311908e+01
1.443026606241861920e+01
1.442951647440592389e+01
1.443227863311767578e+01
1.441927464803059955e+01
1.444368330637613873e+01
1.443326409657796283e+01
1.443692048390706439e+01
1.443136342366536518e+01
1.443848609924316406e+01
1.442379442850748639e+01
1.443591785430908203e+01
1.444866053263346295e+01
1.443328444163004498e+01
1.443397776285807232e+01
1.442681121826171875e+01
1.442629400889078717e+01
1.443483034769693951e+01
1.444014549255371094e+01
1.443007405598958393e+01
1.442585309346516986e+01
1.443331400553385357e+01
1.443844604492187500e+01
1.441891415913899799e+01
1.443562634785970111e+01
1.444648361206054688e+01
1.442269579569498639e+01
1.441923077901204486e+01
1.443702316284179688e+01
1.442950503031412701e+01
1.443814277648925781e+01
1.442939313252766986e+01
1.443292268117268939e+01
1.442269897460937500e+01
1.442311032613118549e+01
1.443295987447102924e+01
1.443017991383870502e+01
1.443087927500406842e+01
1.443381945292154889e+01
1.443207995096842389e+01
1.442345301310221295e+01
1.443433888753255268e+01
1.442924849192301373e+01
1.443761889139811139e+01
1.441628201802571674e+01
1.442781766255696674e+01
1.444014104207356830e+01
1.442813714345296283e+01
1.442622152964274029e+01
1.442680613199869732e+01
1.442782847086588482e+01
1.442926788330078125e+01
1.442743428548177143e+01
1.442816130320231061e+01
1.443442662556966205e+01
1.443433030446370502e+01
1.442968686421712299e+01
1.442596626281738281e+01
1.442465146382649799e+01
1.443081188201904297e+01
1.443008550008138080e+01
1.442479419708251953e+01
1.443213589986165424e+01
1.443685277303059955e+01
1.441868940989176373e+01
1.442707761128743549e+01
1.444207191467285156e+01
1.441622416178385357e+01
1.442155456542968750e+01
1.442804908752441406e+01
1.442517280578613281e+01
1.443111069997151752e+01
1.442825190226236920e+01
1.442266972859700580e+01
1.442876942952474018e+01
1.442634423573811908e+01
1.442623170216878314e+01
1.442649205525716205e+01
1.442575263977050781e+01
1.442594210306803326e+01
1.442496204376220703e+01
1.442710812886556049e+01
1.442721557617187500e+01
1.442591349283854107e+01
1.442404969533284564e+01
1.443336931864420514e+01
1.442824808756510357e+01
1.441972446441650391e+01
1.442686494191487689e+01
1.442718760172525982e+01
1.442382272084554096e+01
1.442691421508789062e+01
1.442222658793131451e+01
1.442222086588541607e+01
1.442688560485839844e+01
1.442807515462239643e+01
1.442487017313639264e+01
1.442350864410400391e+01
1.442319615681966205e+01
1.442563152313232422e+01
1.442634264628092389e+01
1.442602411905924420e+01
1.442891565958658795e+01
1.443041547139485736e+01
1.442416890462239643e+01
1.442468547821044922e+01
1.442169157663981061e+01
1.443103090922037701e+01
1.442853864034016986e+01
1.442432212829589844e+01
1.442795944213867188e+01
1.442306518554687500e+01
1.442354615529378314e+01
1.442670949300130268e+01
1.442569414774576764e+01
1.442890135447184186e+01
1.441881211598714252e+01
1.442409261067708393e+01
1.442791875203450580e+01
1.443455727895100971e+01
1.442957560221354107e+01
1.441980679829915424e+01
1.442197545369466205e+01
1.441993268330891986e+01
1.442824109395345111e+01
1.442878977457682232e+01
1.442611471811930279e+01
1.441991043090820312e+01
1.441981824239095111e+01
1.442584419250488281e+01
1.442657216389974018e+01
1.442594019571940045e+01
1.443058458964029889e+01
1.442449347178141217e+01
1.442292785644531250e+01
1.442498207092285156e+01
1.442090924580891986e+01
1.442534891764322857e+01
1.442551422119140625e+01
1.443402576446533203e+01
1.442747497558593750e+01
1.443112850189208984e+01
1.442507203420003314e+01
1.441954930623372455e+01
1.442336241404215436e+01
1.442395909627278705e+01
1.442793496449788471e+01
1.441879081726074219e+01
1.442464319864908795e+01
1.442641957600911518e+01
1.443199602762858014e+01
1.442495346069335938e+01
1.442191600799560547e+01
1.442338816324869732e+01
1.442421468098958393e+01
1.442724418640136719e+01
1.442610041300455670e+01
1.442533238728841205e+01
1.442195002237955670e+01
1.442883110046386719e+01
1.442012023925781250e+01
1.442117754618326764e+01
1.442568842569986920e+01
1.442348670959472656e+01
1.441640281677246094e+01
1.442351182301839252e+01
1.443680032094319721e+01
1.442507998148600201e+01
1.442059008280436139e+01
1.442318725585937500e+01
1.442739804585774799e+01
1.442136955261230469e+01
1.442160288492838482e+01
1.442274347941080670e+01
1.442410977681477924e+01
1.442574055989583393e+01
1.442659250895182232e+01
1.442556540171305279e+01
1.442225074768066406e+01
1.442217890421549420e+01
1.442085520426432232e+01
1.442320982615152936e+01
1.442279052734375000e+01
1.442508729298909564e+01
1.442388629913330078e+01
1.442180569966634174e+01
1.442288271586100201e+01
1.442198880513509174e+01
1.442847887674967389e+01
1.442523097991943359e+01
1.442851003011067768e+01
1.442235565185546875e+01
1.442231019337972064e+01
1.442059421539306641e+01
1.442505645751953125e+01
1.442401822408040424e+01
1.442426617940266986e+01
1.442510032653808594e+01
1.441967709859212299e+01
1.442724132537841797e+01
1.442165056864420514e+01
1.442241954803466797e+01
1.441811180114746094e+01
1.441880544026692768e+01
1.442839908599853516e+01
1.442457326253255268e+01
1.442924181620279889e+01
1.442297967274983783e+01
1.441886202494303326e+01
1.442212899525960346e+01
1.442196464538574219e+01
1.442348988850911518e+01
1.442514610290527344e+01
1.442167377471923828e+01
1.442292753855387311e+01
1.441876379648844342e+01
1.442580286661783795e+01
1.442130661010742188e+01
1.442400805155436139e+01
1.442711766560872455e+01
1.442311414082845111e+01
1.442403157552083393e+01
1.442182318369547467e+01
1.442308807373046875e+01
1.442263603210449219e+01
1.442333189646402936e+01
1.442354710896809955e+01
1.442142613728841205e+01
1.442126814524332623e+01
1.442118803660074811e+01
1.442546844482421875e+01
1.442205492655436139e+01
1.442260487874349018e+01
1.442128435770670514e+01
1.442515881856282611e+01
1.442824331919352154e+01
1.442313226064046283e+01
1.441973400115966797e+01
1.442108853658040424e+01
1.442540486653645893e+01
1.441598828633626361e+01
1.442235247294108014e+01
1.442552534739176373e+01
1.442346763610839844e+01
1.442729791005452533e+01
1.442199579874674420e+01
1.442048867543538471e+01
1.442658583323160748e+01
1.442347653706868549e+01
1.441966692606608014e+01
1.441762351989746094e+01
1.442367235819498639e+01
1.442470137278238873e+01
1.442004712422688861e+01
1.442461395263671875e+01
1.442405446370442768e+01
1.442448870340983014e+01
1.442077954610188861e+01
1.441927178700765033e+01
1.442229620615641217e+01
1.442371590932210346e+01
1.442177995045979877e+01
1.442719650268554688e+01
1.442150274912516217e+01
1.442056020100911518e+01
1.442369556427001953e+01
1.442395559946695904e+01
1.442255115509033203e+01
1.442200915018717389e+01
1.442252604166666607e+01
1.442247422536214252e+01
1.442036692301432232e+01
1.442212104797363281e+01
1.441968409220377545e+01
1.442008209228515625e+01
1.442109171549479107e+01
1.442315196990966797e+01
1.442335001627604107e+01
1.442263285319010357e+01
1.442199770609537701e+01
1.442362403869628906e+01
1.442293993631998639e+01
1.442251491546630859e+01
1.442197608947753906e+01
1.442177581787109375e+01
1.442201042175292969e+01
1.442045593261718750e+01
1.442036183675130268e+01
1.442434946695963482e+01
1.442080624898274799e+01
1.442181650797525982e+01
1.442279084523518939e+01
1.442168521881103516e+01
1.442145760854085346e+01
1.442035675048828125e+01
1.442226282755533795e+01
1.442265446980794330e+01
1.442319107055664062e+01
1.442262903849283795e+01
1.442362276713053326e+01
1.442005602518717389e+01
1.442158635457356830e+01
1.442276128133138080e+01
1.442330805460611920e+01
1.442199770609537701e+01
1.442109998067220111e+01
1.442128245035807232e+01
1.442183558146158795e+01
1.442314179738362689e+01
1.442107391357421875e+01
1.442519187927246094e+01
1.442265478769938092e+01
1.442055511474609375e+01
1.442034085591634174e+01
1.442200660705566406e+01
1.442352708180745502e+01
1.442203903198242188e+01
1.441993776957193951e+01
1.442236487070719342e+01
1.442047754923502545e+01
1.442086474100748639e+01
1.442380714416503906e+01
1.442451858520507812e+01
1.442250251770019531e+01
1.442116928100585938e+01
1.441950702667236328e+01
1.442155488332112689e+01
1.442304801940917969e+01
1.442367712656656842e+01
1.442311064402262311e+01
1.441985130310058594e+01
1.442239252726236920e+01
1.442072995503743549e+01
1.442107772827148438e+01
1.442325592041015625e+01
1.442138226826985736e+01
1.441968917846679688e+01
1.442347971598307232e+01
1.442163594563802143e+01
1.442448075612386127e+01
1.442030334472656250e+01
1.442039108276367188e+01
1.442132886250813861e+01
1.442152881622314453e+01
1.442019653320312500e+01
1.442149734497070312e+01
1.442370287577311139e+01
1.442374006907145123e+01
1.442221482594808002e+01
1.442117373148600201e+01
1.442015107472737689e+01
1.442081387837727924e+01
1.442069307963053326e+01
1.442227617899576764e+01
1.441871770222981830e+01
1.441993808746337891e+01
1.442381000518798828e+01
1.442113780975341797e+01
1.442082818349202533e+01
1.442067432403564453e+01
1.442216555277506451e+01
1.442083676656087299e+01
1.442159525553385357e+01
1.442180887858072857e+01
1.442245896657308002e+01
1.442245928446451764e+01
1.442331091562906842e+01
1.442247231801350971e+01
1.442245928446451764e+01
1.442211564381917377e+01
1.441979281107584576e+01
1.442083231608072857e+01
1.442100969950358014e+01
1.442041428883870502e+01
1.442035706837972064e+01
1.442075602213541607e+01
1.442166328430175781e+01
1.442061742146809955e+01
1.442108408610025982e+01
1.442247899373372455e+01
1.442272599538167377e+01
1.442173830668131451e+01
1.442204920450846295e+01
1.442111810048421283e+01
1.442256164550781250e+01
1.442148971557617188e+01
1.442070579528808594e+01
1.442042287190755268e+01
1.442052332560221295e+01
1.442222150166829486e+01
1.442209370930989643e+01
1.442271041870117188e+01
1.442097155253092389e+01
1.442172431945800781e+01
1.442104848225911518e+01
1.442089843750000000e+01
1.442122141520182232e+01
1.441946283976236920e+01
1.442384624481201172e+01
1.442203044891357422e+01
1.442054335276285748e+01
1.442272885640462299e+01
1.442280197143554688e+01
1.442096551259358783e+01
1.442053572336832623e+01
1.442206319173177143e+01
1.442163976033528705e+01
1.442095629374186139e+01
1.442202631632486920e+01
1.442106088002522846e+01
1.442211151123046875e+01
1.442035420735677143e+01
1.441935157775878906e+01
1.442133267720540424e+01
1.442207272847493549e+01
1.442090829213460346e+01
1.442152595520019531e+01
1.442089271545410156e+01
1.442113176981608014e+01
1.442104403177897076e+01
1.442078431447347064e+01
1.441975084940592389e+01
1.442138512929280658e+01
1.442143313090006451e+01
1.442248344421386719e+01
1.442346731821695904e+01
1.442254702250162701e+01
1.442144552866617779e+01
1.442225011189778705e+01
1.442071946461995502e+01
1.442132059733072857e+01
1.442278544108072857e+01
1.442067241668701172e+01
1.442010561625162701e+01
1.442129516601562500e+01
1.442174530029296875e+01
1.442034212748209576e+01
1.441926161448160748e+01
1.442215569814046283e+01
1.441998513539632221e+01
1.441940911610921283e+01
1.442029380798339844e+01
1.442144298553466797e+01
1.442232004801432232e+01
1.442331918080647846e+01
1.442203489939371686e+01
1.442270247141520123e+01
1.442057482401529889e+01
1.442332776387532611e+01
1.442108662923177143e+01
1.441966025034586529e+01
1.441876411437988281e+01
1.442319138844808002e+01
1.442168426513671875e+01
1.442168045043945312e+01
1.442003250122070312e+01
1.441940848032633404e+01
1.442152818044026752e+01
1.441943995157877545e+01
1.442025407155354877e+01
1.442058753967285156e+01
1.442200088500976562e+01
1.442263317108154297e+01
1.442158063252766986e+01
1.442086696624755859e+01
1.442165120442708393e+01
1.442230224609375000e+01
1.442099253336588482e+01
1.442132186889648438e+01
1.442127736409505268e+01
1.442144934336344342e+01
1.442098426818847656e+01
1.442098013559977154e+01
1.442040570576985736e+01
1.442137336730957031e+01
1.442066669464111328e+01
1.442076810201009174e+01
1.442062759399414062e+01
1.442053794860839844e+01
1.442260201772054096e+01
1.442235056559244732e+01
1.442252699534098248e+01
1.442183971405029297e+01
1.442202218373616596e+01
1.442130025227864643e+01
1.442145093282063861e+01
1.442041142781575580e+01
1.442035547892252545e+01
1.442048390706380268e+01
1.442081514994303326e+01
1.442137050628662109e+01
1.442092291514078717e+01
1.442113717397054096e+01
1.442107041676839252e+01
1.442062441507975201e+01
1.442057355244954486e+01
1.442037582397460938e+01
1.442208162943522076e+01
1.442136255900065045e+01
1.442129198710123639e+01
1.442170206705729107e+01
1.442215506235758404e+01
1.442067305246988873e+01
1.442078272501627545e+01
1.442117373148600201e+01
1.442205174763997455e+01
1.442191123962402344e+01
1.442219924926757812e+01
1.442006651560465436e+01
1.442127990722656250e+01
1.442189153035481830e+01
1.442169030507405658e+01
1.442079544067382812e+01
1.442039871215820312e+01
1.442084916432698627e+01
1.442077859242757221e+01
1.442106024424234967e+01
1.442145919799804688e+01
1.442120488484700580e+01
1.442018063863118549e+01
1.442027537027994732e+01
1.442192586263020893e+01
1.442114289601643939e+01
1.442118040720621686e+01
1.442082023620605469e+01
1.441988436381022076e+01
1.442053763071695904e+01
1.442164993286132812e+01
1.442112922668457031e+01
1.442177391052246094e+01
1.442067718505859375e+01
1.442153803507486920e+01
1.442118358612060547e+01
1.442109012603759766e+01
1.442109616597493549e+01
1.442064603169759174e+01
1.442063935597737689e+01
1.442199516296386719e+01
1.442198435465494732e+01
1.442112509409586529e+01
1.442134221394856830e+01
1.442162736256917377e+01
1.442109839121500592e+01
1.442086346944173236e+01
1.442092927296956439e+01
1.441986783345540424e+01
1.442073758443196674e+01
1.442174212137858014e+01
1.442082023620605469e+01
1.442085075378417969e+01
1.442057736714681049e+01
1.442142836252848248e+01
1.442177200317382812e+01
1.442124716440836529e+01
1.442214330037434955e+01
1.441991837819417377e+01
1.441942151387532611e+01
1.442038281758626361e+01
1.442046801249186139e+01
1.442231591542561908e+01
1.442175102233886719e+01
1.442116737365722656e+01
1.442025502522786518e+01
1.442084534962972064e+01
1.442129071553548236e+01
1.442160447438558002e+01
1.442121124267578125e+01
1.442041047414143939e+01
1.442051696777343750e+01
1.442067559560140033e+01
1.442119185129801373e+01
1.442119375864664654e+01
1.442078749338785748e+01
1.442092768351236920e+01
1.442018826802571674e+01
1.442045307159423828e+01
1.442077000935872455e+01
1.442115116119384766e+01
1.442096106211344342e+01
1.442078018188476562e+01
1.442131741841634174e+01
1.442073218027750592e+01
1.442130947113037109e+01
1.442103131612141986e+01
1.442078781127929688e+01
1.442127609252929688e+01
1.442147731781005859e+01
1.442087745666503906e+01
1.442069530487060547e+01
1.442077732086181641e+01
1.442082977294921875e+01
1.442054303487141986e+01
1.442114384969075580e+01
1.442116737365722656e+01
1.442091973622640033e+01
1.442044003804524799e+01
1.442043177286783795e+01
1.442083613077799420e+01
1.442090447743733783e+01
1.442133267720540424e+01
1.442087395985921283e+01
1.442092418670654297e+01
1.442060661315917969e+01
1.442096519470214844e+01
1.442082373301188092e+01
1.442124557495117188e+01
1.442070198059082031e+01
1.442089939117431641e+01
1.442060915629068951e+01
1.442083485921224018e+01
1.442080370585123639e+01
1.442096074422200580e+01
1.442122236887613873e+01
1.442065334320068359e+01
1.442107963562011719e+01
1.442101160685221295e+01
1.442107518513997455e+01
1.442085170745849609e+01
1.442069180806477924e+01
1.442029666900634766e+01
1.442041015625000000e+01
1.442120552062988281e+01
1.442097727457682232e+01
1.442098108927408795e+01
1.442073440551757812e+01
1.442120297749837299e+01
1.442136096954345703e+01
1.442136001586914062e+01
1.442092355092366596e+01
1.442085997263590436e+01
1.442082881927490234e+01
1.442112096150716205e+01
1.442080370585123639e+01
1.442117627461751361e+01
1.442103068033854107e+01
1.442121569315592389e+01
1.442134157816568951e+01
1.442069880167643170e+01
1.442094993591308594e+01
1.442108376820882221e+01
1.442073376973470111e+01
1.442056719462076764e+01
1.442059262593587299e+01
1.442130088806152344e+01
1.442095534006754498e+01
1.442095661163330078e+01
1.442086219787597656e+01
1.442023595174153705e+01
1.442077382405599018e+01
1.442118485768636127e+01
1.442061010996500592e+01
1.442096710205078125e+01
1.442100493113199811e+01
1.442107359568277936e+01
1.442114098866780658e+01
1.442075030008951764e+01
1.442108790079752545e+01
1.442067432403564453e+01
1.442088190714518170e+01
1.442110888163248639e+01
1.442106501261393170e+01
1.442078081766764264e+01
1.442037423451741596e+01
1.442063172658284564e+01
1.442113558451334576e+01
1.442118994394938092e+01
1.442159398396809955e+01
1.442086855570475201e+01
1.442069753011067768e+01
1.442077954610188861e+01
1.442064476013183594e+01
1.442068672180175781e+01
1.442059707641601562e+01
1.442062346140543561e+01
1.442088794708251953e+01
1.442122077941894531e+01
1.442125924428304096e+01
1.442140356699625592e+01
1.442114702860514264e+01
1.442093276977539062e+01
1.442092100779215436e+01
1.442085584004720111e+01
1.442087078094482422e+01
1.442061042785644531e+01
1.442083358764648438e+01
1.442027091979980469e+01
1.442089017232259174e+01
1.442060534159342389e+01
1.442121505737304688e+01
1.442095661163330078e+01
1.442092100779215436e+01
1.442080783843994141e+01
1.442091719309488873e+01
1.442089494069417377e+01
1.442084693908691406e+01
1.442094484965006451e+01
1.442092895507812500e+01
1.442058308919270893e+01
1.442049185434977154e+01
1.442079607645670514e+01
1.442109934488932232e+01
1.442098363240559955e+01
1.442112859090169330e+01
1.442078844706217389e+01
1.442082405090332031e+01
1.442078781127929688e+01
1.442097345987955670e+01
1.442094548543294330e+01
1.442070070902506451e+01
1.442064603169759174e+01
1.442075729370117188e+01
1.442098808288574219e+01
1.442098299662272076e+01
1.442081578572591205e+01
1.442108631134033203e+01
1.442101796468099018e+01
1.442100874582926373e+01
1.442094771067301373e+01
1.442098712921142578e+01
1.442099889119466205e+01
1.442085774739583393e+01
1.442079830169677734e+01
1.442072836558024029e+01
1.442100143432617188e+01
1.442070802052815814e+01
1.442090543111165424e+01
1.442111651102701764e+01
1.442104657491048236e+01
1.442128086090087891e+01
1.442091878255208393e+01
1.442095756530761719e+01
1.442083994547525982e+01
1.442074457804361920e+01
1.442077573140462299e+01
1.442064158121744732e+01
1.442094167073567768e+01
1.442109107971191406e+01
1.442106024424234967e+01
1.442125701904296875e+01
1.442090829213460346e+01
1.442077064514160156e+01
1.442074457804361920e+01
1.442094771067301373e+01
1.442093149820963482e+01
1.442098935445149799e+01
1.442085297902425189e+01
1.442083740234375000e+01
1.442072963714599609e+01
1.442090606689453125e+01
1.442100842793782611e+01
1.442077509562174420e+01
1.442095406850179096e+01
1.442085711161295514e+01
1.442088476816813092e+01
1.442069753011067768e+01
1.442067082722981830e+01
1.442077191670735736e+01
1.442070229848225971e+01
1.442094612121582031e+01
1.442077636718750000e+01
1.442095979054768939e+01
1.442110347747802734e+01
1.442102750142415424e+01
1.442108313242594342e+01
1.442047182718912701e+01
1.442067273457845111e+01
1.442099539438883404e+01
1.442081292470296283e+01
