3.298643330732981549e-01
3.121775090694427490e-01
2.952438692251841412e-01
2.855854282776514874e-01
2.844089021285374774e-01
2.777397582928339825e-01
2.755234986543655396e-01
2.739091763893763409e-01
2.757587035497029437e-01
2.831754833459854126e-01
2.758448670307795392e-01
2.785445948441823139e-01
2.763289709885914935e-01
2.802469184001286640e-01
2.777986576159794940e-01
2.774765541156132831e-01
2.783347219228744507e-01
2.769051541884740009e-01
2.754501154025395526e-01
2.764863918224970685e-01
2.807798186937968121e-01
2.777465085188547955e-01
2.804737140734990253e-01
2.787338048219680786e-01
2.821727891763051166e-01
2.770550300677617206e-01
2.815787444512049542e-01
2.780466526746749878e-01
2.771912167469660626e-01
2.783656269311904907e-01
2.768069654703140259e-01
2.797935754060745239e-01
2.765647222598393573e-01
2.807597865660985126e-01
2.797782570123672485e-01
2.770983974138895856e-01
2.760069072246551514e-01
2.790696720282236920e-01
2.767793238162994385e-01
2.783938497304916382e-01
2.780298739671707153e-01
2.789763261874516620e-01
2.760337094465891705e-01
2.805406153202056885e-01
2.778499523798624860e-01
2.792685180902481079e-01
2.768712441126505719e-01
2.791510870059331073e-01
2.767855376005172729e-01
2.792737980683644428e-01
2.789811144272486554e-01
2.789180278778076172e-01
2.773772776126861572e-01
2.779063284397125244e-01
2.800194919109344482e-01
2.783272862434387207e-01
2.806343883275985718e-01
2.780128667751948224e-01
2.798175613085429059e-01
2.783517489830653058e-01
2.784218639135360718e-01
2.760599801937739239e-01
2.814575334390004291e-01
2.762289494276046753e-01
2.782859504222869873e-01
2.807318220535914288e-01
2.769690503676732196e-01
2.775126943985621319e-01
2.784346391757329120e-01
2.773525863885879517e-01
2.776170124610264911e-01
2.777784516414006366e-01
2.787294834852218628e-01
2.777954787015914917e-01
2.779831041892369403e-01
2.775342812140782489e-01
2.776364137729008807e-01
2.777039160331090106e-01
2.784561415513356342e-01
2.776667823394139423e-01
2.781807035207748413e-01
2.779317100842793598e-01
2.805390308300654278e-01
2.789056003093719482e-01
2.772317777077357159e-01
2.789768030246098651e-01
2.817161182562510358e-01
2.751971532901127948e-01
2.806715120871861591e-01
2.775226285060246600e-01
2.774152507384617938e-01
2.799667666355769025e-01
2.794607530037562237e-01
2.789801508188247681e-01
2.771339664856592999e-01
2.778457353512446271e-01
2.774016310771306171e-01
2.779131978750228882e-01
2.767981042464573993e-01
2.790327121814091815e-01
2.780648966630299701e-01
2.776160836219787598e-01
2.778707295656204224e-01
2.772802561521530151e-01
2.780943264563878192e-01
2.776739945014317645e-01
2.778373012940089093e-01
2.777042736609776630e-01
2.773593515157699585e-01
2.780067672332127704e-01
2.777186284462611066e-01
2.775286287069320679e-01
2.775631397962570190e-01
2.781911492347717285e-01
2.777206053336461200e-01
2.781978150208790912e-01
2.777597258488337384e-01
2.776825328667958392e-01
2.778669347365697040e-01
2.778601497411727905e-01
2.780085951089859009e-01
2.775693237781524658e-01
2.779646515846252441e-01
2.774599144856135235e-01
2.777914156516392841e-01
2.778132160504658832e-01
2.777121663093566895e-01
2.786084264516830444e-01
2.775173038244247437e-01
2.776759962240855084e-01
2.788903663555781232e-01
2.777773489554722919e-01
2.778008381525675641e-01
2.786751836538314819e-01
2.775880247354507446e-01
2.775345991055170880e-01
2.771544208129246845e-01
2.774844020605087280e-01
2.786459724108378277e-01
2.778426657120386944e-01
2.783384223779042377e-01
2.778736054897308350e-01
2.777423858642578125e-01
2.777651002009709491e-01
2.776935746272404804e-01
2.779178023338317871e-01
2.772384931643803729e-01
2.778655290603637695e-01
2.779812614123026715e-01
2.777672459681828632e-01
2.778549740711848126e-01
2.777765343586603985e-01
2.777764399846394672e-01
2.772212872902552472e-01
2.776039292414982929e-01
2.779011080662409650e-01
2.772782097260157452e-01
2.777711004018783569e-01
2.772818754116694318e-01
2.777743389209111347e-01
2.782204548517863141e-01
2.773576925198237286e-01
2.783591548601786481e-01
2.776199082533518658e-01
2.787737846374511719e-01
2.775007436672846661e-01
2.778899818658828735e-01
2.776397963364918842e-01
2.777297347784042358e-01
2.774229943752288818e-01
2.774380892515182495e-01
2.794057428836822510e-01
2.777863641579945697e-01
2.771110087633132935e-01
2.779920448859532489e-01
2.775549640258153095e-01
2.777513762315114154e-01
2.775758405526478900e-01
2.775015185276667462e-01
2.773646066586176739e-01
2.771925677855809345e-01
2.778396358092625751e-01
2.776810973882675171e-01
2.776379585266113281e-01
2.773047834634780884e-01
2.776380280653635846e-01
2.779009590546290265e-01
2.774850030740101947e-01
2.777027338743209839e-01
2.775816619396209717e-01
2.777070403099060059e-01
2.774770508209864484e-01
2.772978643576304303e-01
2.778005351622899188e-01
2.774890959262847900e-01
2.782110025485356464e-01
2.775103102127711163e-01
2.776107937097549438e-01
2.778635968764622821e-01
2.774946987628936768e-01
2.774695605039596558e-01
2.775667905807495117e-01
2.778390496969223022e-01
2.775084724028905048e-01
2.773274828990300311e-01
2.774697542190551758e-01
2.778087009986241473e-01
2.777014325062434064e-01
2.775226036707560406e-01
2.775379965702692853e-01
2.776161332925160541e-01
2.778713951508204327e-01
2.776903410752614154e-01
2.775144527355830060e-01
2.776074856519699097e-01
2.776223272085189819e-01
2.776602009932200299e-01
2.774660785992940082e-01
2.776539673407872333e-01
2.777454257011413574e-01
2.776182095209757672e-01
2.775821983814239502e-01
2.774894336859385358e-01
2.776161531607310162e-01
2.776437153418858661e-01
2.777011593182881488e-01
2.777211517095565796e-01
2.775333225727081299e-01
2.774395644664764404e-01
2.776420712471008301e-01
2.776582737763722553e-01
2.773977617422739850e-01
2.774131546417872296e-01
2.774746467669804706e-01
2.775640090306599750e-01
2.774711400270462036e-01
2.772825757662455426e-01
2.777748505274454938e-01
2.776678999265034808e-01
2.777612258990605487e-01
2.775300840536753522e-01
2.776255160570144653e-01
2.774428675572077618e-01
2.776584476232528687e-01
2.776924818754196167e-01
2.775544673204421997e-01
2.776126265525817871e-01
2.774825940529505597e-01
2.774602820475896015e-01
2.776146978139877319e-01
2.777306238810221539e-01
2.774132738510767804e-01
2.773832927147547589e-01
2.775822530190150128e-01
2.775776137908299579e-01
2.772519638140996112e-01
2.776721417903900146e-01
2.779493480920791626e-01
2.773617058992385864e-01
2.772633632024129047e-01
2.776996990044911517e-01
2.775317430496215820e-01
2.778173436721165790e-01
2.775945166746775494e-01
2.775657822688420429e-01
2.773562967777252197e-01
2.773497601350148334e-01
2.775941789150238037e-01
2.774620304505030499e-01
2.775125652551651001e-01
2.774651298920313702e-01
2.774932434161503925e-01
2.774858226378758563e-01
2.776221434275309430e-01
2.775421688954035626e-01
2.775962849458058490e-01
2.771284133195877075e-01
2.774224231640498028e-01
2.778509259223937988e-01
2.775734315315882550e-01
2.774949272473652973e-01
2.775486260652542114e-01
2.775733123222987042e-01
2.774881372849146710e-01
2.775761236747105731e-01
2.774252295494079590e-01
2.776210159063339233e-01
2.776663601398468018e-01
2.775235474109649658e-01
2.774299730857213153e-01
2.774503678083419800e-01
2.775463809569676532e-01
2.774227112531661987e-01
2.772839019695917950e-01
2.775465448697407855e-01
2.776528596878051758e-01
2.772808670997619629e-01
2.773934553066889630e-01
2.777137011289596558e-01
2.772544771432876587e-01
2.773398011922836304e-01
2.774825940529505597e-01
2.774072686831156598e-01
2.775308440128962384e-01
2.774890214204788208e-01
2.773890346288681030e-01
2.775302579005559100e-01
2.774637738863627301e-01
2.774170388778050556e-01
2.774589409430821552e-01
2.774324665466944562e-01
2.774649262428283691e-01
2.774734844764073505e-01
2.774615585803985596e-01
2.774564325809478760e-01
2.774718900521596088e-01
2.774214496215184345e-01
2.775806287924448834e-01
2.775095552206039429e-01
2.773419469594955444e-01
2.775149097045262470e-01
2.774817297856013165e-01
2.773967534303665161e-01
2.774771203597386493e-01
2.773447980483372821e-01
2.773409783840179443e-01
2.775104145208994733e-01
2.775095452864964618e-01
2.774491459131240845e-01
2.774155785640080585e-01
2.774011592070261822e-01
2.774738868077595844e-01
2.774294018745422363e-01
2.774857829014460431e-01
2.775089293718338013e-01
2.775482137997944965e-01
2.774388243754704608e-01
2.774460017681121826e-01
2.774134029944737567e-01
2.775597174962361469e-01
2.774601181348164691e-01
2.774159908294677734e-01
2.774848292271296368e-01
2.773980846007664813e-01
2.774058828751246319e-01
2.774749646584193097e-01
2.774480481942494525e-01
2.775383243958155499e-01
2.773501574993133545e-01
2.774513214826583862e-01
2.774897615114848004e-01
2.776165505250294818e-01
2.775795410076777325e-01
2.773060053586959839e-01
2.773165802160899029e-01
2.772790143887202130e-01
2.774545550346374512e-01
2.775044490893681659e-01
2.774594277143478394e-01
2.773347248633702411e-01
2.773570219675700055e-01
2.774230986833572388e-01
2.773934056361516132e-01
2.774873971939086914e-01
2.775469770034154071e-01
2.774089276790618896e-01
2.773871670166651593e-01
2.774555732806523456e-01
2.773995548486709595e-01
2.774010847012202130e-01
2.774696052074432373e-01
2.774621595939000263e-01
2.775302082300186157e-01
2.775740772485733032e-01
2.774644146362940655e-01
2.773407151301701679e-01
2.773832629124323712e-01
2.773493776718775616e-01
2.774326403935750140e-01
2.773235887289047241e-01
2.773976276318232403e-01
2.773877332607905255e-01
2.776035964488983154e-01
2.774824450413386212e-01
2.773899883031845093e-01
2.773787975311279297e-01
2.774045616388320923e-01
2.774835973978042603e-01
2.774326006571452008e-01
2.774299035469691144e-01
2.774000018835067749e-01
2.774988710880279541e-01
2.773197144269943237e-01
2.773583531379699707e-01
2.774393111467361450e-01
2.773777941862742291e-01
2.772246102492014752e-01
2.774431457122166766e-01
2.777082473039627075e-01
2.774454106887181415e-01
2.773479819297790527e-01
2.773654858271281110e-01
2.774737179279327393e-01
2.773737112681071149e-01
2.773613631725311279e-01
2.774155586957931519e-01
2.774339268604914532e-01
2.774459471305211200e-01
2.774648318688074933e-01
2.774082869291305542e-01
2.773171712954838886e-01
2.773497551679611206e-01
2.773691664139429913e-01
2.774045368035634174e-01
2.774050086736679077e-01
2.774225622415542603e-01
2.774171630541483746e-01
2.773773670196533203e-01
2.773892929156621112e-01
2.773722658554713116e-01
2.775019705295562744e-01
2.774444868167241229e-01
2.774841735760371075e-01
2.773643583059310913e-01
2.773530433575312482e-01
2.773452748854954852e-01
2.774161646763483868e-01
2.774092058340708600e-01
2.773905396461486816e-01
2.774081577857335223e-01
2.773312032222747803e-01
2.774671216805775775e-01
2.773534407218297138e-01
2.773736715316772461e-01
2.772925794124603271e-01
2.773007750511169434e-01
2.775313605864842548e-01
2.774529804786046161e-01
2.775129278500874652e-01
2.773895064989725934e-01
2.773265739281972064e-01
2.774031162261962891e-01
2.773856818675994873e-01
2.774165918429692401e-01
2.774274746576945172e-01
2.773836801449457989e-01
2.774043728907902850e-01
2.773016045490900860e-01
2.774308373530705585e-01
2.773512999216715680e-01
2.774229894081751691e-01
2.774611761172612323e-01
2.774265706539154053e-01
2.773969421784083234e-01
2.773724446694056378e-01
2.773852745691935406e-01
2.773566593726475848e-01
2.774051874876022339e-01
2.773885230223337994e-01
2.773676762978236066e-01
2.773453692595164166e-01
2.773545384407043457e-01
2.774301469326019287e-01
2.773674527804056988e-01
2.773959438006083356e-01
2.773617456356684552e-01
2.774548828601837158e-01
2.775004158417384015e-01
2.773670405149459839e-01
2.773400445779164447e-01
2.773811320463816510e-01
2.774397780497868671e-01
2.772847563028335571e-01
2.773876984914143695e-01
2.774795492490132465e-01
2.773970117171605243e-01
2.774799317121505737e-01
2.773399700721104755e-01
2.773081908623377667e-01
2.774448841810226440e-01
2.774029870827992572e-01
2.773332844177882062e-01
2.772998114426930560e-01
2.774062802394230975e-01
2.774385362863540649e-01
2.773351172606150494e-01
2.774649312098820819e-01
2.774252692858378277e-01
2.774077107508977069e-01
2.773479918638865338e-01
2.772895991802215576e-01
2.773884783188502179e-01
2.773881355921427594e-01
2.773467004299163818e-01
2.774530996878941669e-01
2.773609757423400879e-01
2.773213833570480347e-01
2.773793141047160016e-01
2.774123748143513812e-01
2.773931870857874737e-01
2.773879617452621460e-01
2.773941755294799805e-01
2.773826618989308490e-01
2.773474703232447491e-01
2.773928890625635968e-01
2.773440182209014893e-01
2.773460596799850464e-01
2.773599674304326190e-01
2.774097373088200702e-01
2.774181514978408813e-01
2.773963361978530884e-01
2.773736913998921527e-01
2.774110337098439349e-01
2.774044126272201538e-01
2.773815095424652100e-01
2.773831635713577271e-01
2.773668666680653705e-01
2.773814549048741473e-01
2.773444702227910175e-01
2.773538380861282349e-01
2.774417797724406110e-01
2.773616313934326172e-01
2.773883591095606671e-01
2.774055500825245990e-01
2.773762295643488751e-01
2.773679196834564209e-01
2.773527751366297589e-01
2.773829499880473004e-01
2.773971309264500751e-01
2.774072438478469849e-01
2.773845543464024677e-01
2.774113665024439679e-01
2.773369352022806988e-01
2.773793588081995831e-01
2.774223188559214459e-01
2.774119675159454346e-01
2.773809880018234253e-01
2.773716896772384644e-01
2.773684660593668805e-01
2.773650487263997211e-01
2.774155239264170514e-01
2.773817529280980243e-01
2.774716466665267944e-01
2.773819118738174438e-01
2.773654560248057233e-01
2.773586163918177472e-01
2.773758371671040668e-01
2.774168799320856915e-01
2.773891439040501727e-01
2.773408840099970685e-01
2.773895810047785626e-01
2.773521790901820050e-01
2.773710936307907104e-01
2.774125933647155762e-01
2.774387598037719727e-01
2.773814698060353412e-01
2.773943692445755005e-01
2.773207624753316058e-01
2.773764977852503644e-01
2.774153202772140503e-01
2.774183402458826886e-01
2.773956954479217529e-01
2.773583134015401019e-01
2.773798207441965924e-01
2.773502816756566181e-01
2.773580501476923810e-01
2.774070103963215961e-01
2.773670951525370465e-01
2.773325641949971332e-01
2.773963461319605694e-01
2.773944387833277569e-01
2.774324218432108746e-01
2.773500134547551288e-01
2.773696035146713257e-01
2.773699363072713031e-01
2.773842761913935528e-01
2.773597687482833862e-01
2.773947864770889282e-01
2.774271269639332904e-01
2.774163732926051007e-01
2.773898343245188580e-01
2.773477385441462384e-01
2.773381471633911133e-01
2.773481259743372784e-01
2.773633549610773907e-01
2.773650437593460083e-01
2.773065318663914813e-01
2.773435066143671857e-01
2.774321089188258038e-01
2.773668915033340454e-01
2.773577918608983173e-01
2.773500730593999042e-01
2.773739695549011230e-01
2.773617406686146869e-01
2.773786783218383789e-01
2.773682226737340106e-01
2.774039457241694318e-01
2.773919751246770038e-01
2.774323970079421997e-01
2.774027238289515362e-01
2.774093449115753174e-01
2.773927748203277588e-01
2.773537586132685528e-01
2.773785144090652466e-01
2.773792395989100323e-01
2.773610254128773822e-01
2.773666530847549438e-01
2.773691415786743164e-01
2.773858060439427509e-01
2.773678253094355450e-01
2.773770491282145367e-01
2.773992170890172138e-01
2.774096479018529071e-01
2.773855129877726422e-01
2.774059027433395386e-01
2.773785144090652466e-01
2.773962865273157941e-01
2.773926009734471454e-01
2.773674279451370239e-01
2.773580302794774188e-01
2.773605436086654663e-01
2.773983875910441266e-01
2.773973296085993634e-01
2.774111380179722919e-01
2.773725589116414203e-01
2.773830195267995014e-01
2.773837993542353497e-01
2.773769448200861798e-01
2.773725092411041260e-01
2.773436605930328369e-01
2.774282197157542096e-01
2.773900181055068970e-01
2.773675719896952496e-01
2.773999919493992938e-01
2.773988594611485614e-01
2.773765524228413715e-01
2.773638765017191754e-01
2.774011294047037945e-01
2.773819565773010254e-01
2.773594309886296405e-01
2.773974984884262085e-01
2.773748487234115601e-01
2.773919006188710346e-01
2.773594657580057965e-01
2.773418575525283813e-01
2.773781269788742065e-01
2.773783852656682147e-01
2.773686945438385010e-01
2.773825178543726788e-01
2.773692210515339984e-01
2.773786087830861224e-01
2.773689230283101215e-01
2.773661216100056781e-01
2.773386637369791852e-01
2.773837000131607056e-01
2.773902366558710919e-01
2.773988991975784302e-01
2.774139344692230225e-01
2.774018694957097186e-01
2.773780077695846558e-01
2.773989439010620117e-01
2.773673385381698608e-01
2.773752907911936627e-01
2.774169246355692731e-01
2.773566097021102905e-01
2.773629824320475445e-01
2.773791402578353882e-01
2.773882249991099225e-01
2.773586114247639789e-01
2.773407449324925556e-01
2.773962567249934064e-01
2.773391952117283954e-01
2.773409734169642316e-01
2.773540467023849487e-01
2.773775855700175152e-01
2.774060318867365704e-01
2.774237046639124737e-01
2.773930231730143414e-01
2.774111727873484479e-01
2.773605138063430786e-01
2.774222741524378644e-01
2.773693402608235492e-01
2.773464471101760864e-01
2.773260722557703839e-01
2.774135619401931763e-01
2.773872365554173602e-01
2.773785889148712158e-01
2.773526261250178204e-01
2.773338208595911847e-01
2.773789068063099994e-01
2.773422201474507465e-01
2.773563365141550885e-01
2.773629029591878070e-01
2.774039556582768573e-01
2.774070203304290771e-01
2.773797214031219482e-01
2.773796717325846539e-01
2.774007568756739484e-01
2.773867398500442505e-01
2.773690174023310528e-01
2.773768206437428607e-01
2.773798902829487933e-01
2.773831834395726337e-01
2.773702392975489484e-01
2.773682226737340106e-01
2.773523281017939435e-01
2.773798108100891113e-01
2.773660967747370587e-01
2.773702690998713360e-01
2.773605237404505597e-01
2.773603846629460468e-01
2.774054904778798236e-01
2.773993462324142456e-01
2.774032503366470337e-01
2.773845295111338483e-01
2.773903260628382550e-01
2.773746897776921405e-01
2.773705720901489258e-01
2.773499190807342529e-01
2.773546129465103149e-01
2.773635288079579486e-01
2.773636380831400738e-01
2.773764034112294330e-01
2.773696333169937134e-01
2.773748238881428851e-01
2.773702442646026611e-01
2.773648550113042011e-01
2.773674229780833111e-01
2.773599574963251935e-01
2.773921688397725238e-01
2.773806303739547729e-01
2.773739943901697980e-01
2.773849219083786011e-01
2.773910313844680786e-01
2.773645023504893170e-01
2.773704230785369873e-01
2.773793339729309082e-01
2.773897002140681134e-01
2.773862580458323346e-01
2.773961027463276996e-01
2.773486127456029071e-01
2.773764481147130145e-01
2.773854931195576801e-01
2.773839185635249005e-01
2.773637125889460431e-01
2.773591329654057636e-01
2.773685405651728497e-01
2.773653268814086914e-01
2.773732393980026245e-01
2.773775011301040649e-01
2.773777345816294537e-01
2.773561626672744751e-01
2.773586064577102661e-01
2.773923923571904315e-01
2.773806750774383545e-01
2.773805956045786725e-01
2.773653864860534668e-01
2.773425479729970111e-01
2.773643086353937970e-01
2.773904502391815186e-01
2.773699959119160785e-01
2.773897349834442139e-01
2.773631215095520020e-01
2.773856868346532001e-01
2.773719827334086285e-01
2.773733586072921753e-01
2.773798058430353985e-01
2.773678153753280640e-01
2.773677259683609009e-01
2.773919701576232910e-01
2.773924022912979126e-01
2.773718734582265033e-01
2.773763785759608136e-01
2.773915628592173444e-01
2.773717045783996582e-01
2.773603250583012714e-01
2.773664742708206177e-01
2.773395329713821411e-01
2.773662159840266095e-01
2.773861934741337909e-01
2.773584673802058087e-01
2.773683319489161359e-01
2.773652027050654278e-01
2.773853043715159283e-01
2.773925165335337506e-01
2.773777296145756854e-01
2.773974041144053326e-01
2.773471623659133911e-01
2.773409883181254254e-01
2.773640950520833148e-01
2.773660073677698956e-01
2.773968378702799664e-01
2.773831337690353394e-01
2.773759613434473859e-01
2.773634990056355609e-01
2.773632258176803589e-01
2.773752411206563129e-01
2.773871123790740967e-01
2.773752758900324689e-01
2.773595452308654785e-01
2.773633549610773907e-01
2.773680835962295532e-01
2.773741533358891620e-01
2.773736814657847272e-01
2.773653169473012103e-01
2.773712227741877423e-01
2.773596843083699359e-01
2.773618201414744244e-01
2.773676862319310321e-01
2.773753801981608258e-01
2.773691068092982159e-01
2.773652772108713971e-01
2.773799349864323749e-01
2.773690273364384784e-01
2.773803224166234149e-01
2.773754497369130267e-01
2.773687640825907574e-01
2.773741384347279681e-01
2.773833870887756348e-01
2.773705075184504376e-01
2.773650934298833026e-01
2.773703982432683124e-01
2.773704032103220807e-01
2.773649940888087140e-01
2.773770342270533429e-01
2.773767560720443726e-01
2.773694396018981934e-01
2.773640404144923077e-01
2.773600469032923566e-01
2.773673286040623798e-01
2.773718933264414654e-01
2.773816436529159546e-01
2.773708999156951904e-01
2.773692210515339984e-01
2.773668219645817890e-01
2.773717989524205341e-01
2.773697177569071637e-01
2.773774067560831891e-01
2.773648450771967755e-01
2.773714413245518817e-01
2.773664792378743305e-01
2.773692111174265729e-01
2.773689478635787964e-01
2.773715356985728131e-01
2.773813505967457904e-01
2.773664196332295551e-01
2.773760308821995868e-01
2.773721019426981793e-01
2.773732791344324933e-01
2.773692458868026733e-01
2.773667921622594013e-01
2.773581445217132568e-01
2.773608068625132428e-01
2.773792147636413574e-01
2.773740142583847046e-01
2.773732195297877179e-01
2.773680686950683594e-01
2.773765176534652710e-01
2.773802727460861206e-01
2.773806303739547729e-01
2.773685902357101440e-01
2.773688882589340210e-01
2.773697425921757831e-01
2.773743321498234882e-01
2.773673683404922485e-01
2.773776402076085223e-01
2.773750821749369488e-01
2.773773074150085449e-01
2.773810575405756818e-01
2.773673186699549542e-01
2.773719827334086285e-01
2.773728420337041034e-01
2.773695935805638446e-01
2.773644824822743549e-01
2.773648649454116821e-01
2.773794283469517841e-01
2.773717741171519147e-01
2.773719082276026593e-01
2.773684759934743060e-01
2.773583233356475830e-01
2.773666878541310443e-01
2.773783852656682147e-01
2.773632258176803589e-01
2.773721863826115741e-01
2.773756931225458966e-01
2.773764332135518207e-01
2.773754994074503766e-01
2.773667623599370136e-01
2.773791799942652569e-01
2.773657143115997314e-01
2.773715257644653320e-01
2.773790558179219379e-01
2.773764481147130145e-01
2.773677557706832886e-01
2.773578812678654804e-01
2.773674676815668927e-01
2.773764679829279767e-01
2.773796667655308856e-01
2.773889452219009399e-01
2.773708999156951904e-01
2.773677408695220947e-01
2.773696829875310077e-01
2.773655603329340802e-01
2.773683319489161359e-01
2.773664643367131366e-01
2.773663302262623920e-01
2.773720671733220233e-01
2.773791203896204816e-01
2.773797959089279175e-01
2.773816535870234357e-01
2.773762792348861694e-01
2.773732592662175311e-01
2.773727128903071271e-01
2.773716400067011700e-01
2.773717641830444336e-01
2.773672292629877911e-01
2.773720373709996356e-01
2.773606429497401105e-01
2.773717989524205341e-01
2.773652921120325909e-01
2.773788819710413800e-01
2.773741135994593487e-01
2.773731946945190430e-01
2.773701300223668231e-01
2.773734082778294696e-01
2.773708353439967023e-01
2.773710489273071289e-01
2.773720274368922101e-01
2.773721367120742798e-01
2.773665090401967181e-01
2.773655951023101807e-01
2.773712873458862305e-01
2.773770093917846680e-01
2.773728320995966778e-01
2.773757576942443848e-01
2.773692756891250610e-01
2.773717890183131085e-01
2.773695588111877441e-01
2.773731450239817486e-01
2.773742377758026123e-01
2.773700207471847534e-01
2.773676365613937378e-01
2.773695737123489380e-01
2.773737609386444092e-01
2.773741632699966431e-01
2.773708750804265155e-01
2.773766169945399152e-01
2.773745755354563580e-01
2.773739496866862164e-01
2.773733586072921753e-01
2.773745854695637836e-01
2.773744165897369385e-01
2.773722459872563495e-01
2.773689130942026959e-01
2.773685504992802753e-01
2.773738453785578595e-01
2.773669759432474957e-01
2.773726234833399640e-01
2.773783008257548199e-01
2.773763934771220074e-01
2.773803422848383771e-01
2.773738702138264789e-01
2.773750076691309796e-01
2.773708949486414777e-01
2.773705969254176007e-01
2.773707161347071515e-01
2.773663649956385480e-01
2.773724595705668317e-01
2.773768901824951172e-01
2.773780226707458496e-01
2.773816188176472797e-01
2.773723453283309937e-01
2.773671001195907593e-01
2.773688832918803082e-01
2.773739149173100604e-01
2.773726085821787701e-01
2.773754596710205078e-01
2.773718287547429218e-01
2.773709595203399658e-01
2.773680140574772968e-01
2.773725440104802265e-01
2.773751964171727313e-01
2.773699710766474591e-01
2.773737609386444092e-01
2.773719777663548602e-01
2.773720522721608295e-01
2.773681133985519409e-01
2.773692260185877667e-01
2.773713469505310059e-01
2.773675521214802875e-01
2.773736764987309589e-01
2.773697972297668457e-01
2.773738453785578595e-01
2.773765822251637592e-01
2.773745904366175519e-01
2.773765375216801776e-01
2.773639410734176636e-01
2.773674577474594116e-01
2.773776004711787091e-01
2.773713618516921997e-01
