4.414346293080598116e+00
3.441786156967282295e+00
3.081571643240749836e+00
3.320971266832202673e+00
3.206374147906899452e+00
3.732452928088605404e+00
2.926685799844563007e+00
3.640732018277049065e+00
3.176045977976173162e+00
3.498746761120855808e+00
3.703470789827406406e+00
3.618997248820960522e+00
3.231819439679384232e+00
3.528229158837348223e+00
2.638853253331035376e+00
2.856006507761776447e+00
2.675661520101130009e+00
2.934621251188218594e+00
3.216244210954755545e+00
3.924274228978902102e+00
3.062494358047842979e+00
3.769552567042410374e+00
3.351544828154146671e+00
3.423964862711727619e+00
3.707879115827381611e+00
3.548538736067712307e+00
2.968175895046442747e+00
2.921565883792936802e+00
3.641675077844411135e+00
3.076522537041455507e+00
3.255185971036553383e+00
2.681220109108835459e+00
3.174407616257667542e+00
3.230034507811069489e+00
3.262604432180523872e+00
2.917349938303232193e+00
3.513157110195606947e+00
3.223030589055269957e+00
3.466624869033694267e+00
4.579346270300447941e+00
4.273688987828791142e+00
3.578143386170268059e+00
3.905864404980093241e+00
4.016706911381334066e+00
3.548360717017203569e+00
3.482609520200639963e+00
3.542409838177263737e+00
3.376842501107603312e+00
3.067078894004225731e+00
3.889475534204393625e+00
3.518848530948162079e+00
3.117322835139930248e+00
2.976521035656332970e+00
3.748524958267807961e+00
3.417360934894531965e+00
3.070901331957429647e+00
3.005827935878187418e+00
2.950375791173428297e+00
3.148343947250396013e+00
3.209134437143802643e+00
2.738911779131740332e+00
3.088091006036847830e+00
3.775556554086506367e+00
3.598880368284881115e+00
3.787646139971911907e+00
4.115040597040206194e+00
3.187718858942389488e+00
3.206488213036209345e+00
3.395140666048973799e+00
3.235342281870543957e+00
3.044976287055760622e+00
3.632233593147248030e+00
3.229900504928082228e+00
4.049222600180655718e+00
2.850259178318083286e+00
3.846399317961186171e+00
3.373169736005365849e+00
3.381020316854119301e+00
3.835682613775134087e+00
3.992597534321248531e+00
3.792109966278076172e+00
3.592505578882992268e+00
3.321966527961194515e+00
3.444668932352215052e+00
3.400546263437718153e+00
3.433832398150116205e+00
3.138248812872916460e+00
3.360955010168254375e+00
3.976978104095906019e+00
3.824967178981751204e+00
3.005051235202699900e+00
3.131256852764636278e+00
3.309631451033055782e+00
2.866720459889620543e+00
2.948010057676583529e+00
3.416504295077174902e+00
3.237294295337051153e+00
3.733868817798793316e+00
3.614588398952037096e+00
3.377848013304173946e+00
4.153386759106069803e+00
4.629165984690189362e+00
3.927165975794196129e+00
3.905469047836959362e+00
3.499582354910671711e+00
3.543351554311811924e+00
4.257552638184279203e+00
3.748686837032437325e+00
3.849895893130451441e+00
3.741961989086121321e+00
4.478105552960187197e+00
3.821775406133383512e+00
3.332959002815186977e+00
3.114865161012858152e+00
3.358353355899453163e+00
3.779503530357033014e+00
4.160596978850662708e+00
3.039214720018208027e+00
3.621158237103372812e+00
5.240627512335777283e+00
2.920328292064368725e+00
3.195222678128629923e+00
2.459121005143970251e+00
2.322306854184716940e+00
3.050416565034538507e+00
2.423945098184049129e+00
2.863516404759138823e+00
2.653480825014412403e+00
3.025979993399232626e+00
2.783246487844735384e+00
3.950926557648926973e+00
3.046874560881406069e+00
2.535515096969902515e+00
3.901368951890617609e+00
2.227560496889054775e+00
1.932975711766630411e+00
1.858101192861795425e+00
2.089653180912137032e+00
1.906438647303730249e+00
2.147639140021055937e+00
1.569149945862591267e+00
1.431619562674313784e+00
2.077848445158451796e+00
1.965414655860513449e+00
2.988736311905086040e+00
2.278793993871659040e+00
1.864111510571092367e+00
3.473251149989664555e+00
3.484009853564202785e+00
2.938021234702318907e+00
3.005210944917052984e+00
3.335723005700856447e+00
2.634055919013917446e+00
2.542753477115184069e+00
2.850820408202707767e+00
3.822397666051983833e+00
3.850891875103116035e+00
3.926312814932316542e+00
2.576638021972030401e+00
2.647969007957726717e+00
3.213746874127537012e+00
3.429299881216138601e+00
2.863453954923897982e+00
3.301825420930981636e+00
3.150016817729920149e+00
3.373339957091957331e+00
4.008866760414093733e+00
4.354382658842951059e+00
4.163296271115541458e+00
3.475917645264416933e+00
5.062919152900576591e+00
4.452626210171729326e+00
4.489595548249781132e+00
4.266831138171255589e+00
4.297069631051272154e+00
4.338887076824903488e+00
3.016704679932445288e+00
3.664646205957978964e+00
2.624167624861001968e+00
4.396160332951694727e+00
4.997425696812570095e+00
6.542125940322875977e+00
4.164779593702405691e+00
2.862606563605368137e+00
2.731146967969834805e+00
1.972731246147304773e+00
1.910859061870723963e+00
2.410677399951964617e+00
2.149279981851577759e+00
3.206180112902075052e+00
2.717920310795307159e+00
2.730684957932680845e+00
3.010522563010454178e+00
3.040587122086435556e+00
4.965628063306212425e+00
1.108181716501712799e+01
4.331482077017426491e+00
3.195405968930572271e+00
2.274527219124138355e+00
2.140061678830534220e+00
2.072325488086789846e+00
2.962262499146163464e+00
3.553483196999877691e+00
3.378032313194125891e+00
2.577929134014993906e+00
2.320170828606933355e+00
2.698072304949164391e+00
3.365380117204040289e+00
3.591014036908745766e+00
2.494285611901432276e+00
2.583225860726088285e+00
2.345965844113379717e+00
2.126994682010263205e+00
1.931046550162136555e+00
2.244616548996418715e+00
1.978228061925619841e+00
2.359147251117974520e+00
2.140222319867461920e+00
2.282778018619865179e+00
2.130254915915429592e+00
2.397500982973724604e+00
2.141680771019309759e+00
2.019602998625487089e+00
1.938743079081177711e+00
1.850669122766703367e+00
1.930538677610456944e+00
1.590637385845184326e+00
1.683149987831711769e+00
1.565146521199494600e+00
1.607034046202898026e+00
1.566363622900098562e+00
1.562943099066615105e+00
1.562058506067842245e+00
1.659672687761485577e+00
1.709259663242846727e+00
1.610753532964736223e+00
1.959207237232476473e+00
1.557249871082603931e+00
1.556456169113516808e+00
1.626264162827283144e+00
1.945888948626816273e+00
1.909646172076463699e+00
1.895375612191855907e+00
1.946727511007338762e+00
1.583407074213027954e+00
1.583393825683742762e+00
1.359573025722056627e+00
1.525813349056988955e+00
3.161199523136019707e+00
1.977844553068280220e+00
1.693501292262226343e+00
1.377821290865540504e+00
1.403122283983975649e+00
1.373005393892526627e+00
1.740698675159364939e+00
1.602462681010365486e+00
1.453072201926261187e+00
1.538713945075869560e+00
1.725989616010338068e+00
1.783721213229000568e+00
2.164892463013529778e+00
1.975636878982186317e+00
2.501329251099377871e+00
1.907287638168781996e+00
1.304192421957850456e+00
1.465264898259192705e+00
1.579795931000262499e+00
1.541331098880618811e+00
1.779774798080325127e+00
1.457153735682368279e+00
1.647763100918382406e+00
1.555742656812071800e+00
1.661873461212962866e+00
1.576550775673240423e+00
1.566693813074380159e+00
1.587000210303813219e+00
1.774364970158785582e+00
1.453473023138940334e+00
1.371555330697447062e+00
1.613346425816416740e+00
1.522751513868570328e+00
1.564462751150131226e+00
1.935246515087783337e+00
1.668476229067891836e+00
1.670486161950975657e+00
1.543084140866994858e+00
1.504467000253498554e+00
1.462786834221333265e+00
1.890181876253336668e+00
1.705931058153510094e+00
1.821094963699579239e+00
1.758321997709572315e+00
1.515080725308507681e+00
1.596141231711953878e+00
1.912921445909887552e+00
1.468928162008523941e+00
1.607695047743618488e+00
1.547807707916945219e+00
1.666441446170210838e+00
1.857191090937703848e+00
2.060305272229015827e+00
2.138447496108710766e+00
2.077858406584709883e+00
2.029981601983308792e+00
1.835504432208836079e+00
1.929603937081992626e+00
1.902506711892783642e+00
1.661729520186781883e+00
1.668913479894399643e+00
1.791906193364411592e+00
1.957214725203812122e+00
2.024781084619462490e+00
1.605331845115870237e+00
1.770136114209890366e+00
1.851833514869213104e+00
1.638659208081662655e+00
2.008368193171918392e+00
2.306905861943960190e+00
1.936794596724212170e+00
1.893841670826077461e+00
1.842835560906678438e+00
2.087785959709435701e+00
1.701034692116081715e+00
1.618510302621871233e+00
1.847810547798871994e+00
1.647979442030191422e+00
2.000556482002139091e+00
2.190768307074904442e+00
1.949421094264835119e+00
1.742489599157124758e+00
1.679901553783565760e+00
1.967442569322884083e+00
1.638093598186969757e+00
1.576922516804188490e+00
1.961418109945952892e+00
1.696763107087463140e+00
1.762960544787347317e+00
1.882992025930434465e+00
2.363293756265193224e+00
1.780027087777853012e+00
2.033127505797892809e+00
1.865155992098152637e+00
2.039888294879347086e+00
1.684385749977082014e+00
1.629041946958750486e+00
1.601028169039636850e+00
1.424937173258513212e+00
1.673519526142627001e+00
1.614963027182966471e+00
1.554586496669799089e+00
1.476411781739443541e+00
1.527875872328877449e+00
1.662520860787481070e+00
1.620130022987723351e+00
1.693247542250901461e+00
1.534802239853888750e+00
1.558462182991206646e+00
1.820542531087994576e+00
1.835056302137672901e+00
2.167649834882467985e+00
1.804991722106933594e+00
1.910324552096426487e+00
1.806629803963005543e+00
2.215043609030544758e+00
1.741454546339809895e+00
1.740437766071408987e+00
1.737062340136617422e+00
1.729600951075553894e+00
1.985452082939445972e+00
1.626277892850339413e+00
1.845713315065950155e+00
1.666363387368619442e+00
1.577914367895573378e+00
1.813154891133308411e+00
1.763025695923715830e+00
3.653306261170655489e+00
3.160302571952342987e+00
1.761070431675761938e+00
1.900891359895467758e+00
1.924636189825832844e+00
1.835533642210066319e+00
2.562114032916724682e+00
2.827632896602153778e+00
2.680736751761287451e+00
2.151985755190253258e+00
2.147262059152126312e+00
1.785299194976687431e+00
1.908034388907253742e+00
2.107955486979335546e+00
2.225098721683025360e+00
1.966895897872745991e+00
1.970913783181458712e+00
2.080996850039809942e+00
2.330546954181045294e+00
2.175129755865782499e+00
2.450010512955486774e+00
2.463520312216132879e+00
3.203071199357509613e+00
2.161041667219251394e+00
2.671471317764371634e+00
3.456796729005873203e+00
2.326905169058591127e+00
3.033873412758111954e+00
2.608869435265660286e+00
2.707475767005234957e+00
2.417014200240373611e+00
2.263884074054658413e+00
2.622458184137940407e+00
2.046692773699760437e+00
2.863137263804674149e+00
2.582606378942728043e+00
1.924109030980616808e+00
2.294603554997593164e+00
2.198404727037996054e+00
2.853436052799224854e+00
2.337712471839040518e+00
2.380707379896193743e+00
2.599224823061376810e+00
2.983422506134957075e+00
2.349964749068021774e+00
3.102385734207928181e+00
3.106062869075685740e+00
3.728526651393622160e+00
3.740227947011590004e+00
4.026986910030245781e+00
3.802232328802347183e+00
3.514106045011430979e+00
2.015688763000071049e+00
2.008432721719145775e+00
2.036850211210548878e+00
2.483427438884973526e+00
2.360693223308771849e+00
2.373633051291108131e+00
2.546953413169831038e+00
1.827427370008081198e+00
1.895018911920487881e+00
2.052011470776051283e+00
2.040518607012927532e+00
3.122851561754941940e+00
2.739292209036648273e+00
2.676934225950390100e+00
2.939187397249042988e+00
2.499169858638197184e+00
2.901485476177185774e+00
2.685690056998282671e+00
2.605721369851380587e+00
2.169511518906801939e+00
2.797677887137979269e+00
2.565789517946541309e+00
2.161083187907934189e+00
2.031578212976455688e+00
1.777859525289386511e+00
1.729932661168277264e+00
2.316677715163677931e+00
2.014922362286597490e+00
2.139676548074930906e+00
2.431335559114813805e+00
2.500622410792857409e+00
2.399743786081671715e+00
2.827371437102556229e+00
2.696704902686178684e+00
2.301157022826373577e+00
2.215252693742513657e+00
2.288912050891667604e+00
2.362204825971275568e+00
2.456879447679966688e+00
1.912853612098842859e+00
2.668611663859337568e+00
2.456513378303498030e+00
1.943359830882400274e+00
2.319738029967993498e+00
2.334906980860978365e+00
2.375869723036885262e+00
2.685382545925676823e+00
2.711290319915860891e+00
2.368264833930879831e+00
2.515296235214918852e+00
2.353255932684987783e+00
2.530065564904361963e+00
2.519158368930220604e+00
2.041239166632294655e+00
2.086358326952904463e+00
2.670138587243855000e+00
2.579133728053420782e+00
2.938979106955230236e+00
2.356526087969541550e+00
2.864499788731336594e+00
2.893696648068726063e+00
3.264935371000319719e+00
3.021160214673727751e+00
3.075619914103299379e+00
2.021753991954028606e+00
1.635540510062128305e+00
1.898609281051903963e+00
2.478718827944248915e+00
2.656721819192171097e+00
2.621988213155418634e+00
2.746316814795136452e+00
2.085534275043755770e+00
1.950759259052574635e+00
2.170704116113483906e+00
2.413126923143863678e+00
2.159329221118241549e+00
2.860652385279536247e+00
1.921217431779950857e+00
2.262283565010875463e+00
2.324104717001318932e+00
2.104805720038712025e+00
2.602152227889746428e+00
2.446136916056275368e+00
2.247314596083015203e+00
1.815920143853873014e+00
1.970719206612557173e+00
2.758770961314439774e+00
2.966769421938806772e+00
2.233707537874579430e+00
2.064030378125607967e+00
2.315387124195694923e+00
2.258139281067997217e+00
2.310206918045878410e+00
1.964058887679129839e+00
1.923162122722715139e+00
2.034216769039630890e+00
2.222459733020514250e+00
2.276113343890756369e+00
2.495189029257744551e+00
2.119648360181599855e+00
1.735073739197105169e+00
1.781090579926967621e+00
1.724547614809125662e+00
1.592520523816347122e+00
1.500116033945232630e+00
1.791208341252058744e+00
1.888234890066087246e+00
1.922553251963108778e+00
2.178783506155014038e+00
1.982603061944246292e+00
2.033089057076722383e+00
2.059818192850798368e+00
1.985447855200618505e+00
2.303576879668980837e+00
2.395274367649108171e+00
2.272808169014751911e+00
1.934779299888759851e+00
2.050093769095838070e+00
2.343080400954931974e+00
2.202486747875809669e+00
1.855646925978362560e+00
2.262151665985584259e+00
2.232711886987090111e+00
2.032530947122722864e+00
1.943407909944653511e+00
2.125756198074668646e+00
1.832193765789270401e+00
2.114248001947999001e+00
1.679225396830588579e+00
1.775230790954083204e+00
1.801804275717586279e+00
1.835934570059180260e+00
2.165598260238766670e+00
2.290038001257926226e+00
1.967627333011478186e+00
2.299686314072459936e+00
2.052711543161422014e+00
2.006288363132625818e+00
2.088417847640812397e+00
1.786405765917152166e+00
2.547860787250101566e+00
1.731444473844021559e+00
2.006827404256910086e+00
2.006910772994160652e+00
1.557927699293941259e+00
1.696996508631855249e+00
1.782778852153569460e+00
1.486169524956494570e+00
1.642361618112772703e+00
1.683238903060555458e+00
1.481394617818295956e+00
1.579152217134833336e+00
1.791430882178246975e+00
1.815024544019252062e+00
1.963680426124483347e+00
2.130829014815390110e+00
2.515017143916338682e+00
2.974782383069396019e+00
2.341560828965157270e+00
2.057137809228152037e+00
2.386847277171909809e+00
1.935896281152963638e+00
2.032703746110200882e+00
2.117337326984852552e+00
2.643509243149310350e+00
1.985183033626526594e+00
1.871605557855218649e+00
2.165453229099512100e+00
1.846582334954291582e+00
1.584404721856117249e+00
1.723594475071877241e+00
1.525961916893720627e+00
2.203285829164087772e+00
1.677120883017778397e+00
1.597384691238403320e+00
1.387623466085642576e+00
1.536388791166245937e+00
1.663732235785573721e+00
1.388687038794159889e+00
1.353259881958365440e+00
1.454112313222140074e+00
1.515105003025382757e+00
1.557460407726466656e+00
1.973969059996306896e+00
1.567406009882688522e+00
1.677795235067605972e+00
1.853666712995618582e+00
1.746783345006406307e+00
1.951870831195265055e+00
2.084147075191140175e+00
1.911402788013219833e+00
1.793892816174775362e+00
2.052316281013190746e+00
2.394837666768580675e+00
1.825673216953873634e+00
1.855173554271459579e+00
1.594927017111331224e+00
1.643542179837822914e+00
2.119195249397307634e+00
1.666562679689377546e+00
1.686339035630226135e+00
1.343475750181823969e+00
1.513857400976121426e+00
1.645078942179679871e+00
1.584240891970694065e+00
1.760936473030596972e+00
1.514372341334819794e+00
1.660622752737253904e+00
1.634453597944229841e+00
1.422531742136925459e+00
1.471848206128925085e+00
1.382395970169454813e+00
1.321646891068667173e+00
1.717128534801304340e+00
1.510048266034573317e+00
1.754448343999683857e+00
1.654400625266134739e+00
1.462371914181858301e+00
1.578441074118018150e+00
1.730003152973949909e+00
1.645234641153365374e+00
1.494162386283278465e+00
1.311122577171772718e+00
1.346705194097012281e+00
1.434954399242997169e+00
1.274148217868059874e+00
1.289130439050495625e+00
1.244832371827214956e+00
1.427109646610915661e+00
1.365980788599699736e+00
1.862048503942787647e+00
1.624665316194295883e+00
1.691044531296938658e+00
1.558903560042381287e+00
1.271596236154437065e+00
1.341762125957757235e+00
1.432372165843844414e+00
1.500341833103448153e+00
1.499238252174109221e+00
1.291871802881360054e+00
1.434723197016865015e+00
1.444923891220241785e+00
1.443224357906728983e+00
1.287005016114562750e+00
1.237943333107978106e+00
1.350604727864265442e+00
1.546053302939981222e+00
1.523269042838364840e+00
1.259695751126855612e+00
1.340414696373045444e+00
1.388657426927238703e+00
1.661723344121128321e+00
1.463084773626178503e+00
1.409055514726787806e+00
1.617146296892315149e+00
1.381977238226681948e+00
1.483467661309987307e+00
1.839347484055906534e+00
1.932959237135946751e+00
1.465421367436647415e+00
1.286637996323406696e+00
1.384795892983675003e+00
1.520156808197498322e+00
1.379929457325488329e+00
1.352080940268933773e+00
1.241508106235414743e+00
1.344134999904781580e+00
1.717625296209007502e+00
1.614708673208951950e+00
1.999625682830810547e+00
1.961532293818891048e+00
1.800028543919324875e+00
1.649215547833591700e+00
1.643488689325749874e+00
1.744900512043386698e+00
1.564841326791793108e+00
1.921941492706537247e+00
1.501921774819493294e+00
1.448786706663668156e+00
1.479891907423734665e+00
1.577356703113764524e+00
1.681767170317471027e+00
1.358059688005596399e+00
1.540920277126133442e+00
1.558492587879300117e+00
1.361801164224743843e+00
1.580574878957122564e+00
1.321153949014842510e+00
1.295851557981222868e+00
1.369909092783927917e+00
1.277333723846822977e+00
1.236233350355178118e+00
1.210431845393031836e+00
1.211199417244642973e+00
1.389606739860028028e+00
1.322355950716882944e+00
1.221303411293774843e+00
1.311366388108581305e+00
1.293137982953339815e+00
1.336650131270289421e+00
1.606914672069251537e+00
1.469277592841535807e+00
1.651111410930752754e+00
1.614801141899079084e+00
1.600123564247041941e+00
1.278987245168536901e+00
1.287030406296253204e+00
1.412465640343725681e+00
1.322674271184951067e+00
1.633490977808833122e+00
1.371548024937510490e+00
1.390482251066714525e+00
1.485825845040380955e+00
1.241916377097368240e+00
1.215772362891584635e+00
1.212487589102238417e+00
1.400157332886010408e+00
1.695061227306723595e+00
1.593773234169930220e+00
1.455511585809290409e+00
1.505624290090054274e+00
1.341715887188911438e+00
1.396750130224972963e+00
1.423527422826737165e+00
1.422643161844462156e+00
2.047417155932635069e+00
1.801850317046046257e+00
1.879308666102588177e+00
1.808736686129122972e+00
1.852163560688495636e+00
1.944289382081478834e+00
2.148840256966650486e+00
1.950324770063161850e+00
1.946263423655182123e+00
2.070951045956462622e+00
1.950929821003228426e+00
2.019844729918986559e+00
2.267009581904858351e+00
1.884965314064174891e+00
1.473993990104645491e+00
1.272218836005777121e+00
1.243614570237696171e+00
1.402750826906412840e+00
1.488089326769113541e+00
1.318805846851319075e+00
1.391139269806444645e+00
1.430286752991378307e+00
1.505597331095486879e+00
1.427498057950288057e+00
1.465399588923901320e+00
1.318779805675148964e+00
1.671479616314172745e+00
1.864383806940168142e+00
1.470905085094273090e+00
1.523576734587550163e+00
1.365204477217048407e+00
1.403744758106768131e+00
1.407576121855527163e+00
1.375461682211607695e+00
1.607500783167779446e+00
1.431761294137686491e+00
1.419441918842494488e+00
1.320161617826670408e+00
1.167505010962486267e+00
1.363910946063697338e+00
1.194200064055621624e+00
1.277020254172384739e+00
1.376224892213940620e+00
1.301688814070075750e+00
1.517491486854851246e+00
1.603582767304033041e+00
1.569464903790503740e+00
1.553419393952935934e+00
1.561691022012382746e+00
1.698475251439958811e+00
2.057824688963592052e+00
1.754805814940482378e+00
1.673997089266777039e+00
1.760087563190609217e+00
1.719315777998417616e+00
1.692211773712188005e+00
1.410589186009019613e+00
1.490121961105614901e+00
1.588663837872445583e+00
1.746453303843736649e+00
2.036051630973815918e+00
1.849676928948611021e+00
1.436317089945077896e+00
1.558938509784638882e+00
1.602936787996441126e+00
1.636567099951207638e+00
1.517228956334292889e+00
1.457689898088574409e+00
1.560534551739692688e+00
1.675390471238642931e+00
1.521395971998572350e+00
1.710070355795323849e+00
1.668084871955215931e+00
2.060610001906752586e+00
1.531523445155471563e+00
1.649214197881519794e+00
1.694509816356003284e+00
1.617183836176991463e+00
1.558838118799030781e+00
2.200576946139335632e+00
2.183005821891129017e+00
1.700357564259320498e+00
1.548483105842024088e+00
1.501003045123070478e+00
1.648744616191834211e+00
1.534612177871167660e+00
1.629858111962676048e+00
1.578756935894489288e+00
1.434136156924068928e+00
1.793264544568955898e+00
1.772679296787828207e+00
1.440326715819537640e+00
1.450167048722505569e+00
1.440128344111144543e+00
1.428219180088490248e+00
1.475679080002009869e+00
1.776832294184714556e+00
1.743024809285998344e+00
1.638142372947186232e+00
1.673212698195129633e+00
1.488053318113088608e+00
1.492191514000296593e+00
1.422382250893861055e+00
1.539133084937930107e+00
1.995655097998678684e+00
1.502575886901468039e+00
1.427571128122508526e+00
1.614011222030967474e+00
1.615978315006941557e+00
1.770302874967455864e+00
1.457601778209209442e+00
1.586261085234582424e+00
1.886777447070926428e+00
1.943269660230726004e+00
1.968138813972473145e+00
1.644805260933935642e+00
2.309285636059939861e+00
2.642661991994827986e+00
1.688211667817085981e+00
1.665445309132337570e+00
1.509714354760944843e+00
1.608819895889610052e+00
1.693350433837622404e+00
1.622568282764405012e+00
1.614763272926211357e+00
1.751506689935922623e+00
1.769052973017096519e+00
1.281381627079099417e+00
1.696416459046304226e+00
1.566108108963817358e+00
1.476375882048159838e+00
1.396881369873881340e+00
1.780405037105083466e+00
1.578186715021729469e+00
1.694655315950512886e+00
1.638136233668774366e+00
1.751415130216628313e+00
1.733294806908816099e+00
1.528815600089728832e+00
1.499460882041603327e+00
1.364017365965992212e+00
1.640780487097799778e+00
1.611594449263066053e+00
1.684554343111813068e+00
1.729250121861696243e+00
1.802314055617898703e+00
1.587310047354549170e+00
1.350191486999392509e+00
1.468939092941582203e+00
1.696995279286056757e+00
1.588865350000560284e+00
1.359164230059832335e+00
1.950605958700180054e+00
1.838328813668340445e+00
2.376290673855692148e+00
1.646265773102641106e+00
1.839168325066566467e+00
1.539168613031506538e+00
1.364781847223639488e+00
1.275525360833853483e+00
1.456852606963366270e+00
1.380407677032053471e+00
1.442621966823935509e+00
1.372317117173224688e+00
1.333611696958541870e+00
1.390260588843375444e+00
1.320251649245619774e+00
1.568369162734597921e+00
1.523892153054475784e+00
1.531475725118070841e+00
1.810622907243669033e+00
1.520920970942825079e+00
1.542647898197174072e+00
1.556010786909610033e+00
1.548743616323918104e+00
1.599303193390369415e+00
1.424412445165216923e+00
1.494181914720684290e+00
1.468912233132869005e+00
1.326537536922842264e+00
1.419541919138282537e+00
1.378317635040730238e+00
1.577599863056093454e+00
1.291805262211710215e+00
1.219794418197125196e+00
1.274813820142298937e+00
1.357371277641505003e+00
1.370649624150246382e+00
1.353055371902883053e+00
1.553015333134680986e+00
1.321634559892117977e+00
1.351737711112946272e+00
1.338462292216718197e+00
1.306808872148394585e+00
1.486071904655545950e+00
1.426322347018867731e+00
1.552750021684914827e+00
1.967912422027438879e+00
1.341921867802739143e+00
1.288485927972942591e+00
1.208410893101245165e+00
1.252557121217250824e+00
1.194835666101425886e+00
1.258729667868465185e+00
1.162456904072314501e+00
1.263165874872356653e+00
1.355266225058585405e+00
1.376291512046009302e+00
1.466502499300986528e+00
1.455096254590898752e+00
1.291952203027904034e+00
1.435853098984807730e+00
1.342931529041379690e+00
1.379182894714176655e+00
1.400511553045362234e+00
1.339431253727525473e+00
1.367898999713361263e+00
1.399555342271924019e+00
1.459061388857662678e+00
1.425779306795448065e+00
1.334343427326530218e+00
1.507918951567262411e+00
1.316230834927409887e+00
1.372730606235563755e+00
1.219757159240543842e+00
1.211889298167079687e+00
1.392119790893048048e+00
1.303008095826953650e+00
1.357344768010079861e+00
1.382237548939883709e+00
1.420367660000920296e+00
1.338712472934275866e+00
1.298379960004240274e+00
1.261179383378475904e+00
1.376607741694897413e+00
1.469202172942459583e+00
1.344564251136034727e+00
1.473950619343668222e+00
1.276259271893650293e+00
1.353682821616530418e+00
1.337223561946302652e+00
1.191047511063516140e+00
1.385385402943938971e+00
1.221126070246100426e+00
1.329695932101458311e+00
1.388638927135616541e+00
1.251222198829054832e+00
1.304160738829523325e+00
