9.353276598453522439e+00
9.315109807252884622e+00
9.269534969329834340e+00
9.254074537754059193e+00
9.306700861454009654e+00
9.321108984947205300e+00
9.301746773719788308e+00
9.315192306041717885e+00
9.343950319290161843e+00
9.312511259317398427e+00
9.362967020273208263e+00
9.317719757556915283e+00
9.293419808149337769e+00
9.294494402408599143e+00
9.272368264198302512e+00
9.289090758562087657e+00
9.276952320337295887e+00
9.272114199399947410e+00
9.263582152128218894e+00
9.282658976316451316e+00
9.268016850948333385e+00
9.277160924673079734e+00
9.255760538578034158e+00
9.283185493946074729e+00
9.262656819820403342e+00
9.263565778732299805e+00
9.270046651363372803e+00
9.298460358381271718e+00
9.288291108608245139e+00
9.278711605072022195e+00
9.255119973421097157e+00
9.250656986236572621e+00
9.303157472610473988e+00
9.252304166555404663e+00
9.252141284942627664e+00
9.261860305070877430e+00
9.268041473627089744e+00
9.275517374277114868e+00
9.284715414047241211e+00
9.277669334411621449e+00
9.271507710218429565e+00
9.284330821037292125e+00
9.256389218568802590e+00
9.234582203626633401e+00
9.237649184465407615e+00
9.260014963150023704e+00
9.256117570400238748e+00
9.269517064094543457e+00
9.291591596603392844e+00
9.292024767398833873e+00
9.298522812128066306e+00
9.273027443885803578e+00
9.283981454372405295e+00
9.283567082881926780e+00
9.285475617647170665e+00
9.295898824930191040e+00
9.266030198335647228e+00
9.263698935508728027e+00
9.267288130521773581e+00
9.281983840465546365e+00
9.256611168384552002e+00
9.283772432804108021e+00
9.245475012063980813e+00
9.249564898014067893e+00
9.258520591259003396e+00
9.272887796163558960e+00
9.263313710689544678e+00
9.263119685649872537e+00
9.277479624748229625e+00
9.284931290149689431e+00
9.286604040861130116e+00
9.283154207468033547e+00
9.277852916717529652e+00
9.277692347764968872e+00
9.278828805685042980e+00
9.256743669509887695e+00
9.263700801134110208e+00
9.274284017086028342e+00
9.261987727880477195e+00
9.254947978258133645e+00
9.252816337347031350e+00
9.242220264673232322e+00
9.251184135675430298e+00
9.246720963716507313e+00
9.268357282876968029e+00
9.268011957406997681e+00
9.276022928953171487e+00
9.264543920755386353e+00
9.247798067331313376e+00
9.262459623813629861e+00
9.282833600044250844e+00
9.264435905218125100e+00
9.260504350066184998e+00
9.260153818130493875e+00
9.258845824003220315e+00
9.175335943698883057e+00
9.229307866096496227e+00
9.288445657491683605e+00
9.275899654626845958e+00
9.268880099058151245e+00
9.266924881935119984e+00
9.257513719797135110e+00
9.259130901098250988e+00
9.249362963438034768e+00
9.268999814987182617e+00
9.283549171686171775e+00
9.283184456825257058e+00
9.279054933786392567e+00
9.269750130176543479e+00
9.266492825746535544e+00
9.278113138675688987e+00
9.276176768541336770e+00
9.273346608877181652e+00
9.282143336534499412e+00
9.284373158216476796e+00
9.277457231283188221e+00
9.272111088037490845e+00
9.274160188436507468e+00
9.256836891174316406e+00
9.249954947829246876e+00
9.238490438461303356e+00
9.231396323442458751e+00
9.247813683748244529e+00
9.232384353876113892e+00
9.249706655740737915e+00
9.245391929149628041e+00
9.264603197574615479e+00
9.268472546339035389e+00
9.254552066326141357e+00
9.262833732366562600e+00
9.249071609973906760e+00
9.244474554061890004e+00
9.253021478652954102e+00
9.248182862997055054e+00
9.268552064895629883e+00
9.243344616889952903e+00
9.273060333728789573e+00
9.253200441598892212e+00
9.289587020874023438e+00
9.260444784164429066e+00
9.258998173475266213e+00
9.273139262199402211e+00
9.275237721204756980e+00
9.248026418685913796e+00
9.265805977582932229e+00
9.229007554054259543e+00
9.227749764919281006e+00
9.234004366397858377e+00
9.238229608535766246e+00
9.237213414907454734e+00
9.265165418386459351e+00
9.262869107723236795e+00
9.251235288381575828e+00
9.242309099435805919e+00
9.237647426128386741e+00
9.241829341650008800e+00
9.236474055051804299e+00
9.269944763183593395e+00
9.271946769952773337e+00
9.274873399734497426e+00
9.275983923673630116e+00
9.277014195919036865e+00
9.278635054826736450e+00
9.284060639142989402e+00
9.278514766693115590e+00
9.278894585371016746e+00
9.272113156318663840e+00
9.275700849294661765e+00
9.287648534774779918e+00
9.289814019203186390e+00
9.285940349102020264e+00
9.300695717334747314e+00
9.277995187044144387e+00
9.297733294963837380e+00
9.285532844066619163e+00
9.271787995100021718e+00
9.286012637615204568e+00
9.299971556663512828e+00
9.274688047170638328e+00
9.263446480035781860e+00
9.263345491886138205e+00
9.243323004245757701e+00
9.256736057996750588e+00
9.247289258241654153e+00
9.244018614292144775e+00
9.242627108097076771e+00
9.243017244338989968e+00
9.259289395809172873e+00
9.264813452959060669e+00
9.266280764341354725e+00
9.267623871564865112e+00
9.286193180084229226e+00
9.272929579019546509e+00
9.282473087310791016e+00
9.262888199090957286e+00
9.269636863470077870e+00
9.251973456144332530e+00
9.260374850034713390e+00
9.246709519624710438e+00
9.251553255319596047e+00
9.242320364713668468e+00
9.235081630945206399e+00
9.242288088798522594e+00
9.284922599792480469e+00
9.259537798166274314e+00
9.286563110351561789e+00
9.259294992685317638e+00
9.274918401241302846e+00
9.262955081462859397e+00
9.274321103096008656e+00
9.268654847145080922e+00
9.259265267848968861e+00
9.258076733350753429e+00
9.264776104688644764e+00
9.255064201354979758e+00
9.272708821296692605e+00
9.283682167530059814e+00
9.314160007238388772e+00
9.300101965665817261e+00
9.284490561485290172e+00
9.282394552230835316e+00
9.248533290624617820e+00
9.222991371154785512e+00
9.199553835391999002e+00
9.179006832838059182e+00
9.203392821550369973e+00
9.209327900409698842e+00
9.221774995326995850e+00
9.229359501600265858e+00
9.240162628889084573e+00
9.246293807029724476e+00
9.254277443885802867e+00
9.245766407251357677e+00
9.251156634092330577e+00
9.264068937301635387e+00
9.295910882949829812e+00
9.291096091270446777e+00
9.293774664402008057e+00
9.301001536846161599e+00
9.275538027286529541e+00
9.299738675355911255e+00
9.278035885095595958e+00
9.279177093505859730e+00
9.294362777471542714e+00
9.289317637681961060e+00
9.279671496152877452e+00
9.268770635128021240e+00
9.259480273723601940e+00
9.263061904907226918e+00
9.255807840824127553e+00
9.258071744441986439e+00
9.261902987957000732e+00
9.277020549774169567e+00
9.281762737035752053e+00
9.279338616132736917e+00
9.280359280109404807e+00
9.280482369661331887e+00
9.281950998306275125e+00
9.277220666408538818e+00
9.281861835718155262e+00
9.292704021930694225e+00
9.294445782899856567e+00
9.277541428804397583e+00
9.286356264352798817e+00
9.292352092266082053e+00
9.292534160614014382e+00
9.291441616415976767e+00
9.283298474550246482e+00
9.289817023277283425e+00
9.265134340524673107e+00
9.291333472728728893e+00
9.262306898832321167e+00
9.258530074357986805e+00
9.263343924283981679e+00
9.273539596796036122e+00
9.281400835514068248e+00
9.282902354001999257e+00
9.297162568569182994e+00
9.302914345264435170e+00
9.272885870933532004e+00
9.291893637180328014e+00
9.287824708223343606e+00
9.295356583595275168e+00
9.287260860204696655e+00
9.302782267332077026e+00
9.277206802368164418e+00
9.270939594507217052e+00
9.236508095264435170e+00
9.262824881076813455e+00
9.276495075225829723e+00
9.284362328052520041e+00
9.286025303602219338e+00
9.263341206312180276e+00
9.280439907312393544e+00
9.275041848421096802e+00
9.291936439275740867e+00
9.272322583198548074e+00
9.272378289699554799e+00
9.266462457180022483e+00
9.273931020498276112e+00
9.271757209300995228e+00
9.264078521728515980e+00
9.269955644011497853e+00
9.271957862377167459e+00
9.272444200515746360e+00
9.271725070476531272e+00
9.289538347721100209e+00
9.279805397987365367e+00
9.292077928781509399e+00
9.280326730012893321e+00
9.281488740444183705e+00
9.277431941032409313e+00
9.277349561452865601e+00
9.280970275402069092e+00
9.278875565528869274e+00
9.278286677598952537e+00
9.276619231700896862e+00
9.276797378063202260e+00
9.275158679485320690e+00
9.274817216396332498e+00
9.271605777740479226e+00
9.266339665651321056e+00
9.271946322917937522e+00
9.268068063259125466e+00
9.282268255949020386e+00
9.280876249074935913e+00
9.275353533029555564e+00
9.260618829727173207e+00
9.281276464462280273e+00
9.268628340959548240e+00
9.283922326564788108e+00
9.264297389984131215e+00
9.278240764141083119e+00
9.276749241352082009e+00
9.273799258470535989e+00
9.273587876558304188e+00
9.275140881538391113e+00
9.283973002433777211e+00
9.285461312532424571e+00
9.291862499713896995e+00
9.274384778738021140e+00
9.266641294956206920e+00
9.264342647790908103e+00
9.284333389997481589e+00
9.247044688463210704e+00
9.250619661808013205e+00
9.252551490068436024e+00
9.239700639247894642e+00
9.251869797706604004e+00
9.257009989023208263e+00
9.281063061952590232e+00
9.243883901834488270e+00
9.238541102409362438e+00
9.241044402122497559e+00
9.279429292678832653e+00
9.280349320173263195e+00
9.290223854780197854e+00
9.276936641335487010e+00
9.273334169387817738e+00
9.267594522237777355e+00
9.267364132404328103e+00
9.267263501882553101e+00
9.267363071441650391e+00
9.253815627098083141e+00
9.250191128253936412e+00
9.221109569072723389e+00
9.258290272951125388e+00
9.265481948852539062e+00
9.258856356143951416e+00
9.273388898372649791e+00
9.275754362344741821e+00
9.271056592464447021e+00
9.268599581718444114e+00
9.274025249481201882e+00
9.269320267438889260e+00
9.264780139923095348e+00
9.263356363773345592e+00
9.257922136783600209e+00
9.266306406259536388e+00
9.273051583766937611e+00
9.280372196435928700e+00
9.286082792282105203e+00
9.247642791271209362e+00
9.249269759654998424e+00
9.256469857692717795e+00
9.267328113317489624e+00
9.272095215320586448e+00
9.282472938299179077e+00
9.273811268806458230e+00
9.264738625288009288e+00
9.269322717189789174e+00
9.250226622819900157e+00
9.263054698705673218e+00
9.272001188993453269e+00
9.236329382658004405e+00
9.247728615999221802e+00
9.241381067037583108e+00
9.256449580192565918e+00
9.259708040952682850e+00
9.273275858163833263e+00
9.270322901010512595e+00
9.274983763694763184e+00
9.245425027608870749e+00
9.207869154214858298e+00
9.219175308942794800e+00
9.265348738431930187e+00
9.259081244468688965e+00
9.254330402612685802e+00
9.257886648178100586e+00
9.255506622791290994e+00
9.252522838115691428e+00
9.247598350048065186e+00
9.247645890712737682e+00
9.272059881687164662e+00
9.280014199018477683e+00
9.288066637516021018e+00
9.299261671304702048e+00
9.294573968648910167e+00
9.290501528978348134e+00
9.281149888038635609e+00
9.267993223667144065e+00
9.256488347053528187e+00
9.252379602193832042e+00
9.260131156444549205e+00
9.254632139205932972e+00
9.263506579399109597e+00
9.262789702415465953e+00
9.261412006616591697e+00
9.250837212800979259e+00
9.259816026687621715e+00
9.256906729936599021e+00
9.261393147706986184e+00
9.267701065540313365e+00
9.267842030525207164e+00
9.258456957340239768e+00
9.262470257282256370e+00
9.262500679492950084e+00
9.260086861252784018e+00
9.258029651641844993e+00
9.264406514167784934e+00
9.264875078201294301e+00
9.266215753555297141e+00
9.258931636810302734e+00
9.265402406454086304e+00
9.262504094839096425e+00
9.256197595596313832e+00
9.269782853126525168e+00
9.280297833681107278e+00
9.266468310356140492e+00
9.265835446119307761e+00
9.247060233354568837e+00
9.260847544670104625e+00
9.263831841945648904e+00
9.242285436391830089e+00
9.256943434476852417e+00
9.267128938436508534e+00
9.264706403017044067e+00
9.272521281242370961e+00
9.266370630264281871e+00
9.281109541654586792e+00
9.287520557641983032e+00
9.270488959550856833e+00
9.260761219263077493e+00
9.267021363973617198e+00
9.276549839973450062e+00
9.290410041809082031e+00
9.283150225877761841e+00
9.254249960184097290e+00
9.255206936597824452e+00
9.265633320808410289e+00
9.276255702972411754e+00
9.285383391380310769e+00
9.294069766998291016e+00
9.294901978969573264e+00
9.302196270227431896e+00
9.296863245964051004e+00
9.289657431840897317e+00
9.278642463684082742e+00
9.262796640396118164e+00
9.249051070213317516e+00
9.254289877414702659e+00
9.267983895540236716e+00
9.292389523983000998e+00
9.308137392997741344e+00
9.264553737640380149e+00
9.260102945566178079e+00
9.278393220901488547e+00
9.289151674509048107e+00
9.263430726528167014e+00
9.254633271694183705e+00
9.252488160133362172e+00
9.253908312320708873e+00
9.254479569196700339e+00
9.263604241609574075e+00
9.268979805707932229e+00
9.267316240072251077e+00
9.264574646949768066e+00
9.261820679903030040e+00
9.265899896621704102e+00
9.269894367456435802e+00
9.265521711111068370e+00
9.269932636618614552e+00
9.261765253543853049e+00
9.250100666284561512e+00
9.243879425525665994e+00
9.250799775123596191e+00
9.255258786678314920e+00
9.257614880800247192e+00
9.254093503952026012e+00
9.258074277639389393e+00
9.262402081489563344e+00
9.258714699745178578e+00
9.253025567531585338e+00
9.250970894098282216e+00
9.251694959402083640e+00
9.256085109710692649e+00
9.247811323404311779e+00
9.234116828441619518e+00
9.245189934968948364e+00
9.264567154645920510e+00
9.263647824525833130e+00
9.254784905910492299e+00
9.245672911405563354e+00
9.246607768535614724e+00
9.255418658256530762e+00
9.252904528379440663e+00
9.248948717117309926e+00
9.253771531581879373e+00
9.243603390455245261e+00
9.240528702735900879e+00
9.244579792022705078e+00
9.248862391710281017e+00
9.270452761650085804e+00
9.283423924446106312e+00
9.293294173479079490e+00
9.282479929924011941e+00
9.264609581232070568e+00
9.285835820436478372e+00
9.280330437421799417e+00
9.262553429603576305e+00
9.250474536418915150e+00
9.260824978351593018e+00
9.262631261348724721e+00
9.274424916505813243e+00
9.279861986637115479e+00
9.274394136667250876e+00
9.272756350040435080e+00
9.270970737934112194e+00
9.271478039026259665e+00
9.265058290958403830e+00
9.260432386398315785e+00
9.262825697660446167e+00
9.262245804071426392e+00
9.254595410823821311e+00
9.253130817413330433e+00
9.245157974958420510e+00
9.252839392423629405e+00
9.270149898529052024e+00
9.258472704887390492e+00
9.224051421880721691e+00
9.224613797664641623e+00
9.238444560766220448e+00
9.247532820701598766e+00
9.263782835006713512e+00
9.259401524066925404e+00
9.265168774127960916e+00
9.243323338031768088e+00
9.226754677295684104e+00
9.218208491802215576e+00
9.227974650263785605e+00
9.240691268444061635e+00
9.243207055330277200e+00
9.247475850582123513e+00
9.247384929656982777e+00
9.250139284133911843e+00
9.242325246334075928e+00
9.238181400299072976e+00
9.238601267337799072e+00
9.230684930086136220e+00
9.238377487659453990e+00
9.253561007976532693e+00
9.262925434112549539e+00
9.255317914485932107e+00
9.250994217395781760e+00
9.240498417615890858e+00
9.241202533245086670e+00
9.238864886760712380e+00
9.242407566308974864e+00
9.210148453712463379e+00
9.226096975803375955e+00
9.221718144416808371e+00
9.225965726375580545e+00
9.232276701927185414e+00
9.250553900003433583e+00
9.248420113325119374e+00
9.245943045616149547e+00
9.245366597175598500e+00
9.230793184041976573e+00
9.230259358882904053e+00
9.220839822292328236e+00
9.224300193786621804e+00
9.235174381732941029e+00
9.214714974164962769e+00
9.214479821920395608e+00
9.224806290864943747e+00
9.212087249755859020e+00
9.227362078428267722e+00
9.226731288433075662e+00
9.218971329927445169e+00
9.221963775157927756e+00
9.238334375619889016e+00
9.241929829120635986e+00
9.237929421663285012e+00
9.231432616710662842e+00
9.224944895505904796e+00
9.217680567502975819e+00
9.210399317741394754e+00
9.205346441268920543e+00
9.189327961206435802e+00
9.196046268939971569e+00
9.226011490821838024e+00
9.229467082023621316e+00
9.235052317380905151e+00
9.242195963859558105e+00
9.240941888093948009e+00
9.243112331628799083e+00
9.252206474542617798e+00
9.250195688009261730e+00
9.239827108383178000e+00
9.229386639595031028e+00
9.228104203939437866e+00
9.227127933502197621e+00
9.223864066600800271e+00
9.223057192564009910e+00
9.223897439241408591e+00
9.231563961505889537e+00
9.223477584123610740e+00
9.227980649471282604e+00
9.226147979497909546e+00
9.229067331552505138e+00
9.237197583913802745e+00
9.235133427381516213e+00
9.212017136812210794e+00
9.211771500110625510e+00
9.213168865442275646e+00
9.216842293739318848e+00
9.232354336977005360e+00
9.233483988046646829e+00
9.231707143783570046e+00
9.225340974330901389e+00
9.224280506372451782e+00
9.232826280593872781e+00
9.226228785514830832e+00
9.226593470573424938e+00
9.232463157176971080e+00
9.231356382369995117e+00
9.223077559471130726e+00
9.219849485158920999e+00
9.221291297674179432e+00
9.215255618095397949e+00
9.224207431077957153e+00
9.227914351224900003e+00
9.221883606910704856e+00
9.222352558374405262e+00
9.212694734334945679e+00
9.195057511329650879e+00
9.210156649351119995e+00
9.227170920372008922e+00
9.231174314022064564e+00
9.234213399887085671e+00
9.234473109245300293e+00
9.234474277496337535e+00
9.228579545021057484e+00
9.230543994903564808e+00
9.219601434469222312e+00
9.211760348081588390e+00
9.214040774106980081e+00
9.204461795091628318e+00
9.204240512847899680e+00
9.202113640308379416e+00
9.188992047309875844e+00
9.192990583181380515e+00
9.189993464946747181e+00
9.188068109750748391e+00
9.202791506052017567e+00
9.207266861200332997e+00
9.208636403083801270e+00
9.204469090700149181e+00
9.176949977874755859e+00
9.180143594741821289e+00
9.203150469064713235e+00
9.204257696866989136e+00
9.200381487607955933e+00
9.195028895139694569e+00
9.205350077152251842e+00
9.208985501527786610e+00
9.231597691774368286e+00
9.223092085123061779e+00
9.236412370204925892e+00
9.231649345159530284e+00
9.221690821647644754e+00
9.219126150012016296e+00
9.210205608606338856e+00
9.200737839937209728e+00
9.192095273733139393e+00
9.193091344833373313e+00
9.171378129720688221e+00
9.180638521909713745e+00
9.173305207490921376e+00
9.172357976436614990e+00
9.167083513736724143e+00
9.166536122560501099e+00
9.169902086257934570e+00
9.167173230648041127e+00
9.170228070020675304e+00
9.182638692855835671e+00
9.194164037704467773e+00
9.223897200822829490e+00
9.225992512702941184e+00
9.212489604949951172e+00
9.209474623203277588e+00
9.223203319311142678e+00
9.218220943212509511e+00
9.218404692411422019e+00
9.221489953994751687e+00
9.206763941049576516e+00
9.205857586860656028e+00
9.209090930223464255e+00
9.208117818832397106e+00
9.206464439630508423e+00
9.186763352155685070e+00
9.180505651235581155e+00
9.187433749437332153e+00
9.191324323415756226e+00
9.185896635055541992e+00
9.198182153701782937e+00
9.201719665527344105e+00
9.206039291620253806e+00
9.207043349742889404e+00
9.203373122215271707e+00
9.202869832515716553e+00
9.196209675073623302e+00
9.193332469463348033e+00
9.186529451608658192e+00
9.181011712551116588e+00
9.179978936910629272e+00
9.188388949632644298e+00
9.181249606609345193e+00
9.173038566112518666e+00
9.176159554719925282e+00
9.180095756053924916e+00
9.178809481859207864e+00
9.179535782337188365e+00
9.173779106140136363e+00
9.184413099288940785e+00
9.196660006046295521e+00
9.195338708162307029e+00
9.183669930696487071e+00
9.187342971563339233e+00
9.176747447252273204e+00
9.167644357681274059e+00
9.175116604566573741e+00
9.172237557172774558e+00
9.201313364505768533e+00
9.233891427516937256e+00
9.225139486789704080e+00
9.215264374017715809e+00
9.221102058887481689e+00
9.220730483531951904e+00
9.208622145652771707e+00
9.229247552156447654e+00
9.220487141609192250e+00
9.213260245323180442e+00
9.210487502813339944e+00
9.189985501766205545e+00
9.178568965196609142e+00
9.161405515670775657e+00
9.162604326009750721e+00
9.165314006805420632e+00
9.161744880676270242e+00
9.173382461071014404e+00
9.181302857398986106e+00
9.196910381317138672e+00
9.198528391122817283e+00
9.184578824043274636e+00
9.181868922710417991e+00
9.177632898092269897e+00
9.174761241674422863e+00
9.170026934146880748e+00
9.178378373384475708e+00
9.166679191589356179e+00
9.177085697650909424e+00
9.176365113258361461e+00
9.209763735532760620e+00
9.231686210632323863e+00
9.211383616924285533e+00
9.211225104331969504e+00
9.195945674180984852e+00
9.179268503189087269e+00
9.181713509559632058e+00
9.176087975502014160e+00
9.163857817649841309e+00
9.165768653154373169e+00
9.175117391347885842e+00
9.176392453908920999e+00
9.165853488445282693e+00
9.166264820098877664e+00
9.167517411708832498e+00
9.179204094409943337e+00
9.190435624122619274e+00
9.167762500047683005e+00
9.163732466101645713e+00
9.175989609956740622e+00
9.179147768020630593e+00
9.163454377651214955e+00
9.165561652183532360e+00
9.165983033180236106e+00
9.166906237602233887e+00
9.167295396327972412e+00
9.175228458642958884e+00
9.171682029962539673e+00
9.171303820610045676e+00
9.169713169336318970e+00
9.163555681705474854e+00
9.162486290931701305e+00
9.167754822969437001e+00
9.175677269697189331e+00
9.178889250755309703e+00
9.169978052377700806e+00
9.176483315229415183e+00
9.190362924337387440e+00
9.174776279926300404e+00
9.161009860038756614e+00
9.180904209613800049e+00
9.180080920457839966e+00
9.168502151966094971e+00
9.171485739946366067e+00
9.168607705831528065e+00
9.166012215614319558e+00
9.159750461578369141e+00
9.156313842535018566e+00
9.156915795803069358e+00
9.151882719993590598e+00
9.216533416509628651e+00
9.250508463382720592e+00
9.225449478626250865e+00
9.222089600563048606e+00
9.237435740232466941e+00
9.235243082046508789e+00
9.237188500165938621e+00
9.265382838249205832e+00
9.275995278358459828e+00
9.264359742403030396e+00
9.266521209478378651e+00
9.275331008434296365e+00
9.261768954992295022e+00
9.261266762018204091e+00
9.261426085233688710e+00
9.265715777873992920e+00
9.267486834526062367e+00
9.262944197654723766e+00
9.264249670505524392e+00
9.263964599370956066e+00
9.262108343839646096e+00
9.256360292434692383e+00
9.255295175313950296e+00
9.253237259387969260e+00
9.259605640172958729e+00
9.260768407583237050e+00
9.258082050085068460e+00
9.260688441991806741e+00
9.257994562387466431e+00
9.252935153245925193e+00
9.247106701135635376e+00
9.246844089031219127e+00
9.246472471952438710e+00
9.244822233915328979e+00
9.242943358421324973e+00
9.247325682640076039e+00
9.260446512699127553e+00
9.255892258882521872e+00
9.260230499505997415e+00
9.257784175872803445e+00
9.253090214729308371e+00
9.246900105476379750e+00
9.248426616191864014e+00
9.244668972492217307e+00
9.240776765346527810e+00
9.238671863079071400e+00
9.233122384548186901e+00
9.232055848836898448e+00
9.233453077077864890e+00
9.229417884349823353e+00
9.227509254217148182e+00
9.229057961702347157e+00
9.231630486249922996e+00
9.256447112560271862e+00
9.275790309906005504e+00
9.274674397706984763e+00
9.263718307018280029e+00
9.250084793567657115e+00
9.254081124067306874e+00
9.263465809822083230e+00
9.252228403091431019e+00
9.242813634872437234e+00
9.239633190631867166e+00
9.242697530984878895e+00
9.233783453702926636e+00
9.242163008451461437e+00
9.240529412031174061e+00
9.234889066219329479e+00
9.230257844924926403e+00
9.233077073097229359e+00
9.230316835641861672e+00
9.228048568964004161e+00
9.224236601591110585e+00
9.228082281351088767e+00
9.223002347350121255e+00
9.217283129692077637e+00
9.218252682685852406e+00
9.214011871814728138e+00
9.212466323375702260e+00
9.223857218027115223e+00
9.216241657733917236e+00
9.216663074493407493e+00
9.218556451797486062e+00
9.214599734544753673e+00
9.213178730010985973e+00
9.211424112319946289e+00
9.214624154567719216e+00
9.219572550058364513e+00
9.218700993061066384e+00
9.224389201402663829e+00
9.234561085700988770e+00
9.225255316495895030e+00
9.231674683094023948e+00
9.227173238992691040e+00
9.228400939702988026e+00
9.228760409355164285e+00
9.229672467708587291e+00
9.228838241100310924e+00
9.229465544223785400e+00
9.229262018203735707e+00
9.229360383749007468e+00
9.225706958770752308e+00
9.229644131660460715e+00
9.227761840820312145e+00
9.223504811525344849e+00
9.223074197769165039e+00
9.224346983432770486e+00
9.222749847173691506e+00
9.223065364360810037e+00
9.226360380649566650e+00
9.224632054567337036e+00
9.219492882490158081e+00
9.220611298084259388e+00
9.238569825887680054e+00
9.226722276210784557e+00
9.225078356266021018e+00
9.225056004524230246e+00
9.229282605648041482e+00
9.233672988414763694e+00
9.221520745754242299e+00
9.223040431737899780e+00
9.225115710496902821e+00
9.218687450885772350e+00
9.225288510322570801e+00
9.222640490531921031e+00
9.218381625413893943e+00
9.225968635082244518e+00
9.219414192438126321e+00
9.210813224315643311e+00
9.217325466871262307e+00
9.232239931821823120e+00
9.226428878307341819e+00
9.225563502311706188e+00
9.205911695957183838e+00
9.215324431657791138e+00
9.216930955648422241e+00
9.217471337318420055e+00
9.205923646688461304e+00
9.205508720874785666e+00
9.205948674678802846e+00
9.200053334236145020e+00
9.202885359525680542e+00
9.198763734102248790e+00
9.197790455818175559e+00
9.199960118532180431e+00
9.193431603908539529e+00
9.190065652132034302e+00
9.188548707962036488e+00
9.184960150718689320e+00
9.185426920652389526e+00
9.181232404708861594e+00
9.184253990650177002e+00
9.178932034969330189e+00
9.201300007104872947e+00
9.187972539663315175e+00
9.178104996681213379e+00
9.174956870079039817e+00
9.171976345777512307e+00
9.172039061784744263e+00
9.172125422954559681e+00
9.175868934392928722e+00
9.167732328176498413e+00
9.216211879253387806e+00
9.275223970413208008e+00
9.275868725776671653e+00
9.274297457933425193e+00
9.272577053308486583e+00
9.272940820455550792e+00
9.264225864410400746e+00
9.261917328834533336e+00
9.265443921089172363e+00
9.257365125417710061e+00
9.261270213127136941e+00
9.266229844093322399e+00
9.262260371446609852e+00
9.262280446290969138e+00
9.258462125062942860e+00
9.261176711320876720e+00
9.258176720142364147e+00
9.250966119766236062e+00
9.250954675674439187e+00
9.241740936040878651e+00
9.225347167253493907e+00
9.226885098218918557e+00
9.221704280376433971e+00
9.212341284751891735e+00
9.220786875486373546e+00
9.223841124773025868e+00
9.221730244159697776e+00
9.219493967294692283e+00
9.216642010211945291e+00
9.204265326261520386e+00
9.215295833349227195e+00
9.210737645626068115e+00
9.207088685035705211e+00
9.203405582904816029e+00
9.210282021760940907e+00
9.211553660035132651e+00
9.202381026744841819e+00
9.207416778802871349e+00
9.218204921483993175e+00
9.204862374067307229e+00
9.209052145481109619e+00
9.205813086032867076e+00
9.211084645986556296e+00
9.210946291685104370e+00
9.211637294292449596e+00
9.208887910842895153e+00
9.209477889537811990e+00
9.209462589025497081e+00
9.211472809314727783e+00
9.208068758249282837e+00
9.205916166305541992e+00
9.207854920625687001e+00
9.207734751701355691e+00
9.192835801839828846e+00
9.185899281501770375e+00
9.188319134712219949e+00
9.184854662418365123e+00
9.179580074548720603e+00
9.179374027252197976e+00
9.180420434474944713e+00
9.173362231254577281e+00
9.171048378944396617e+00
9.174763309955597634e+00
9.176148790121079202e+00
9.175560057163238525e+00
9.172921532392502186e+00
9.170006251335143688e+00
9.172157454490662332e+00
9.178042376041412709e+00
9.174276381731033325e+00
9.171355175971985574e+00
9.171133542060852406e+00
9.179575330018996837e+00
9.176349639892578125e+00
9.177097529172897339e+00
9.178853827714920754e+00
9.176825398206711171e+00
9.177227693796158547e+00
9.174225866794586182e+00
9.171607542037964578e+00
9.180557262897490745e+00
9.175341916084288840e+00
9.175078201293946023e+00
9.172706258296965842e+00
9.172048431634902244e+00
9.169207364320755005e+00
9.174110478162765148e+00
9.173253476619720459e+00
9.171133971214294078e+00
9.170608329772949929e+00
9.168627250194550271e+00
9.170999193191528676e+00
9.168723237514495139e+00
9.167687916755676625e+00
9.171139252185820823e+00
9.168882900476456044e+00
9.172126871347426658e+00
9.170000034570694680e+00
9.173441028594970348e+00
9.172401744127274270e+00
9.168750250339508412e+00
9.164953786134720559e+00
9.169638139009474997e+00
9.168704974651337380e+00
9.165622127056121116e+00
9.166045975685118918e+00
9.165849393606185558e+00
9.165375763177872059e+00
9.166701328754424338e+00
9.164359325170517323e+00
9.167172151803971047e+00
9.166870808601379039e+00
9.173168152570724487e+00
9.167244869470597024e+00
9.164311891794204357e+00
9.177859151363373158e+00
9.185567098855973001e+00
9.184270811080931907e+00
9.184724277257918956e+00
9.182195538282394764e+00
9.180213505029678700e+00
9.185417783260344748e+00
9.178040826320648549e+00
9.182966238260268810e+00
9.180031567811965942e+00
9.178339082002640481e+00
9.177851867675780539e+00
9.176758241653441672e+00
9.179305481910706277e+00
9.178871929645538330e+00
9.175112760066985729e+00
9.175205487012863870e+00
9.172096765041350963e+00
9.183946967124938965e+00
9.173610579967498069e+00
9.174709677696228027e+00
9.177847480773925426e+00
9.177003544569014792e+00
9.175908869504928234e+00
9.176358747482300515e+00
9.178952836990356801e+00
9.175537052750588174e+00
9.172533226013182883e+00
9.173331677913665771e+00
9.172431981563567760e+00
9.170589780807494762e+00
9.171738338470458274e+00
9.176720011234284158e+00
9.176629608869552257e+00
9.172166728973389027e+00
9.173696058988571878e+00
9.175222504138947244e+00
9.173725301027298329e+00
9.178397333621978404e+00
9.173914211988449807e+00
9.173934227228164318e+00
9.173422437906264548e+00
9.174266898632049916e+00
9.173958656191825156e+00
9.175396025180816650e+00
9.170771306753158214e+00
9.177190610766411183e+00
9.177850097417831421e+00
9.172218662500380759e+00
9.173349756002426858e+00
9.172231137752532959e+00
9.174556112289428356e+00
9.176651823520661111e+00
9.172928541898727417e+00
9.172996526956557872e+00
9.174190300703049417e+00
9.174513030052185769e+00
9.170112621784209495e+00
9.170516943931579235e+00
9.173178452253342385e+00
9.174201983213425393e+00
9.172771352529526467e+00
9.176342940330505016e+00
9.171690297126769309e+00
9.172279345989228005e+00
9.168745666742324829e+00
9.177155995368957875e+00
9.173327386379241943e+00
9.175403159856795554e+00
9.172897654771805520e+00
9.173700916767121072e+00
9.170647931098937278e+00
9.174306869506835938e+00
9.177972066402436013e+00
9.175246673822403665e+00
9.169835352897644398e+00
9.179216074943543191e+00
9.176570641994477029e+00
9.174669200181961415e+00
9.175994503498078103e+00
