1.272392845153808683e+00
1.188532447814941495e+00
1.060794198513030917e+00
1.052753949165344149e+00
1.006444287300109819e+00
1.005645334720611572e+00
1.015942353010177657e+00
1.020470905303955123e+00
1.041001617908477783e+00
1.113728326559066728e+00
1.156471168994903653e+00
1.037573176622390791e+00
1.014228546619415194e+00
1.041084676980972290e+00
1.019057631492614746e+00
1.043840396404266402e+00
1.048787981271743774e+00
1.026620489358901933e+00
1.020355314016342163e+00
1.014933538436889604e+00
1.068388187885284335e+00
1.011374688148498624e+00
1.028534686565399259e+00
1.042212659120559604e+00
1.019127768278121904e+00
1.008497977256774814e+00
1.006478035449981601e+00
1.081799042224883989e+00
1.012097197771072432e+00
1.032394313812255771e+00
1.039562404155731201e+00
1.062516629695892334e+00
1.205196714401245206e+00
1.133192300796508789e+00
1.045069622993469283e+00
1.024134057760238692e+00
1.001318717002868564e+00
1.011778122186660855e+00
1.074419271945953325e+00
1.027435171604156539e+00
1.040291887521743730e+00
1.042897260189056485e+00
1.151749658584594771e+00
1.133524709939956576e+00
1.038720244169235141e+00
1.030315172672271684e+00
1.071755057573318570e+00
1.081679135560989380e+00
1.057249999046325772e+00
1.094261491298675448e+00
1.086910629272460849e+00
1.037059849500656217e+00
1.001423829793929965e+00
1.025826030969619662e+00
1.009839612245559737e+00
1.027815973758697599e+00
1.035523271560669034e+00
1.035146546363830522e+00
1.048304259777069092e+00
1.125715976953506559e+00
1.010413634777069136e+00
1.089710199832916171e+00
1.063212490081787198e+00
1.014347058534622148e+00
1.020461356639862149e+00
1.007428109645843506e+00
1.006864136457443326e+00
1.019731855392456144e+00
1.032849848270416260e+00
1.007400149106979281e+00
1.010291701555252164e+00
1.003906452655792148e+00
1.010594058036804244e+00
9.979207813739776611e-01
1.025897532701492310e+00
1.084479534626006991e+00
1.079662132263183638e+00
1.014008074998855591e+00
1.009474509954452426e+00
1.000150018930435092e+00
1.013297116756439298e+00
1.009647482633590609e+00
1.003926533460617110e+00
1.005258172750473022e+00
1.019293564558029219e+00
1.001579546928405673e+00
1.031659758090972989e+00
1.060131329298019454e+00
1.050141060352325351e+00
1.072115737199783370e+00
1.064564710855484098e+00
1.042225116491317660e+00
1.049946022033691362e+00
1.035402584075927779e+00
1.013052761554718018e+00
1.023318833112716764e+00
1.030187267065048262e+00
1.008431404829025269e+00
1.002566844224929810e+00
1.013104486465454146e+00
9.973044812679290327e-01
1.007666075229644687e+00
1.008393388986587480e+00
1.028195798397064209e+00
1.008867788314819380e+00
1.025609368085861117e+00
1.008806139230728149e+00
1.033236038684844926e+00
1.086791521310806363e+00
1.065142512321472168e+00
1.005902051925659180e+00
9.992714345455169234e-01
1.008563280105590820e+00
1.001661670207977251e+00
9.973951101303100142e-01
9.996440649032592995e-01
1.010721486806869462e+00
1.015149152278900235e+00
1.081132054328918457e+00
1.086499673128128007e+00
1.083774387836456299e+00
1.051517462730407804e+00
1.148559379577636763e+00
1.023719203472137407e+00
1.036189615726470947e+00
1.043678396940231234e+00
1.009810924530029297e+00
1.014272439479827925e+00
1.004134261608123690e+00
9.993112623691559060e-01
9.971728980541229026e-01
1.002913129329681352e+00
1.010964268445968539e+00
1.036969101428985685e+00
1.064583474397659213e+00
1.043403488397598222e+00
1.034998267889022827e+00
1.116417133808135898e+00
1.072826504707336426e+00
1.008720493316650479e+00
1.015599894523620650e+00
1.049790757894516036e+00
1.067604899406433105e+00
1.076295816898345858e+00
1.071584904193878085e+00
1.004654246568679854e+00
1.009273397922515914e+00
1.013823497295379683e+00
1.028832745552062944e+00
1.031145399808883756e+00
1.033910876512527555e+00
1.028015571832656905e+00
1.019654452800750732e+00
9.979646503925323486e-01
1.004426616430282637e+00
1.001296186447143466e+00
1.009491062164306729e+00
1.036650764942169234e+00
1.012611526250839278e+00
1.000462746620178311e+00
1.002767950296401978e+00
1.011965423822402954e+00
1.007890522480010986e+00
9.984388530254364458e-01
1.008526080846786410e+00
9.981974065303802490e-01
1.002595430612564176e+00
1.002877384424209595e+00
9.973151445388793723e-01
1.000003749132156283e+00
1.027991521358490035e+00
1.064892739057540894e+00
1.058275371789932251e+00
1.041842150688171431e+00
1.006019514799117998e+00
1.027921396493911788e+00
1.052169501781463623e+00
1.037694841623306274e+00
1.015247970819473267e+00
1.009884685277938843e+00
1.013576835393905640e+00
1.060099196434020952e+00
1.036260581016540616e+00
1.019742798805236772e+00
1.000174731016159058e+00
1.010661107301711992e+00
1.004445505142211870e+00
1.009618347883224576e+00
9.999243438243865523e-01
1.002128177881240756e+00
1.035976457595825240e+00
1.015419638156890958e+00
1.008074051141738980e+00
1.061518621444702104e+00
1.023254847526550382e+00
1.015347945690155074e+00
1.017627155780792325e+00
1.035963892936706543e+00
1.008239603042602628e+00
9.978181540966033491e-01
9.980667412281036821e-01
9.981178939342498779e-01
1.010878258943557650e+00
1.020503664016723544e+00
1.024199342727661222e+00
1.063539946079254062e+00
1.097649377584457353e+00
1.052383142709732100e+00
1.020955431461334273e+00
9.992912471294402854e-01
1.006436806917190507e+00
1.005199903249740512e+00
1.002881675958633423e+00
1.001370906829833984e+00
1.001708090305328369e+00
1.029672098159789995e+00
1.042224568128585771e+00
1.017770212888717607e+00
1.022773635387420610e+00
1.002657663822174028e+00
1.001448851823806718e+00
1.004588913917541459e+00
1.039303243160247803e+00
1.081866031885147184e+00
1.050365120172500610e+00
1.009848868846893399e+00
1.003060215711593539e+00
1.024142950773239136e+00
1.000927150249481201e+00
1.003520107269287198e+00
1.004748213291168257e+00
1.017317759990692183e+00
1.037648308277130171e+00
1.060424149036407471e+00
1.043296772241592452e+00
1.026382887363433749e+00
1.000778508186340288e+00
1.003841400146484375e+00
1.019383555650711148e+00
1.063786506652832031e+00
1.060897415876388639e+00
1.015500366687774658e+00
1.018928438425064087e+00
1.031689119338989213e+00
1.060542994737625033e+00
1.006807875633239702e+00
1.037840402126312345e+00
1.020677447319030762e+00
9.984605729579925093e-01
1.022328990697860762e+00
1.011800259351730347e+00
1.003124386072158813e+00
1.025813996791839600e+00
1.017346769571304321e+00
9.994589507579803023e-01
9.985410273075103760e-01
9.981957435607909934e-01
9.995255351066589800e-01
1.002989041805267378e+00
1.000142621994018599e+00
1.008743888139724820e+00
1.027186203002929732e+00
1.013345783948898404e+00
1.014336878061294467e+00
1.021192026138305620e+00
1.021399301290512041e+00
1.003121787309646518e+00
1.013812220096588224e+00
1.038674193620681807e+00
1.036832529306411788e+00
1.048096752166748136e+00
1.030268990993499667e+00
1.013566720485687300e+00
1.010931521654129028e+00
1.000724124908447310e+00
9.986308991909027544e-01
1.003860753774642900e+00
1.031528878211975142e+00
1.014424574375152543e+00
1.023877686262130826e+00
1.021892982721328780e+00
1.011455565690994263e+00
1.019158601760864258e+00
1.031890308856964200e+00
1.008102434873580977e+00
1.038069748878478915e+00
1.040681278705597013e+00
1.042666959762573287e+00
1.006911784410476685e+00
1.005393803119659424e+00
1.007751494646072388e+00
1.036955440044402987e+00
1.007947182655334561e+00
1.022906899452209473e+00
1.011081713438034102e+00
1.008141016960144132e+00
1.011855322122573897e+00
1.001982682943344027e+00
9.982466876506805864e-01
9.992711424827576128e-01
1.002983242273330688e+00
1.007213246822357133e+00
1.004143667221069292e+00
9.990136444568633589e-01
1.013147664070129350e+00
1.037183392047882124e+00
1.040720486640930087e+00
1.013937687873840421e+00
1.010237634181976318e+00
1.006987833976745517e+00
9.976062476634979248e-01
1.003577816486358687e+00
1.004224199056625411e+00
1.000641936063766391e+00
9.985443234443664995e-01
9.987227499485016313e-01
1.000975614786148160e+00
1.002303731441497758e+00
9.978180944919585738e-01
9.982861638069152610e-01
9.986927807331085205e-01
1.002455478906631559e+00
1.015079605579376265e+00
1.007803446054458707e+00
1.003185081481933638e+00
1.015526777505874723e+00
1.009302103519439608e+00
1.013068026304245084e+00
1.002707767486572310e+00
1.006160312891006381e+00
1.015639674663543657e+00
1.014948266744613692e+00
1.002979069948196411e+00
9.982920408248900923e-01
9.978928744792938677e-01
9.991960108280182329e-01
1.000761491060256914e+00
1.010903048515319869e+00
1.021651893854141235e+00
1.004283714294433638e+00
1.004398244619369551e+00
1.012302136421203702e+00
1.006690913438796908e+00
1.071589845418930098e+00
1.012443053722381636e+00
1.018479752540588423e+00
1.065546423196792603e+00
1.009823238849639981e+00
1.011613613367080777e+00
1.007884562015533447e+00
1.041470426321029707e+00
1.010519355535507202e+00
1.005861681699752763e+00
1.011270618438720792e+00
1.015745729207992554e+00
1.006958407163619951e+00
1.023667299747466952e+00
9.996445000171660933e-01
9.984930574893950972e-01
9.975159108638763650e-01
9.984263181686401367e-01
9.975584149360656738e-01
1.002702105045318648e+00
1.004566180706024214e+00
1.001997625827789395e+00
1.008549982309341342e+00
1.001414817571639970e+00
1.016636389493942305e+00
1.005172383785247758e+00
1.021091425418853671e+00
1.016863465309143066e+00
1.007213652133941650e+00
1.000477921962737993e+00
1.010608613491058350e+00
1.007105845212936446e+00
1.002967488765716508e+00
1.008444273471832187e+00
1.002720636129379228e+00
1.008636885881423861e+00
1.005653160810470625e+00
1.012378740310668990e+00
1.032228779792785600e+00
1.009597212076187134e+00
1.008231133222579956e+00
1.007151705026626543e+00
1.004027366638183594e+00
1.001064258813858077e+00
1.001856768131256015e+00
1.010138714313506991e+00
1.015158504247665405e+00
1.009716308116912931e+00
1.028274148702621460e+00
1.031283062696456865e+00
1.033858352899551303e+00
1.042390048503875732e+00
1.035383516550063998e+00
1.012307989597320601e+00
1.022460788488388062e+00
1.013174241781234830e+00
1.010688823461532548e+00
1.004400181770324751e+00
1.016542148590087846e+00
1.022958189249038696e+00
1.021930646896362260e+00
1.039935123920440629e+00
1.029414397478103593e+00
1.001902180910110518e+00
9.980550467967986839e-01
9.984852075576782227e-01
9.991524875164031760e-01
1.006847465038299472e+00
1.006624567508697554e+00
1.004512423276901156e+00
1.010367101430893033e+00
1.018983757495880216e+00
1.006908148527145386e+00
1.001451915502548307e+00
1.001224583387374967e+00
1.000628685951232999e+00
9.984793007373810036e-01
9.982421040534973367e-01
9.991313397884369341e-01
9.992568612098693404e-01
9.997227609157561812e-01
1.009377503395080478e+00
1.011755865812301591e+00
1.001687318086624146e+00
1.004455298185348511e+00
1.009464478492736905e+00
1.003887116909027100e+00
9.973109066486358643e-01
1.003451532125473111e+00
9.985221028327941895e-01
1.000722330808639482e+00
1.006908780336380094e+00
1.005617445707321256e+00
9.977132499217986616e-01
1.001702982187271163e+00
9.992088735103606956e-01
9.988931357860565408e-01
1.005983340740203902e+00
1.004312187433242798e+00
1.006329458951950029e+00
1.010267895460128740e+00
1.004932713508605913e+00
1.003956401348113925e+00
1.006669336557388217e+00
1.004896169900894254e+00
1.014960485696792647e+00
1.026867693662643521e+00
1.039239841699600264e+00
1.036646014451980680e+00
1.033910226821899370e+00
1.014145284891128540e+00
9.992492854595184104e-01
1.017278879880905151e+00
1.011117011308670044e+00
1.010686147212982222e+00
1.013378638029098555e+00
1.009581041336059526e+00
1.011338591575622559e+00
1.012406480312347368e+00
1.003635805845260576e+00
1.000100660324096724e+00
1.009325647354125888e+00
1.015889430046081454e+00
1.012657386064529375e+00
1.002377980947494418e+00
9.999150156974792036e-01
9.978335142135620339e-01
9.978752136230468750e-01
9.981702685356139693e-01
1.004610896110534668e+00
9.999400496482848677e-01
9.977871358394623247e-01
9.973518967628478560e-01
9.980143487453461137e-01
9.990839779376983198e-01
1.004876840114593550e+00
1.003874450922012329e+00
1.005741620063781649e+00
1.004598867893218950e+00
1.007931715250015348e+00
1.024033063650131137e+00
1.007326453924179077e+00
1.011503261327743486e+00
1.007383972406387329e+00
1.006003522872924716e+00
9.988191008567810503e-01
9.993079185485840288e-01
9.997151434421539529e-01
1.002414911985397339e+00
1.006630575656890958e+00
9.984255552291869673e-01
9.975767076015472634e-01
9.975195884704589622e-01
9.967182576656341553e-01
9.991724193096160889e-01
9.987999498844146729e-01
1.002840453386306674e+00
1.004333794116973877e+00
1.008382195234298617e+00
9.990255594253539817e-01
9.983799159526824951e-01
9.986927270889282005e-01
9.991565525531769243e-01
9.978406250476836714e-01
9.972136974334716575e-01
9.970940053462982178e-01
9.984836459159851518e-01
1.000167745351791426e+00
1.002729445695877075e+00
1.000275534391403154e+00
9.985886275768279807e-01
9.975681304931640625e-01
9.989910066127777322e-01
9.976350843906403032e-01
9.976679861545563188e-01
9.986815094947815163e-01
9.979404449462890847e-01
9.974304318428039995e-01
9.978221356868743896e-01
9.980199038982391357e-01
9.986963450908661333e-01
9.991975784301757590e-01
9.971358358860016313e-01
9.971318721771240678e-01
9.978235840797424760e-01
1.000866860151290894e+00
9.999734938144684282e-01
1.004567205905914307e+00
1.012078124284744307e+00
9.990996360778808816e-01
9.999213278293609397e-01
1.002945655584335238e+00
1.014694911241531328e+00
1.007635450363159269e+00
1.011012858152389615e+00
1.005298900604248091e+00
1.003111171722412154e+00
9.992670595645904985e-01
1.001297718286514371e+00
1.005289280414581210e+00
1.001231741905212358e+00
9.973844408988952193e-01
9.973120927810669167e-01
9.973094880580901656e-01
9.974332809448241965e-01
9.979193389415741411e-01
9.995448231697082742e-01
9.973809003829956499e-01
9.971672534942627175e-01
9.974147737026214378e-01
9.977222800254821333e-01
9.997069299221038596e-01
1.014936226606369063e+00
1.002611649036407426e+00
1.007583087682724088e+00
1.002553719282150313e+00
1.000722283124923617e+00
1.010251015424728394e+00
1.023080021142959595e+00
1.015741777420043901e+00
1.000447916984558150e+00
1.003471022844314664e+00
1.027287590503692671e+00
1.026398980617523105e+00
1.012640112638473422e+00
9.985310435295104980e-01
1.001424229145050138e+00
1.008774340152740479e+00
1.001419669389724820e+00
9.998939156532287154e-01
9.987559378147125022e-01
9.973187685012817605e-01
9.991160273551941140e-01
9.990639328956604226e-01
1.011092710494995162e+00
1.007189047336578325e+00
1.008128672838211060e+00
1.005416697263717740e+00
1.002491682767868042e+00
9.983679950237274170e-01
1.000735038518905551e+00
1.005893582105636508e+00
1.005007809400558560e+00
1.006748831272125333e+00
1.000379747152328580e+00
9.989216506481171098e-01
1.000913304090499834e+00
1.000306725502014160e+00
1.002319014072418302e+00
1.010133534669876099e+00
1.020087504386901767e+00
9.984548687934875488e-01
1.001371306180953935e+00
1.000758665800094649e+00
1.009427720308303744e+00
1.000913584232330233e+00
9.975807905197143777e-01
9.980998992919921653e-01
9.969826161861419234e-01
9.965900301933288130e-01
9.967423260211945024e-01
9.970548152923583984e-01
9.995330274105072021e-01
9.979326725006103516e-01
9.962624311447143555e-01
9.984903573989868386e-01
9.967415571212768777e-01
1.001714265346527188e+00
9.971641302108764648e-01
1.004514288902282670e+00
1.007866144180297852e+00
1.005222249031066939e+00
1.001905310153961226e+00
1.005931586027145386e+00
9.997255563735961692e-01
9.988852977752685769e-01
1.004075759649276645e+00
1.006222426891326904e+00
1.012049317359924316e+00
1.012321990728378251e+00
1.013794070482254117e+00
1.011298495531082198e+00
1.016279274225234897e+00
1.001844757795333773e+00
1.000328630208969116e+00
9.998066961765289529e-01
1.000047880411148116e+00
1.002708923816680864e+00
1.004187643527984619e+00
9.987348258495331033e-01
1.002553367614746005e+00
1.001881766319274947e+00
1.004606163501739591e+00
1.003925937414169356e+00
9.992356896400451660e-01
9.995732903480529785e-01
1.005189251899719194e+00
1.002182656526565463e+00
1.001762551069259599e+00
9.993248879909515381e-01
9.983985543251037154e-01
9.999851465225220171e-01
9.970224022865294966e-01
9.971929073333740678e-01
9.974492728710174783e-01
9.968092978000641091e-01
9.965166687965393288e-01
9.972156763076782671e-01
9.974905610084533469e-01
9.965398848056793435e-01
9.966282129287720171e-01
9.970322430133820024e-01
9.975180208683014360e-01
9.972131490707397683e-01
9.993971645832061546e-01
1.000758463144302279e+00
1.000556397438049361e+00
9.973707377910614458e-01
9.976880371570586714e-01
9.971881270408630149e-01
9.975107550621032937e-01
9.981913328170776145e-01
1.000832998752593905e+00
9.986934900283813699e-01
9.985937595367431197e-01
9.969005286693572998e-01
9.979773104190826638e-01
9.983001947402954102e-01
9.973143875598907693e-01
9.991685807704925315e-01
1.002162611484527677e+00
9.978783428668975830e-01
9.967333376407623291e-01
9.966054022312164085e-01
9.960392057895660622e-01
9.958713471889495406e-01
9.965079247951507124e-01
9.961941421031952348e-01
9.957717061042785645e-01
9.956936776638031228e-01
9.959754645824432373e-01
9.968359649181366411e-01
9.966657578945159468e-01
9.976110696792602761e-01
9.960034966468811479e-01
9.961531817913055198e-01
9.968261897563934770e-01
9.976367235183716264e-01
9.964114665985107644e-01
9.966720581054687722e-01
9.973553538322448286e-01
9.978174567222595215e-01
9.997301042079925759e-01
9.979755640029907005e-01
1.003442090749740556e+00
9.971641838550567849e-01
9.962463498115539107e-01
9.962318241596221924e-01
9.963203012943268044e-01
9.974511444568634477e-01
9.975501716136931929e-01
9.964274227619170921e-01
9.961281716823577881e-01
9.958193778991699663e-01
9.962301790714264138e-01
9.954213023185729536e-01
9.950823068618774858e-01
9.950540959835052490e-01
9.951702535152435747e-01
9.954708993434906450e-01
9.950556099414825661e-01
9.958790123462677446e-01
9.996355056762695757e-01
9.986269652843475786e-01
9.986856937408447044e-01
9.977686822414397749e-01
9.997484922409057839e-01
1.000044125318527266e+00
1.001649063825607255e+00
9.995064914226532427e-01
9.969872057437896284e-01
9.964897930622100830e-01
9.972256958484649880e-01
9.963730454444885698e-01
1.005928456783294678e+00
9.977998197078704612e-01
9.964391648769378440e-01
9.960400998592376931e-01
9.965967953205108198e-01
9.955869138240813765e-01
9.973611950874328169e-01
9.976540803909301758e-01
9.997895240783691850e-01
9.967761218547821489e-01
9.959356844425201194e-01
9.959836065769195335e-01
9.971717119216918501e-01
9.967157781124115212e-01
9.953747093677520752e-01
9.962456881999969260e-01
9.954847097396850586e-01
9.970492660999298318e-01
9.967560589313506636e-01
9.968531012535095659e-01
9.953213036060333252e-01
9.956613063812256303e-01
9.952878534793854204e-01
9.950131893157958540e-01
9.947709798812865989e-01
9.971131026744842751e-01
9.958081960678100142e-01
9.982585370540618674e-01
9.962277531623839888e-01
9.971966564655303511e-01
9.957894027233124001e-01
9.959446310997008833e-01
9.945004045963287131e-01
9.960886955261230025e-01
9.960917353630065474e-01
9.981315433979034424e-01
9.981249213218689187e-01
9.985384345054626465e-01
9.980262815952301025e-01
9.962792634963989480e-01
9.991485059261322466e-01
9.966406047344207320e-01
9.956172883510590044e-01
9.956652402877808061e-01
9.961888194084167480e-01
9.957966744899749978e-01
9.973557114601134810e-01
9.957402527332306352e-01
9.951752543449401411e-01
9.961456179618835005e-01
9.949614763259887473e-01
9.959373593330382857e-01
9.948957026004791038e-01
9.965823590755462646e-01
9.963468968868255393e-01
9.970771431922912376e-01
9.958336532115936723e-01
9.948892235755920632e-01
9.967832684516906294e-01
9.962439000606536643e-01
9.958255231380462869e-01
9.943439781665801558e-01
9.951454281806946245e-01
9.945614039897918701e-01
9.944201648235321267e-01
9.948901593685149924e-01
9.959491670131683794e-01
9.966500937938690408e-01
9.955488264560699019e-01
9.968533694744110552e-01
9.970884263515472634e-01
9.979296982288360374e-01
9.959226727485657182e-01
9.967935025691986306e-01
9.957404613494873491e-01
9.954921305179595947e-01
9.954931676387787087e-01
9.947665452957152876e-01
9.949366271495818648e-01
9.955219388008117454e-01
9.948802351951598899e-01
9.946775913238525835e-01
9.951567351818084717e-01
9.938728451728821023e-01
9.954282522201538530e-01
9.943854212760925293e-01
9.943340241909026656e-01
9.947996199131011741e-01
9.951686322689056174e-01
9.943941235542297363e-01
9.944696485996246116e-01
9.942199945449828880e-01
9.950556933879852739e-01
9.944582581520080566e-01
9.947988510131835493e-01
9.946713745594024658e-01
9.949609279632568581e-01
9.951226115226745605e-01
9.968341827392578347e-01
9.977973520755767378e-01
9.965325474739075151e-01
9.981433272361754927e-01
9.956829786300659402e-01
9.956153690814971702e-01
9.952282428741454634e-01
9.949286341667175071e-01
9.979561865329742432e-01
9.940671503543854204e-01
9.944138526916503906e-01
9.943521916866302490e-01
9.943976819515227827e-01
9.944064617156982422e-01
9.942002296447753906e-01
9.940922856330871582e-01
9.941518366336822288e-01
9.949114322662353516e-01
9.966189503669738992e-01
9.992019593715667503e-01
9.998941183090209739e-01
1.012217491865158081e+00
1.001338577270507901e+00
9.977194547653198686e-01
9.966751635074615479e-01
9.992802619934082475e-01
9.973259985446929488e-01
9.977409183979034646e-01
9.985860705375670943e-01
1.002121263742446811e+00
9.971368253231048806e-01
9.980503678321838157e-01
9.974764287471771240e-01
9.964963555335998313e-01
9.965116441249847190e-01
9.965971112251281738e-01
9.972649931907653365e-01
9.967182099819182906e-01
9.965104341506958452e-01
9.965223073959350586e-01
9.964245736598968950e-01
9.957824587821960671e-01
9.967059850692748801e-01
9.970908939838409868e-01
9.968120515346526878e-01
9.964981257915497270e-01
9.960327625274658647e-01
9.971735239028930442e-01
9.980463385581970215e-01
9.965400934219360574e-01
9.962628781795501709e-01
9.959056675434112549e-01
9.977337479591369407e-01
9.970710635185241477e-01
9.969346523284912109e-01
9.981517314910888228e-01
9.959707796573639138e-01
9.982007503509521262e-01
9.972021222114563210e-01
9.959933519363403098e-01
9.961678504943847212e-01
9.961571037769317849e-01
9.963458597660064253e-01
9.962862432003021240e-01
9.958294689655303733e-01
9.955020427703857866e-01
9.960581958293914795e-01
9.955901920795440230e-01
9.955287098884582075e-01
9.975494503974914329e-01
9.990924417972564253e-01
9.991397380828856978e-01
9.965812683105468306e-01
9.959133386611938032e-01
9.965063750743865523e-01
9.961168706417083962e-01
9.955505192279815452e-01
9.965825557708740678e-01
9.956999540328979048e-01
9.959268867969512939e-01
9.957340836524963823e-01
9.952156305313110130e-01
9.961018085479735884e-01
9.960948765277862771e-01
9.961327135562896284e-01
9.960402011871337669e-01
9.957378268241882102e-01
9.976111710071563499e-01
9.957252979278564675e-01
9.954570293426513450e-01
9.953181564807891402e-01
9.953022062778472678e-01
9.951510071754455788e-01
9.951543569564819114e-01
9.951499581336975542e-01
9.951899945735931396e-01
9.950294077396393266e-01
9.955525875091553178e-01
9.953114628791809304e-01
9.950056195259093794e-01
9.949836313724518266e-01
9.950261950492859109e-01
9.950208663940429688e-01
9.953054785728454590e-01
9.954313397407531516e-01
9.956126809120178223e-01
9.953257083892822488e-01
9.954628527164459673e-01
9.953811287879943404e-01
9.953449726104736106e-01
9.953561842441558394e-01
9.953477978706359863e-01
9.950828552246093750e-01
9.954291701316833052e-01
9.952181458473206010e-01
9.952053308486938921e-01
9.949747025966644287e-01
9.949615061283111350e-01
9.952114045619964156e-01
9.950097441673279031e-01
9.952842533588409646e-01
9.948804318904876931e-01
9.951513946056366189e-01
9.947811543941498247e-01
9.957218647003174272e-01
9.953292906284332275e-01
9.946162104606628418e-01
9.955893278121947798e-01
9.963324666023254395e-01
9.963048517704009566e-01
9.959295868873596635e-01
9.949300944805145042e-01
9.950816452503203902e-01
9.950670123100280318e-01
9.955336093902588113e-01
9.953706443309784380e-01
9.958786070346832275e-01
9.953813910484313743e-01
9.959492266178131548e-01
9.953175961971283403e-01
9.955117881298065630e-01
9.950576424598693848e-01
9.952630043029785378e-01
9.948938906192779097e-01
9.953542053699493408e-01
9.956298410892486794e-01
9.952227115631103738e-01
9.954340338706970659e-01
9.953172743320465310e-01
9.950604021549225298e-01
9.948109507560729536e-01
9.951720893383025901e-01
9.953398823738097700e-01
9.952779471874236839e-01
9.949257731437682883e-01
9.954074084758758323e-01
9.942852854728698730e-01
9.951291799545287642e-01
9.946216285228729470e-01
9.947369277477264848e-01
9.943466067314148393e-01
9.943196177482604980e-01
9.945699334144592063e-01
9.943036437034606934e-01
9.941585659980773926e-01
9.947213113307953325e-01
9.946028232574463113e-01
9.941135346889495850e-01
9.940759539604187012e-01
9.944725811481476274e-01
9.938304483890533225e-01
9.940820038318634033e-01
9.937445580959319846e-01
9.939362108707427979e-01
9.941393971443176492e-01
9.946954786777496560e-01
9.938133955001831055e-01
9.938521981239318848e-01
9.949541091918945312e-01
9.939863145351409690e-01
9.947535455226897971e-01
9.975244462490081565e-01
9.972591936588287576e-01
9.971303880214691384e-01
9.974980354309082031e-01
9.968594253063202126e-01
9.975174903869629128e-01
9.971203804016113281e-01
9.974710226058960405e-01
9.972014069557190163e-01
9.969594955444336382e-01
9.976640999317168967e-01
9.970719873905181663e-01
9.972268998622894065e-01
9.970604598522185835e-01
9.966417551040649414e-01
9.971239864826202393e-01
9.967620790004729781e-01
9.970439493656158003e-01
9.964741766452789307e-01
9.965336084365844505e-01
9.962125897407532182e-01
9.967655062675475630e-01
9.970514237880706565e-01
9.970063090324401411e-01
9.959253549575806108e-01
9.966913998126983865e-01
9.961800098419189009e-01
9.971032738685607910e-01
9.967561125755309837e-01
9.960794925689697710e-01
9.964500486850738081e-01
9.964897572994232400e-01
9.959591150283813032e-01
9.964156627655029741e-01
9.965194761753082275e-01
9.962304830551147461e-01
9.965224623680114524e-01
9.979931116104125977e-01
9.962684631347655806e-01
9.960455596446990967e-01
9.963073968887329324e-01
9.964574158191681352e-01
9.961303710937500222e-01
9.966560006141662598e-01
9.962289988994598167e-01
9.960751175880432351e-01
9.962005257606506570e-01
9.962455272674560769e-01
9.963053822517394797e-01
9.963853895664215310e-01
9.958747863769531472e-01
9.959584653377533403e-01
9.956749200820922407e-01
9.945536911487579124e-01
9.950657606124877486e-01
9.944253623485564964e-01
9.945975005626678245e-01
9.948292255401611772e-01
9.947472333908080611e-01
9.943134605884551558e-01
9.936441481113433838e-01
9.935889661312102827e-01
9.941502869129180686e-01
9.944760382175446001e-01
9.938637554645538552e-01
9.935642898082732710e-01
9.934224963188171831e-01
9.938169598579407182e-01
9.944218933582306130e-01
9.936956286430358443e-01
9.935634016990662065e-01
9.939488053321838823e-01
9.940431714057922363e-01
9.936723291873932329e-01
9.939226150512695535e-01
9.932454586029052512e-01
9.939150393009186235e-01
9.940293312072754350e-01
9.935562670230865256e-01
9.940039336681365523e-01
9.935055851936340776e-01
9.938079595565796343e-01
9.938488721847533736e-01
9.933084785938263161e-01
9.935766518115997092e-01
9.939215242862701194e-01
9.941949605941772239e-01
9.937756836414337602e-01
9.941105782985687478e-01
9.940121412277221902e-01
9.944507241249084251e-01
9.939094901084899458e-01
9.936954915523529275e-01
9.941939413547515869e-01
9.933954715728759988e-01
9.936898946762084961e-01
9.937759697437286155e-01
9.945133924484252930e-01
9.938881397247314453e-01
9.938689529895782249e-01
9.935241460800170454e-01
9.936939418315887673e-01
9.934598684310913530e-01
9.931430399417877641e-01
9.936594545841217485e-01
9.934978485107421875e-01
9.938094198703766313e-01
9.939221918582916704e-01
9.934354424476623535e-01
9.938917875289916548e-01
9.939303517341613325e-01
9.940801739692688432e-01
9.936324179172515425e-01
9.933377981185913530e-01
9.941426038742064986e-01
9.940108180046081099e-01
9.949920654296875444e-01
9.938887119293212669e-01
9.937414169311523660e-01
9.938883841037750022e-01
9.937461197376251665e-01
9.944848716259002686e-01
9.940706312656402144e-01
9.938935160636901411e-01
9.937898337841033491e-01
9.937725067138671875e-01
9.938206076622009277e-01
9.940198421478271262e-01
9.937824547290802224e-01
9.936059474945068137e-01
9.937759578227997048e-01
9.935625553131103294e-01
9.937330365180969682e-01
9.936312317848206010e-01
9.936346292495727983e-01
9.943397641181945801e-01
9.941590726375579834e-01
9.937958717346191406e-01
9.938008487224578857e-01
9.936598479747772439e-01
9.943278253078460249e-01
9.941534399986267090e-01
9.934849739074707031e-01
9.937558710575103982e-01
9.933119356632232888e-01
9.935580015182494673e-01
9.934610664844513161e-01
9.938673436641692893e-01
9.936126351356506792e-01
9.941525042057037798e-01
9.935124337673186812e-01
9.939485907554626021e-01
9.935031831264495850e-01
9.940468430519103782e-01
9.938709795475005881e-01
9.939132690429687278e-01
9.932875216007233110e-01
9.945904135704040083e-01
9.939164638519286665e-01
9.934254527091980203e-01
9.949384570121765359e-01
9.938037753105163352e-01
9.936004877090454102e-01
9.937390685081481934e-01
9.935511052608489990e-01
9.934595823287963867e-01
9.936330556869507058e-01
9.935947656631469727e-01
9.938273549079894575e-01
9.935437798500060813e-01
9.940191149711609109e-01
9.932633399963378684e-01
9.936444103717804177e-01
9.936985373497009277e-01
9.935507476329803467e-01
9.937475204467773882e-01
9.937836945056914839e-01
9.938396453857422097e-01
9.936857759952545388e-01
9.933957397937774880e-01
9.938961565494537354e-01
9.937795221805572066e-01
9.937216639518737793e-01
9.935560524463653564e-01
9.936844468116760032e-01
9.934638321399689165e-01
9.937571883201599121e-01
9.936725437641144021e-01
9.936197519302367720e-01
9.936464130878448486e-01
9.941607713699340820e-01
9.938953578472137229e-01
9.936796367168426736e-01
9.936438381671905962e-01
