1.175207853317260742e+00
1.063571830590565925e+00
1.132440487543741936e+00
1.100873470306396484e+00
1.051515201727549309e+00
1.065889934698740715e+00
1.055904825528462654e+00
1.117753187815348381e+00
1.125707348187764412e+00
1.109816908836364746e+00
1.124122301737467522e+00
1.096388975779215569e+00
1.002330919106801277e+00
1.052216509977976555e+00
1.141636053721110100e+00
1.070524056752522712e+00
1.120734810829162598e+00
1.073942422866821289e+00
1.137127141157786125e+00
1.095131655534108406e+00
1.111231942971547371e+00
1.085929552714030022e+00
1.108570357163747078e+00
1.081894139448801750e+00
1.057629923025767082e+00
1.056910733381907219e+00
1.133164286613464355e+00
1.064465761184692383e+00
1.165235857168833489e+00
1.112683176994323730e+00
1.136075357596079582e+00
1.145488520463307625e+00
1.027877946694691902e+00
1.185536225636800056e+00
1.042520741621653313e+00
1.024212996164957756e+00
1.103292306264241462e+00
1.163125753402709961e+00
1.122236649195353264e+00
1.063904464244842529e+00
1.011360883712768555e+00
1.080129543940226311e+00
1.093715806802113777e+00
1.109856307506561279e+00
1.083450933297475105e+00
1.059822042783101326e+00
1.169908980528513665e+00
1.143951058387756348e+00
1.165175358454386467e+00
1.178160329659779793e+00
1.075307528177897209e+00
1.077817559242248535e+00
1.092840909957885742e+00
1.075862705707550049e+00
1.122603615125020271e+00
1.052466372648874993e+00
1.062652091185251946e+00
1.230228741963704353e+00
1.121043602625529045e+00
1.031282107035319084e+00
1.026132225990295410e+00
1.112511912981669182e+00
1.004862685998280769e+00
1.105064610640208000e+00
1.115211824576060051e+00
1.110228796799977546e+00
1.018627703189849854e+00
1.168259143829345703e+00
1.099718709786732918e+00
1.112474024295806885e+00
1.121999382972717285e+00
1.247544268767039055e+00
1.101295828819274902e+00
1.071083287398020500e+00
1.111075540383656746e+00
1.060286521911621094e+00
1.034953614075978523e+00
1.004053135712941414e+00
1.208226899305979485e+00
1.102148890495300293e+00
1.117893775304158455e+00
1.086602509021759033e+00
1.090641578038533455e+00
1.117985546588897705e+00
1.078446586926778084e+00
1.092778762181599861e+00
1.091088354587554932e+00
1.097681522369384766e+00
1.179836372534434075e+00
1.012040336926778084e+00
1.084129373232523674e+00
1.154430866241455078e+00
1.055336415767669678e+00
1.077707866827646965e+00
1.139114379882812500e+00
1.213785966237385994e+00
1.076903124650319343e+00
1.180122216542561775e+00
1.186201671759287590e+00
1.075754086176554436e+00
1.078758001327514648e+00
1.100201268990834480e+00
1.146363317966461182e+00
1.150017281373341804e+00
1.049039860566457039e+00
1.132931431134541755e+00
1.068434675534566169e+00
1.088171482086181641e+00
1.105157812436421638e+00
1.055958211421966553e+00
1.125883162021636963e+00
1.118770897388458252e+00
1.077547669410705566e+00
1.146310488382975334e+00
1.115372081597646003e+00
1.013254940509796143e+00
1.157582382361094231e+00
1.181185921033223396e+00
1.155301968256632561e+00
1.062563061714172363e+00
1.179531812667846680e+00
1.155297239621480232e+00
1.056503554185231453e+00
1.105075617631276375e+00
1.129337251186370850e+00
1.038234114646911621e+00
1.068690260251363044e+00
1.124126950899760002e+00
1.149776796499888176e+00
1.087655742963155037e+00
1.089871207873026604e+00
1.075372596581776863e+00
1.058957318464915032e+00
1.127384245395660400e+00
1.133829792340596443e+00
1.019829670588175530e+00
1.038240075111389160e+00
1.069598158200581794e+00
1.059847136338551765e+00
1.045102794965108162e+00
1.069162825743357415e+00
1.136657992998759026e+00
1.161598543326060051e+00
1.108780046304066902e+00
1.024563908576965332e+00
1.086802442868550544e+00
1.141916871070861816e+00
1.164877593517303467e+00
1.026381790637969971e+00
1.127988378206888909e+00
1.073533793290456062e+00
1.116679469744364495e+00
1.059862832228342766e+00
1.049105584621429443e+00
1.140705029169718498e+00
1.085107862949371338e+00
1.158671696980794197e+00
1.080627302328745598e+00
1.091291268666585212e+00
1.125844895839691162e+00
1.033611754576365227e+00
1.031813085079193115e+00
1.081087231636047363e+00
1.128123819828033447e+00
1.065239568551381355e+00
1.027351478735605950e+00
1.104543447494506836e+00
1.057114581267039055e+00
1.050324638684590584e+00
1.105719685554504395e+00
1.085217456022898430e+00
1.074839095274607415e+00
1.190871973832448250e+00
1.070835848649342781e+00
9.762212832768758508e-01
1.174046953519185310e+00
1.123561382293701172e+00
1.151367505391438728e+00
1.092184146245320564e+00
1.070721308390299553e+00
1.145891348520914788e+00
1.028374671936035156e+00
1.114966571331024170e+00
1.069832026958465576e+00
1.102984905242919922e+00
1.062668303648630852e+00
1.112078905105590820e+00
1.028780539830525642e+00
1.132480820020039802e+00
1.017847001552581787e+00
1.073102831840515137e+00
1.004891375700632805e+00
1.064656396706898933e+00
1.092189391454060798e+00
1.031882027784983391e+00
1.128234922885894775e+00
1.072498361269633049e+00
1.141433537006378174e+00
1.105061252911885505e+00
1.141041616598765129e+00
1.124399324258168464e+00
1.097327987353007073e+00
1.091991742451985603e+00
1.084872782230377197e+00
1.035994350910186768e+00
1.090380450089772468e+00
1.074675043423970466e+00
1.138732075691223145e+00
1.031825761000315422e+00
1.118502736091613770e+00
1.077954967816670662e+00
1.068947573502858406e+00
1.088979045550028557e+00
1.165955483913421631e+00
1.046865145365397209e+00
1.141885777314503914e+00
1.142019033432006836e+00
1.072733163833618164e+00
1.081468661626179939e+00
1.036938130855560303e+00
1.096477111180623298e+00
1.075686951478322273e+00
1.036434849103291755e+00
1.095946311950683594e+00
1.062106430530548096e+00
1.052556753158569336e+00
1.054997622966766357e+00
1.128418544928232903e+00
1.088518063227335686e+00
1.074234704176584954e+00
1.015907883644104004e+00
1.115893443425496345e+00
1.041761596997578865e+00
1.001037498315175300e+00
1.126616060733795166e+00
1.080254693826039558e+00
1.096175352732340569e+00
1.080649852752685547e+00
1.091108322143554688e+00
1.112850626309712654e+00
1.015718340873718262e+00
1.067608575026194329e+00
1.077824691931406731e+00
1.038916746775309319e+00
1.084350109100341797e+00
1.102679491043090820e+00
1.225321769714355469e+00
1.081624507904052734e+00
1.069127877553303962e+00
1.043761273225148445e+00
1.067493140697479248e+00
1.177208026250203377e+00
1.162756899992624993e+00
1.093730767567952400e+00
1.012729565302530998e+00
1.176043212413787842e+00
1.132788201173146492e+00
1.114930073420206780e+00
1.147569219271342034e+00
1.116605103015899658e+00
1.049190143744150872e+00
1.090608656406402588e+00
1.148578743139902825e+00
1.077270448207855225e+00
1.045864880084991455e+00
1.041759987672169929e+00
1.089019517103831047e+00
1.015745143095652336e+00
1.017897824446360344e+00
1.040555834770202637e+00
1.075616319974263435e+00
1.072809020678202385e+00
1.156675636768341064e+00
1.094000061353047615e+00
1.065561095873514885e+00
1.099523603916168213e+00
1.039208829402923584e+00
1.140686412652333503e+00
1.161939700444539314e+00
1.007959922154744392e+00
1.106215337912241692e+00
1.047426958878834968e+00
1.057505905628204346e+00
1.080831726392110115e+00
1.081916650136311775e+00
1.033482968807220459e+00
1.174001435438791985e+00
1.060042877991994148e+00
1.121961752573649163e+00
1.054791212081909180e+00
1.048940320809682136e+00
1.039468050003051758e+00
1.153923908869425530e+00
1.064893841743469238e+00
1.117961804072062248e+00
1.053527971108754402e+00
1.128011226654052734e+00
1.105849027633666992e+00
1.089122295379638672e+00
1.053398211797078377e+00
1.044412910938262939e+00
1.110822796821594238e+00
1.164781192938486809e+00
1.129069805145263672e+00
1.163179357846577888e+00
1.093282580375671387e+00
1.119862794876098633e+00
1.061466177304585701e+00
1.042097926139831543e+00
1.033030291398366218e+00
1.053724328676859612e+00
1.131890177726745605e+00
1.012553393840789795e+00
1.060574372609456306e+00
1.071238040924072266e+00
1.067784865697224861e+00
1.074615240097045898e+00
9.914686580499013635e-01
1.116871138413747078e+00
1.104348758856455559e+00
1.080993652343750000e+00
1.136362095673878914e+00
1.038347244262695312e+00
1.119040946165720696e+00
1.055324196815490723e+00
1.104611674944559807e+00
1.076283931732177734e+00
1.141526520252227783e+00
1.105641206105550056e+00
1.103502810001373291e+00
1.098336180051167732e+00
1.095529556274414062e+00
1.012853165467580085e+00
1.158980985482533699e+00
1.042283256848653084e+00
1.098157664140065437e+00
1.035288155078887939e+00
1.089303692181905037e+00
1.123047749201456780e+00
1.006921788056691414e+00
1.091583172480265373e+00
1.034523487091064453e+00
1.161174158255259270e+00
1.053373575210571289e+00
1.199980497360229492e+00
1.082885861396789551e+00
1.062930504480997795e+00
1.184337933858235603e+00
1.096106171607971191e+00
1.080686648686726814e+00
1.059595882892608643e+00
1.118065794308980232e+00
1.139234622319539314e+00
1.030439376831054688e+00
1.070074240366617913e+00
1.052828411261240715e+00
1.070089439551035637e+00
1.095986644426981682e+00
1.107431928316752190e+00
1.078623910744984871e+00
1.129615664482116699e+00
1.069001734256744385e+00
1.134165505568186516e+00
1.044027209281921387e+00
1.056910534699757820e+00
1.210264126459757561e+00
1.114062746365864998e+00
1.162745654582977295e+00
1.054326633612314934e+00
1.036266446113586426e+00
1.004422565301259285e+00
1.128463009993235344e+00
1.036190291245778328e+00
1.120143890380859375e+00
1.089350044727325439e+00
1.104727069536844963e+00
1.086275358994801765e+00
1.170284132162729973e+00
1.092517336209614998e+00
1.083382566769917732e+00
1.122687856356302971e+00
1.092545231183369880e+00
1.125894705454508538e+00
1.144837379455566406e+00
1.093241890271504646e+00
1.102156837781270271e+00
1.139551500479380364e+00
1.068348705768585205e+00
1.141726473967234368e+00
1.112781425317128425e+00
1.086153745651245117e+00
1.146083851655324226e+00
1.045467813809712654e+00
1.043173670768737793e+00
1.029082437356312996e+00
1.097699085871378655e+00
1.093417485555012947e+00
1.239816963672637939e+00
1.124695618947346931e+00
1.058634042739868164e+00
1.095892151196797615e+00
1.073911348978678459e+00
1.136263589064280266e+00
1.001787960529327393e+00
1.150303741296132332e+00
1.108823438485463386e+00
1.077525377273559570e+00
1.057007869084676033e+00
1.138079166412353516e+00
1.020781219005584717e+00
1.140061934789021736e+00
1.026095648606618171e+00
1.133265435695648193e+00
1.103861749172210693e+00
1.182551364103953118e+00
1.129235963026682610e+00
1.135876735051472908e+00
1.087388555208842034e+00
1.105378647645314460e+00
1.075107832749684578e+00
1.198009033997853523e+00
1.148986915747324700e+00
1.139882206916809082e+00
1.069569945335388184e+00
1.153431852658589607e+00
1.126195092995961433e+00
1.048834423224131340e+00
1.117187599341074700e+00
1.154323955376942878e+00
1.091070771217346191e+00
1.088662862777709961e+00
1.152661701043446785e+00
1.071862598260243660e+00
1.071076532204945808e+00
1.069127758344014412e+00
1.073690414428710938e+00
1.031342287858327156e+00
1.122997661431630378e+00
1.024661839008331299e+00
1.095973134040832520e+00
1.040134469668070549e+00
1.008726060390472412e+00
1.152283291021982903e+00
1.060306211312611824e+00
1.049927711486816406e+00
1.057207961877187019e+00
1.094234625498453850e+00
1.114525496959686279e+00
1.106413940588633293e+00
1.148388385772705078e+00
1.169087727864583259e+00
1.050235350926717048e+00
1.011491000652313232e+00
1.149527132511138916e+00
1.110214173793792725e+00
1.044815540313720703e+00
1.079409480094909668e+00
1.049086650212605720e+00
1.113136808077494377e+00
1.061893781026204353e+00
1.138135910034179688e+00
1.091399431228637695e+00
1.080019990603129143e+00
1.136293768882751465e+00
1.071407516797383552e+00
1.094269613424937004e+00
1.150815308094024658e+00
1.063838223616282219e+00
1.068510711193084717e+00
1.110906879107157463e+00
1.131550888220469231e+00
1.087205727895100837e+00
1.050412257512410408e+00
1.093234976132710701e+00
1.105521718660990471e+00
1.106521725654602051e+00
1.107390145460764641e+00
1.182299991448720222e+00
1.138982772827148438e+00
1.057870328426361084e+00
1.138002951939900642e+00
1.097165067990620857e+00
1.154478589693705315e+00
1.027710755666096931e+00
9.950350522994995117e-01
1.182363927364349365e+00
1.088072597980499268e+00
9.839830895264943811e-01
1.091550270716349358e+00
1.135220527648925781e+00
1.130791525046030754e+00
1.023338019847869873e+00
1.035814861456553215e+00
1.103528221448262459e+00
1.086652676264445061e+00
1.054443717002868652e+00
1.142092128594716316e+00
1.087342977523803711e+00
1.107576946417490715e+00
1.058404684066772461e+00
1.047167400519053215e+00
1.067059993743896484e+00
1.014334698518117195e+00
1.111256241798400879e+00
1.062672297159830803e+00
1.066456377506256104e+00
1.132729490598042732e+00
1.099635203679402595e+00
1.105640212694803948e+00
1.155489643414815193e+00
1.049674173196156746e+00
1.033242503801981682e+00
1.151969234148661370e+00
1.062387108802795410e+00
1.092023412386576409e+00
1.143080115318298340e+00
1.049560666084289551e+00
1.143940905729929680e+00
1.144802967707316155e+00
1.049748738606770759e+00
1.067265232404073005e+00
1.133634308973948235e+00
1.058038870493571038e+00
1.036342203617095947e+00
1.094231903553009033e+00
1.108902355035146003e+00
1.061465322971343994e+00
1.047584434350331550e+00
1.210105419158935547e+00
1.069731175899505615e+00
1.064693490664164299e+00
1.034125049908955818e+00
1.106980144977569580e+00
1.183636287848154778e+00
1.075488408406575447e+00
1.040747980276743645e+00
1.103157321612040276e+00
1.137937108675638909e+00
1.025904695192972893e+00
1.045633018016815186e+00
1.067956447601318359e+00
1.061173180739084954e+00
1.141192217667897468e+00
1.087384064992268806e+00
1.179770489533742195e+00
1.012009183565775627e+00
1.110581815242767334e+00
1.048096080621083503e+00
1.128820776939392090e+00
1.056436916192372566e+00
1.144016246000925774e+00
1.094882488250732422e+00
1.106442689895629883e+00
1.074702223141988044e+00
1.009894231955210442e+00
1.179798463980356926e+00
1.143016715844472175e+00
1.111749172210693359e+00
1.060562352339426750e+00
1.212550858656565422e+00
1.114034692446390862e+00
1.113097886244456047e+00
1.112026691436767578e+00
9.499561985333760950e-01
1.052608509858449226e+00
1.043976048628489250e+00
1.035268286863962883e+00
1.010191182295481438e+00
1.016938169797261482e+00
1.120390911897023445e+00
1.079278786977132087e+00
1.061018347740173340e+00
1.161026875178019280e+00
9.988496899604797363e-01
1.174573322137196785e+00
1.125619014104207283e+00
1.179934759934743171e+00
1.093506574630737305e+00
1.128516435623168945e+00
1.082706193129221672e+00
1.111271977424621582e+00
1.061979889869689941e+00
1.062480807304382324e+00
1.084740916887919182e+00
1.090202788511912102e+00
1.127163151899973625e+00
1.093637506167093987e+00
1.103050470352172852e+00
1.165341198444366455e+00
1.118806024392445808e+00
1.095080415407816643e+00
1.085107048352559334e+00
1.060701529184977288e+00
1.088299314181010002e+00
9.922706981499990198e-01
1.117499927679697747e+00
1.146349608898162842e+00
1.070967952410380120e+00
1.106069902578989739e+00
1.056832810242970710e+00
1.098182419935862297e+00
1.101364731788635254e+00
1.179641008377075195e+00
1.091310143470764160e+00
1.086492280165354485e+00
1.021326601505279541e+00
1.082586387793223137e+00
1.094767451286315918e+00
1.088024934132893806e+00
1.030891497929890877e+00
1.046957353750864739e+00
1.124179701010386223e+00
1.029334425926208496e+00
1.113841553529103523e+00
1.096678396066029793e+00
1.149761080741882324e+00
1.155001123746236091e+00
1.039480586846669441e+00
1.061711470286051506e+00
1.167977948983510261e+00
1.053290963172912598e+00
1.098635176817576165e+00
1.071621457735697502e+00
1.174180587132771736e+00
1.090212802092234368e+00
1.104655623435974121e+00
1.041326562563578362e+00
1.091027915477752686e+00
1.166336596012115479e+00
1.130857149759928459e+00
1.151844402154286628e+00
1.066520472367604500e+00
1.131508747736613030e+00
1.068051099777221680e+00
1.185843149820963616e+00
1.098757306734720940e+00
1.116942644119262695e+00
1.064338266849517822e+00
1.191685001055399651e+00
1.084359228610992432e+00
1.045162876447041755e+00
1.093874255816141838e+00
1.064719716707865471e+00
1.058437506357828850e+00
1.025728583335876465e+00
1.094240665435791016e+00
1.134012957413991218e+00
1.070866425832112556e+00
1.079206486543019539e+00
1.043263455231984382e+00
1.061666866143544441e+00
1.089853743712107415e+00
1.120280722777048821e+00
9.906934996445974084e-01
1.159706135590871101e+00
1.056706269582112556e+00
1.127601703008015877e+00
1.090182383855183845e+00
1.092114766438802009e+00
1.054722865422566658e+00
1.039073129494984871e+00
1.093847791353861565e+00
1.128993531068166023e+00
1.041253983974456787e+00
1.097839593887329102e+00
1.169449230035146003e+00
1.089988787968953377e+00
1.057823141415913826e+00
1.055222272872924805e+00
1.141088843345642090e+00
1.070775250593821282e+00
1.127048611640930176e+00
1.194623490174611335e+00
1.115224500497182136e+00
1.070630629857381111e+00
1.148943901062011719e+00
1.122685074806213379e+00
1.074593186378479004e+00
1.096780180931091309e+00
1.059445957342783684e+00
1.033421893914540535e+00
1.061088244120280022e+00
1.082725167274475098e+00
1.119906882445017571e+00
1.078884343306223625e+00
1.134260098139445061e+00
1.097121735413869148e+00
1.058725059032440186e+00
1.143070658047993904e+00
1.066035588582356697e+00
1.126162528991699219e+00
1.035413364569346184e+00
1.101337114969889397e+00
1.070794343948364258e+00
1.110450843969980950e+00
1.096705297629038567e+00
1.093498746554056877e+00
1.048106551170349121e+00
1.107349614302317375e+00
1.079339385032653809e+00
1.060227076212565178e+00
1.002153436342875237e+00
1.046322325865427727e+00
1.051092445850372314e+00
1.108282009760538811e+00
1.119809925556182861e+00
1.054257551829020256e+00
1.047256211439768547e+00
1.115827143192291260e+00
1.067294696966807122e+00
9.972032109896341590e-01
1.126671870549519783e+00
1.104789853096008301e+00
1.100280841191609627e+00
1.054630438486735100e+00
1.114735861619313484e+00
1.112840851147969490e+00
1.160071929295857673e+00
1.012333552042643303e+00
1.108797609806060791e+00
1.047778308391571045e+00
1.120959043502807617e+00
1.015109936396280998e+00
1.042621652285258049e+00
1.126820902029673332e+00
1.075349171956380134e+00
1.129058897495269775e+00
1.162990391254425049e+00
1.133170704046885247e+00
1.113413433233896965e+00
1.039105157057444329e+00
1.118947227795918709e+00
1.090595702330271477e+00
1.027427693208058601e+00
1.159480194250742668e+00
1.073911825815836663e+00
1.003119468688964844e+00
1.073618928591410393e+00
1.080605387687683105e+00
1.119809885819752937e+00
1.037600835164387947e+00
1.159603099028269524e+00
1.073620438575744629e+00
1.053471545378367180e+00
1.091110944747924805e+00
1.038475970427195305e+00
1.082262655099232918e+00
1.120589435100555420e+00
1.152105073134104485e+00
1.095501641432444329e+00
1.041407803694407219e+00
1.046602010726928711e+00
1.036584297815958733e+00
1.026866356531779045e+00
1.083326200644175286e+00
1.030454417069752937e+00
1.093126197655995613e+00
1.144940654436747307e+00
1.132884701093037849e+00
1.125135640303293938e+00
1.039760112762451172e+00
1.104619622230529785e+00
1.129824757575988770e+00
1.072088082631428962e+00
1.028887510299682617e+00
1.158775250116984123e+00
1.116299827893574959e+00
1.085308055082957024e+00
1.068080425262451172e+00
1.072767754395802742e+00
1.062256177266438728e+00
1.160574754079182869e+00
1.044634083906809563e+00
1.145140687624613518e+00
1.075368702411651611e+00
1.039579610029856438e+00
1.140708903471628899e+00
1.040265659491221184e+00
9.767102698485056189e-01
1.174050986766815186e+00
1.031433165073394775e+00
1.016434093316396003e+00
1.100676774978637695e+00
1.043364167213439941e+00
1.024751702944437737e+00
1.125630239645640129e+00
1.111565947532653809e+00
1.076535165309906006e+00
1.145495216051737541e+00
1.163106620311737061e+00
1.118218878904978508e+00
1.110852142175038582e+00
1.056139826774597168e+00
1.054190893967946296e+00
1.095699111620585198e+00
1.041312793890635247e+00
1.175741155942281013e+00
1.060843427975972419e+00
1.036246776580810547e+00
1.138796508312225342e+00
1.098745405673980713e+00
1.118565142154693604e+00
1.140542904535929436e+00
1.090341846148173088e+00
1.091128786404927498e+00
1.138610462347666497e+00
1.092116276423136467e+00
1.079925735791524177e+00
1.005530059337615967e+00
1.035933554172515869e+00
1.133676886558532715e+00
1.157460769017537361e+00
1.109780848026275635e+00
1.069285790125529045e+00
1.058795948823292976e+00
1.139792104562123543e+00
1.077856500943501716e+00
1.135530571142832512e+00
1.138035039107004875e+00
1.050054589907328362e+00
1.115381499131520515e+00
1.049097200234730964e+00
1.070270121097564697e+00
1.127420822779337639e+00
1.112206339836120605e+00
1.112072567145029778e+00
1.083113729953765869e+00
1.126790940761566162e+00
1.072277824083964104e+00
1.167539040247599358e+00
1.080864071846008301e+00
1.093510687351226807e+00
1.091308732827504402e+00
1.074271500110626221e+00
1.149150530497233147e+00
1.032229622205098396e+00
1.113567312558491951e+00
1.096994360287984138e+00
1.117249965667724609e+00
1.009661416212717766e+00
1.048078576723734612e+00
1.085322439670562744e+00
1.098950088024139404e+00
1.142676770687103271e+00
1.085517783959706550e+00
1.057464579741160149e+00
1.053010284900665283e+00
1.079592227935791016e+00
1.084550658861796135e+00
1.062581896781921387e+00
1.011959950129191155e+00
1.145726581414540535e+00
1.087725957234700447e+00
1.066922068595886230e+00
1.114037791887919182e+00
1.074986378351847405e+00
1.106490572293599373e+00
1.034844140211741204e+00
1.076162854830424065e+00
1.107542554537455315e+00
1.131865680217742920e+00
1.129052678743998284e+00
1.180172522862752205e+00
1.037330945332844978e+00
1.074198226133982415e+00
1.095326423645019531e+00
1.114076415697733635e+00
1.175215105215708489e+00
9.781016806761423377e-01
1.173947095870971680e+00
1.129166165987650627e+00
1.092665870984395271e+00
1.059353490670521980e+00
1.070255299409230476e+00
1.084262728691101074e+00
1.145478367805480957e+00
1.049795806407928467e+00
1.140056033929188972e+00
1.147289017836252922e+00
1.085232794284820557e+00
1.069723387559254890e+00
1.076874335606892830e+00
1.099419236183166504e+00
1.076554377873738533e+00
1.143635431925455803e+00
1.092771410942077637e+00
1.067027548948923821e+00
1.119036614894866943e+00
1.171093165874481201e+00
1.112433532873789543e+00
1.018540740013122559e+00
1.167435030142466301e+00
1.141952931880950928e+00
1.063121100266774421e+00
1.090916991233825684e+00
1.148482382297515869e+00
1.008956313133239746e+00
1.145536402861277336e+00
1.125961840152740479e+00
1.068704764048258538e+00
1.140302300453186035e+00
1.067750771840413337e+00
1.123868763446807861e+00
1.143808603286743164e+00
1.105544884999593025e+00
1.121381402015686035e+00
1.079179584980010986e+00
1.103875815868377686e+00
1.055514534314473396e+00
1.063001036643981934e+00
1.063891907533009773e+00
1.107275029023488289e+00
1.071267028649647957e+00
1.134102106094360352e+00
1.104273120562235588e+00
1.096668938795725579e+00
1.043588856856028313e+00
1.014756321907043457e+00
1.105441749095916748e+00
1.131709913412729973e+00
1.046304364999135261e+00
1.022270858287811279e+00
1.062377810478210449e+00
1.011974414189656502e+00
1.032508850097656250e+00
1.020522058010101318e+00
1.019123256206512451e+00
1.178233166535695320e+00
1.024070958296458000e+00
1.075329164663950676e+00
1.065133432547251457e+00
1.052265485127766853e+00
1.028371969858805413e+00
1.026323497295379639e+00
1.097572704156239753e+00
1.053927719593048096e+00
1.039994617303212410e+00
1.128599464893341064e+00
1.152580022811889648e+00
1.117363015810648674e+00
1.056969503561655754e+00
1.055822392304738289e+00
1.097447733084360832e+00
1.076857050259907966e+00
1.155508915583292717e+00
1.124417642752329582e+00
1.077716370423634773e+00
1.090792179107666016e+00
1.126086533069610596e+00
1.133016665776570564e+00
1.059378206729888916e+00
1.120422601699829102e+00
9.871038099129995080e-01
1.115591585636138916e+00
1.144640167554219490e+00
1.109837969144185310e+00
1.095446646213531494e+00
1.067957182725270515e+00
1.035251835982004875e+00
1.063004672527313232e+00
1.215700507164001465e+00
1.139334519704182869e+00
1.066893100738525391e+00
1.056627730528513665e+00
1.129377186298370361e+00
1.105870147546132332e+00
1.055605947971343994e+00
1.023127416769663567e+00
1.062903881072998047e+00
1.068673531214396233e+00
1.017055749893188477e+00
1.058783292770385742e+00
1.044517755508422852e+00
1.100990772247314453e+00
1.097631136576334709e+00
1.052848796049753899e+00
1.133735517660776848e+00
1.108488996823628669e+00
1.102171758810679192e+00
1.068389634291331047e+00
1.077374637126922607e+00
1.045272231101989746e+00
1.069303909937540764e+00
1.123757878939310784e+00
1.042803068955739265e+00
1.182358185450236077e+00
1.073262532552083259e+00
1.093514382839202881e+00
1.094814081986745125e+00
1.084580461184183831e+00
1.062171558539072747e+00
1.145295023918151855e+00
1.046091278394063240e+00
1.065534392992655510e+00
1.105924963951110840e+00
1.137673278649647957e+00
1.144746681054433113e+00
1.066082040468851799e+00
1.044018944104512459e+00
1.110887567202250237e+00
1.060559888680775886e+00
1.024379094441731697e+00
1.103046516577402825e+00
1.024317582448323494e+00
1.022691428661346436e+00
1.122701207796732659e+00
1.058438042799631829e+00
1.066571871439615959e+00
9.757470687230428430e-01
1.090048034985860115e+00
1.038491149743397957e+00
1.111790458361307854e+00
1.092692395051320320e+00
1.045293211936950684e+00
1.019135653972625732e+00
1.122619410355885750e+00
1.146028220653533936e+00
1.128271559874216790e+00
1.074541966120402092e+00
1.098664879798889160e+00
1.095891853173573738e+00
1.031680047512054443e+00
1.177414615948994880e+00
1.057144721349080330e+00
1.099417726198832268e+00
1.169181625048319573e+00
1.121240834395090813e+00
1.054651319980621338e+00
1.117642978827158684e+00
1.056766013304392571e+00
1.008234421412150139e+00
1.012195150057474846e+00
1.137518286705017090e+00
1.162980874379475837e+00
1.042385637760162354e+00
1.111570914586385017e+00
1.053830901781718010e+00
1.061074455579121834e+00
1.076501925786336189e+00
1.113080739974975586e+00
1.080184896787007576e+00
1.054363012313842773e+00
1.176947712898254395e+00
1.037757913271586174e+00
1.046465396881103516e+00
1.059556504090626960e+00
1.061443289120991951e+00
1.096087515354156494e+00
1.080538392066955566e+00
1.108567516009012932e+00
1.085392912228902107e+00
1.049537718296051025e+00
1.065357903639475579e+00
1.086517433325449700e+00
1.157490630944569832e+00
1.059648136297861809e+00
1.134140014648437500e+00
9.879833062489827844e-01
1.030544221401214600e+00
1.077902336915333992e+00
1.064845224221547371e+00
1.055625538031260247e+00
1.049178600311279297e+00
1.064449310302734375e+00
1.027552107969919915e+00
1.131564875443776375e+00
1.066661397616068596e+00
1.114741961161295647e+00
1.038926800092061287e+00
1.151988049348195320e+00
1.110302448272705078e+00
9.992828965187072754e-01
1.066212753454844231e+00
1.081543703873952156e+00
1.092478732268015618e+00
1.066161930561065674e+00
1.019398828347523933e+00
1.063787480195363289e+00
1.079760173956553215e+00
1.156379858652750725e+00
1.070466558138529534e+00
9.512041906515756873e-01
1.089484592278798347e+00
1.129547178745269775e+00
1.083555499712626213e+00
1.069424688816070557e+00
9.969801306724548340e-01
1.211651782194773430e+00
1.146941999594370598e+00
1.109811325867970710e+00
1.094686428705851311e+00
1.138989369074503655e+00
1.139884173870086670e+00
1.005911668141682869e+00
1.092049737771352058e+00
1.176117837429046631e+00
1.075120190779368157e+00
1.121978878974914551e+00
1.053980747858683342e+00
1.024275938669840569e+00
1.135864814122517830e+00
1.128017246723175049e+00
1.185516854127248054e+00
1.005988935629526848e+00
1.082117080688476562e+00
1.126405556996663337e+00
1.135353267192840576e+00
1.089363217353820801e+00
1.105193376541137695e+00
1.045986811319987053e+00
1.074446598688761467e+00
1.089137156804402595e+00
1.109608034292856926e+00
1.040783981482187981e+00
9.983694553375244141e-01
1.066710770130157471e+00
1.098758161067962646e+00
1.061305046081542969e+00
1.062780102094014412e+00
1.054796953996022468e+00
1.134729484717051262e+00
1.177987078825632805e+00
1.037204384803771973e+00
1.108371019363403320e+00
1.066501955191294426e+00
1.066128691037495857e+00
1.088220914204915291e+00
1.070047636826833015e+00
1.037113368511199951e+00
1.110662460327148438e+00
1.051821211973826165e+00
1.013629655043284172e+00
9.828193088372548791e-01
1.127155363559722900e+00
1.155827581882476807e+00
1.091762185096740723e+00
1.047865351041157966e+00
1.089407424132029290e+00
1.057520369688669915e+00
1.079159756501515632e+00
1.060743927955627441e+00
1.018366336822509766e+00
1.024610499540964836e+00
1.073677698771158928e+00
1.057843168576558357e+00
1.014062941074371338e+00
1.116200149059295654e+00
1.121821880340576172e+00
1.113938212394714355e+00
1.094114263852437263e+00
1.082761724789937263e+00
1.139471888542175293e+00
1.142572542031605964e+00
1.090647975603739495e+00
1.112912535667419434e+00
1.109932482242584229e+00
1.110331763823827034e+00
1.181857168674468994e+00
1.095680892467498779e+00
1.079443415006001716e+00
1.059208432833353752e+00
1.098255137602488274e+00
1.068020204703013176e+00
1.073930700620015388e+00
1.096264759699503655e+00
1.047033429145812988e+00
1.040011187394459968e+00
1.091843247413635254e+00
1.030380189418792725e+00
1.078919132550557380e+00
1.106214861075083489e+00
1.071008841196696038e+00
1.086075206597646003e+00
1.071785449981689453e+00
1.133487602074940925e+00
1.129798074563344246e+00
1.125338296095530266e+00
1.074277579784393311e+00
1.030568162600199456e+00
1.062880615393320793e+00
1.227002481619517082e+00
1.152474244435628181e+00
1.103494028250376457e+00
1.264228463172912598e+00
1.007405877113342285e+00
1.102898577849070305e+00
1.029377480347951179e+00
1.095700045426686531e+00
1.121640940507252937e+00
1.008420725663502937e+00
1.092040260632832771e+00
1.143838842709859138e+00
1.078589657942454094e+00
1.044238070646921868e+00
1.137155731519063240e+00
1.129864891370137459e+00
1.014650861422220940e+00
1.066550314426422119e+00
1.143452187379201179e+00
1.112206300099690681e+00
