1.005775113900502449e+00
9.892756938934326172e-01
9.947743217150369910e-01
9.912176728248596191e-01
9.947738448778787879e-01
9.856855074564615515e-01
9.910017450650533410e-01
9.855533639589945105e-01
9.918652375539144250e-01
9.810416499773660925e-01
9.788108070691426965e-01
9.730391105016072961e-01
9.740743041038513184e-01
9.617028435071309778e-01
9.645601113637288782e-01
9.557022452354431152e-01
9.543135762214660645e-01
9.575751423835754395e-01
9.597064455350240442e-01
9.645425279935201379e-01
9.499682188034057617e-01
9.481098651885986328e-01
9.701441923777262000e-01
9.556850592295328406e-01
9.374219377835592004e-01
9.439478913942972449e-01
9.483847419420877722e-01
9.372605482737222937e-01
9.478811422983804968e-01
9.727540810902913782e-01
9.744166533152262000e-01
9.498146176338195801e-01
9.521490534146627160e-01
9.415474136670430871e-01
9.482662081718444824e-01
9.497864047686258582e-01
9.461139241854349402e-01
9.409501353899637488e-01
9.500462611516317102e-01
9.433977405230203894e-01
9.399752418200174597e-01
9.331040978431701660e-01
9.456007480621337891e-01
9.364603559176126746e-01
9.475390712420145300e-01
9.484851360321044922e-01
9.337306420008341101e-01
9.481997887293497351e-01
9.336193998654683801e-01
9.539260069529215125e-01
9.407816330591837195e-01
9.440192182858785364e-01
9.378763039906820032e-01
9.385282993316650391e-01
9.328696727752685547e-01
9.417702356974283484e-01
9.354928334554036828e-01
9.430337746938070032e-01
9.418321649233499793e-01
9.564470450083414343e-01
9.332482218742370605e-01
9.638277490933736535e-01
9.305802782376607629e-01
9.482379953066507605e-01
9.376100301742553711e-01
9.341696699460347864e-01
9.397188623746236535e-01
9.332752823829650879e-01
9.376002947489420203e-01
9.266643722852071496e-01
9.333141843477884558e-01
9.306313991546630859e-01
9.301871061325073242e-01
9.343494375546773645e-01
9.311171968777974817e-01
9.351372917493184778e-01
9.356747269630432129e-01
9.356323679288228723e-01
9.319612383842468262e-01
9.273543755213419226e-01
9.391766587893167761e-01
9.434694051742553711e-01
9.362654487291971472e-01
9.254908363024393347e-01
9.434207479159036902e-01
9.262296954790750769e-01
9.437325199445089075e-01
9.370351632436116907e-01
9.428615371386209754e-01
9.368643760681152344e-01
9.353842933972676965e-01
9.316120346387227746e-01
9.273496270179748535e-01
9.264566103617349890e-01
9.345172246297200891e-01
9.164622426033020020e-01
9.362207452456156043e-01
9.435994227727254602e-01
9.413926005363464355e-01
9.325415094693502160e-01
9.390496015548706055e-01
9.266805847485860559e-01
9.334333936373392371e-01
9.260488947232564660e-01
9.405072728792825965e-01
9.397233128547668457e-01
9.276451667149862024e-01
9.392655889193216590e-01
9.291805426279703406e-01
9.367278615633646277e-01
9.322417974472045898e-01
9.366595149040222168e-01
9.211750427881876258e-01
9.286487698554992676e-01
9.278333981831868860e-01
9.340474804242452356e-01
9.356066981951395300e-01
9.182988802591959265e-01
9.367994268735250207e-01
9.295613169670104980e-01
9.327190915743509558e-01
9.305198391278585168e-01
9.253640572230020789e-01
9.340297182401021692e-01
9.299266139666239050e-01
9.177139997482299805e-01
9.472237825393676758e-01
9.296600222587585449e-01
9.285322626431783410e-01
9.313271641731262207e-01
9.287483493487039832e-01
9.367899298667907715e-01
9.236573974291483191e-01
9.324929714202880859e-01
9.323396682739257812e-01
9.284420212109883996e-01
9.362652103106180457e-01
9.214503963788350793e-01
9.344914555549621582e-01
9.422686894734700891e-01
9.390990138053894043e-01
9.314898649851480750e-01
9.261792500813802453e-01
9.340953826904296875e-01
9.205506046613057825e-01
9.364214340845743445e-01
9.282668232917785645e-01
9.312647779782613489e-01
9.235669374465942383e-01
9.223714073499044153e-01
9.385937650998433801e-01
9.240519603093465539e-01
9.325216412544250488e-01
9.319894512494405481e-01
9.224941730499267578e-01
9.285263021787008020e-01
9.267165859540303918e-01
9.372104803721109656e-01
9.324001868565877649e-01
9.332880775133768347e-01
9.296000599861145020e-01
9.253114461898803711e-01
9.282649159431457520e-01
9.262961745262145996e-01
9.265218178431192664e-01
9.235086441040039062e-01
9.276509881019592285e-01
9.152890841166178015e-01
9.385054707527160645e-01
9.248734116554260254e-01
9.341143965721130371e-01
9.374719063440958289e-01
9.321170846621195105e-01
9.482491413752237586e-01
9.222024480501810340e-01
9.223017096519470215e-01
9.290629625320434570e-01
9.224248925844827918e-01
9.359241724014282227e-01
9.326503078142801550e-01
9.254719614982604980e-01
9.285017848014831543e-01
9.353048006693521765e-01
9.311288992563883093e-01
9.321737090746561316e-01
9.272985657056173059e-01
9.278213580449422571e-01
9.197078943252563477e-01
9.355718294779459265e-01
9.204970796902974817e-01
9.207732876141866418e-01
9.430124759674072266e-01
9.317119121551513672e-01
9.244246681531270715e-01
9.281644821166992188e-01
9.380257924397786828e-01
9.362328847249349328e-01
9.240127007166544226e-01
9.313842654228210449e-01
9.315276543299356726e-01
9.267081816991170617e-01
9.402678410212198523e-01
9.254206617673238489e-01
9.393995404243469238e-01
9.281537135442098352e-01
9.391032854715982703e-01
9.393581151962280273e-01
9.243360360463460657e-01
9.323684573173522949e-01
9.348424275716146203e-01
9.179128408432006836e-01
9.295222759246826172e-01
9.268986781438192102e-01
9.240895708401998254e-01
9.280007481575012207e-01
9.300247629483541223e-01
9.256982207298278809e-01
9.297649860382080078e-01
9.330526789029439660e-01
9.316586454709371301e-01
9.169124762217203406e-01
9.257196585337320593e-01
9.333186944325765344e-01
9.260704318682352332e-01
9.305529793103536340e-01
9.286942481994628906e-01
9.275499383608499793e-01
9.320795337359110144e-01
9.217708110809326172e-01
9.277494748433431360e-01
9.278093576431274414e-01
9.243867993354797363e-01
9.226559003194173547e-01
9.311277866363525391e-01
9.347279071807861328e-01
9.356000026067098352e-01
9.334845542907714844e-01
9.233280817667642859e-01
9.349772930145263672e-01
9.365360538164774207e-01
9.225956002871195105e-01
9.368146856625875207e-01
9.330514470736185340e-01
9.277140498161315918e-01
9.248989621798197058e-01
9.294117490450540808e-01
9.289322296778360633e-01
9.286844333012899133e-01
9.231460293134053918e-01
9.380288521448770789e-01
9.190325538317362097e-01
9.343967239061991004e-01
9.222507278124491004e-01
9.305786291758219031e-01
9.293155471483866004e-01
9.217505057652791711e-01
9.317042628924051550e-01
9.310829043388366699e-01
9.217276175816854211e-01
9.262930552164713172e-01
9.201007485389709473e-01
9.286320805549621582e-01
9.253805677096048621e-01
9.203512469927469519e-01
9.311863780021667480e-01
9.299767613410949707e-01
9.232053955396016809e-01
9.390496412913004187e-01
9.284648299217224121e-01
9.244166215260823938e-01
9.378634889920552942e-01
9.228767752647399902e-01
9.173951546351114539e-01
9.326917727788289758e-01
9.462371071179708215e-01
9.163364569346109656e-01
9.248841007550557825e-01
9.375114043553670617e-01
9.259378115336099890e-01
9.284413456916809082e-01
9.343625108400980261e-01
9.167392651240030554e-01
9.286569952964782715e-01
9.371509154637654992e-01
9.352581699689229700e-01
9.217766722043355676e-01
9.297064940134683875e-01
9.237855474154154090e-01
9.307864705721536902e-01
9.301017522811889648e-01
9.198063015937805176e-01
9.137248198191324500e-01
9.227829376856485633e-01
9.296470085779825476e-01
9.283281366030374793e-01
9.337844451268514367e-01
9.295600652694702148e-01
9.203946590423583984e-01
9.298156897226969031e-01
9.302214384078979492e-01
9.226586421330770227e-01
9.262720346450805664e-01
9.392677346865335730e-01
9.332102338473001746e-01
9.371164242426553992e-01
9.386129975318908691e-01
9.371777176856994629e-01
9.269311428070068359e-01
9.335780938466390344e-01
9.382179776827493933e-01
9.358001351356506348e-01
9.311983585357666016e-01
9.277813633282979700e-01
9.347238739331563684e-01
9.317954182624816895e-01
9.294655323028564453e-01
9.376961588859558105e-01
9.419657985369364050e-01
9.435399174690246582e-01
9.430568416913350793e-01
9.389664729436238977e-01
9.234215219815572473e-01
9.347495635350545617e-01
9.363405307133992883e-01
9.332645336786905554e-01
9.250623981157938269e-01
9.404770930608113977e-01
9.335681597391763953e-01
9.398329854011535645e-01
9.248403708140054968e-01
9.385464588801065711e-01
9.303118189175924035e-01
9.308461944262186316e-01
9.263297319412231445e-01
9.374480446179708215e-01
9.342464208602905273e-01
9.351003567377725867e-01
9.286183913548787805e-01
9.291140635808309289e-01
9.281501173973083496e-01
9.311903317769368860e-01
9.371824463208516809e-01
9.340581099192301062e-01
9.370892246564229700e-01
9.299972454706827429e-01
9.286506175994873047e-01
9.275263349215189246e-01
9.274077415466308594e-01
9.337971011797586707e-01
9.359954595565795898e-01
9.213158090909322473e-01
9.242652455965677527e-01
9.284088412920633582e-01
9.358189105987548828e-01
9.309157729148864746e-01
9.244391719500223425e-01
9.272259672482808801e-01
9.361308614412943152e-01
9.265345732371012000e-01
9.322114189465841028e-01
9.311953981717427942e-01
9.344786008199056360e-01
9.365311861038208008e-01
9.313158194224039343e-01
9.341230988502502441e-01
9.491349657376607629e-01
9.217539032300313684e-01
9.289119640986124304e-01
9.315535624821981164e-01
9.241510828336080285e-01
9.291496276855468750e-01
9.373244841893514367e-01
9.361152648925781250e-01
9.407473007837930945e-01
9.212552905082702637e-01
9.340053598086038855e-01
9.330069025357564660e-01
9.322504997253417969e-01
9.323219259579976770e-01
9.262787699699401855e-01
9.235102931658426550e-01
9.389276901880899695e-01
9.336369633674621582e-01
9.352714419364929199e-01
9.320973753929138184e-01
9.272907972335815430e-01
9.338809251785278320e-01
9.260332385698953894e-01
9.304852286974588660e-01
9.247270623842874793e-01
9.316241542498270300e-01
9.232644836107889441e-01
9.364196856816610071e-01
9.292615056037902832e-01
9.203234513600667688e-01
9.304942289988199500e-01
9.279331763585408899e-01
9.496467113494873047e-01
9.351836840311685828e-01
9.173587560653686523e-01
9.379034042358398438e-01
9.317105611165364953e-01
9.307599862416585657e-01
9.369252324104309082e-01
9.360996087392171594e-01
9.166239897410074500e-01
9.350383877754211426e-01
9.289772510528564453e-01
9.389820496241251258e-01
9.285107056299845008e-01
9.262737631797790527e-01
9.322101473808288574e-01
9.346656203269958496e-01
9.333219925562540320e-01
9.347975254058837891e-01
9.311903913815816614e-01
9.390926957130432129e-01
9.316844145456949500e-01
9.393545587857564660e-01
9.336508115132650110e-01
9.281133015950521203e-01
9.300079743067423133e-01
9.319947560628255578e-01
9.298375844955444336e-01
9.411547780036926270e-01
9.288609027862548828e-01
9.358875155448913574e-01
9.305340647697448730e-01
9.349870880444844934e-01
9.372297525405883789e-01
9.302528699239095422e-01
9.315513173739115027e-01
9.271977146466573450e-01
9.329603513081868860e-01
9.384901722272237512e-01
9.263873895009359094e-01
9.357604781786600379e-01
9.324441750844320032e-01
9.366554021835327148e-01
9.327215751012166711e-01
9.349047541618347168e-01
9.400305946667989465e-01
9.343432585398355750e-01
9.323143760363260535e-01
9.296834866205850867e-01
9.432467619578043250e-01
9.389952421188354492e-01
9.306361873944600793e-01
9.354265332221984863e-01
9.325064619382222864e-01
9.304336905479431152e-01
9.358844955762227746e-01
9.295078714688619348e-01
9.385461409886678430e-01
9.315242171287536621e-01
9.414561589558919641e-01
9.242557883262634277e-01
9.274512529373168945e-01
9.366269906361898157e-01
9.340639511744180945e-01
9.287236730257669715e-01
9.348305463790893555e-01
9.192030429840087891e-01
9.289349317550659180e-01
9.328116575876871375e-01
9.285393357276916504e-01
9.260588486989339563e-01
9.372730652491251258e-01
9.276968240737915039e-01
9.319864312807718543e-01
9.357780019442240027e-01
9.304623405138651160e-01
9.350594282150268555e-01
9.508887728055318567e-01
9.313115676244100305e-01
9.307766159375508996e-01
9.319748878479003906e-01
9.360297918319702148e-01
9.311278859774271277e-01
9.278090397516886023e-01
9.285294214884439734e-01
9.341765840848287317e-01
9.332486192385355261e-01
9.415230949719747278e-01
9.326249162356058386e-01
9.333221515019735071e-01
9.273891051610311242e-01
9.347850879033406946e-01
9.221600294113159180e-01
9.254781206448873254e-01
9.359363913536071777e-01
9.260503848393758508e-01
9.279191891352335242e-01
9.387490749359130859e-01
9.323241909344991418e-01
9.268462061882019043e-01
9.342188040415445593e-01
9.353491862614949914e-01
9.303393959999084473e-01
9.391258557637532922e-01
9.220903317133585242e-01
9.417190949122110633e-01
9.468147158622741699e-01
9.215152661005655554e-01
9.378261367479959754e-01
9.332182010014852258e-01
9.354071418444315222e-01
9.373005032539367676e-01
9.287375211715698242e-01
9.366771777470906946e-01
9.416487415631612512e-01
9.358451962471008301e-01
9.219113985697428015e-01
9.318604469299316406e-01
9.459002216657003137e-01
9.364336530367532996e-01
9.400562445322672156e-01
9.349113106727600098e-01
9.430741667747497559e-01
9.393364191055297852e-01
9.288175304730733606e-01
9.392727414766947058e-01
9.355896115303039551e-01
9.342671434084574011e-01
9.276277621587117883e-01
9.312976400057474402e-01
9.336318373680114746e-01
9.396981795628865930e-01
9.210187594095865515e-01
9.362722436587015418e-01
9.318623940149942664e-01
9.390738407770792273e-01
9.337707161903381348e-01
9.254987835884094238e-01
9.243055780728658410e-01
9.387971560160318640e-01
9.433193802833557129e-01
9.315012494723001746e-01
9.420362710952758789e-01
9.369231065114339563e-01
9.133261839548746375e-01
9.389084180196126672e-01
9.259802103042602539e-01
9.409600496292114258e-01
9.324985941251119348e-01
9.322925408681234094e-01
9.294967254002889367e-01
9.303940137227376672e-01
9.513460795084635047e-01
9.368364810943603516e-01
9.401619434356689453e-01
9.316682020823160437e-01
9.377102255821228027e-01
9.417230089505513879e-01
9.317986170450845984e-01
9.271421035130819055e-01
9.339221715927124023e-01
9.365100065867105750e-01
9.286037087440490723e-01
9.239686131477355957e-01
9.374016523361206055e-01
9.303666551907857629e-01
9.237329165140787390e-01
9.389316638310750696e-01
9.284421404202779504e-01
9.363285899162292480e-01
9.344996611277262000e-01
9.300996859868367883e-01
9.356100757916768762e-01
9.343036015828450891e-01
9.390770395596822473e-01
9.466366569201151160e-01
9.363875389099121094e-01
9.340440233548482629e-01
9.325489799181619910e-01
9.507371187210083008e-01
9.354099233945211145e-01
9.334349830945333215e-01
9.282013972600301477e-01
9.233896931012471887e-01
9.297749400138854980e-01
9.325250983238220215e-01
9.314239223798116418e-01
9.391478300094604492e-01
9.323065876960754395e-01
9.333750804265340539e-01
9.353851675987243652e-01
9.350585341453552246e-01
9.381939172744750977e-01
9.455461502075195312e-01
9.390259782473245886e-01
9.324361085891723633e-01
9.361058076222738000e-01
9.357407887776693078e-01
9.351149201393127441e-01
9.304941296577453613e-01
9.387951294581095008e-01
9.340553283691406250e-01
9.276506900787353516e-01
9.275636672973632812e-01
9.374594291051229211e-01
9.249630769093831750e-01
9.338269233703613281e-01
9.231888055801391602e-01
9.312200943628946570e-01
9.303836425145467492e-01
9.205629428227742883e-01
9.324097633361816406e-01
9.386113286018371582e-01
9.391920169194539758e-01
9.364136060078939172e-01
9.383363922437032434e-01
9.420416553815206262e-01
9.370169043540954590e-01
9.224334160486856726e-01
9.430158734321594238e-01
9.331687291463216516e-01
9.342484871546427039e-01
9.353571732838948938e-01
9.314424991607666016e-01
9.307657877604166297e-01
9.340917865435282019e-01
9.366789062817891809e-01
9.365985592206319543e-01
9.383147557576497766e-01
9.263909856478372840e-01
9.368553360303243371e-01
9.354319572448730469e-01
9.379567503929138184e-01
9.375424981117248535e-01
9.346780975659688684e-01
9.283337791760762903e-01
9.379893143971761438e-01
9.427856604258219031e-01
9.446405768394470215e-01
9.368649323781331750e-01
9.342712163925170898e-01
9.319242040316263465e-01
9.270812273025512695e-01
9.419032335281372070e-01
9.421348571777343750e-01
9.354041020075479773e-01
9.286352197329202918e-01
9.427244265874227258e-01
9.295955300331115723e-01
9.455311099688211707e-01
9.303939342498779297e-01
9.333410064379373816e-01
9.276906450589498254e-01
9.420511325200399133e-01
9.367908438046773645e-01
9.406738281250000000e-01
9.376349250475565222e-01
9.293301105499267578e-01
9.425845742225646973e-01
9.301864703496297571e-01
9.381422599156697961e-01
9.450755715370178223e-01
9.285240769386291504e-01
9.383565386136373254e-01
9.329580863316854211e-01
9.370931585629781457e-01
9.407949646313985559e-01
9.366278648376464844e-01
9.278654853502908972e-01
9.371486504872640344e-01
9.340531428654988977e-01
9.363454580307006836e-01
9.295029441515604285e-01
9.395947257677713660e-01
9.321235617001851770e-01
9.390736420949300500e-01
9.388514359792073938e-01
9.348972241083780554e-01
9.340111613273620605e-01
9.235432942708333703e-01
9.250840743382772180e-01
9.303731918334960938e-01
9.395348827044168738e-01
9.283840854962667200e-01
9.363877177238464355e-01
9.367171724637349817e-01
9.368813037872314453e-01
9.371815919876098633e-01
9.420098463694254187e-01
9.464993675549825403e-01
9.422282973925272254e-01
9.367605050404866907e-01
9.407598574956258508e-01
9.307394623756408691e-01
9.395074446996053430e-01
9.317197004954019812e-01
9.464044570922851562e-01
9.350740114847818640e-01
9.397601683934529992e-01
9.306823611259460449e-01
9.318683743476867676e-01
9.424129923184713098e-01
9.354072213172912598e-01
9.367916782697042200e-01
9.335680603981018066e-01
9.340170820554097864e-01
9.421178897221883508e-01
9.297976295153299597e-01
9.333911339441934851e-01
9.458074371019998816e-01
9.447249174118041992e-01
9.451207319895426062e-01
9.422519207000732422e-01
9.349986910820007324e-01
9.228778481483459473e-01
9.324773152669271203e-01
9.365122318267822266e-01
9.405552546183267859e-01
9.375958045323690149e-01
9.317085146903991699e-01
9.283111492792764929e-01
9.424893657366434363e-01
9.445965886116027832e-01
9.394886295000711707e-01
9.404074152310689660e-01
9.380343357721964148e-01
9.259604612986246375e-01
9.419429302215576172e-01
9.393830895423889160e-01
9.304771224657694129e-01
9.393861293792724609e-01
9.315689007441202429e-01
9.314132134119669226e-01
9.305528402328491211e-01
9.325414697329202918e-01
9.328478972117105750e-01
9.331777890523275110e-01
9.284720222155252722e-01
9.368564883867899207e-01
9.428141117095947266e-01
9.385171135266622278e-01
9.370880325635274621e-01
9.288663069407144812e-01
9.459938804308573035e-01
9.462921222050985071e-01
9.321182370185852051e-01
9.252780675888061523e-01
9.381866653760274621e-01
9.398627877235412598e-01
9.407676060994466516e-01
9.371869762738546106e-01
9.352087378501892090e-01
9.348073800404866907e-01
9.292103846867879602e-01
9.338121811548868445e-01
9.273018042246500281e-01
9.352669517199198035e-01
9.439155062039693567e-01
9.363902211189270020e-01
9.305914640426635742e-01
9.331883986790975305e-01
9.407542745272318152e-01
9.295287926991780969e-01
9.410433570543924597e-01
9.400845964749654504e-01
9.396469990412393836e-01
9.425310492515563965e-01
9.349653919537862512e-01
9.364335139592488977e-01
9.356557726860046387e-01
9.370441039403279992e-01
9.449675480524698523e-01
9.317671060562133789e-01
9.280989964803060266e-01
9.399980306625366211e-01
9.403168360392252234e-01
9.474549690882364539e-01
9.416919350624084473e-01
9.457991719245910645e-01
9.366533557573953894e-01
9.390046795209249231e-01
9.420165220896402625e-01
9.433358907699584961e-01
9.415355523427327844e-01
9.334922631581624719e-01
9.348226586977640418e-01
9.294098615646362305e-01
9.537425438563028601e-01
9.395388762156168250e-01
9.304664929707845422e-01
9.319418271382650110e-01
9.311765631039937707e-01
9.357689420382181433e-01
9.407153526941934851e-01
9.413933356602987024e-01
9.293292760848999023e-01
9.331548213958740234e-01
9.415331482887268066e-01
9.436969955762227746e-01
9.396577676137288782e-01
9.285519520441690711e-01
9.283253550529479980e-01
9.266871015230814246e-01
9.288324316342672082e-01
9.356311957041422156e-01
9.409438371658325195e-01
9.371810952822366980e-01
9.330605069796243933e-01
9.361855387687683105e-01
9.366815288861592981e-01
9.424647291501363489e-01
9.374349117279052734e-01
9.392162561416625977e-01
9.325005213419595984e-01
9.309216936429342004e-01
9.327296614646911621e-01
9.406615495681762695e-01
9.334166049957275391e-01
9.308339953422546387e-01
9.352487325668334961e-01
9.341710607210794715e-01
9.262106418609619141e-01
9.244461059570312500e-01
9.384663701057434082e-01
9.350278774897257117e-01
9.301462968190511438e-01
9.360468586285909387e-01
9.329560796419779090e-01
9.446445703506469727e-01
9.356060028076171875e-01
9.344947934150695801e-01
9.463866353034973145e-01
9.322120348612467078e-01
9.277344544728597375e-01
9.336472948392232629e-01
9.391311605771383020e-01
9.385074973106384277e-01
9.436130324999491004e-01
9.285270571708679199e-01
9.519044160842895508e-01
9.390313227971395227e-01
9.416471123695373535e-01
9.299157460530599328e-01
9.419073661168416711e-01
9.336014191309610633e-01
9.291192690531412390e-01
9.390439788500467566e-01
9.359962940216064453e-01
9.376176198323568078e-01
9.434558153152465820e-01
9.403120676676431922e-01
9.328106443087259558e-01
9.438677430152893066e-01
9.265166918436685828e-01
9.338685472806295129e-01
9.379096627235412598e-01
9.413640697797139856e-01
9.327655037244161340e-01
9.335353374481201172e-01
9.358674089113870886e-01
9.233957926432291297e-01
9.333012501398721961e-01
9.345484574635823938e-01
9.335644443829854700e-01
9.231673280398050574e-01
9.471021691958109168e-01
9.345707098642984656e-01
9.404183030128479004e-01
9.386506875356038782e-01
9.347847700119018555e-01
9.345118006070455285e-01
9.414361715316772461e-01
9.361563920974731445e-01
9.480329155921936035e-01
9.463913440704345703e-01
9.291974902153015137e-01
9.370145996411641809e-01
9.418943325678507117e-01
9.453292489051818848e-01
9.411998589833577844e-01
9.259267846743265418e-01
9.373008807500203821e-01
9.394460519154866907e-01
9.410048723220825195e-01
9.279599785804748535e-01
9.390988945960998535e-01
9.357706507047017785e-01
9.425951441129049035e-01
9.298372069994608191e-01
9.400913516680399207e-01
9.355860948562622070e-01
9.408211708068847656e-01
9.358888268470764160e-01
9.328163266181945801e-01
9.315195282300313684e-01
9.461251099904378625e-01
9.295924504597982141e-01
9.373013575871785852e-01
9.448801477750142785e-01
9.399408102035522461e-01
9.315938949584960938e-01
9.261426925659179688e-01
9.432843923568725586e-01
9.288551807403564453e-01
9.391682545344034461e-01
9.404459794362386438e-01
9.429409702618917200e-01
9.240270654360452918e-01
9.411769509315490723e-01
9.380685289700826379e-01
9.308241009712219238e-01
9.312043984731038782e-01
9.335884650548299524e-01
9.366848071416219446e-01
9.403705199559529992e-01
9.393927057584127160e-01
9.406748811403909949e-01
9.462674657503763465e-01
9.425336917241414758e-01
9.330887794494628906e-01
9.448498487472534180e-01
9.378664294878641394e-01
9.340362946192423133e-01
9.334487318992614746e-01
9.359498620033264160e-01
9.393898447354634973e-01
9.432696700096130371e-01
9.344411691029866907e-01
9.354679584503173828e-01
9.337526957194010047e-01
9.356680711110433313e-01
9.286858042081197473e-01
9.391884803771972656e-01
9.394673109054565430e-01
9.423717061678568152e-01
9.400356610616048547e-01
9.368052681287130090e-01
9.265933632850646973e-01
9.305710196495056152e-01
9.320899446805318567e-01
9.312444527943929407e-01
9.289208253224691125e-01
9.307487408320108679e-01
9.401943286259969446e-01
9.270195166269937781e-01
9.389834801355997351e-01
9.384891788164774207e-01
9.366767406463623047e-01
9.339097142219543457e-01
9.381559888521829871e-01
9.293984770774841309e-01
9.256072044372558594e-01
9.316678841908773157e-01
9.426864186922708777e-01
9.369028210639953613e-01
9.346654415130615234e-01
9.348776936531066895e-01
9.404503901799520227e-01
9.427282611529032019e-01
9.333799878756204871e-01
9.344394604365030554e-01
9.289649327596029016e-01
9.302774071693420410e-01
9.272551933924356726e-01
9.356093009312947961e-01
9.312592347462972375e-01
9.340215921401977539e-01
9.359867970148721961e-01
9.302804867426553992e-01
9.274183511734008789e-01
9.472592075665792200e-01
9.358906149864196777e-01
9.275596539179483679e-01
9.315014878908792761e-01
9.342084328333536414e-01
9.460964202880859375e-01
9.403706391652425500e-01
9.384491443634033203e-01
9.475378394126892090e-01
9.294253985087076453e-01
9.330451091130574914e-01
9.442612926165262488e-01
9.266124963760375977e-01
9.372630318005880090e-01
9.316173791885375977e-01
9.358502825101217004e-01
9.361139933268228797e-01
9.327772061030069617e-01
9.402933915456136438e-01
9.391280810038248328e-01
9.384597142537435266e-01
9.352120955785115930e-01
9.323621392250061035e-01
9.377221465110778809e-01
9.373474915822347375e-01
9.247791767120361328e-01
9.515027006467183801e-01
9.321908354759216309e-01
9.417772293090820312e-01
9.372436006863912317e-01
9.322033325831095008e-01
9.364786942799886438e-01
9.326484799385070801e-01
9.416267077128092078e-01
