2.618837919086217880e+00
1.751197234727442265e+00
1.516586099751293659e+00
1.434038527309894562e+00
1.553103208076208830e+00
1.581922356039285660e+00
1.642528459895402193e+00
1.619592056609690189e+00
1.857287298887968063e+00
1.706261104904115200e+00
1.540571892168372869e+00
1.544165117200464010e+00
1.787715204060077667e+00
1.789948797784745693e+00
1.849645919166505337e+00
1.886313339229673147e+00
1.570810272358357906e+00
1.923666658811271191e+00
1.628062178846448660e+00
1.542299674823880196e+00
1.505552983377128839e+00
1.613611650653183460e+00
1.470538955647498369e+00
1.586465264204889536e+00
1.648168256040662527e+00
1.436977252364158630e+00
1.612239059060811996e+00
1.814377670176327229e+00
1.563566891942173243e+00
1.239809994120150805e+00
1.684742926154285669e+00
2.054447605274617672e+00
2.080422560684382915e+00
2.150130053982138634e+00
2.084978966973721981e+00
1.539862649980932474e+00
1.630336313042789698e+00
1.685803277418017387e+00
1.718580392654985189e+00
1.561960349325090647e+00
1.377974051982164383e+00
1.591773480176925659e+00
1.733360142447054386e+00
2.095590730663388968e+00
1.734842143952846527e+00
1.591958389617502689e+00
1.559741077944636345e+00
1.535289175342768431e+00
1.527429373003542423e+00
1.648184496909379959e+00
1.576832439750432968e+00
1.676288904622197151e+00
1.504887492861598730e+00
1.720873544923961163e+00
1.496122770942747593e+00
1.807776523288339376e+00
2.026657257229089737e+00
1.758642595726996660e+00
1.693097076844424009e+00
1.692987167742103338e+00
1.887775300070643425e+00
2.032024805899709463e+00
1.994908545166254044e+00
2.062693366780877113e+00
1.764211473055183887e+00
1.879133460111916065e+00
1.756800022907555103e+00
1.929917676839977503e+00
2.034191517159342766e+00
1.995889925863593817e+00
1.541361351031810045e+00
1.475791594013571739e+00
1.535874363966286182e+00
1.350584585219621658e+00
1.415305030997842550e+00
1.981964227743446827e+00
2.138333628885447979e+00
1.626189087051898241e+00
1.451156979892402887e+00
1.571649173740297556e+00
1.744884307961910963e+00
1.427544218022376299e+00
1.469052105210721493e+00
1.495692419819533825e+00
1.819754539057612419e+00
1.807167160790413618e+00
1.920035693794488907e+00
1.650673268828541040e+00
1.473029710818082094e+00
1.654212924186140299e+00
2.008382353931665421e+00
1.932047680020332336e+00
1.747842592187225819e+00
2.227997319772839546e+00
2.128395276144146919e+00
1.896582802291959524e+00
1.662425837013870478e+00
1.817070854362100363e+00
1.862774697132408619e+00
2.274622792843729258e+00
1.904818193055689335e+00
1.983226529788225889e+00
1.932259120047092438e+00
2.294482950121164322e+00
2.001441284082829952e+00
1.865312269888818264e+00
2.333011691924184561e+00
2.810429046861827374e+00
1.773570795543491840e+00
1.594780182931572199e+00
2.054551715962588787e+00
2.178729363251477480e+00
1.951036676764488220e+00
2.555522912181913853e+00
2.288411101326346397e+00
2.149419764056801796e+00
1.976402480155229568e+00
1.886762869078665972e+00
1.941714352928102016e+00
1.887203318998217583e+00
2.057426200248301029e+00
1.723450558260083199e+00
1.755815843120217323e+00
2.364738313946872950e+00
1.831620744895190001e+00
1.538771889172494411e+00
1.413240700028836727e+00
1.597485407255589962e+00
2.189611799083650112e+00
1.676006534136831760e+00
1.598479609936475754e+00
1.614037880208343267e+00
1.627025217749178410e+00
2.041673067957162857e+00
1.877924047876149416e+00
1.979719453956931829e+00
1.984306330792605877e+00
1.530985426623374224e+00
1.792226630728691816e+00
1.810003404971212149e+00
1.955404262058436871e+00
1.709752578753978014e+00
1.855414087884128094e+00
1.799723210744559765e+00
2.898587574716657400e+00
2.561024189926683903e+00
2.443870851770043373e+00
2.325644380878657103e+00
2.584071520715951920e+00
1.976154739968478680e+00
1.387131353840231895e+00
2.060813914053142071e+00
2.392284512985497713e+00
1.664435837883502245e+00
1.385929183103144169e+00
1.535032733343541622e+00
1.512529264204204082e+00
1.328851814847439528e+00
1.495297901332378387e+00
1.392236720770597458e+00
1.380662144627422094e+00
1.636958811897784472e+00
1.462174084968864918e+00
1.349600763991475105e+00
1.443562170024961233e+00
1.317168849054723978e+00
1.411798477638512850e+00
1.400071500800549984e+00
1.509986191056668758e+00
1.580180175136774778e+00
1.561818069778382778e+00
1.464435689151287079e+00
1.724626839160919189e+00
1.930907139088958502e+00
1.673738669604063034e+00
1.627902759704738855e+00
1.454446075018495321e+00
1.465979520697146654e+00
1.451055860612541437e+00
1.534900703001767397e+00
1.663958128076046705e+00
1.453386493027210236e+00
1.892788898199796677e+00
1.645443743094801903e+00
1.588136225938796997e+00
1.739135969430208206e+00
1.648662908002734184e+00
1.585023361258208752e+00
1.685153627302497625e+00
1.631626574788242579e+00
1.606613819953054190e+00
1.707547097001224756e+00
1.510678611230105162e+00
1.578704782761633396e+00
1.650270238984376192e+00
1.412617378868162632e+00
1.525306950788944960e+00
1.503911522217094898e+00
1.626034796703606844e+00
1.353592367842793465e+00
1.491478666197508574e+00
1.523887298069894314e+00
1.601774934679269791e+00
1.524548669811338186e+00
1.488851651083678007e+00
1.518265791703015566e+00
1.584667940158396959e+00
1.471613418776541948e+00
1.727576493285596371e+00
1.586233263835310936e+00
1.866064351052045822e+00
1.879679500125348568e+00
1.759232515934854746e+00
1.560613139066845179e+00
1.699989606160670519e+00
1.686046939343214035e+00
1.857643818948417902e+00
1.481344981584697962e+00
1.425149855669587851e+00
1.402949274983257055e+00
1.385885111987590790e+00
1.369937581010162830e+00
1.604326318018138409e+00
1.555345980916172266e+00
1.356562992092221975e+00
1.692467446904629469e+00
1.595025074202567339e+00
1.414752701763063669e+00
1.318799431901425123e+00
1.301393507979810238e+00
1.257111218757927418e+00
1.409980534110218287e+00
1.453240454196929932e+00
1.544551586732268333e+00
1.517745249904692173e+00
1.415165733080357313e+00
1.588570194784551859e+00
1.693161507137119770e+00
1.389680056367069483e+00
1.652002462185919285e+00
1.550598205067217350e+00
1.723680187948048115e+00
1.645496462937444448e+00
1.682108771987259388e+00
1.650773960631340742e+00
1.288066610228270292e+00
1.477419815957546234e+00
1.347920292057096958e+00
1.499950875993818045e+00
1.558129335287958384e+00
1.642331537790596485e+00
1.474754243157804012e+00
1.593278541695326567e+00
1.651514522265642881e+00
1.634679958224296570e+00
1.944549857173115015e+00
1.732263959944248199e+00
1.734772824216634035e+00
1.594758193008601665e+00
1.494171169120818377e+00
1.771586813963949680e+00
1.760947958100587130e+00
1.602848405018448830e+00
1.451584579888731241e+00
1.439881856087595224e+00
1.802243764046579599e+00
1.705543294083327055e+00
1.809247513767331839e+00
1.538935659918934107e+00
1.421473841182887554e+00
1.542878024280071259e+00
1.904885063879191875e+00
1.505915284156799316e+00
1.788273266982287169e+00
1.841288757044821978e+00
1.719488902948796749e+00
1.647694705054163933e+00
1.746629169676452875e+00
1.783340618014335632e+00
1.529183875769376755e+00
1.610525465104728937e+00
1.568342939019203186e+00
1.628292309120297432e+00
1.401835534721612930e+00
1.662430115975439548e+00
1.591066588647663593e+00
1.660455434117466211e+00
1.608341563027352095e+00
1.364412534050643444e+00
1.336262553930282593e+00
1.541692694183439016e+00
1.775672459043562412e+00
1.605142778251320124e+00
1.667459484189748764e+00
1.815052781254053116e+00
3.371865784749388695e+00
1.739049349911510944e+00
2.867902664002031088e+00
2.099987517111003399e+00
2.062323787249624729e+00
1.929710397031158209e+00
2.142482684925198555e+00
1.906621554866433144e+00
1.678679309319704771e+00
1.911190911196172237e+00
1.732777161058038473e+00
1.700435867067426443e+00
1.880005091428756714e+00
1.776536468882113695e+00
1.466151421889662743e+00
1.797605168074369431e+00
1.714322185609489679e+00
1.886817168910056353e+00
1.964948825072497129e+00
1.455294445622712374e+00
1.678936729207634926e+00
1.677423725835978985e+00
1.592553861904889345e+00
1.539110268931835890e+00
1.784302141051739454e+00
1.660933213308453560e+00
1.809580225963145494e+00
1.623995912726968527e+00
1.855110387317836285e+00
1.451954192016273737e+00
1.670704011339694262e+00
1.495665782131254673e+00
1.417551195714622736e+00
1.270935677923262119e+00
1.615362882148474455e+00
1.660167774185538292e+00
1.538076138123869896e+00
1.601030802819877863e+00
1.726762452628463507e+00
2.033772966824471951e+00
1.756181302946060896e+00
1.419116846751421690e+00
1.493859147652983665e+00
1.511143370997160673e+00
1.566300245933234692e+00
1.474715570919215679e+00
1.626027347054332495e+00
1.672758730128407478e+00
1.775087927002459764e+00
1.471881600096821785e+00
1.763277882244437933e+00
1.495512341149151325e+00
1.668047532904893160e+00
1.517950020730495453e+00
1.781007086392492056e+00
1.632781215012073517e+00
1.647301064804196358e+00
1.831101295072585344e+00
1.765849894843995571e+00
1.646375464741140604e+00
1.437142202164977789e+00
1.490900724194943905e+00
1.531280349940061569e+00
1.482821863144636154e+00
1.405001027975231409e+00
1.326369402930140495e+00
1.234934956766664982e+00
1.347482881043106318e+00
1.409131652675569057e+00
1.441741957794874907e+00
1.392359111923724413e+00
1.357735853176563978e+00
1.555861202068626881e+00
1.439206373877823353e+00
1.394258033949881792e+00
1.309245728887617588e+00
2.640686676837503910e+00
3.073220982216298580e+00
2.149905805010348558e+00
1.848593957722187042e+00
1.617974685039371252e+00
1.838267733808606863e+00
2.422973562963306904e+00
2.174993868917226791e+00
1.883316443767398596e+00
1.913335985969752073e+00
2.217823316343128681e+00
2.033723226748406887e+00
1.795849116984754801e+00
1.704181491862982512e+00
1.713712295051664114e+00
1.408322332892566919e+00
1.536685954779386520e+00
1.514314666856080294e+00
1.600870241876691580e+00
1.520776524674147367e+00
2.011636807117611170e+00
1.883474438916891813e+00
1.673940046224743128e+00
1.409939141012728214e+00
1.707938711158931255e+00
1.318941120989620686e+00
1.633683714084327221e+00
1.588619564194232225e+00
1.754654592834413052e+00
1.580716962926089764e+00
1.615531710907816887e+00
1.940048004966229200e+00
1.737567021045833826e+00
2.061102713923901320e+00
2.003054399043321609e+00
2.085305285174399614e+00
2.037608833052217960e+00
1.732578953728079796e+00
2.224343958776444197e+00
1.908063553739339113e+00
2.300607408862560987e+00
1.818468417041003704e+00
2.055869136936962605e+00
1.767528850119560957e+00
2.120489052031189203e+00
2.254136897623538971e+00
1.707873572129756212e+00
1.783185169100761414e+00
1.515694479923695326e+00
1.456451361067593098e+00
1.614888129290193319e+00
2.121495483908802271e+00
2.184398596175014973e+00
1.605587115976959467e+00
1.486597070936113596e+00
1.780659707728773355e+00
1.690659668296575546e+00
1.409188609104603529e+00
1.278446387033909559e+00
1.457219371572136879e+00
1.333902181126177311e+00
1.661898749880492687e+00
1.505095545202493668e+00
1.718010024167597294e+00
1.448679450899362564e+00
1.936386639717966318e+00
1.372155580669641495e+00
1.632081940770149231e+00
1.756345735862851143e+00
1.855129544157534838e+00
1.548083120957016945e+00
1.340449089184403419e+00
1.364972420968115330e+00
1.430687167216092348e+00
1.466769923921674490e+00
1.409108919091522694e+00
1.783880062401294708e+00
1.516993840225040913e+00
1.736891729757189751e+00
1.481058992911130190e+00
1.734073076397180557e+00
1.827132816892117262e+00
2.021830013953149319e+00
2.352991916704922915e+00
1.551958136726170778e+00
1.497570144943892956e+00
1.787846786435693502e+00
1.442329521756619215e+00
1.717863543890416622e+00
1.344430994242429733e+00
1.322067825123667717e+00
1.422975687775760889e+00
1.354694607201963663e+00
1.578731551766395569e+00
1.905326039064675570e+00
1.598434497602283955e+00
1.691736799664795399e+00
1.791330961044877768e+00
1.690528328064829111e+00
1.784970582928508520e+00
3.120789404958486557e+00
2.683797142002731562e+00
1.680341355036944151e+00
1.446322948206216097e+00
1.397835704032331705e+00
1.324553918093442917e+00
1.421762685291469097e+00
1.627327135764062405e+00
1.662140681408345699e+00
1.767923720180988312e+00
1.487755141686648130e+00
1.581915455870330334e+00
1.397431803867220879e+00
1.575232926290482283e+00
1.489303374197334051e+00
1.594737902283668518e+00
1.546616800129413605e+00
1.601519391406327486e+00
1.324526397977024317e+00
1.534130064304918051e+00
1.575274856295436621e+00
1.482746516354382038e+00
1.904987378977239132e+00
1.307220586109906435e+00
1.365768402349203825e+00
1.386581739876419306e+00
1.388693311717361212e+00
1.547895170748233795e+00
1.567199236713349819e+00
1.402066268958151340e+00
1.730205330997705460e+00
1.616918970830738544e+00
1.596954006236046553e+00
1.498111386317759752e+00
1.443996695335954428e+00
1.582705366890877485e+00
1.398297795094549656e+00
1.568062258418649435e+00
1.547668309882283211e+00
1.636865098960697651e+00
1.602980623953044415e+00
1.643536326009780169e+00
1.609985052607953548e+00
1.568368328269571066e+00
1.661633080802857876e+00
1.545130107086151838e+00
1.650867977179586887e+00
1.573545363731682301e+00
1.453354188241064548e+00
1.720944959204643965e+00
1.603080892935395241e+00
1.286550548858940601e+00
1.353029814083129168e+00
1.531421669293195009e+00
1.491526027210056782e+00
1.608191989827901125e+00
1.779762926045805216e+00
1.845512512139976025e+00
2.407973008695989847e+00
2.040053908247500658e+00
1.803068416193127632e+00
1.641184203792363405e+00
2.091484694276005030e+00
1.993472706992179155e+00
1.558016093913465738e+00
1.675216868985444307e+00
1.653359348885715008e+00
1.630006358958780766e+00
1.731964572798460722e+00
2.215202587191015482e+00
2.004649269860237837e+00
1.957122687716037035e+00
2.170985668897628784e+00
2.021943673957139254e+00
2.001668105833232403e+00
1.839908063877373934e+00
1.802217775955796242e+00
1.803717426024377346e+00
1.682105497922748327e+00
2.318809843156486750e+00
2.339538490399718285e+00
1.651608166284859180e+00
1.470286209136247635e+00
1.430997118353843689e+00
1.387776850722730160e+00
1.369701598305255175e+00
1.573380534071475267e+00
1.752765140961855650e+00
1.656350282952189445e+00
1.866571239661425352e+00
1.930114531889557838e+00
1.961565175093710423e+00
1.942305197939276695e+00
1.948080657050013542e+00
2.212314973119646311e+00
1.718667214736342430e+00
1.653287010267376900e+00
1.686323163099586964e+00
2.075855984352529049e+00
1.788028866052627563e+00
1.647571682929992676e+00
1.736990859266370535e+00
1.611237305216491222e+00
1.796656018123030663e+00
1.526680932845920324e+00
1.795729807112365961e+00
2.003729928750544786e+00
1.808257812634110451e+00
1.908900714945048094e+00
1.714267909992486238e+00
2.134507609996944666e+00
2.219188741873949766e+00
1.940209907013922930e+00
1.790045428089797497e+00
1.946364793926477432e+00
1.827200097031891346e+00
1.900519813876599073e+00
1.863139304798096418e+00
2.043993921950459480e+00
1.672761125024408102e+00
1.815152071882039309e+00
1.621659167110919952e+00
2.273031442891806364e+00
2.220889064017683268e+00
2.297307614237070084e+00
2.031949957367032766e+00
2.064176457934081554e+00
2.045004373881965876e+00
2.109645927790552378e+00
1.562892830930650234e+00
1.638893839903175831e+00
1.685495752841234207e+00
1.817846404854208231e+00
2.038693446200340986e+00
2.525463732890784740e+00
2.487439733929932117e+00
2.147710158955305815e+00
1.863760194741189480e+00
1.885611542966216803e+00
1.961323294322937727e+00
2.195716461166739464e+00
2.666760710068047047e+00
1.990125720854848623e+00
2.247906050179153681e+00
2.012087281327694654e+00
2.097691801842302084e+00
2.574994109105318785e+00
2.514618831221014261e+00
3.601493625901639462e+00
2.583157998975366354e+00
1.787187485955655575e+00
1.981272489298135042e+00
1.738241760991513729e+00
1.775867030024528503e+00
1.639506191946566105e+00
1.609977722167968750e+00
1.770430393982678652e+00
1.704967516940087080e+00
1.979287487920373678e+00
1.924278304912149906e+00
1.919662178959697485e+00
1.930055523291230202e+00
1.811191075947135687e+00
2.028430081903934479e+00
1.942797418683767319e+00
1.510202771984040737e+00
1.821305969264358282e+00
2.395994035061448812e+00
1.922436632681638002e+00
1.726658185943961143e+00
1.343598932959139347e+00
1.751785939093679190e+00
1.830421030987054110e+00
1.814852902200073004e+00
2.288630492985248566e+00
2.119896582327783108e+00
2.200708458200097084e+00
1.817424645181745291e+00
1.791633930988609791e+00
1.519221104215830564e+00
1.658537435811012983e+00
1.967015242204070091e+00
1.685082520823925734e+00
1.581182934809476137e+00
1.879379285965114832e+00
1.974843432195484638e+00
1.642609545029699802e+00
1.483381127007305622e+00
1.992167163640260696e+00
2.235689193941652775e+00
2.208975337911397219e+00
2.416392091196030378e+00
2.096709641627967358e+00
2.268693376332521439e+00
2.605735038872808218e+00
2.362852081190794706e+00
2.219165331684052944e+00
2.223400247283279896e+00
2.013666313141584396e+00
1.850403278134763241e+00
1.992272314615547657e+00
2.204671083018183708e+00
1.917677347082644701e+00
2.398035075981169939e+00
2.132191217038780451e+00
1.906175682321190834e+00
2.344145555980503559e+00
2.203829681966453791e+00
1.594953312072902918e+00
1.795660716947168112e+00
2.063900797627866268e+00
1.911127237137407064e+00
2.335984426084905863e+00
1.776109070051461458e+00
1.916536556091159582e+00
1.624324430711567402e+00
1.810854225885123014e+00
1.884225392248481512e+00
2.037987074814736843e+00
2.431480399798601866e+00
2.493940552230924368e+00
1.848169595003128052e+00
1.953232362866401672e+00
1.910326928365975618e+00
1.661168398801237345e+00
2.184180846903473139e+00
2.990401783958077431e+00
4.787574333138763905e+00
7.608311822637915611e+00
7.283772278111428022e+00
5.447369828354567289e+00
5.697856566403061152e+00
5.983344862237572670e+00
3.059054884128272533e+00
2.891308883205056190e+00
3.178587680216878653e+00
2.757639337796717882e+00
2.731960065197199583e+00
3.287807565182447433e+00
2.744960402138531208e+00
2.601499624084681273e+00
2.731213863007724285e+00
3.013619304168969393e+00
3.587195316795259714e+00
3.036588525865226984e+00
2.929848775267601013e+00
3.267973207868635654e+00
3.644172902218997478e+00
3.506778861861675978e+00
2.454774701036512852e+00
2.645694081671535969e+00
2.831671357154846191e+00
2.686661324929445982e+00
2.976720367092639208e+00
3.617367416154593229e+00
4.375584252178668976e+00
3.914155895821750164e+00
1.067667860025539994e+01
8.607398265041410923e+00
3.880289722234010696e+00
3.619481799192726612e+00
3.380253276322036982e+00
3.434423896949738264e+00
2.961588896811008453e+00
3.668420514091849327e+00
3.954000147990882397e+00
3.043087583966553211e+00
2.907429704908281565e+00
2.854939805809408426e+00
2.339946701191365719e+00
2.810466619208455086e+00
2.596352525986731052e+00
2.433785723056644201e+00
2.441688254009932280e+00
2.526415145955979824e+00
2.789176589809358120e+00
2.657815507147461176e+00
2.791595953051000834e+00
3.017585910856723785e+00
2.999455166049301624e+00
2.884538524784147739e+00
3.162673189770430326e+00
3.052595315966755152e+00
2.437224849127233028e+00
3.052095855120569468e+00
4.764229410793632269e+00
3.313009617384523153e+00
2.740968808066099882e+00
3.736908593680709600e+00
4.505617291200906038e+00
2.861584085039794445e+00
3.364508094731718302e+00
2.567838108632713556e+00
2.781248859129846096e+00
2.912067191209644079e+00
3.118724902160465717e+00
4.188497055787593126e+00
4.630209155846387148e+00
3.079500730615109205e+00
3.182097405195236206e+00
3.557938818819820881e+00
3.398118298966437578e+00
2.756305676884949207e+00
4.067617468070238829e+00
3.620219910982996225e+00
3.503116527106612921e+00
4.078617702238261700e+00
2.493222962133586407e+00
2.824317265767604113e+00
2.764720557723194361e+00
2.997092832811176777e+00
3.177681370172649622e+00
2.871041297446936369e+00
3.417624884750694036e+00
3.253440480213612318e+00
3.098881877027451992e+00
3.114280036184936762e+00
3.359419388696551323e+00
3.220908925868570805e+00
3.037326215766370296e+00
3.468845392111688852e+00
2.935185931157320738e+00
3.359310598112642765e+00
3.840252048801630735e+00
3.557736408896744251e+00
3.053730337880551815e+00
3.425210575107485056e+00
2.624884814023971558e+00
2.668436521198600531e+00
2.674727459903806448e+00
2.974323612637817860e+00
3.124126769602298737e+00
3.773563402239233255e+00
2.937689375132322311e+00
3.592474504373967648e+00
3.220982926897704601e+00
3.432718214113265276e+00
3.390435928013175726e+00
3.764194339048117399e+00
2.881337081082165241e+00
2.925341729074716568e+00
3.356192084029316902e+00
2.914855635724961758e+00
2.925405597779899836e+00
2.900713077280670404e+00
2.727137777954339981e+00
3.109074260108172894e+00
3.015460216905921698e+00
3.140029631089419127e+00
2.797437631059437990e+00
3.130477368365973234e+00
3.152171316090971231e+00
3.604586199857294559e+00
4.398720443248748779e+00
3.908276468981057405e+00
3.487157326191663742e+00
3.853951586876064539e+00
3.754002205561846495e+00
3.425613615196198225e+00
3.181403243914246559e+00
3.602834637742489576e+00
3.179707032162696123e+00
3.022907156031578779e+00
3.598578801844269037e+00
3.906478152144700289e+00
3.000119278207421303e+00
2.990221374668180943e+00
3.585741769988089800e+00
3.482111562043428421e+00
3.062779210973531008e+00
3.148450226057320833e+00
2.629408153705298901e+00
2.895099966786801815e+00
3.354302810970693827e+00
3.016519339755177498e+00
2.889911280013620853e+00
3.772381179034709930e+00
3.322134388145059347e+00
4.010908178053796291e+00
3.540079749189317226e+00
3.591317506972700357e+00
3.087808885145932436e+00
3.229531255085021257e+00
3.140358685981482267e+00
2.984696797095239162e+00
3.299539048224687576e+00
3.332917682826519012e+00
3.383226619102060795e+00
3.814417276065796614e+00
3.021359215956181288e+00
3.609396392013877630e+00
3.564278622157871723e+00
3.271962200757116079e+00
3.540585790295153856e+00
4.061914376914501190e+00
3.346689631231129169e+00
3.402865856420248747e+00
3.280424322932958603e+00
3.282685814891010523e+00
3.333818283863365650e+00
3.353097559884190559e+00
3.100870392750948668e+00
3.156507797073572874e+00
4.051414791960269213e+00
3.638934161979705095e+00
2.885727454908192158e+00
3.114428811240941286e+00
3.242543112020939589e+00
2.919952599797397852e+00
2.858623787760734558e+00
3.046021470800042152e+00
2.977981888223439455e+00
3.625355613883584738e+00
3.063635001890361309e+00
3.573658835142850876e+00
3.543879884295165539e+00
4.286303837317973375e+00
4.161490458995103836e+00
3.848452151287347078e+00
3.477794876322150230e+00
3.412977829109877348e+00
4.291082233190536499e+00
3.545039055868983269e+00
3.412315429188311100e+00
3.630600910168141127e+00
3.515063345897942781e+00
4.264651888050138950e+00
3.636865749023854733e+00
3.254778387956321239e+00
3.054968190845102072e+00
3.128770549781620502e+00
3.508913737721741199e+00
3.865821455139666796e+00
3.277455898001790047e+00
3.271818132139742374e+00
4.825330435764044523e+00
3.487896110396832228e+00
2.821276959031820297e+00
2.946363966912031174e+00
2.185988570097833872e+00
2.561193751171231270e+00
2.876089342869818211e+00
2.429595564957708120e+00
2.769960401114076376e+00
2.669946826994419098e+00
3.345382028724998236e+00
3.191867503803223372e+00
3.377159542869776487e+00
2.875895832199603319e+00
2.517595073208212852e+00
3.824711539782583714e+00
2.002918974962085485e+00
1.969101121183484793e+00
1.946240989025682211e+00
2.111562110949307680e+00
1.992273601237684488e+00
1.778304297011345625e+00
1.421647978015244007e+00
1.714573510922491550e+00
1.849698449950665236e+00
2.401773269753903151e+00
2.909704227000474930e+00
2.053201373200863600e+00
1.803922219667583704e+00
3.805999975185841322e+00
3.527442733291536570e+00
2.839774513151496649e+00
3.158357900101691484e+00
3.021376105956733227e+00
2.220544926822185516e+00
2.636093270964920521e+00
2.853900802321732044e+00
3.868046937044709921e+00
3.731318745296448469e+00
3.695643127895891666e+00
2.505801346618682146e+00
2.580166297033429146e+00
3.114746232051402330e+00
3.259628025349229574e+00
2.589860169216990471e+00
3.434032187797129154e+00
2.970678698737174273e+00
3.182348090689629316e+00
3.923996654804795980e+00
4.137969722039997578e+00
4.029799164272844791e+00
3.899875000119209290e+00
4.857772439718246460e+00
4.886180558707565069e+00
3.821910495869815350e+00
4.167116866912692785e+00
3.997221109922975302e+00
5.055822884663939476e+00
3.038813268765807152e+00
3.701720286160707474e+00
2.658958563115447760e+00
2.679990989621728659e+00
6.046095096971839666e+00
5.068022460676729679e+00
5.477428728248924017e+00
3.442872649058699608e+00
2.999768467154353857e+00
2.017493715044111013e+00
1.804619180038571358e+00
2.390745224896818399e+00
2.109705487731844187e+00
2.311479979194700718e+00
3.073434416204690933e+00
2.930629455018788576e+00
2.831997383385896683e+00
3.187977978959679604e+00
4.044055243022739887e+00
1.103274002997204661e+01
4.440865793265402317e+00
3.802283879835158587e+00
2.830945591907948256e+00
2.134602870792150497e+00
2.074107551947236061e+00
2.311892327852547169e+00
3.081444706767797470e+00
3.526911002118140459e+00
3.137420851271599531e+00
2.306752332951873541e+00
2.481247693765908480e+00
2.784465369302779436e+00
3.427711420226842165e+00
3.262593708001077175e+00
2.940600389149039984e+00
2.022977072745561600e+00
