8.776603579521179421e-01
6.034998834133148415e-01
5.264645069837570190e-01
4.788129568099975808e-01
4.116110801696777344e-01
3.307314962148666382e-01
2.216528668999671881e-01
1.469431862235069386e-01
1.429906457662582508e-01
1.372545942664146479e-01
1.348306030035018865e-01
1.328546062111854442e-01
1.341212600469589289e-01
1.341478735208511408e-01
1.334532514214515631e-01
1.357798233628272899e-01
1.390519693493842968e-01
1.386329680681228638e-01
1.317005187273025402e-01
1.331463456153869629e-01
1.313808083534240834e-01
1.312814161181449779e-01
1.310367852449417225e-01
1.302893891930580195e-01
1.295676983892917744e-01
1.284569352865219116e-01
1.283988125622272380e-01
1.312516845762729534e-01
1.285102158784866277e-01
1.288285128772258814e-01
1.276474975049495808e-01
1.273030646145343892e-01
1.250251941382884979e-01
1.253952920436859075e-01
1.247376643121242551e-01
1.274424560368060955e-01
1.274268075823783986e-01
1.259728215634822734e-01
1.249271981418132726e-01
1.315875828266143688e-01
1.293073281645774897e-01
1.263077013194560949e-01
1.257006622850894983e-01
1.279143653810024261e-01
1.279005177319049724e-01
1.266768969595432337e-01
1.289694383740425110e-01
1.296376459300518091e-01
1.277019925415515955e-01
1.252732664346694891e-01
1.247993268072605105e-01
1.258528888225555475e-01
1.260309256613254547e-01
1.261649869382381328e-01
1.255010485649108998e-01
1.259216815233230591e-01
1.283231951296329443e-01
1.315180256962776295e-01
1.292034126818180084e-01
1.276232592761516460e-01
1.265003994107246343e-01
1.267100863158702739e-01
1.261824332177639008e-01
1.253203056752681677e-01
1.258345589041710011e-01
1.253093846142291912e-01
1.265769921243190821e-01
1.247470080852508545e-01
1.244413524866104098e-01
1.240938365459442194e-01
1.270320631563663372e-01
1.292238101363182012e-01
1.258025608956813701e-01
1.245890624821186093e-01
1.241031594574451419e-01
1.247548803687095614e-01
1.276064582169055828e-01
1.272859327495098059e-01
1.252486713230610005e-01
1.238805890083312933e-01
1.238161779940128299e-01
1.264128461480140686e-01
1.247222781181335505e-01
1.246082596480846405e-01
1.265945099294185638e-01
1.265312127768993267e-01
1.249340876936912564e-01
1.252401709556579534e-01
1.253123670816421453e-01
1.286189965903759003e-01
1.286146678030490875e-01
1.254248417913913782e-01
1.260459102690219824e-01
1.253612771630287226e-01
1.276332430541515239e-01
1.257055871188640650e-01
1.251087419688701741e-01
1.308718390762805828e-01
1.271551862359046881e-01
1.271373793482780401e-01
1.276743352413177435e-01
1.310445234179496710e-01
1.286620594561100062e-01
1.268751256167888752e-01
1.283684499561786596e-01
1.243923112750053434e-01
1.245738580822944586e-01
1.246435083448886871e-01
1.237205579876899664e-01
1.239608988165855352e-01
1.245769977569580050e-01
1.242470979690551702e-01
1.270833775401115362e-01
1.251905716955661885e-01
1.251486189663410242e-01
1.238484770059585516e-01
1.270755968987941631e-01
1.253394290804862865e-01
1.246130153536796625e-01
1.251564450562000219e-01
1.257300041615962982e-01
1.255014605820178875e-01
1.250266641378402765e-01
1.249179214239120456e-01
1.256885103881359156e-01
1.248610794544219998e-01
1.265510827302932795e-01
1.258966729044914135e-01
1.254505038261413685e-01
1.244946241378784152e-01
1.248819835484027835e-01
1.259473316371440832e-01
1.288705855607986395e-01
1.265330523252487238e-01
1.249958790838718442e-01
1.244699701666831942e-01
1.257082559168338776e-01
1.251419357955455836e-01
1.266403973102569469e-01
1.254800908267497961e-01
1.255422711372375377e-01
1.279135711491107830e-01
1.263787284493446406e-01
1.264455653727054596e-01
1.270753853023052216e-01
1.249521702527999906e-01
1.256031855940818731e-01
1.250822052359580883e-01
1.253812767565250508e-01
1.247872464358806555e-01
1.266918890178203583e-01
1.244769088923931150e-01
1.264238722622394451e-01
1.241620667278766632e-01
1.256943508982658331e-01
1.270406171679496765e-01
1.257682189345359913e-01
1.273972541093826294e-01
1.247434802353382111e-01
1.249562613666057587e-01
1.260056763887405507e-01
1.242909304797649439e-01
1.250641845166683142e-01
1.242553815245628357e-01
1.236545577645301874e-01
1.243386119604110718e-01
1.241822585463523837e-01
1.248471170663833646e-01
1.237655177712440463e-01
1.251444824039936177e-01
1.242240086197853033e-01
1.240416571497917203e-01
1.231270998716354342e-01
1.240845099091529846e-01
1.245443969964981079e-01
1.268484435975551494e-01
1.258761636912822668e-01
1.251295849680900685e-01
1.247912041842937497e-01
1.235613234341144534e-01
1.238695912063121768e-01
1.228315651416778537e-01
1.239877484738826779e-01
1.237343892455100985e-01
1.252182051539421082e-01
1.245985135436058072e-01
1.249394252896308954e-01
1.254907451570033972e-01
1.245077028870582581e-01
1.261119954288005829e-01
1.257806971669196971e-01
1.242160417139530210e-01
1.243211552500724792e-01
1.230990551412105560e-01
1.246193774044513647e-01
1.242142096161842346e-01
1.256044894456863348e-01
1.241737827658653259e-01
1.241798967123031588e-01
1.241870991885662134e-01
1.239737771451473181e-01
1.233825974166393308e-01
1.256151355803012959e-01
1.280612714588642009e-01
1.253123410046100561e-01
1.269828125834465138e-01
1.291380457580089680e-01
1.263982713222503718e-01
1.262537501752376556e-01
1.261091068387031611e-01
1.241951502859592465e-01
1.252872548997402136e-01
1.250955291092395727e-01
1.250272631645202581e-01
1.263202548027038685e-01
1.273477293550968059e-01
1.259047880768776051e-01
1.256162010133266560e-01
1.235592924058437347e-01
1.243676163256168393e-01
1.252449624240398462e-01
1.256291560828685649e-01
1.242814362049102783e-01
1.226450949907302856e-01
1.255441449582576641e-01
1.238292738795280512e-01
1.239741615951061304e-01
1.268377311527729145e-01
1.252950593829154913e-01
1.248475767672061892e-01
1.247727669775486048e-01
1.236556164920330075e-01
1.230732001364231165e-01
1.242537386715412140e-01
1.239861354231834439e-01
1.240328915417194394e-01
1.231944486498832703e-01
1.250585578382015228e-01
1.261102646589279119e-01
1.256821632385253795e-01
1.240792386233806610e-01
1.247723609209060724e-01
1.237790502607822446e-01
1.240461535751819638e-01
1.252774737775325664e-01
1.239749401807785090e-01
1.238642565906047793e-01
1.256680816411971935e-01
1.262735694646835438e-01
1.263971626758575439e-01
1.239696808159351377e-01
1.250094704329967610e-01
1.245516583323478671e-01
1.225670114159584101e-01
1.242455832660198239e-01
1.242184467613696996e-01
1.240779243409633609e-01
1.238692805171012906e-01
1.249737255275249481e-01
1.247301369905471774e-01
1.242406681180000250e-01
1.250447504222393091e-01
1.273112326860427745e-01
1.258816540241241566e-01
1.251961201429367121e-01
1.246879309415817316e-01
1.265853360295295660e-01
1.305012673139572255e-01
1.271876111626625006e-01
1.242876179516315405e-01
1.242499299347400721e-01
1.259820722043514252e-01
1.255633264780044445e-01
1.241467803716659601e-01
1.250479511916637310e-01
1.254896990954876002e-01
1.292369395494460949e-01
1.297284692525863536e-01
1.291247114539146312e-01
1.243589811027050046e-01
1.253413133323192652e-01
1.240746006369590759e-01
1.245015092194080297e-01
1.243144914507865878e-01
1.252735190093517414e-01
1.275499619543552510e-01
1.242240957915782956e-01
1.233186773955821935e-01
1.237625010311603491e-01
1.225612588226795141e-01
1.239778198301792200e-01
1.227862067520618383e-01
1.236081063747405950e-01
1.225898727774620001e-01
1.234248705208301489e-01
1.237327009439468384e-01
1.247163459658622714e-01
1.255913808941841181e-01
1.251353904604911860e-01
1.264306783676147350e-01
1.242869943380355835e-01
1.236421070992946569e-01
1.229739479720592527e-01
1.251068614423274938e-01
1.234528444707393702e-01
1.233633235096931458e-01
1.227471768856048528e-01
1.237326532602310153e-01
1.228233456611633329e-01
1.227211326360702487e-01
1.246915139257907812e-01
1.247072160243987982e-01
1.261737883090972845e-01
1.247787736356258392e-01
1.255646534264087677e-01
1.237518645823001834e-01
1.238579198718070956e-01
1.234378442168235779e-01
1.230790510773658725e-01
1.228753961622714996e-01
1.241505689918994959e-01
1.229906886816024836e-01
1.242466352880001040e-01
1.258686415851116291e-01
1.244435407221317347e-01
1.248349659144878387e-01
1.228707976639270838e-01
1.233046308159828214e-01
1.232598930597305353e-01
1.238078117370605413e-01
1.247970581054687472e-01
1.237341091036796570e-01
1.244467690587043734e-01
1.232752047479152707e-01
1.236789241433143560e-01
1.245486013591289576e-01
1.243912890553474371e-01
1.229990266263484983e-01
1.229657523334026364e-01
1.226781688630580874e-01
1.224705807864665957e-01
1.221509277820587158e-01
1.239645488560199710e-01
1.225206926465034485e-01
1.231284879148006467e-01
1.236035570502281161e-01
1.240736745297908727e-01
1.254581518471241108e-01
1.232337318360805511e-01
1.236965812742710086e-01
1.267249599099159185e-01
1.256888858973979894e-01
1.247015602886676761e-01
1.247018784284591730e-01
1.230983413755893652e-01
1.239099659025669070e-01
1.228094965219497653e-01
1.242371022701263400e-01
1.239174425601959201e-01
1.223564356565475519e-01
1.245079845190048273e-01
1.254450254142284449e-01
1.231143690645694760e-01
1.248047091066837311e-01
1.229997105896472875e-01
1.231050454080104828e-01
1.235313884913921412e-01
1.239241361618041992e-01
1.264311634004116058e-01
1.256671875715255626e-01
1.236091457307338659e-01
1.247697614133358029e-01
1.237068578600883512e-01
1.239812113344669342e-01
1.249671004712581690e-01
1.230034410953521756e-01
1.236296065151691465e-01
1.229345843195915194e-01
1.235145643353462164e-01
1.237063683569431249e-01
1.237801820039749201e-01
1.236276969313621493e-01
1.234207905828952762e-01
1.229495681822299902e-01
1.221971184015274020e-01
1.232754141092300415e-01
1.229296669363975497e-01
1.239429354667663519e-01
1.255791626870632061e-01
1.230044394731521634e-01
1.235200077295303400e-01
1.252166166901588495e-01
1.280140541493892670e-01
1.276619404554367176e-01
1.242770053446292933e-01
1.256538324058055767e-01
1.229879252612590818e-01
1.231781050562858609e-01
1.235639050602912875e-01
1.246667206287384033e-01
1.230085745453834561e-01
1.237922959029674475e-01
1.232913382351398524e-01
1.231708280742168371e-01
1.235842674970626803e-01
1.235336981713771876e-01
1.230650506913661957e-01
1.217571273446083069e-01
1.242949381470680181e-01
1.242393970489501925e-01
1.230531595647335052e-01
1.236916758120059912e-01
1.232760898768901769e-01
1.222315616905689240e-01
1.258792184293270056e-01
1.242885902523994390e-01
1.230336919426918002e-01
1.233890391886234283e-01
1.226575829088687869e-01
1.235008500516414642e-01
1.236621841788291959e-01
1.222926981747150393e-01
1.225547745823860196e-01
1.229605451226234436e-01
1.243665844202041654e-01
1.236916258931159973e-01
1.235972896218299893e-01
1.232211679220199529e-01
1.220549151301384000e-01
1.223617203533649417e-01
1.220361173152923612e-01
1.246278889477252932e-01
1.229865156114101354e-01
1.236509196460247040e-01
1.228742472827434595e-01
1.224198281764984075e-01
1.237312346696853582e-01
1.235249653458595220e-01
1.220546834170818384e-01
1.227520585060119657e-01
1.228884838521480533e-01
1.226252734661102267e-01
1.226363584399223355e-01
1.236839815974235535e-01
1.234833180904388455e-01
1.266626812517643030e-01
1.230391308665275546e-01
1.232544302940368625e-01
1.238517053425312042e-01
1.236978039145469610e-01
1.226717881858348791e-01
1.226966783404350309e-01
1.221472486853599493e-01
1.222881533205509158e-01
1.224156737327575656e-01
1.221512243151664789e-01
1.226868957281112699e-01
1.222011506557464655e-01
1.223853558301925687e-01
1.231313429772853824e-01
1.233960874378681183e-01
1.247617214918136652e-01
1.223874032497405950e-01
1.235669486224651309e-01
1.220564723014831571e-01
1.237965792417526217e-01
1.231667794287204798e-01
1.233331412076950073e-01
1.233466982841491671e-01
1.226781778037548121e-01
1.246373660862445804e-01
1.235857747495174436e-01
1.230478644371032770e-01
1.235666066408157293e-01
1.232064366340637207e-01
1.231884039938449804e-01
1.228108249604702024e-01
1.224433802068233546e-01
1.233060337603092138e-01
1.254997670650482289e-01
1.254619881510734558e-01
1.251208491623401753e-01
1.233039908111095428e-01
1.230188809335231725e-01
1.248100519180297824e-01
1.242026157677173642e-01
1.241716243326664026e-01
1.274080380797386058e-01
1.267059862613678090e-01
1.267390117049217169e-01
1.238042987883090917e-01
1.247385635972022982e-01
1.223914958536624908e-01
1.220632821321487455e-01
1.218716047704219846e-01
1.219553962349891607e-01
1.233425632119178744e-01
1.228147543966770228e-01
1.233522415161132785e-01
1.219484426081180600e-01
1.233084678649902372e-01
1.228688821196556036e-01
1.232954867184162112e-01
1.225029222667217282e-01
1.244821779429912539e-01
1.236584059894084986e-01
1.233223132789134924e-01
1.230470612645149231e-01
1.216325074434280451e-01
1.233674712479114477e-01
1.233108103275299128e-01
1.242750324308872223e-01
1.230261005461215917e-01
1.227609515190124512e-01
1.254354447126388439e-01
1.229879871010780279e-01
1.222191087901592227e-01
1.219381362199783297e-01
1.227435104548931094e-01
1.215605951845645932e-01
1.218352325260639163e-01
1.222061224281787845e-01
1.226831786334514618e-01
1.232051961123943329e-01
1.229783743619918823e-01
1.234816499054431915e-01
1.229235887527465876e-01
1.238304980099201175e-01
1.238041967153549194e-01
1.231831260025501307e-01
1.216552272439002935e-01
1.231994926929473877e-01
1.231569647789001465e-01
1.233559265732765142e-01
1.235643386840820368e-01
1.232198961079120636e-01
1.217968434095382663e-01
1.249704033136367770e-01
1.231773748993873624e-01
1.232149660587310847e-01
1.232513241469860021e-01
1.226135231554508209e-01
1.231199428439140320e-01
1.224596552550792639e-01
1.235167838633060428e-01
1.232389956712722778e-01
1.224751584231853485e-01
1.220547892153263092e-01
1.251911446452140808e-01
1.231207422912120875e-01
1.231258563697338049e-01
1.223832406103610992e-01
1.239472813904285431e-01
1.227503582835197393e-01
1.222530998289585169e-01
1.219418004155159024e-01
1.223041802644729559e-01
1.220772616565227453e-01
1.231272660195827512e-01
1.228000015020370428e-01
1.224803246557712583e-01
1.241642862558364896e-01
1.234577298164367676e-01
1.247019663453102084e-01
1.215455926954746302e-01
1.229896500706672696e-01
1.223748303949832861e-01
1.213377796113491031e-01
1.229060158133506719e-01
1.235212631523609217e-01
1.228910647332668304e-01
1.227597400546073941e-01
1.221236422657966669e-01
1.218317158520221682e-01
1.230230182409286499e-01
1.216059476137161255e-01
1.222147852182388361e-01
1.238639369606971685e-01
1.242823839187622015e-01
1.238309741020202637e-01
1.236241221427917536e-01
1.242271497845649775e-01
1.244831860065460233e-01
1.224412791430950220e-01
1.216488815844058990e-01
1.222952038049697904e-01
1.223744861781597137e-01
1.218258567154407446e-01
1.226835295557975741e-01
1.218642272055149023e-01
1.214209020137786837e-01
1.216981008648872348e-01
1.216965027153491946e-01
1.217724882066249792e-01
1.224154986441135379e-01
1.225835487246513394e-01
1.219759449362754766e-01
1.221116840839386042e-01
1.225133240222930908e-01
1.225043572485446930e-01
1.230519592761993436e-01
1.226067729294300079e-01
1.223342150449752835e-01
1.218973353505134610e-01
1.227007806301116943e-01
1.222098246216773987e-01
1.230656288564205142e-01
1.226302146911621149e-01
1.235793106257915552e-01
1.224097192287445096e-01
1.214710511267185211e-01
1.225004144012928065e-01
1.215322472155094119e-01
1.224457159638404902e-01
1.218589209020137787e-01
1.213597044348716791e-01
1.219381429255008698e-01
1.222316607832908686e-01
1.226889304816722870e-01
1.225529864430427579e-01
1.229086764156818445e-01
1.233709044754505157e-01
1.223974443972110776e-01
1.218128547072410556e-01
1.223287649452686338e-01
1.223264001309871674e-01
1.228484682738781031e-01
1.234206691384315546e-01
1.227779850363731329e-01
1.227002896368503543e-01
1.224975436925888062e-01
1.230161137878894861e-01
1.229546442627906799e-01
1.219357639551162664e-01
1.223810657858848544e-01
1.220200486481189672e-01
1.240570753812789973e-01
1.226282559335231809e-01
1.221715472638607025e-01
1.221386998891830500e-01
1.223694279789924594e-01
1.224942341446876581e-01
1.226235151290893527e-01
1.236169405281543759e-01
1.223606891930103246e-01
1.247268751263618525e-01
1.225282251834869385e-01
1.226240441203117343e-01
1.224720232188701574e-01
1.228188872337341309e-01
1.223318696022033664e-01
1.232953287661075620e-01
1.219626605510711614e-01
1.226852566003799466e-01
1.221312381327152308e-01
1.232945717871189173e-01
1.214025139808654757e-01
1.219090849161148099e-01
1.229540735483169583e-01
1.225220337510108948e-01
1.219767779111862183e-01
1.217277966439724024e-01
1.223394379019737271e-01
1.221059672534465790e-01
1.214148826897144262e-01
1.222252704203128787e-01
1.224749431014060946e-01
1.227460652589797974e-01
1.217128403484821347e-01
1.231604292988777161e-01
1.220691576600074768e-01
1.227008573710918482e-01
1.234317526221275357e-01
1.221052385866641943e-01
1.222544454038143186e-01
1.227099947631359045e-01
1.233591891825199099e-01
1.228230223059654236e-01
1.223278574645519229e-01
1.222927600145339994e-01
1.223698534071445410e-01
1.233155742287635748e-01
1.221494153141975403e-01
1.221921749413013430e-01
1.235151194036006872e-01
1.226430617272853824e-01
1.220019146800041254e-01
1.223167687654495295e-01
1.213403612375259372e-01
1.225098304450511905e-01
1.222062647342681829e-01
1.222547300159931155e-01
1.220869481563568171e-01
1.226238548755645696e-01
1.222780458629131317e-01
1.218657210469245855e-01
1.227641895413398715e-01
1.234027706086635590e-01
1.227943502366542761e-01
1.223599940538406400e-01
1.217812843620777186e-01
1.216185465455055237e-01
1.225825592875480624e-01
1.232330724596977234e-01
1.212054021656513159e-01
1.218114033341407831e-01
1.220949314534664210e-01
1.219228051602840451e-01
1.215896591544151362e-01
1.220207691192626981e-01
1.222938619554042872e-01
1.221593044698238428e-01
1.216721288859844152e-01
1.234817057847976685e-01
1.217409439384937314e-01
1.224376559257507324e-01
1.222827166318893460e-01
1.222131483256816836e-01
1.213883243501186343e-01
1.221745915710926028e-01
1.214173920452594757e-01
1.217730700969696100e-01
1.230670295655727359e-01
1.221296563744544983e-01
1.213882625102996882e-01
1.221313811838626862e-01
1.233630776405334473e-01
1.218934588134288760e-01
1.218787379562854822e-01
1.223488181829452542e-01
1.221332162618637140e-01
1.218379512429237366e-01
1.230548724532127408e-01
1.216172322630882235e-01
1.219693429768085452e-01
1.217517636716365786e-01
1.219911374151706751e-01
1.217011347413063105e-01
1.225643284618854467e-01
1.239272363483905764e-01
1.237690567970275851e-01
1.217847980558872251e-01
1.227792270481586484e-01
1.237193435430526678e-01
1.219509124755859403e-01
1.225039131939411191e-01
1.222464226186275454e-01
1.218725480139255524e-01
1.223020769655704526e-01
1.214806444942951175e-01
1.217322394251823398e-01
1.215692453086376218e-01
1.227370113134384211e-01
1.215824626386165647e-01
1.226324386894702967e-01
1.212760493159294184e-01
1.213840343058109339e-01
1.221473142504692078e-01
1.217930316925048828e-01
1.220720030367374448e-01
1.216496117413043976e-01
1.229075849056243952e-01
1.224679619073867770e-01
1.224896036088466700e-01
1.216401591897010859e-01
1.223839990794658716e-01
1.214577272534370367e-01
1.222423195838928250e-01
1.229835741221904782e-01
1.224642530083656367e-01
1.215989485383033725e-01
1.212090618908405332e-01
1.227960735559463501e-01
1.224878884851932498e-01
1.217298977077007349e-01
1.234874524176120814e-01
1.211435109376907404e-01
1.222084656357765170e-01
1.232833124697208377e-01
1.223487354815006312e-01
1.223552227020263672e-01
1.221640050411224310e-01
1.219231069087982205e-01
1.218181081116199438e-01
1.224397644400596619e-01
1.217660047113895416e-01
1.225371725857257871e-01
1.209988735616207151e-01
1.224496863782405798e-01
1.218439824879169464e-01
1.222607448697090177e-01
1.223563566803932134e-01
1.218511119484901456e-01
1.220923371613025638e-01
1.211642377078533117e-01
1.232419081032276181e-01
1.228276699781417902e-01
1.220949791371822302e-01
1.215193867683410645e-01
1.217146649956703242e-01
1.218351922929286901e-01
1.214724183082580566e-01
1.212361507117748205e-01
1.210757836699485751e-01
1.219097919762134608e-01
1.217769041657447843e-01
1.219766542315483121e-01
1.215797908604145106e-01
1.231168299913406317e-01
1.219230219721794128e-01
1.226467482745647458e-01
1.218842655420303289e-01
1.215540982782840757e-01
1.226807869970798492e-01
1.223343066871166174e-01
1.218386165797710474e-01
1.218618974089622498e-01
1.212697401642799377e-01
1.212761923670768738e-01
1.215154066681861933e-01
1.221751675009727506e-01
1.221263669431209564e-01
1.213252864778041895e-01
1.223375745117664393e-01
1.215429753065109253e-01
1.219647042453289032e-01
1.219409696757793454e-01
1.221892751753330258e-01
1.216639198362827329e-01
1.220958508551120703e-01
1.220123097300529480e-01
1.232052817940711975e-01
1.219520576298236819e-01
1.218038178980350439e-01
1.217061564326286371e-01
1.219429381191730472e-01
1.212886117398738889e-01
1.215105526149272974e-01
1.220918618142604883e-01
1.221469342708587646e-01
1.212317779660224970e-01
1.221297279000282260e-01
1.212879076600074796e-01
1.216425366699695615e-01
1.216217316687107086e-01
1.220130719244480189e-01
1.221120297908782903e-01
1.220961585640907288e-01
1.215169608592987088e-01
1.224628366529941503e-01
1.218752220273017911e-01
1.220881469547748510e-01
1.219225347042083712e-01
1.213190354406833704e-01
1.215096466243267004e-01
1.221286162734031705e-01
1.224262021481990759e-01
1.214753836393356323e-01
1.239452064037322998e-01
1.220766350626945468e-01
1.227974243462085779e-01
1.211869820952415494e-01
1.219489686191082001e-01
1.219566218554973547e-01
1.216531425714492826e-01
1.218565449118614169e-01
1.212683171033859253e-01
1.210416272282600347e-01
1.217665657401084955e-01
1.212662674486637143e-01
1.212787307798862402e-01
1.219299376010894720e-01
1.221972733736038236e-01
1.232662208378314944e-01
1.217215947806835202e-01
1.218480691313743591e-01
1.213490433990955381e-01
1.213596552610397283e-01
1.213931888341903687e-01
1.221790932118892725e-01
1.236965283751487732e-01
1.224365748465061215e-01
1.218488365411758423e-01
1.214924335479736356e-01
1.214787714183330480e-01
1.215079262852668818e-01
1.218910135328769712e-01
1.222441479563713129e-01
1.216904193162918063e-01
1.216046825051307623e-01
1.218367040157318087e-01
1.220518246293067904e-01
1.212794572114944402e-01
1.218569159507751493e-01
1.224033869802951813e-01
1.221552379429340363e-01
1.214040480554103851e-01
1.223796673119068174e-01
1.221299439668655368e-01
1.216938339173793820e-01
1.229684323072433444e-01
1.220058694481849643e-01
1.220852352678775815e-01
1.215942800045013428e-01
1.218913927674293574e-01
1.218529038131237058e-01
1.224829040467739077e-01
1.225496605038642883e-01
1.218119144439697293e-01
1.213526673614978846e-01
1.215263888239860590e-01
1.213220514357089969e-01
1.219538658857345637e-01
1.218433290719986017e-01
1.222055874764919337e-01
1.216664880514144870e-01
1.217595346271991702e-01
1.210828587412834112e-01
1.216147087514400510e-01
1.234671652317047147e-01
1.215458855032920810e-01
1.219933696091175107e-01
1.220739431679248865e-01
1.221368387341499329e-01
1.222076863050460815e-01
1.222771227359771701e-01
1.221210852265357943e-01
1.221862435340881348e-01
1.213223457336425753e-01
1.217830210924148587e-01
1.212379023432731684e-01
1.221448190510272952e-01
1.213203944265842382e-01
1.222544588148593847e-01
1.213538482785224970e-01
1.219279393553733826e-01
1.210279159247875241e-01
1.221347987651824896e-01
1.221096783876419040e-01
1.210526987910270635e-01
1.212449423968791906e-01
1.211718894541263525e-01
1.213753491640090915e-01
1.210570521652698517e-01
1.223094105720519964e-01
1.218156397342681913e-01
1.218059472739696503e-01
1.218956343829631778e-01
1.216382935643196134e-01
1.217857562005519867e-01
1.211969017982482966e-01
1.215505458414554568e-01
1.220144137740135221e-01
1.217964552342891693e-01
1.234032876789569882e-01
1.216676473617553655e-01
1.221472553908824893e-01
1.218114770948886816e-01
1.212180621922016172e-01
1.217639498412609045e-01
1.218338683247566223e-01
1.225275173783302307e-01
1.211734823882579803e-01
1.215230882167816218e-01
1.218594036996364649e-01
1.212805859744548742e-01
1.219814769923686926e-01
1.223045699298381805e-01
1.221060819923877744e-01
1.216182902455329867e-01
1.219494082033634186e-01
1.220992401242256137e-01
1.227114796638488770e-01
1.218827180564403534e-01
1.245237715542316381e-01
1.219003520905971583e-01
1.221663333475589697e-01
1.228728011250495855e-01
1.211222477257251767e-01
1.226963773369789124e-01
1.221958383917808588e-01
1.220963500440120642e-01
1.220061711966991397e-01
1.215487994253635351e-01
1.225395962595939581e-01
1.216926984488964081e-01
1.214325472712516757e-01
1.221068136394023868e-01
1.216201111674308777e-01
1.217590719461441040e-01
1.218815453350543948e-01
1.223960243165493067e-01
1.214459456503391294e-01
1.214137159287929507e-01
1.216794580221176175e-01
1.213403001427650479e-01
1.224357441067695645e-01
1.211898840963840512e-01
1.219988830387592343e-01
1.217356421053409632e-01
