9.096183681488037465e+00
7.337682962417602539e+00
6.002768850326537731e+00
4.877311420440674006e+00
3.643842172622680842e+00
2.384946811199188055e+00
1.235039961338043168e+00
5.304137080907821433e-01
2.965759545564651267e-01
2.197318121790886036e-01
1.848923519253730663e-01
1.790562599897384533e-01
1.754637271165847834e-01
1.705855876207351685e-01
1.711021676659583990e-01
1.648992553353309520e-01
1.580315500497818104e-01
1.533640488982200567e-01
1.628255665302276722e-01
1.603036552667617687e-01
1.599404036998748890e-01
1.532881900668144337e-01
1.499045625329017695e-01
1.471292719244957081e-01
1.547419577836990356e-01
1.508008599281311091e-01
1.518680676817893982e-01
1.484323292970657349e-01
1.484577044844627436e-01
1.447960212826728821e-01
1.429534479975700378e-01
1.426508948206901550e-01
1.430040031671523937e-01
1.450242280960082897e-01
1.389462605118751415e-01
1.418535351753234808e-01
1.401313006877899225e-01
1.363171979784965626e-01
1.364639416337013189e-01
1.381198719143867382e-01
1.370199151337146704e-01
1.378608971834182628e-01
1.345827206969261169e-01
1.384349718689918407e-01
1.321239829063415583e-01
1.322998978197574560e-01
1.314108230173587910e-01
1.346485704183578436e-01
1.371026605367660633e-01
1.354526832699775585e-01
1.323100954294204601e-01
1.283789187669754084e-01
1.270856581628322657e-01
1.274549588561058044e-01
1.268408492207527272e-01
1.281486079096794128e-01
1.329317338764667566e-01
1.273256666958332006e-01
1.250513978302478790e-01
1.266573943197727148e-01
1.241840399801731054e-01
1.246590979397296933e-01
1.233710356056690188e-01
1.251226976513862554e-01
1.227216854691505488e-01
1.227815382182598086e-01
1.207385681569576319e-01
1.246393539011478452e-01
1.206249646842479650e-01
1.202940724790096255e-01
1.230331994593143463e-01
1.226698167622089358e-01
1.209948278963565854e-01
1.212979637086391421e-01
1.189102254807949122e-01
1.252261020243167766e-01
1.204355403780937167e-01
1.247536987066268921e-01
1.188669040799140986e-01
1.189877666532993261e-01
1.181440345942974118e-01
1.172227047383785220e-01
1.205177202820777865e-01
1.217154152691364288e-01
1.258626841008663177e-01
1.220575928688049372e-01
1.203579358756542150e-01
1.255586050450801794e-01
1.210922040045261383e-01
1.177750304341316223e-01
1.171664126217365209e-01
1.158522076904773684e-01
1.185727737843990381e-01
1.196512266993522700e-01
1.158579319715499906e-01
1.166538238525390569e-01
1.187902621924877139e-01
1.170355744659900693e-01
1.135765723884105682e-01
1.136260859668254825e-01
1.133273430168628693e-01
1.122985176742076902e-01
1.129037544131279019e-01
1.152469858527183505e-01
1.130673833191394861e-01
1.124186821281909915e-01
1.119136951863765744e-01
1.158886089920997675e-01
1.114787511527538244e-01
1.121952854096889551e-01
1.100424237549304934e-01
1.127967052161693573e-01
1.098713018000125885e-01
1.084947884082794189e-01
1.087643541395664215e-01
1.127483665943145724e-01
1.096447668969631195e-01
1.110406070947647095e-01
1.086641922593116760e-01
1.165670663118362482e-01
1.156858436763286563e-01
1.163919545710086767e-01
1.137882232666015681e-01
1.114873148500919314e-01
1.149117797613143921e-01
1.097843714058399228e-01
1.112840183079242679e-01
1.125493451952934293e-01
1.104324616491794558e-01
1.097241677343845367e-01
1.101556114852428464e-01
1.081961594521999304e-01
1.077784098684787806e-01
1.100251629948616056e-01
1.089189894497394617e-01
1.072125233709812220e-01
1.077486954629421206e-01
1.060839600861072513e-01
1.095576234161853846e-01
1.082488842308521326e-01
1.091903500258922521e-01
1.083850093185901586e-01
1.072832524776458768e-01
1.071978658437728882e-01
1.051889352500438718e-01
1.038986235857009832e-01
1.042997300624847468e-01
1.093914650380611447e-01
1.078015565872192383e-01
1.057185620069503729e-01
1.048390798270702334e-01
1.042615011334419306e-01
1.058061763644218417e-01
1.037833191454410608e-01
1.035255625844001826e-01
1.046895883977413122e-01
1.054252065718173925e-01
1.050551265478134183e-01
1.065761886537075070e-01
1.059871643781662015e-01
1.079781733453273745e-01
1.047002524137496948e-01
1.038920432329177856e-01
1.012906119227409418e-01
1.067745544016361209e-01
1.040475919842720059e-01
1.029559649527072851e-01
1.064492709934711512e-01
1.074383065104484586e-01
1.019859232008457212e-01
1.056782849133014734e-01
1.019862823188304873e-01
1.003231562674045535e-01
1.012268856167793246e-01
1.031812787055969294e-01
1.023628979921340915e-01
9.987723454833030701e-02
1.007003031671047238e-01
1.005299545824527713e-01
1.024628750979900416e-01
1.012141518294811249e-01
1.008728533983230535e-01
1.000309690833091764e-01
1.002400882542133359e-01
9.940400794148444852e-02
9.987419992685317438e-02
9.956228211522102911e-02
1.020974449813365909e-01
1.022306866943836212e-01
1.046874724328517858e-01
1.025726258754730280e-01
9.973731860518456060e-02
9.914686828851700107e-02
9.735894948244094849e-02
9.710299223661422729e-02
9.864418804645538885e-02
9.792252331972121915e-02
9.808413684368133545e-02
1.040275223553180639e-01
1.017532162368297577e-01
1.075403444468975012e-01
1.035938136279583033e-01
9.841460585594177801e-02
9.850825816392898282e-02
9.821170046925545294e-02
9.798525795340537470e-02
9.836679473519324701e-02
9.664007499814034063e-02
9.806122779846190851e-02
9.722789227962494452e-02
9.651292413473129550e-02
9.627438783645629605e-02
9.630796834826468866e-02
1.028232865035533933e-01
9.877701625227927607e-02
9.690138995647430697e-02
1.009493216872215243e-01
9.675417020916939059e-02
9.987251088023185730e-02
9.641282111406326849e-02
9.690973982214927396e-02
9.878978356719017584e-02
9.702260643243790228e-02
9.402430057525634766e-02
9.468972012400626859e-02
9.662032350897789557e-02
9.567955285310744684e-02
9.386505112051964084e-02
9.566331654787063599e-02
9.544012323021888733e-02
9.764260277152062018e-02
9.842622801661490839e-02
9.468451216816901883e-02
9.597163647413253784e-02
9.778896719217300415e-02
9.469623118638992310e-02
9.652182757854461947e-02
9.473303705453872681e-02
9.420764595270156305e-02
9.609340503811836243e-02
9.698601365089416781e-02
9.603219777345657626e-02
9.233207255601882935e-02
9.427960216999053955e-02
9.266462922096252441e-02
9.236306473612784784e-02
9.489106312394142428e-02
9.531932249665260592e-02
9.291859120130538385e-02
9.393145591020583829e-02
9.438669383525848111e-02
9.564317911863326471e-02
9.560825303196907043e-02
9.220014289021491449e-02
9.076757133007049005e-02
9.097914844751357755e-02
9.209743812680244723e-02
9.554433599114417475e-02
9.092908129096030634e-02
9.156670793890953064e-02
9.048016592860222418e-02
9.283350259065628607e-02
9.226568713784218112e-02
9.338247030973434448e-02
9.188191071152687628e-02
8.989452645182609281e-02
9.089271649718284884e-02
9.065084829926491061e-02
9.449934139847755710e-02
9.407141506671905240e-02
9.372442066669464666e-02
9.277973175048828680e-02
9.147933647036551874e-02
9.073293060064316351e-02
9.044313654303551275e-02
8.892764449119568149e-02
9.058450981974601468e-02
8.999194875359535495e-02
9.163937270641327182e-02
9.193539023399352472e-02
9.124693647027015686e-02
9.522223696112633307e-02
9.159678667783736905e-02
9.105698987841606695e-02
9.055858626961707514e-02
9.246962144970893860e-02
8.893046528100967407e-02
8.959088847041130066e-02
8.808903396129608154e-02
8.791256770491599759e-02
9.185709431767463684e-02
9.297596961259842197e-02
8.900656402111054022e-02
8.804827108979225436e-02
8.883485272526740750e-02
8.794368058443069458e-02
9.201570227742195129e-02
8.946312963962554932e-02
8.952827379107475281e-02
8.703641071915627081e-02
8.846440017223358709e-02
8.641293123364449102e-02
8.802205547690392096e-02
8.997656330466270724e-02
8.839384689927101690e-02
8.648559376597404758e-02
8.779525607824326117e-02
8.953312113881110867e-02
8.861638009548186701e-02
8.828813508152962009e-02
8.584951013326644342e-02
8.709866032004356939e-02
8.661089017987251559e-02
8.570740520954131525e-02
9.465722218155861456e-02
8.981377333402633389e-02
9.066574573516845981e-02
8.849583640694617948e-02
8.938497900962830145e-02
8.702559471130370816e-02
8.920086771249771673e-02
8.812813460826873779e-02
8.701101988554001132e-02
8.986771032214165011e-02
8.561879470944404324e-02
8.683559149503708441e-02
8.758861646056174954e-02
8.732942491769790649e-02
8.782326951622962397e-02
8.952701091766357422e-02
8.742831870913506109e-02
8.943240493535994928e-02
8.692392706871032715e-02
8.844059854745864313e-02
8.672980070114136297e-02
8.509295806288719177e-02
8.990311697125434598e-02
8.523072674870491028e-02
8.527976125478745062e-02
8.639331609010696134e-02
8.538766875863075534e-02
8.471093997359276095e-02
8.531900420784950534e-02
8.458595424890517911e-02
8.722789585590362549e-02
8.624251112341881076e-02
8.376601710915565491e-02
8.492882549762725830e-02
8.758510425686835688e-02
8.570911213755608160e-02
8.483902513980864923e-02
9.147512316703795832e-02
8.450966104865073603e-02
8.483637720346451361e-02
8.374031335115432462e-02
8.477699831128120145e-02
8.341292738914489469e-02
8.407167345285415649e-02
8.315001800656318665e-02
8.616363778710364740e-02
8.295844048261642734e-02
8.465779721736907404e-02
8.333417251706123907e-02
8.563100472092628757e-02
8.540648967027664185e-02
8.400066643953323087e-02
8.449010178446769714e-02
8.270564079284667414e-02
8.467080146074294766e-02
8.655291274189949591e-02
8.656598925590515414e-02
8.334151953458786288e-02
8.265605121850967685e-02
8.368736952543258389e-02
8.617361113429070074e-02
8.897091448307037354e-02
8.342149034142494479e-02
8.364101201295852384e-02
8.539029508829117099e-02
8.605228587985039312e-02
8.575793057680129727e-02
8.825095593929291327e-02
8.209895268082618991e-02
8.467185273766517084e-02
8.625990301370620172e-02
8.215333521366119385e-02
8.294188082218170721e-02
8.570489957928657809e-02
8.417398110032081604e-02
8.202199190855026523e-02
8.326280266046523493e-02
8.970293998718262274e-02
8.451695889234542292e-02
8.286799639463424128e-02
8.922711759805679321e-02
8.558565229177475531e-02
8.800149783492088040e-02
8.239779397845267694e-02
8.377998024225234708e-02
8.568825051188469488e-02
8.465864658355712336e-02
8.365191891789436340e-02
8.307998701930045804e-02
8.346047550439834872e-02
8.206964805722236078e-02
8.136925995349883478e-02
8.466783240437507352e-02
8.493328690528870184e-02
8.244825452566147128e-02
8.120773360133171082e-02
8.420076966285705566e-02
8.261276111006736478e-02
8.190284371376037320e-02
8.249430730938911438e-02
8.248565718531608582e-02
8.114175498485565186e-02
8.267832621932029447e-02
8.397681042551993769e-02
8.209282644093036929e-02
8.507776707410812100e-02
8.611620068550110418e-02
8.160460665822029391e-02
8.159537538886070529e-02
8.231852725148200434e-02
8.074008747935294827e-02
8.110768944025040228e-02
8.188792467117309015e-02
8.040165230631828031e-02
8.191467151045798978e-02
8.452471047639846524e-02
8.095479309558868686e-02
8.171673864126205444e-02
8.346671164035797397e-02
8.211325556039809903e-02
8.053248077630996427e-02
8.252286314964293878e-02
8.220442458987235745e-02
8.209976479411125461e-02
8.040759786963462552e-02
8.113348782062530795e-02
8.183666989207268039e-02
8.063506782054900845e-02
7.988256067037582953e-02
8.164037764072418213e-02
7.976122498512268344e-02
8.222777545452117365e-02
8.244325742125510614e-02
8.112743161618710119e-02
8.064594268798827570e-02
8.412865251302718839e-02
8.276377320289611539e-02
8.188443258404731750e-02
7.945392206311226169e-02
7.899895608425140658e-02
7.938107810914515894e-02
7.996705919504165649e-02
8.045087829232215604e-02
8.149221390485764105e-02
8.176189884543419439e-02
7.935834825038909357e-02
8.249341249465942660e-02
8.066552355885506231e-02
7.984477579593658725e-02
7.988057434558867853e-02
8.002220541238784512e-02
7.902225255966185968e-02
7.986776903271675110e-02
8.251541331410408575e-02
8.083632811903954107e-02
8.155967667698860168e-02
8.368159309029579718e-02
8.123690001666546145e-02
8.117402866482734125e-02
7.981098815798759460e-02
7.907592430710792819e-02
7.932382896542548856e-02
7.859584838151931208e-02
7.969133555889129639e-02
7.796109616756438654e-02
7.761187218129635135e-02
8.041228428483009061e-02
7.873008251190186102e-02
8.173925653100014288e-02
7.854634076356888095e-02
8.001182079315186102e-02
8.079478666186332148e-02
8.089585900306701938e-02
7.925563231110573092e-02
7.941137701272964200e-02
8.220381587743759433e-02
7.979397028684616366e-02
7.775988467037678320e-02
8.497703894972800931e-02
8.025373816490173617e-02
8.123443052172660273e-02
7.879115641117095947e-02
7.882653549313545227e-02
7.760070487856865484e-02
8.090095743536948603e-02
7.983996048569678983e-02
8.290026038885116300e-02
8.021483123302459994e-02
8.105727955698967258e-02
7.949639111757278442e-02
7.770556919276713770e-02
8.086808174848555963e-02
7.888148799538612088e-02
8.139206282794475555e-02
7.945843115448951444e-02
7.914170250296592712e-02
7.887520566582680026e-02
7.864569239318371097e-02
7.899851277470588962e-02
7.878610789775848666e-02
8.090415447950363714e-02
8.014405444264412204e-02
7.890248373150825223e-02
7.970987185835838595e-02
7.662888169288635531e-02
7.706258520483970365e-02
7.673795595765113553e-02
7.870110273361205500e-02
7.988557144999504367e-02
7.779492288827896673e-02
7.802799791097640714e-02
7.650639936327933988e-02
8.075411617755889893e-02
7.677643597126007635e-02
7.728622108697891235e-02
7.999394685029984076e-02
7.658981680870055597e-02
7.716021314263343811e-02
7.988332435488701422e-02
7.842784374952316284e-02
7.685988470911979398e-02
7.954466454684734622e-02
7.699570804834365845e-02
7.696225419640541354e-02
7.562303096055984775e-02
7.991880625486373624e-02
7.880585193634033481e-02
7.653265371918678561e-02
7.900343872606754858e-02
7.946245744824409485e-02
7.821433022618293207e-02
7.861039564013480585e-02
7.729743607342243195e-02
7.797840014100074213e-02
7.755333781242371161e-02
7.633684426546097357e-02
7.752196788787842074e-02
7.702771276235580167e-02
8.038413822650909701e-02
8.269900158047675809e-02
7.699462920427321833e-02
7.795370072126388272e-02
7.756578996777534207e-02
7.540208101272583008e-02
7.661154381930827817e-02
7.752893194556235990e-02
7.848570868372917175e-02
7.615388706326484125e-02
7.708067074418067932e-02
7.735670804977416715e-02
7.615282386541366577e-02
7.586128860712051947e-02
7.651592791080474854e-02
7.704849988222121915e-02
7.525377720594406128e-02
8.067556023597717563e-02
7.669266015291213712e-02
7.591924145817756375e-02
7.554105296730995178e-02
7.533702552318573276e-02
7.609867155551910956e-02
7.687008827924728116e-02
7.674101740121841431e-02
7.748181149363517206e-02
7.878075987100600919e-02
7.819210812449454984e-02
7.890399396419525702e-02
7.919872701168059748e-02
7.459425553679466248e-02
7.568819224834441584e-02
7.712579667568206232e-02
7.506711110472678861e-02
7.492366097867489416e-02
7.749176099896430692e-02
7.703524567186832706e-02
7.782617211341857910e-02
7.446110099554062445e-02
7.629291266202926913e-02
7.608235105872154791e-02
7.658098600804805201e-02
7.689255028963089267e-02
7.515076547861099243e-02
7.572618275880813044e-02
7.458441928029060919e-02
7.854719832539558411e-02
7.866976298391818723e-02
7.632193714380264282e-02
7.568255215883254450e-02
7.518000565469265539e-02
7.614889070391654691e-02
7.566078975796700079e-02
7.735988572239875516e-02
7.722045630216597956e-02
7.542357668280601224e-02
7.844746559858321866e-02
7.805421054363251288e-02
7.401635013520717343e-02
7.469656728208065588e-02
7.529472708702086847e-02
7.667361050844193060e-02
7.557302340865135193e-02
7.612041682004928866e-02
7.801214680075645169e-02
7.502173483371735174e-02
7.512712813913821619e-02
7.410310730338096064e-02
7.424409314990043640e-02
7.280477061867714206e-02
7.524127140641212463e-02
7.690510675311088007e-02
7.421213164925574701e-02
7.438006103038788397e-02
7.442831285297871191e-02
7.400359734892844599e-02
7.372126057744025907e-02
7.336406670510768613e-02
7.473094090819358548e-02
7.529684454202652255e-02
7.487871907651424963e-02
7.321355715394020636e-02
7.408361807465553561e-02
7.651153877377510348e-02
7.701546177268028814e-02
7.517084777355194369e-02
7.383950874209403714e-02
7.447749376296997070e-02
7.348609715700149536e-02
7.310179062187671661e-02
7.392602749168872278e-02
7.613364011049270075e-02
7.386384308338164728e-02
7.425999827682971954e-02
7.387264892458915433e-02
7.394792884588241577e-02
7.376036047935485840e-02
7.455296665430069525e-02
7.287399023771286288e-02
7.300737462937831324e-02
7.645320072770118991e-02
7.474148683249950964e-02
7.452268227934837064e-02
7.309298254549503882e-02
7.257060594856738767e-02
7.621824294328689853e-02
7.414009049534797668e-02
7.463115155696868619e-02
7.373113110661506930e-02
7.480080127716064176e-02
7.517619021236895960e-02
7.804667726159095209e-02
7.790803387761116583e-02
7.633181400597095767e-02
7.554256655275821963e-02
7.389190718531608859e-02
7.400318160653114596e-02
7.261767163872719089e-02
7.301353290677070618e-02
7.500836625695228577e-02
7.315605729818344671e-02
7.265281230211258212e-02
7.269590906798839569e-02
7.893302217125892917e-02
7.191367968916892450e-02
7.397163882851601202e-02
7.261160649359225949e-02
7.349248901009559909e-02
7.233192361891269129e-02
7.239834703505039493e-02
7.298070564866065979e-02
7.226820029318332950e-02
7.268619909882545471e-02
7.268457971513271609e-02
7.220020145177841187e-02
7.117896601557731351e-02
7.276402078568935949e-02
7.584317922592162531e-02
7.425441890954971591e-02
7.350296042859554013e-02
7.148460783064365665e-02
7.262452580034732541e-02
7.163655832409858426e-02
7.412810176610946933e-02
7.302064411342143457e-02
7.362237349152564447e-02
7.408645898103713434e-02
7.241711840033530911e-02
7.265022844076156339e-02
7.379235588014125546e-02
7.363503091037273962e-02
7.251938767731189173e-02
7.292285077273845395e-02
7.502087168395518701e-02
7.310154475271701813e-02
7.406588867306709845e-02
7.254571616649627130e-02
7.493876442313193720e-02
7.189257591962813776e-02
7.188355252146720609e-02
7.190201580524444025e-02
7.279664762318134585e-02
7.493337020277976435e-02
7.229447290301323215e-02
7.263215444982051849e-02
7.444686666131020147e-02
7.217056192457675656e-02
7.153452709317206781e-02
7.237053290009498596e-02
7.025042250752448758e-02
7.272197008132934293e-02
7.111399918794632236e-02
7.139329388737677973e-02
7.288271412253380377e-02
7.492161542177200317e-02
7.185369022190571386e-02
7.196280695497989099e-02
7.242609225213528235e-02
7.200435101985931674e-02
7.245822101831436712e-02
7.222741954028606692e-02
7.432162724435328882e-02
7.090331837534905035e-02
7.047173976898193914e-02
7.613033428788185120e-02
7.158429399132729132e-02
7.382905855774879456e-02
7.140131220221519748e-02
6.984077580273151398e-02
7.124531790614127558e-02
6.985341496765613833e-02
6.988169103860855658e-02
7.156127095222472589e-02
7.050998285412787836e-02
7.062617130577564240e-02
7.298127561807632446e-02
7.168750353157520017e-02
7.053792960941791812e-02
7.120613642036914548e-02
7.144355587661266327e-02
7.032856605947017392e-02
7.012755833566189367e-02
7.061347253620624265e-02
7.135538682341575900e-02
6.966723278164863031e-02
7.034661062061786652e-02
7.034999094903468531e-02
7.197223529219627658e-02
7.118313312530517856e-02
6.923439577221870977e-02
7.064901106059551239e-02
7.230019532144069117e-02
6.932706423103809912e-02
6.964665055274962824e-02
7.033608332276344854e-02
7.070835866034030914e-02
7.064982652664184015e-02
7.121212370693683069e-02
6.919242963194846552e-02
7.205177135765553076e-02
7.004915885627269190e-02
7.082154229283332825e-02
7.268596217036246698e-02
7.256208807229995450e-02
7.015067785978316983e-02
7.034207209944724759e-02
7.040318548679351529e-02
7.013203948736190796e-02
7.088292874395847598e-02
7.242384850978851596e-02
6.882228516042232513e-02
7.064729183912277222e-02
6.988901719450950345e-02
7.084016799926758090e-02
7.078332826495170593e-02
7.094230279326438349e-02
7.203780710697174627e-02
7.059033736586570185e-02
7.065026871860027868e-02
7.211515679955482483e-02
7.089515514671802798e-02
6.992449872195720395e-02
7.025102637708187381e-02
6.979366168379783075e-02
7.008083537220954895e-02
6.935348547995090485e-02
7.044656053185463507e-02
7.295859158039093295e-02
6.950132288038730899e-02
7.320199795067310056e-02
7.213928550481796265e-02
6.997018046677112857e-02
6.958892382681369781e-02
7.016981542110442560e-02
6.934459432959556857e-02
7.065959013998508731e-02
7.442780733108519953e-02
6.927142366766929349e-02
7.016441076993942816e-02
6.911923028528690893e-02
7.036150693893432340e-02
6.942228265106678564e-02
6.866319738328456601e-02
7.160191684961318692e-02
7.170156538486480158e-02
6.883388124406338016e-02
7.118368819355964938e-02
6.922801434993744452e-02
7.034124992787837982e-02
6.864546127617358884e-02
6.906412020325661261e-02
7.149419412016869146e-02
7.112667150795459747e-02
7.356672622263431272e-02
6.979699060320854187e-02
7.002035453915596286e-02
6.921000182628631037e-02
6.840000823140143793e-02
7.042991071939468106e-02
6.950016245245933810e-02
6.858313530683517178e-02
6.868710182607173920e-02
6.890864074230193537e-02
7.133350670337676447e-02
6.856882087886333188e-02
6.857304945588112155e-02
6.918354257941246310e-02
6.948628015816211978e-02
7.064945623278617859e-02
6.974940001964569092e-02
6.968442164361476898e-02
7.203603945672512610e-02
6.920676045119762698e-02
6.868358328938484192e-02
7.212883755564689081e-02
7.107414714992046911e-02
6.944241411983967383e-02
7.092521041631698331e-02
6.971368193626403809e-02
6.893023252487182062e-02
6.800318546593189795e-02
6.908193789422512054e-02
7.069052755832672119e-02
6.989490985870361328e-02
6.995392851531505307e-02
7.036356404423713129e-02
6.981822773814201633e-02
7.068738900125026703e-02
6.876893676817416590e-02
6.909656636416912356e-02
7.047536447644234259e-02
6.865734867751598081e-02
6.902997680008411685e-02
6.907544024288654605e-02
6.806264668703079779e-02
6.889944002032280523e-02
6.803796254098415375e-02
6.884005442261695307e-02
6.854838915169239599e-02
7.003992274403572638e-02
6.834743805229663571e-02
6.784251704812049866e-02
6.912565976381301880e-02
6.919482164084911346e-02
7.009727843105792444e-02
6.997261717915534418e-02
6.899960897862911224e-02
6.882714070379733484e-02
6.885162182152271271e-02
6.789501532912253778e-02
7.216695770621299466e-02
6.838713511824608127e-02
6.922152042388915461e-02
7.017663829028605860e-02
7.013855986297130862e-02
6.876268908381462375e-02
7.106806784868240079e-02
7.192044854164122980e-02
6.874919831752776544e-02
6.957027055323124209e-02
6.754540838301181793e-02
6.765716299414634149e-02
6.876423060894013006e-02
7.083550691604614813e-02
6.935548707842827121e-02
6.978987343609333038e-02
7.323810569941997806e-02
6.860406771302222928e-02
6.981552764773368835e-02
6.869928687810897272e-02
7.028486318886280337e-02
6.911405138671397608e-02
6.939522624015807828e-02
6.882808096706867496e-02
6.824185848236083429e-02
6.890655197203159055e-02
6.879991441965102594e-02
6.832837276160716455e-02
6.971323527395725805e-02
6.917253918945789892e-02
6.781711019575595301e-02
6.889879144728183746e-02
6.768755801022052765e-02
6.940553151071071625e-02
6.897459216415882666e-02
7.048708945512771606e-02
6.818390935659408847e-02
6.844694018363953192e-02
6.923732571303845007e-02
6.888040266931057254e-02
6.831889748573302668e-02
6.881099566817283630e-02
6.903510987758636197e-02
6.805280521512031833e-02
6.788945831358432492e-02
6.847790516912936887e-02
7.041574642062187195e-02
6.813636608421802521e-02
6.844155788421631137e-02
7.126831635832786560e-02
6.811914667487144193e-02
6.841364502906799316e-02
6.905197910964488983e-02
6.883489117026328485e-02
6.846630610525608618e-02
6.823859252035617551e-02
6.976507306098937711e-02
6.766924262046813965e-02
6.798523925244807919e-02
6.877866387367248535e-02
7.283257022500037869e-02
6.771588362753391821e-02
6.796626783907414038e-02
6.719950325787067691e-02
6.814692765474320013e-02
6.987194269895553866e-02
6.804450042545795441e-02
7.153541371226310175e-02
7.353003136813640594e-02
6.975313164293765744e-02
6.979907788336277286e-02
6.882706470787525177e-02
6.733496040105819980e-02
6.999490149319172183e-02
6.867891140282153528e-02
6.808323599398136139e-02
6.806759312748908441e-02
6.832757480442523679e-02
6.985153555870056430e-02
6.897146776318549555e-02
6.798809655010699948e-02
6.692455336451530457e-02
6.848633661866188049e-02
7.147423587739468176e-02
6.920460984110832214e-02
6.977855078876019079e-02
7.128283008933067322e-02
7.006494551897049505e-02
6.801916286349296570e-02
6.727282218635081967e-02
6.977536939084530432e-02
6.801076717674732486e-02
6.872754208743572790e-02
7.024035938084124964e-02
7.017650380730629245e-02
6.812363751232623776e-02
6.883089654147625525e-02
7.042578980326652527e-02
6.718420460820198614e-02
6.813719049096107760e-02
6.701035611331462860e-02
6.846869401633740027e-02
6.860704571008682806e-02
7.066531665623188019e-02
6.903859451413155157e-02
6.879523247480393011e-02
7.193071693181991855e-02
7.118668183684348505e-02
6.871450059115886966e-02
6.950978003442287445e-02
6.770069450139999667e-02
6.947705969214439115e-02
6.927091591060161035e-02
6.985449641942978460e-02
6.748716495931147974e-02
6.836691498756408691e-02
7.016339525580406189e-02
6.964486837387084961e-02
