8.715717633565267519e+00
6.044906616210937500e+00
3.318351904551188003e+00
1.590356270472208733e+00
7.745012839635213586e-01
5.609915157159169885e-01
4.412770072619120465e-01
3.522062500317891254e-01
3.358228206634521484e-01
4.307858745257059918e-01
2.336797714233398438e-01
1.565913408994674683e-01
1.509434034427007132e-01
1.331570098797480173e-01
1.234229331215222630e-01
1.294831708073616028e-01
1.277596751848856516e-01
1.222521016995112147e-01
1.211649750669797215e-01
1.303820163011550903e-01
1.325123955806096487e-01
1.129599114259084019e-01
1.234466632207234654e-01
1.070988625288009644e-01
1.115984345475832668e-01
1.341717789570490427e-01
1.517399897178014212e-01
1.189499100049336705e-01
1.272175908088684082e-01
1.078708370526631627e-01
1.067838370800018311e-01
1.077157482504844666e-01
1.079838722944259644e-01
1.118199129899342809e-01
1.064611077308654785e-01
1.141628995537757874e-01
1.058792695403099060e-01
1.033927450577418056e-01
1.032454818487167358e-01
1.202326864004135132e-01
1.183081641793251038e-01
1.069300547242164612e-01
1.123122548063596043e-01
1.081504449248313904e-01
1.266747688253720694e-01
1.207909385363260951e-01
9.995505213737487793e-02
9.940937161445617676e-02
1.042668024698893275e-01
1.158045729001363072e-01
1.081675067543983459e-01
9.508490065733592178e-02
1.224226777752240453e-01
1.096529737114906311e-01
9.822839746872584488e-02
1.234081387519836426e-01
1.215224290887514796e-01
1.000927637020746913e-01
9.636822342872619629e-02
1.069743260741233826e-01
1.069501563906669617e-01
9.652697046597798203e-02
1.057048365473747253e-01
1.034566437204678807e-01
1.035610487063725743e-01
1.019525751471519470e-01
1.082504317164421082e-01
1.136341864864031520e-01
1.123472601175308228e-01
1.072345525026321411e-01
1.038879478971163478e-01
1.099335625767707825e-01
1.141405999660491943e-01
1.070292964577674866e-01
1.148378700017929077e-01
1.228717118501663208e-01
1.132254774371782985e-01
1.018544609347979274e-01
1.181185493866602626e-01
1.153789187471071925e-01
1.101640363534291539e-01
1.117942854762077332e-01
1.230409716566403661e-01
1.223296622435251918e-01
1.196379537383715358e-01
1.283992777268091745e-01
1.198072731494903564e-01
1.255164742469787598e-01
1.241599544882774353e-01
1.184479668736457825e-01
1.227172936002413478e-01
1.190144966046015468e-01
1.223421990871429443e-01
1.244848022858301845e-01
1.236661622921625819e-01
1.334278807044029236e-01
1.285753076275189810e-01
1.148381854097048488e-01
1.139747351408004761e-01
1.196845720211664882e-01
1.244001636902491298e-01
1.269277781248092651e-01
1.176330695549647060e-01
1.389083564281463623e-01
1.254312396049499512e-01
1.262915854652722769e-01
1.332384397586186819e-01
1.191044499476750645e-01
1.368599683046340942e-01
1.340789943933486938e-01
1.264709358414014273e-01
1.362101485331853323e-01
1.371818383534749441e-01
1.287128031253814697e-01
1.372508257627487183e-01
1.390180041392644339e-01
1.348431110382080078e-01
1.355746984481811523e-01
1.338107585906982422e-01
1.503066321214040213e-01
1.363399475812911987e-01
1.274476125836372375e-01
1.214686979850133214e-01
1.398511777321497507e-01
1.357405359546343393e-01
1.262461269895235605e-01
1.267625068624814444e-01
1.423516670862833566e-01
1.372015476226806641e-01
1.512952893972396851e-01
1.608866353829701834e-01
1.394351844986279898e-01
1.253038023908933096e-01
1.355937371651331491e-01
1.358618736267089844e-01
1.333043922980626517e-01
1.354587078094482422e-01
1.375807424386342459e-01
1.288828800121943063e-01
1.585700859626134329e-01
1.467902834216753549e-01
1.442531198263168335e-01
1.516058544317881174e-01
1.402796134352684021e-01
1.405312766631444388e-01
1.446889539559682303e-01
1.392086793979009085e-01
1.594049682219823294e-01
1.387126346429189139e-01
1.239767000079154968e-01
1.396401921908060617e-01
1.454920321702957153e-01
1.595616439978281564e-01
1.405363877614339285e-01
1.430424551169077463e-01
1.288842136661211557e-01
1.392947236696878976e-01
1.421621590852737427e-01
1.522630353768666678e-01
1.460957725842793875e-01
1.567787379026412964e-01
1.444001992543538504e-01
1.359661221504211426e-01
1.520084242026011057e-01
1.588808596134185791e-01
1.583005835612615042e-01
1.551906267801920480e-01
1.487351953983306885e-01
1.455913484096527100e-01
1.401452074448267526e-01
1.466315736373265677e-01
1.428125351667404175e-01
1.454861611127853394e-01
1.460138609011968069e-01
1.458107978105545044e-01
1.524020036061604910e-01
1.395847375194231577e-01
1.440006916721661978e-01
1.497305879990259714e-01
1.496225744485855103e-01
1.417458007733027048e-01
1.299024174610773630e-01
1.382984220981597900e-01
1.500669072071711130e-01
1.579380432764689035e-01
1.583780099948247366e-01
1.422707190116246634e-01
1.406723136703173227e-01
1.226973806818326268e-01
1.358559528986612863e-01
1.314701611797014780e-01
1.299178724487622671e-01
1.424302061398824149e-01
1.356878727674484253e-01
1.355502133568128043e-01
1.340046276648839407e-01
1.422686775525411063e-01
1.345326006412506104e-01
1.437223354975382394e-01
1.457923352718353271e-01
1.520399202903111868e-01
1.515157371759414673e-01
1.282232527931531363e-01
1.400727132956186838e-01
1.529523134231567383e-01
1.391777942577997751e-01
1.599054038524627686e-01
1.477203865845998221e-01
1.540549844503402710e-01
1.316382115085919791e-01
1.420292109251022339e-01
1.387216026584307260e-01
1.381210262576738901e-01
1.885729531447092600e-01
1.802120804786682129e-01
1.492666850487391061e-01
1.711393147706985474e-01
1.260910580555597849e-01
1.661212046941121512e-01
1.347779830296834402e-01
1.384767641623814993e-01
1.264305065075556345e-01
1.386798123518625803e-01
1.423936188220977783e-01
1.575352549552917480e-01
1.292825614412625723e-01
1.633763959010442191e-01
1.404495835304260254e-01
1.494309504826863699e-01
1.448538104693094797e-01
1.356466586391130991e-01
1.184325565894444737e-01
1.222466876109441075e-01
1.465203215678533011e-01
1.403653025627136230e-01
1.189753388365109715e-01
1.593982676664988107e-01
1.668552656968434744e-01
1.365244537591934204e-01
1.216251874963442531e-01
1.518258849779764719e-01
1.232105145851771083e-01
1.593563755353291922e-01
1.216237619519233704e-01
1.362102652589479990e-01
1.366757502158482962e-01
1.372297604878743582e-01
1.498880585034688406e-01
1.522470712661743164e-01
1.630985538164774484e-01
1.308333774407704764e-01
1.230709527929623875e-01
1.246051813165346828e-01
1.509823674956957407e-01
1.392857531706492014e-01
1.258483802278836661e-01
1.266845986247062683e-01
1.559080829222997122e-01
1.452543934186299734e-01
1.319305946429570608e-01
1.250954642891883850e-01
1.507852176825205393e-01
1.578924655914306641e-01
1.375447611014048166e-01
1.358497962355613708e-01
1.479678228497505188e-01
1.428972184658050537e-01
1.405128240585327148e-01
1.501193791627883911e-01
1.028963054219881740e-01
1.382924765348434448e-01
1.028655817111333165e-01
1.277004157503446036e-01
1.660807430744171143e-01
1.481926888227462769e-01
1.268852129578590393e-01
1.334731479485829764e-01
1.210610369841257777e-01
1.450584779183069772e-01
1.441234946250915527e-01
1.666596482197443552e-01
1.348243479927380972e-01
1.171713123718897548e-01
1.383810440699259348e-01
1.233759572108586583e-01
1.176678637663523402e-01
1.606639822324117117e-01
1.600548674662908011e-01
1.561160286267598563e-01
1.420894016822179251e-01
1.531927362084388733e-01
1.182466596364974976e-01
1.609681944052378244e-01
1.364138871431350708e-01
1.294705346226692200e-01
1.357856839895248413e-01
1.214836910367012024e-01
1.301667019724845886e-01
1.211226905385653224e-01
1.479283372561136789e-01
1.417265385389328003e-01
1.243865936994552612e-01
1.234806304176648412e-01
1.216079990069071498e-01
1.445586532354354858e-01
1.513804843028386526e-01
1.235506484905878749e-01
1.410614152749379568e-01
1.411404584844907217e-01
1.266447529196739197e-01
1.567249745130538940e-01
1.345181961854299002e-01
1.246554156144459996e-01
1.387716804941495352e-01
1.368094359834989004e-01
1.469747225443522043e-01
1.092410882314046178e-01
1.380325406789779663e-01
2.055694709221521921e-01
2.162279287974039621e-01
1.375006039937337332e-01
1.183030183116594997e-01
1.405556152264277048e-01
1.337443614999453134e-01
1.434972062706947327e-01
1.299047643939653940e-01
1.319196720918019705e-01
1.433515697717666626e-01
1.265368337432543344e-01
1.022240246335665431e-01
1.849751869837442941e-01
1.592450787623723441e-01
1.203975180784861293e-01
1.253306344151496887e-01
1.861129154761632376e-01
1.290916403134663992e-01
1.436632970968882150e-01
1.480460787812868662e-01
1.270670890808105469e-01
1.182580192883809361e-01
1.122801378369331360e-01
1.541096915801366263e-01
1.277790814638137817e-01
1.552260965108871460e-01
1.601270288228988647e-01
1.559333751598993845e-01
1.335169797142346793e-01
1.295985753337542123e-01
1.402802144487698965e-01
1.514661063750585013e-01
1.718229701121648245e-01
1.426869531472524100e-01
1.588015804688135690e-01
1.160567800203959193e-01
1.129982123772303310e-01
1.341682126124700003e-01
1.433352927366892404e-01
1.186127141118049622e-01
1.428293685118357248e-01
1.450741390387217111e-01
1.796366969744364328e-01
1.912977198759714670e-01
1.344917466243108206e-01
1.253832032283147269e-01
1.255037908752759390e-01
1.230908408761024475e-01
1.242918347318967137e-01
1.755237380663553781e-01
1.345815608898798532e-01
1.277308215697606497e-01
1.455282320578893118e-01
1.214559276898701939e-01
1.128004168470700536e-01
1.374977976083755493e-01
1.272008568048477173e-01
1.632231920957565308e-01
1.428569381435712271e-01
1.428864523768424988e-01
1.084362541635831151e-01
1.187980820735295567e-01
1.331807697812716074e-01
1.738665203253428049e-01
1.518366287151972360e-01
1.522298951943715506e-01
1.377888917922973633e-01
1.307870720823605948e-01
1.225519304474194798e-01
1.752242346604665213e-01
1.751814385255177908e-01
1.989727616310119629e-01
1.401469235618909293e-01
1.366889923810958862e-01
1.463049650192260742e-01
1.406474138299624033e-01
1.416401788592338562e-01
2.113600373268127441e-01
1.806939045588175363e-01
1.456262717644373483e-01
1.490890334049860544e-01
1.481244613726933890e-01
1.460360487302144461e-01
1.413095717628796988e-01
1.320358663797378540e-01
1.326630810896555490e-01
1.211873292922973633e-01
1.373677750428517752e-01
1.065250982840855870e-01
1.363438293337821960e-01
1.391594757636388235e-01
1.595391233762105399e-01
1.408220330874125070e-01
1.314680650830268860e-01
1.395565867424011230e-01
1.322803224126497812e-01
1.588614781697591238e-01
1.385675321022669382e-01
1.375622699658075876e-01
1.406813537081082754e-01
1.709116995334625244e-01
1.684742271900177002e-01
1.710734615723291940e-01
1.451093579332033701e-01
1.460558523734410696e-01
1.314217895269393921e-01
1.354545702536900931e-01
1.643709838390350342e-01
1.517698119084040231e-01
1.383701960245768137e-01
1.443181137243906564e-01
1.743374665578206473e-01
1.940841823816299438e-01
1.495471994082132883e-01
1.231184651454289708e-01
1.394057422876358032e-01
1.387972086668014526e-01
1.351601829131444388e-01
1.408044621348381042e-01
1.554076398412386484e-01
1.231231714288393703e-01
1.120044787724812779e-01
1.207399790485699925e-01
1.416630595922470093e-01
1.633917093276977539e-01
1.246597841382026672e-01
1.295345450441042490e-01
1.378220170736312866e-01
1.343411604563395090e-01
1.513674308856328421e-01
1.454013039668401175e-01
1.261680151025454111e-01
1.414928982655207224e-01
1.479041477044423514e-01
1.465782821178436279e-01
1.234007726113001552e-01
1.491346110900243216e-01
1.768368532260259085e-01
1.608266880114873343e-01
1.564159343640009470e-01
1.451541880766550607e-01
1.120035549004872594e-01
1.306387409567832947e-01
1.301369046171506338e-01
1.094400758544604030e-01
1.493483235438664847e-01
1.653344680865605765e-01
1.549984862407048636e-01
1.531902104616165161e-01
1.464784493048985892e-01
1.368879899382591248e-01
1.540089348951975412e-01
1.438737238446871347e-01
1.299481391906738281e-01
1.297431091467539377e-01
1.424793327848116464e-01
1.497879276672998972e-01
1.428072949250539236e-01
1.561914285024007254e-01
1.337797194719314575e-01
1.658592422803243094e-01
1.450381875038146973e-01
1.608054439226786203e-01
1.618156731128692627e-01
1.741165518760681152e-01
1.644522448380788260e-01
2.059508959452311105e-01
1.559427728255589896e-01
1.386875386039415903e-01
1.742123266061147147e-01
1.893565257390340262e-01
1.919758518536885672e-01
1.603826483090718680e-01
1.665341854095458984e-01
1.337305307388305664e-01
2.133504152297973633e-01
1.430313314000765390e-01
1.289172296722730093e-01
1.471598347028096609e-01
1.583236902952194214e-01
1.322971954941749573e-01
1.282493248581886292e-01
1.547059168418248587e-01
1.784236778815587454e-01
1.544563372929891043e-01
1.908628294865290231e-01
1.565441687901814871e-01
1.364994396766026907e-01
1.520662705103556223e-01
1.754877219597498483e-01
1.595555742581685477e-01
1.649029652277628488e-01
1.243839909633000645e-01
1.536646187305450439e-01
1.609077205260594778e-01
1.527673949797948294e-01
1.417051156361897879e-01
1.177123139301935878e-01
1.501608341932296753e-01
1.927830527226130075e-01
1.477697665492693491e-01
1.561686644951502390e-01
1.594879428545633859e-01
1.522721648216247559e-01
1.710753192504247122e-01
2.076600193977355957e-01
1.434139062960942679e-01
1.375365207592646188e-01
1.679108490546544485e-01
1.633221606413523264e-01
1.669910252094268799e-01
1.345668062567710876e-01
1.598918338616689139e-01
1.718172629674275809e-01
2.156368990739186697e-01
1.829129457473754883e-01
1.570769101381301880e-01
1.614984124898910522e-01
1.518559406201044626e-01
1.513765553633371896e-01
1.583401014407475882e-01
1.886663287878036499e-01
1.657629559437433786e-01
1.499192491173744202e-01
1.569465150435765677e-01
1.492212017377217703e-01
1.479040036598841257e-01
1.446809420982996530e-01
1.235906730095545497e-01
1.336733698844909668e-01
1.317678118745485849e-01
1.351633295416831970e-01
1.693293551603952951e-01
1.406598339478174753e-01
1.411704669396082468e-01
1.396406292915344238e-01
1.283917849262555533e-01
1.166213552157084193e-01
1.396614238619804382e-01
1.381724178791046143e-01
1.318378970026969910e-01
1.523458659648895264e-01
1.436816453933715820e-01
1.802225708961486816e-01
1.556731661160787039e-01
1.388259381055831909e-01
1.455191274483998709e-01
1.304405480623245239e-01
1.542171885569890433e-01
1.678675810496012277e-01
1.589751392602920532e-01
1.328232089678446359e-01
1.575225889682769775e-01
1.486271470785140991e-01
1.719166288773218698e-01
1.682237287362416678e-01
1.586680362621943063e-01
1.418169736862182617e-01
1.311834876736005240e-01
1.490778028964996338e-01
1.427126129468282156e-01
1.423623512188593454e-01
1.859443783760070801e-01
1.780280272165934152e-01
1.419006139039993286e-01
1.561954766511917114e-01
1.546852837006250925e-01
1.408987616499265128e-01
1.319336990515390939e-01
1.514251430829366141e-01
1.348233694831530161e-01
1.586849043766657419e-01
1.667309651772181101e-01
1.599724193414052420e-01
1.438783059517542429e-01
1.567257046699523926e-01
1.745868474245071411e-01
2.188864847024281912e-01
1.911611557006835938e-01
1.693083991607030325e-01
1.733362625042597360e-01
1.406896660725275583e-01
1.633525441090265817e-01
1.433615684509277344e-01
1.503847390413284302e-01
1.488813410202662058e-01
1.524139195680618286e-01
1.517437696456909180e-01
1.476277187466621399e-01
1.883684545755386353e-01
1.268330315748850412e-01
1.478233387072881155e-01
1.562689493099848337e-01
1.778611689805984497e-01
1.671054363250732422e-01
1.663475036621093750e-01
1.507589022318522043e-01
1.487130820751190186e-01
1.430324117342630930e-01
1.640931467215220041e-01
1.809285928805669241e-01
1.712503284215927124e-01
2.081616272528966360e-01
1.500664154688517160e-01
1.473918457825978690e-01
1.614177723725636893e-01
1.492553055286407471e-01
1.400004376967748099e-01
1.414755756656328745e-01
1.766947160164515085e-01
1.700590848922729492e-01
1.733136822779973441e-01
1.428597023089726858e-01
1.653883010149002075e-01
1.860294640064239502e-01
1.852668076753616333e-01
1.443577408790588379e-01
1.460091720024744577e-01
1.581815878550211496e-01
1.874474585056304932e-01
1.837712526321411133e-01
1.901957194010416574e-01
1.585553735494613647e-01
1.423982630173365183e-01
1.600060462951660156e-01
1.433538869023323059e-01
1.576042274634043283e-01
1.550220151742299490e-01
1.815045873324076242e-01
1.552565544843673706e-01
1.651038875182469778e-01
1.693520744641622000e-01
1.638453801472981863e-01
1.572638005018234253e-01
1.911409844954808646e-01
1.574431111415227347e-01
1.475889782110849924e-01
1.735906203587850027e-01
1.800795694192250662e-01
1.636970390876134329e-01
1.546417723099390573e-01
1.373040229082107544e-01
1.449439823627471924e-01
2.228047847747802734e-01
1.846955517927805490e-01
1.459804698824882507e-01
1.450592577457427979e-01
1.768486499786376953e-01
1.826318552096684866e-01
1.849447637796401978e-01
1.653227408727010184e-01
1.517778436342875070e-01
1.509050379196802683e-01
1.715973317623138428e-01
1.582084794839223318e-01
1.527486046155293875e-01
1.468107650677362985e-01
1.828527500232060843e-01
1.811751375595728464e-01
1.803743541240692139e-01
1.515752573808034354e-01
1.581733028093973703e-01
1.740695685148239136e-01
1.622260262568791800e-01
1.503242750962575369e-01
1.590165644884109497e-01
1.571588317553202219e-01
1.671907603740692139e-01
1.639329691727956229e-01
1.640397707621256418e-01
1.818703711032867432e-01
1.536464889844258719e-01
1.776874413092931204e-01
1.756050388018290109e-01
1.527076810598373413e-01
1.595394114653269357e-01
1.506973753372828073e-01
1.601550579071044922e-01
1.809894790252049857e-01
1.756950070460637503e-01
1.593470821777979440e-01
1.779279261827468872e-01
1.639886374274889536e-01
1.562500248352686472e-01
1.672116070985794067e-01
1.627605259418487549e-01
1.574356084068616324e-01
1.936243921518325806e-01
1.673707216978073120e-01
1.554721742868423462e-01
1.577416509389877319e-01
1.705303043127059937e-01
1.765655328830083304e-01
1.646686817208925790e-01
1.593599269787470407e-01
1.579476942618688040e-01
1.871172885100046701e-01
1.605240056912104196e-01
1.619495749473571777e-01
1.623536000649134226e-01
1.627982159455617361e-01
1.827281216780344553e-01
1.794036229451497488e-01
1.661951988935470581e-01
1.657144675652185983e-01
1.834314465522766113e-01
1.763410319884618216e-01
1.766948948303858347e-01
1.677449618776639395e-01
1.679500639438629150e-01
1.734815339247385568e-01
1.634655843178431101e-01
1.709085206190744943e-01
1.842484176158905029e-01
1.708354651927947998e-01
1.706187476714452200e-01
1.416483595967292786e-01
1.604232589403788156e-01
1.701966772476831979e-01
1.560954451560974121e-01
1.624858131011327200e-01
1.883332381645838327e-01
1.536815911531448364e-01
1.885747263828913278e-01
1.676071931918462210e-01
1.696000148852666312e-01
1.782149275143941336e-01
1.661174744367599487e-01
1.760877221822738647e-01
1.697319497664769583e-01
1.656523346900939941e-01
1.726112266381581717e-01
1.647279908259709769e-01
1.708708653847376413e-01
1.698791533708572388e-01
1.810556153456369943e-01
1.714300910631815500e-01
1.776573757330576486e-01
1.713207960128784180e-01
1.733152071634928293e-01
1.594387590885162354e-01
1.699341088533401489e-01
1.661908750732739859e-01
1.781497746706008911e-01
1.609710305929183960e-01
1.760353098313013620e-01
1.648846020301183157e-01
1.757291009028752737e-01
1.729652831951777048e-01
1.775237619876861572e-01
1.545768380165100098e-01
1.630674898624420166e-01
1.812385569016138620e-01
1.711773574352264404e-01
1.701180835564931326e-01
1.671648174524307251e-01
1.779745767513910837e-01
1.725987643003463745e-01
1.692349861065546579e-01
1.933669596910476685e-01
1.600277423858642578e-01
1.662437866131464548e-01
1.709109644095102853e-01
1.819139719009399414e-01
1.697753518819808960e-01
1.573286553223927908e-01
1.980550636847814017e-01
1.600725005070368356e-01
1.727872987588246756e-01
1.786676595608393259e-01
1.881176531314849854e-01
1.763621171315511160e-01
1.681523273388544626e-01
1.657673418521881104e-01
1.742153515418370657e-01
1.654011160135269165e-01
1.559495876232782907e-01
1.609329531590143747e-01
1.609479909141858511e-01
1.659873276948928833e-01
1.826618413130442209e-01
1.599782605965932303e-01
1.750568697849909372e-01
1.684500823418299265e-01
1.726979364951451712e-01
1.667306522528330393e-01
1.766048471132914133e-01
1.655627687772115164e-01
1.762156685193379813e-01
1.663821289936701364e-01
1.820919513702392578e-01
1.624860167503356934e-01
1.761071433623631888e-01
1.722199469804763794e-01
1.565505663553873605e-01
2.117385516564051218e-01
1.622799138228098459e-01
1.637540906667709351e-01
1.891317963600158691e-01
1.744057138760884695e-01
1.745369633038838797e-01
1.778278052806854248e-01
1.721212218205133981e-01
1.638240367174148560e-01
1.696582883596420288e-01
1.606627007325490408e-01
1.829647074143091745e-01
1.772325436274210519e-01
1.781007597843805856e-01
1.793137838443120413e-01
1.628622760375340872e-01
1.822490096092224121e-01
1.806024114290873117e-01
1.788533131281534738e-01
1.705604990323384695e-01
1.692572981119155884e-01
1.785954385995864868e-01
1.700343141953150339e-01
1.683200945456822806e-01
1.705449869235356741e-01
1.768662730852762766e-01
1.752195705970128470e-01
1.611723403135935373e-01
1.893977622191111154e-01
1.714460104703903198e-01
1.613646894693374634e-01
1.794510980447133475e-01
1.762049992879231863e-01
1.796028067668279105e-01
1.677422573169072562e-01
1.559153199195861816e-01
1.650374283393224173e-01
1.750126729408899851e-01
1.645580828189849854e-01
1.827862064043680734e-01
1.673706620931625366e-01
1.800376623868942261e-01
1.713950783014297485e-01
1.762001266082127982e-01
1.749695291121800833e-01
1.701893905798594064e-01
1.808609937628110342e-01
1.651698946952819824e-01
1.787837147712707520e-01
1.760180542866388864e-01
1.628745297590891428e-01
1.717552344004313059e-01
1.736764460802078247e-01
1.794626315434773856e-01
1.738357345263163156e-01
1.778793334960937500e-01
1.762210081020990915e-01
1.687837789456049509e-01
1.751053382953008108e-01
1.823814958333969116e-01
1.726585576931635446e-01
1.751417269309361868e-01
1.691098809242248535e-01
1.738076806068420410e-01
1.664372036854425974e-01
1.763042161862055368e-01
1.815815170605977469e-01
1.805192728837331229e-01
1.849021365245183401e-01
1.742613216241200857e-01
1.716785033543904715e-01
1.694419135649999075e-01
1.712063252925872803e-01
1.685796727736791067e-01
1.820934216181437082e-01
1.818250169356664114e-01
1.699049919843673706e-01
1.719659765561421805e-01
1.802221884330113821e-01
1.808603505293528146e-01
1.834402829408645630e-01
1.772580146789550781e-01
1.769463072220484323e-01
1.713300695021947317e-01
1.736264129479726248e-01
1.777932147185007639e-01
1.645807425181070871e-01
1.777054419120152884e-01
1.774703810612360544e-01
1.687406798203786307e-01
1.807369937499364310e-01
1.835840841134389334e-01
1.723870386679967337e-01
1.728839476903279715e-01
1.737888107697168893e-01
1.715289403994878226e-01
1.713075538476308279e-01
1.793045103549957275e-01
1.721637447675069266e-01
1.715420857071876526e-01
1.780689358711242676e-01
1.770482112963994437e-01
1.793803671995798654e-01
1.702024837334950857e-01
1.785777360200881958e-01
1.736737489700317383e-01
1.723535011212030954e-01
1.726659884055455618e-01
1.713561862707138062e-01
1.785584737857182913e-01
1.747615734736124582e-01
1.772598276535669870e-01
1.776097764571507864e-01
1.673685312271118164e-01
1.738342891136805124e-01
1.815395057201385498e-01
1.658322016398111887e-01
1.631653904914855957e-01
1.747782776753107614e-01
1.741741448640823364e-01
1.691966007153193063e-01
1.760062625010808401e-01
1.758407900730768747e-01
1.746614476044972830e-01
1.745268603165944510e-01
1.664575884739557809e-01
1.661923279364903860e-01
1.822212661306063242e-01
1.840239167213439941e-01
1.743918359279632568e-01
1.712130506833394461e-01
1.749618699153264456e-01
1.846696585416793823e-01
1.652480860551198416e-01
1.797114511330922537e-01
1.732350240151087351e-01
1.728315502405166626e-01
1.705031643311182565e-01
1.728699604670206613e-01
1.774542232354482107e-01
1.759554743766784668e-01
1.721358795960744315e-01
1.715340167284011841e-01
1.692705750465393066e-01
1.764325996239980154e-01
1.701539705197016306e-01
1.695789843797683716e-01
1.791811833779017038e-01
1.785661727190017700e-01
1.783350706100463867e-01
1.812315483887990408e-01
1.722529828548431396e-01
1.780128131310144968e-01
1.837313820918401175e-01
1.702967534462610788e-01
1.764196058114369803e-01
1.742759694655736380e-01
1.719497342904408865e-01
1.752966195344924927e-01
1.809736589590708322e-01
1.720557361841201782e-01
1.744336833556493216e-01
1.657506624857584543e-01
1.699487566947937012e-01
1.746993313233057565e-01
1.712912321090698242e-01
1.638641705115636282e-01
1.772132217884063721e-01
1.821320156256357736e-01
1.714293758074442453e-01
1.662398750583330698e-01
1.810026516517003470e-01
1.711809883515039987e-01
1.750580022732416696e-01
1.741036524375279837e-01
1.789672821760177612e-01
1.865198264519373483e-01
1.699602007865905762e-01
1.847181022167205811e-01
1.756931444009145193e-01
1.772640049457550049e-01
1.767671753962834769e-01
1.719265431165695190e-01
1.718720048666000366e-01
1.613082438707351685e-01
1.809065341949462891e-01
1.782125830650329590e-01
