9.219762285550435754e-01
7.676977117856343957e-01
5.655372540156046179e-01
3.798509538173675537e-01
2.500143597523371564e-01
2.180757870276769095e-01
2.023083269596099854e-01
1.831458757321039743e-01
1.762038717667261667e-01
1.989495754241943359e-01
1.465579619010289603e-01
1.199979012211163792e-01
1.187254165609677586e-01
1.102478106816609654e-01
1.059878567854563441e-01
1.089703068137168884e-01
1.088471064964930263e-01
1.068713118632634435e-01
1.040974234541257176e-01
1.080099269747734070e-01
1.082941417892773900e-01
1.015184770027796474e-01
1.071056152383486476e-01
9.946844726800918579e-02
1.006264934937159267e-01
1.116301193833351135e-01
1.168976053595542908e-01
1.053116147716840062e-01
1.078112820784250941e-01
9.902609884738922119e-02
9.887705246607463028e-02
9.887860963741938736e-02
9.994157900412876938e-02
1.005940660834312439e-01
9.892955919106800888e-02
1.018952975670496669e-01
9.817209839820861816e-02
9.710770597060520981e-02
9.713912755250930786e-02
1.071213955680529323e-01
1.034247924884160313e-01
9.919929752747218277e-02
1.023599132895469666e-01
9.957416107257206772e-02
1.085468754172325134e-01
1.052983005841573033e-01
9.709462275107701157e-02
9.569099297126133774e-02
9.689339747031529282e-02
1.045520479480425563e-01
9.991147120793660019e-02
9.320834527413050796e-02
1.068651005625724792e-01
1.006230364243189540e-01
9.401996433734893799e-02
1.075217202305793762e-01
1.069402073820431981e-01
9.694473197062809799e-02
9.596224625905354355e-02
1.006513088941574097e-01
1.011308828989664760e-01
9.301877270142237808e-02
1.001143778363863673e-01
9.943079451719920303e-02
9.655048946539561416e-02
9.777959187825520371e-02
1.001227647066116333e-01
1.020626723766326904e-01
1.036338160435358730e-01
1.013071238994598389e-01
9.830032040675480698e-02
1.000686039527257237e-01
1.029604102174441066e-01
1.011244803667068481e-01
1.042397866646448817e-01
1.083257695039113316e-01
1.034417326251665797e-01
9.728874266147613525e-02
1.053777709603309631e-01
1.044448216756184850e-01
1.005125020941098485e-01
1.023585895697275844e-01
1.074434444308280945e-01
1.079698503017425537e-01
1.058957502245903015e-01
1.095231076081593785e-01
1.071494594216346741e-01
1.093238418300946507e-01
1.086361731092135158e-01
1.051105931401252747e-01
1.073811873793601990e-01
1.055297205845514980e-01
1.072926620642344203e-01
1.071796988447507176e-01
1.081406498948733058e-01
1.115812361240386963e-01
1.092840805649757385e-01
1.043811092774073329e-01
1.031877274314562526e-01
1.055325468381245885e-01
1.075180470943450928e-01
1.091491381327311244e-01
1.049655303359031677e-01
1.117460553844769749e-01
1.078028132518132481e-01
1.095723758141199794e-01
1.120309457182884216e-01
1.061044856905937195e-01
1.136269370714823451e-01
1.108699267109235082e-01
1.089243640502293858e-01
1.129366134603818211e-01
1.123847862084706578e-01
1.099633375803629604e-01
1.139279827475547791e-01
1.142106950283050537e-01
1.105670804778734889e-01
1.117086112499237061e-01
1.122308596968650818e-01
1.174593394001324925e-01
1.138088479638099670e-01
1.094576741258303371e-01
1.058614427844683376e-01
1.141130651036898341e-01
1.111543824275334630e-01
1.085449109474817958e-01
1.087532689174016270e-01
1.149436955650647435e-01
1.130948886275291443e-01
1.176326200366020203e-01
1.199523583054542542e-01
1.135618090629577637e-01
1.073733568191528320e-01
1.120105534791946411e-01
1.124849195281664577e-01
1.123064110676447597e-01
1.119472930828730312e-01
1.127234299977620396e-01
1.079103971521059718e-01
1.220567574103673253e-01
1.153844669461250305e-01
1.149110024174054417e-01
1.189347480734189305e-01
1.131355737646420750e-01
1.136033510168393407e-01
1.161998510360717773e-01
1.127011949817339626e-01
1.209174369772275243e-01
1.118237177530924525e-01
1.069354737798372951e-01
1.137549132108688354e-01
1.159681354959805760e-01
1.196886723240216527e-01
1.136695792277653966e-01
1.152283400297164917e-01
1.097280954321225438e-01
1.131672958532969203e-01
1.138236224651336670e-01
1.187253693739573207e-01
1.159710511565208435e-01
1.194940085212389674e-01
1.146082555254300389e-01
1.115223243832588196e-01
1.191141083836555481e-01
1.211915363868077550e-01
1.208567644158999171e-01
1.196710194150606837e-01
1.169309392571449280e-01
1.150549451510111537e-01
1.133407130837440491e-01
1.159379730621973720e-01
1.143531352281570435e-01
1.145136530200640407e-01
1.158982490499814305e-01
1.134143297870953832e-01
1.165669262409210205e-01
1.120742311080296788e-01
1.134552558263142857e-01
1.173807705442110744e-01
1.173933868606885228e-01
1.136085117856661525e-01
1.073563545942306519e-01
1.119729876518249512e-01
1.166835849483807835e-01
1.202008873224258423e-01
1.199258640408515930e-01
1.125910133123397827e-01
1.136849895119667053e-01
1.066457877556482997e-01
1.112485378980636597e-01
1.103130082289377895e-01
1.087977563341458592e-01
1.133555173873901367e-01
1.112864191333452907e-01
1.105679521958033290e-01
1.093480686346689906e-01
1.122585932413737025e-01
1.113588437438011169e-01
1.141833687822024074e-01
1.153786331415176392e-01
1.159949526190757751e-01
1.171592349807421413e-01
1.080982486406962123e-01
1.117979014913241115e-01
1.176392460862795558e-01
1.126458396514256749e-01
1.208445255955060277e-01
1.153844371438026428e-01
1.192573333779970851e-01
1.085128958026568141e-01
1.141278420885403905e-01
1.129429638385772705e-01
1.109282846252123561e-01
1.297015299399693899e-01
1.279452989498774118e-01
1.156737357378005981e-01
1.243476569652557373e-01
1.072064215938250270e-01
1.225432505210240636e-01
1.104360322157541957e-01
1.103854278723398891e-01
1.063385034600893703e-01
1.122505838672320094e-01
1.137834514180819240e-01
1.192498554786046300e-01
1.074077337980270386e-01
1.199587533871332851e-01
1.109642982482910156e-01
1.161429534355799403e-01
1.135096326470375061e-01
1.109378660718600002e-01
1.029803380370140076e-01
1.040043309330940247e-01
1.143073216080665588e-01
1.129766354958216396e-01
1.031845559676488194e-01
1.192408973972002711e-01
1.222382187843322754e-01
1.117528801163037572e-01
1.050641636053721156e-01
1.164151181777318272e-01
1.057211607694625854e-01
1.195102930068969727e-01
1.040055553118387904e-01
1.105475698908170018e-01
1.102632209658622742e-01
1.101757436990737915e-01
1.156464914480845180e-01
1.161509205897649083e-01
1.204484576980272975e-01
1.084361448884010315e-01
1.050582155585289001e-01
1.045542185505231175e-01
1.155182421207427979e-01
1.109424581130345616e-01
1.066108494997024536e-01
1.069627131024996486e-01
1.172437344988187108e-01
1.122913906971613612e-01
1.086544369657834325e-01
1.053478519121805873e-01
1.151459539930025783e-01
1.190539002418518066e-01
1.110876649618148804e-01
1.078710605700810704e-01
1.134263599912325587e-01
1.125644470254580226e-01
1.113891328374544826e-01
1.159336368242899623e-01
9.508891403675079346e-02
1.113441164294878688e-01
9.619839241107304428e-02
1.063164199392000880e-01
1.205157786607742310e-01
1.149901325503985133e-01
1.054534415404001918e-01
1.081257785360018459e-01
1.040582805871963501e-01
1.131037523349126134e-01
1.133535852034886632e-01
1.212087124586105347e-01
1.087675988674163818e-01
1.012213056286175999e-01
1.098293215036392212e-01
1.057467237114906311e-01
1.023843511939048767e-01
1.183049579461415562e-01
1.183326343695322719e-01
1.164859558145205226e-01
1.118070110678672791e-01
1.176273822784423828e-01
1.014812042315800938e-01
1.195529575149218288e-01
1.086518491307894435e-01
1.070517400900522914e-01
1.086520130435625758e-01
1.042622327804565430e-01
1.075267468889554295e-01
1.035839964946110997e-01
1.134942596157391820e-01
1.104209274053573608e-01
1.055328572789828029e-01
1.053903872768084254e-01
1.041198348005612645e-01
1.124226028720537868e-01
1.140534554918607030e-01
1.037471021215120998e-01
1.116474245985348973e-01
1.120448013146718297e-01
1.039738059043884277e-01
1.159182290236155238e-01
1.097433939576148987e-01
1.034082621335983276e-01
1.096563513080279079e-01
1.094359209140141759e-01
1.144814888636271205e-01
9.889435271422068741e-02
1.096108679970105443e-01
1.324796105424562997e-01
1.355055421590805054e-01
1.108097210526466370e-01
1.022148008147875514e-01
1.119898234804471288e-01
1.067725891868273463e-01
1.103810196121533665e-01
1.074508403738339696e-01
1.060319691896438599e-01
1.108362227678298950e-01
1.048741564154624939e-01
9.544795254866282608e-02
1.254280706246694022e-01
1.182728186249732971e-01
1.031656811634699550e-01
1.050176993012428284e-01
1.269067898392677307e-01
1.054059887925783839e-01
1.121732915441195216e-01
1.119009604056676183e-01
1.064716229836146083e-01
1.005633398890495300e-01
9.971347202857334946e-02
1.143654460708300319e-01
1.042722736795743260e-01
1.168288812041282654e-01
1.174393693606058803e-01
1.172415936986605373e-01
1.079412847757339478e-01
1.075872878233591762e-01
1.107999657591183934e-01
1.147995889186859131e-01
1.221225808064142909e-01
1.110565761725107875e-01
1.165254637598991394e-01
1.012605105837186131e-01
1.002313892046610561e-01
1.088467463850975037e-01
1.117041483521461487e-01
1.017415200670560155e-01
1.110005254546801295e-01
1.124556387464205470e-01
1.236695001522700038e-01
1.272541383902231760e-01
1.087325115998585973e-01
1.062212735414505005e-01
1.042544717590014186e-01
1.042190268635749817e-01
1.042698994278907776e-01
1.237488662203152928e-01
1.081130603949228969e-01
1.037063474456469264e-01
1.132360994815826416e-01
1.035912906130154881e-01
9.910740454991658066e-02
1.091721728444099426e-01
1.069969435532887730e-01
1.183935627341270447e-01
1.101472775141398158e-01
1.124687294165293422e-01
9.842429310083389282e-02
1.031506781776746068e-01
1.064774294694264684e-01
1.208976631363232884e-01
1.153450434406598363e-01
1.160977780818939209e-01
1.094357073307037354e-01
1.071352511644363403e-01
1.041626930236816406e-01
1.218340769410133362e-01
1.208528255422910008e-01
1.307071397701899118e-01
1.098998188972473145e-01
1.098505457242329869e-01
1.132938514153162685e-01
1.115515728791554723e-01
1.115208938717842102e-01
1.316859945654869080e-01
1.242464880148569789e-01
1.134114339947700500e-01
1.157035926977793422e-01
1.138781830668449402e-01
1.132395888368288722e-01
1.110805372397104945e-01
1.085839544733365331e-01
1.089078386624654088e-01
1.035188908378283229e-01
1.102050691843032837e-01
9.658028185367584229e-02
1.093473806977272034e-01
1.109498168031374660e-01
1.191585411628087315e-01
1.105135803421338353e-01
1.070754900574684143e-01
1.099428410331408229e-01
1.079102680087089539e-01
1.173578525582949367e-01
1.113289967179298401e-01
1.100223685304323878e-01
1.100639378031094823e-01
1.215792819857597351e-01
1.212541883190472874e-01
1.217826331655184474e-01
1.116880029439926147e-01
1.114979187647501674e-01
1.075008511543273926e-01
1.072448963920275417e-01
1.189966301123301234e-01
1.166326949993769374e-01
1.107720360159873962e-01
1.103888427217801366e-01
1.216680804888407436e-01
1.302959422270456857e-01
1.152611970901489258e-01
1.049460098147392273e-01
1.101172243555386815e-01
1.090141062935193333e-01
1.097846999764442444e-01
1.108631317814191136e-01
1.163023238380749974e-01
1.050900965929031372e-01
9.876526147127151489e-02
1.032591188947359767e-01
1.092634374896685329e-01
1.177184879779815674e-01
1.036663229266802516e-01
1.049942870934804234e-01
1.090404788653055873e-01
1.078737204273541722e-01
1.160274942715962682e-01
1.120799978574116978e-01
1.045135557651519775e-01
1.119076907634735107e-01
1.131313269337018285e-01
1.134824504454930577e-01
1.024567758043607030e-01
1.143883317708969116e-01
1.240032513936360631e-01
1.184802254041035924e-01
1.145541022221247401e-01
1.126832614342371669e-01
9.754460801680882309e-02
1.070035422841707912e-01
1.060435200730959621e-01
9.652600189050038193e-02
1.136605739593505859e-01
1.175491164127985683e-01
1.168487643202145848e-01
1.158825134237607274e-01
1.140531723697980199e-01
1.091327096025149074e-01
1.160780464609463963e-01
1.108307788769404140e-01
1.067263459165890965e-01
1.061801413695017543e-01
1.123367721835772243e-01
1.140398234128952026e-01
1.124070783456166539e-01
1.179177487889925685e-01
1.077496558427810669e-01
1.208222707112630162e-01
1.119226415952046666e-01
1.162971556186676025e-01
1.165727476278940883e-01
1.230976680914561000e-01
1.196280072132746425e-01
1.328773920734723502e-01
1.157624622186024937e-01
1.103118682901064601e-01
1.234269912044207301e-01
1.278532743453979492e-01
1.268575092156728201e-01
1.177874157826105800e-01
1.204621692498524937e-01
1.068036705255508423e-01
1.346357713143030710e-01
1.130821804205576625e-01
1.060187270243962560e-01
1.121561452746391296e-01
1.192900364597638402e-01
1.067183166742324829e-01
1.062791993220647130e-01
1.155752440293629918e-01
1.239693959554036412e-01
1.153629596034685817e-01
1.281966914733251028e-01
1.167896886666615758e-01
1.095864872137705531e-01
1.133663083116213527e-01
1.236020425955454555e-01
1.169264217217763219e-01
1.196605587999026027e-01
1.051977848013242040e-01
1.157028699914614406e-01
1.189484099547068324e-01
1.136315961678822789e-01
1.129691029588381496e-01
1.010148947437604222e-01
1.130129794279734340e-01
1.285975277423858643e-01
1.147275492548942566e-01
1.166798447569211278e-01
1.178402230143547058e-01
1.135343536734580994e-01
1.203430543343226161e-01
1.336612900098164969e-01
1.121800119678179469e-01
1.092279627919197083e-01
1.197538052995999608e-01
1.201790273189544678e-01
1.211579814553260803e-01
1.086140374342600551e-01
1.167328829566637721e-01
1.216146772106488499e-01
1.338335971037546701e-01
1.238956227898597717e-01
1.166606868306795802e-01
1.190456946690877232e-01
1.146774018804232326e-01
1.146576801935831752e-01
1.165649071335792542e-01
1.271513079603513174e-01
1.182369639476140294e-01
1.128355612357457433e-01
1.176462098956108093e-01
1.128978803753852844e-01
1.121192624171574864e-01
1.121763785680135045e-01
1.050545399387677464e-01
1.086414059003194127e-01
1.062622393170992580e-01
1.080812066793441772e-01
1.215102002024650574e-01
1.099965274333953857e-01
1.111097410321235657e-01
1.113725428779919896e-01
1.049696753422419276e-01
1.017298897107442174e-01
1.111520379781723022e-01
1.093095714847246852e-01
1.076148897409439087e-01
1.144970282912254333e-01
1.116814861694971767e-01
1.248292575279871669e-01
1.159632205963134766e-01
1.107439771294593811e-01
1.131151964267094884e-01
1.065517241756121364e-01
1.149927998582522121e-01
1.220678513248761449e-01
1.185171529650688171e-01
1.068970883886019435e-01
1.174699539939562526e-01
1.139748767018318176e-01
1.209460645914077759e-01
1.209828803936640468e-01
1.177144969503084865e-01
1.116710603237152100e-01
1.060572564601898193e-01
1.132819578051567078e-01
1.109703232844670567e-01
1.117881412307421413e-01
1.262888088822364807e-01
1.246074040730794225e-01
1.108678579330444336e-01
1.171817680199940953e-01
1.151556894183158875e-01
1.116730024417241368e-01
1.071703533331553188e-01
1.149225855867068019e-01
1.084048002958297729e-01
1.161852702498435974e-01
1.201178580522537231e-01
1.184939295053482056e-01
1.117075681686401367e-01
1.167647615075111389e-01
1.213514606157938686e-01
1.346428096294403076e-01
1.287360092004140311e-01
1.220051969091097560e-01
1.221703464786211696e-01
1.111414606372515407e-01
1.198804552356402126e-01
1.116152554750442505e-01
1.148329973220825195e-01
1.135485023260116577e-01
1.163420975208282471e-01
1.151862367987632751e-01
1.107775941491127014e-01
1.291002035140991211e-01
1.051950156688690186e-01
1.132486959298451695e-01
1.159007524450619969e-01
1.237166896462440491e-01
1.214855089783668518e-01
1.200657958785692897e-01
1.142525573571522984e-01
1.134881476561228481e-01
1.108459730943043980e-01
1.196084717909495082e-01
1.240345835685729980e-01
1.219298839569091797e-01
1.346778646111488342e-01
1.147442360719044957e-01
1.126941516995429993e-01
1.197177916765213013e-01
1.138175328572591100e-01
1.101677591602007594e-01
1.086535652478535924e-01
1.238579551378885951e-01
1.221953704953193665e-01
1.233767022689183507e-01
1.113495230674743652e-01
1.201122800509134975e-01
1.259565105040868216e-01
1.276175056894620352e-01
1.128811811407407079e-01
1.123025963703791347e-01
1.185163259506225586e-01
1.280738015969594412e-01
1.261998663345972604e-01
1.289343759417533875e-01
1.169062430659929958e-01
1.106490368644396510e-01
1.192597051461537633e-01
1.118169476588567052e-01
1.170932029684384618e-01
1.164557312925656590e-01
1.255758280555407114e-01
1.159540514151255336e-01
1.203044876456260681e-01
1.207552030682563782e-01
1.187595352530479431e-01
1.175782730182011876e-01
1.277872721354166574e-01
1.169630264242490086e-01
1.133184979359308925e-01
1.231846834222475734e-01
1.242794170975685120e-01
1.189303696155548096e-01
1.155207728346188817e-01
1.103733107447624207e-01
1.118908499677975926e-01
1.393099427223205566e-01
1.271018187204996652e-01
1.135784486929575648e-01
1.122703601916631017e-01
1.226552948355674744e-01
1.264713282386461801e-01
1.269070282578468323e-01
1.195360297958056178e-01
1.152472073833147731e-01
1.140745927890141759e-01
1.213252122203509059e-01
1.159807319442431178e-01
1.154929225643475804e-01
1.145202914873758998e-01
1.257509340842564993e-01
1.248010247945785522e-01
1.257554541031519479e-01
1.144521832466125488e-01
1.175266851981480870e-01
1.217023904124895778e-01
1.183580209811528478e-01
1.147374734282493591e-01
1.162730182210604396e-01
1.161677986383438110e-01
1.191112200419108119e-01
1.205883994698524475e-01
1.176163082321484837e-01
1.243019575874010768e-01
1.162659401694933620e-01
1.221413885553677831e-01
1.211430703600247655e-01
1.161400477091471400e-01
1.184027170141537938e-01
1.142042924960454259e-01
1.187595004836718288e-01
1.246096144119898524e-01
1.228356460730234828e-01
1.180089836319287572e-01
1.252556319038073129e-01
1.183140898744265285e-01
1.156384175022443089e-01
1.200633322199185643e-01
1.184224113821983337e-01
1.156066060066223145e-01
1.297385568420092172e-01
1.208243444561958313e-01
1.162852793931961060e-01
1.175562342007954869e-01
1.216634387771288600e-01
1.226030141115188599e-01
1.180182049671808925e-01
1.183919360240300450e-01
1.171265095472335815e-01
1.276931862036387033e-01
1.190735846757888794e-01
1.187580997745196071e-01
1.184283395608266148e-01
1.189138988653818813e-01
1.277214239041010446e-01
1.250696976979573660e-01
1.209264049927393642e-01
1.201637933651606288e-01
1.257677823305130005e-01
1.224716429909070287e-01
1.247166767716407776e-01
1.210087289412816319e-01
1.206697473923365321e-01
1.234084318081537929e-01
1.197551563382148743e-01
1.202433357636133876e-01
1.255482087532679147e-01
1.231130709250767979e-01
1.204007665316263881e-01
1.097155312697092738e-01
1.170264805356661525e-01
1.204309264818827357e-01
1.166435132424036708e-01
1.201191395521163940e-01
1.262884934743245535e-01
1.156530107061068263e-01
1.262696459889411926e-01
1.200603668888409886e-01
1.211640958984692845e-01
1.245115175843238831e-01
1.201904987295468602e-01
1.236169462402661595e-01
1.211927284797032628e-01
1.189844359954198155e-01
1.236628368496894836e-01
1.186653077602386475e-01
1.224110772212346349e-01
1.216283589601516724e-01
1.258481765786806650e-01
1.225916941960652623e-01
1.238258903225262914e-01
1.215325420101483617e-01
1.224528675278027806e-01
1.175587077935536656e-01
1.205046549439430237e-01
1.183427100380261693e-01
1.245119969050089564e-01
1.187984968225161281e-01
1.239221915602684021e-01
1.202441081404685974e-01
1.226185386379559789e-01
1.229126974940299988e-01
1.230000133315722194e-01
1.157272433241208348e-01
1.191432128349940028e-01
1.254114905993143625e-01
1.219130779306093898e-01
1.220661476254463196e-01
1.205098653833071437e-01
1.251969486474990845e-01
1.229525282979011536e-01
1.218313202261924744e-01
1.306836530566215515e-01
1.175679614146550450e-01
1.196750899155934605e-01
1.232436075806617737e-01
1.249599009752273560e-01
1.203952431678771973e-01
1.164763992031415257e-01
1.316016217072804861e-01
1.172744979461034093e-01
1.225742598374684605e-01
1.250554968913396292e-01
1.282595470547676086e-01
1.248066003123919215e-01
1.205626204609870911e-01
1.194796885053316798e-01
1.226790050665537563e-01
1.195385257403055873e-01
1.152959267298380580e-01
1.185533404350280762e-01
1.172458703319231715e-01
1.187060972054799352e-01
1.259348168969154358e-01
1.171577870845794678e-01
1.245729302366574559e-01
1.193061818679173741e-01
1.223642925421396938e-01
1.202465121944745335e-01
1.238360231121381078e-01
1.196612988909085545e-01
1.236171399553616795e-01
1.209879567225774083e-01
1.242659414807955470e-01
1.187788893779118810e-01
1.244916990399360657e-01
1.204815035065015111e-01
1.176933000485102382e-01
1.349170307318369455e-01
1.193814376990000453e-01
1.180517077445983887e-01
1.279437964161237173e-01
1.236547802885373387e-01
1.235866869489351955e-01
1.244588643312454224e-01
1.228566020727157593e-01
1.198473746577898708e-01
1.204903448621432033e-01
1.170989175637563023e-01
1.263081009189287729e-01
1.245202943682670593e-01
1.248806218306223598e-01
1.248104249437649998e-01
1.188690463701883998e-01
1.263293003042539053e-01
1.265533442298571176e-01
1.239920035004615784e-01
1.212822670737902370e-01
1.220389778415362086e-01
1.239965856075286865e-01
1.216767604152361598e-01
1.207135816415150914e-01
1.223681146899859157e-01
1.253285979231198721e-01
1.236735309163729396e-01
1.174634248018264771e-01
1.291320398449897766e-01
1.220254823565483093e-01
1.179079065720240321e-01
1.257218321164449149e-01
1.225474799672762599e-01
1.246365954478581700e-01
1.197612782319386754e-01
1.162809257706006322e-01
1.179104497035344395e-01
1.226019039750099182e-01
1.200356235106786046e-01
1.258327091733614511e-01
1.211483602722485814e-01
1.257432202498117990e-01
1.219733804464340210e-01
1.242412130037943568e-01
1.225213035941123962e-01
1.216516544421513829e-01
1.257684727509816580e-01
1.182608380913734436e-01
1.236973280707995143e-01
1.230289811889330592e-01
1.176614041129748073e-01
1.224225486318270412e-01
1.216611911853154454e-01
1.261506751179695129e-01
1.239082639416058812e-01
1.235456640521685329e-01
1.233563944697380066e-01
1.208227127790451050e-01
1.219939341147740636e-01
1.265485187371571951e-01
1.222849811116854396e-01
1.236607854564984593e-01
1.200117071469624791e-01
1.230627323190371242e-01
1.204075738787651062e-01
1.237905522187550816e-01
1.257982303698857718e-01
1.259630347291628427e-01
1.268824065725008554e-01
1.225785215695699010e-01
1.209373498956362453e-01
1.205633754531542506e-01
1.203502813975016322e-01
1.201726247866948399e-01
1.258754059672355652e-01
1.261607383688291006e-01
1.216135472059249878e-01
1.225624183813730922e-01
1.262527257204055786e-01
1.260558788975079947e-01
1.276442731420198984e-01
1.231623515486717224e-01
1.246621757745742798e-01
1.213273902734120641e-01
1.230721597870190892e-01
1.252511590719223022e-01
1.193462088704109192e-01
1.240803003311157227e-01
1.249866286913553920e-01
1.194583003719647679e-01
1.262668247024218149e-01
1.265584900975227356e-01
1.226755927006403651e-01
1.225666776299476624e-01
1.224909896651903835e-01
1.213187699516614232e-01
1.208789721131324768e-01
1.259703561663627625e-01
1.212416638930638585e-01
1.215732296307881627e-01
1.250292584300041199e-01
1.254263271888097220e-01
1.250326732794443674e-01
1.213199272751808167e-01
1.253909642497698373e-01
1.216327622532844543e-01
1.218084568778673854e-01
1.221788351734479222e-01
1.214993546406428065e-01
1.249423697590827942e-01
1.233253826697667394e-01
1.234002485871315002e-01
1.253010109066963196e-01
1.198854471246401515e-01
1.226038510600725856e-01
1.266306738058725900e-01
1.199680517117182460e-01
1.180670410394668579e-01
1.237200895945231166e-01
1.228556409478187561e-01
1.204657480120658875e-01
1.243704830606778416e-01
1.235747362176577296e-01
1.234939222534497533e-01
1.233083630601565089e-01
1.187908823291460719e-01
1.189738536874453273e-01
1.265619521339734488e-01
1.270893663167953491e-01
1.224806085228919983e-01
1.213835577170054164e-01
1.222730527321497646e-01
1.272888754804929190e-01
1.178204541405041966e-01
1.255259936054547720e-01
1.222850332657496181e-01
1.227902323007583618e-01
1.218547895550727844e-01
1.223030785719553676e-01
1.248529354731241908e-01
1.242077375451723781e-01
1.227008377512295995e-01
1.219692205389340672e-01
1.220233837763468471e-01
1.236371497313181606e-01
1.199986413121223450e-01
1.218157162268956456e-01
1.259942774971326285e-01
1.252527137597402029e-01
1.248457456628481593e-01
1.267865697542826242e-01
1.223052442073822021e-01
1.247213706374168396e-01
1.264666939775148935e-01
1.218438098827997890e-01
1.233347828189532008e-01
1.228827163577079773e-01
1.219320197900136266e-01
1.240613460540771484e-01
1.263993059595426016e-01
1.217339560389518738e-01
1.227623497446378026e-01
1.187951837976773534e-01
1.218259284893671718e-01
1.237580478191375732e-01
1.204323197404543605e-01
1.182671959201494899e-01
1.240950375795364380e-01
1.262646590669949942e-01
1.212556386987368312e-01
1.177845944960912022e-01
1.260987122853597098e-01
1.208366900682449341e-01
1.228976547718048096e-01
1.235144014159838405e-01
1.250232979655265808e-01
1.286122749249140329e-01
1.204691876967747960e-01
1.272211546699205942e-01
1.236429711182912144e-01
1.242984210451443944e-01
1.236375148097674098e-01
1.225192720691363063e-01
1.221144149700800624e-01
1.162824208537737575e-01
1.257967054843902588e-01
1.249638224641482082e-01
