1.030536684556864271e-02
5.515318454126827245e-03
4.438128889887593687e-03
3.792830936436075891e-03
3.026683416101150128e-03
2.726423394051380455e-03
2.579549659276381308e-03
2.349191003304440528e-03
2.139563543460099113e-03
2.360873992438428191e-03
2.137560625851619815e-03
1.897272223141044465e-03
2.075704310846049252e-03
1.930580051703145771e-03
1.979153615684481251e-03
1.759347953338874504e-03
1.756274727813433812e-03
1.728645160619635222e-03
1.784631024202099157e-03
1.699221665330696894e-03
1.514038626919500573e-03
1.518201806175056888e-03
1.602871185605181468e-03
1.585270639043301301e-03
1.597406642758869566e-03
1.636148821125971067e-03
1.528170357778435486e-03
1.565615674917353361e-03
1.494415041088359517e-03
1.470093402167549270e-03
1.489494775159982921e-03
1.406435013632290109e-03
1.514155710901832295e-03
1.518461545492755162e-03
1.385804511301103048e-03
1.569412189564900516e-03
1.446557181043317498e-03
1.370088079056586139e-03
1.272596619310206820e-03
1.396405807463452307e-03
1.409481639711884782e-03
1.332541286683408587e-03
1.397604916928685314e-03
1.473544276814209384e-03
1.410916724853450389e-03
1.356382902304176198e-03
1.373021217295899900e-03
1.262088608564226975e-03
1.313538083195453510e-03
1.323461253559798977e-03
1.332113239914178805e-03
1.295340247452259064e-03
1.303043639200041027e-03
1.313151307113003029e-03
1.350747508695349097e-03
1.276038204377982809e-03
1.190906141710002062e-03
1.364720364654203790e-03
1.230813364236382681e-03
1.168271533242659687e-03
1.330619806685717690e-03
1.231360983729245986e-03
1.300648727192310660e-03
1.245893082523252858e-03
1.224761915000271940e-03
1.266479455080116211e-03
1.185219893886824095e-03
1.163040128449210854e-03
1.431279897951753897e-03
1.378518791898386510e-03
1.467949475045315878e-03
1.259478269639657897e-03
1.219480343570466998e-03
1.165876570303225803e-03
1.215920496179023758e-03
1.121479646826628596e-03
1.188695724340504923e-03
1.120008039288222877e-03
1.163840479784994473e-03
1.109044485929189250e-03
1.318138988426653625e-03
1.210746634023962629e-03
1.244525563015486027e-03
1.184770181134808895e-03
1.184949716844130307e-03
1.165589657102827957e-03
1.154782160665490708e-03
1.227602879953337790e-03
1.123157322581391782e-03
1.080819973140023649e-03
1.175012331805191847e-03
1.147758520892239089e-03
1.105645809002453505e-03
1.139076433901209384e-03
1.110591467295307666e-03
1.260255384477204687e-03
1.241197050694608974e-03
1.174804266338469504e-03
1.157107103063026530e-03
1.265132195840124041e-03
1.003216047683963465e-03
8.929318475566106351e-04
9.558825513522606343e-04
8.900967994122765525e-04
8.876336629327852496e-04
9.249480626749573275e-04
9.206608941894955716e-04
9.104903383558848873e-04
9.223236053003347696e-04
9.248796937754377940e-04
8.538076639524660788e-04
8.890838675142731301e-04
9.430257108760997436e-04
9.011006193759385063e-04
9.433173008801531978e-04
9.115090342675102875e-04
8.950842175181605853e-04
9.184581445879303136e-04
8.653230692289070941e-04
8.745510131120681763e-04
8.947938666096888049e-04
9.697707660961896398e-04
8.481564100293326192e-04
9.066474287465098748e-04
8.831485945847816332e-04
8.474728583678370342e-04
9.404031630765530498e-04
8.687190111231757328e-04
8.711293838132405220e-04
9.329696618806338155e-04
8.672889467561617710e-04
9.073345168872038119e-04
9.003873863548505618e-04
8.578111695896950334e-04
9.000835467304568955e-04
8.430416097326087982e-04
8.473933932691580118e-04
9.362727836560224897e-04
8.347380578925367011e-04
8.691063598234904713e-04
8.575851890782360421e-04
8.866227348335087083e-04
8.786393053014762266e-04
8.203885856346460493e-04
9.163107733911601827e-04
8.274613661342300691e-04
8.726756601390661889e-04
9.602153048035688265e-04
8.439956436632201076e-04
8.397150224482175396e-04
8.079767849267227575e-04
8.551591326977359131e-04
8.067757171374978498e-04
8.485047115755151243e-04
8.259903910584398328e-04
8.692412267919281000e-04
8.789394834820996472e-04
8.235000219428912022e-04
8.226740155805600807e-04
8.805819972621975900e-04
8.727224761969409666e-04
8.070929969107964574e-04
8.199644904379965954e-04
8.535283101082314023e-04
8.634798216007766748e-04
8.368694358068751388e-04
8.116175395116442814e-04
8.034114347537979267e-04
9.492092976870480925e-04
8.509635332302423411e-04
8.429317413174430840e-04
8.058469087700359306e-04
8.195065689506009438e-04
8.465996426821221100e-04
8.753329442697576962e-04
8.262632873083930463e-04
8.092951509752310379e-04
8.840928192512364624e-04
8.658838389237644585e-04
7.917365275716293106e-04
8.804533365037059845e-04
8.213008841266855597e-04
8.130052499836892387e-04
8.610189841419923617e-04
8.040096752665703683e-04
7.897893603512784900e-04
8.810600822471315475e-04
7.950555338538834328e-04
8.181779256119625209e-04
8.533093725418439569e-04
7.958757119922666096e-04
8.342606224687187932e-04
8.162704345522798100e-04
8.089225753792561808e-04
8.882997815817361264e-04
8.215361543989274434e-04
7.907176923254155554e-04
7.704373598244274252e-04
7.756544728181324899e-04
8.225698129535885528e-04
7.099376307451166213e-04
7.020133261903538369e-04
7.117752185877180161e-04
6.892527206218801005e-04
7.002379421464866244e-04
6.991561045651906387e-04
7.164573014961205921e-04
6.987014534388435788e-04
7.040866450552130552e-04
7.127976517949718765e-04
7.274800072991638444e-04
7.077406613461789892e-04
7.010383911620010839e-04
7.113770268915686323e-04
7.132937444112030789e-04
7.014589305981644646e-04
7.198784067441010414e-04
7.076990992572973699e-04
7.188955389210605496e-04
6.939613647773512205e-04
6.926712037966353385e-04
7.111142280336934856e-04
7.324662614337284832e-04
7.162899959439527958e-04
7.013283879132359072e-04
7.042017516141641387e-04
7.241402974614175470e-04
6.804238875702140355e-04
6.781306394259445803e-04
6.951900140848010778e-04
6.681912213025497987e-04
7.092184090652153610e-04
6.848305240055197352e-04
7.029027347016381100e-04
7.177633695391704826e-04
6.702709802993922711e-04
7.043142888505827138e-04
7.028397520116413510e-04
7.024035930953687057e-04
6.978686265938449868e-04
6.935899573363712989e-04
7.078180336975492320e-04
6.677331821265397593e-04
6.776953938242513903e-04
6.705719031742773516e-04
6.730479231919162192e-04
6.884571590489940935e-04
6.663235424639423875e-04
6.932517975656082637e-04
7.046352669931365892e-04
6.713987344483029812e-04
6.634222758293617300e-04
6.580652969205402335e-04
6.674024813037249476e-04
6.798356786021031656e-04
6.878523643536027087e-04
6.806721918110270270e-04
6.967491799514391460e-04
6.708377104587270878e-04
6.698958868582849391e-04
6.813787495048018172e-04
6.597505585887120322e-04
6.741644163412274359e-04
6.457497362134745561e-04
6.702595746901351959e-04
6.778553315598401241e-04
6.570279443621984900e-04
6.506753652502084151e-04
7.109976226274738803e-04
6.653952350461622700e-04
6.468922898420714990e-04
6.810842090999358117e-04
6.665280558081576818e-04
7.085097739036427377e-04
6.674829812254757123e-04
6.463450528826797815e-04
6.758344043191755190e-04
6.542618195453542718e-04
6.650402367085917355e-04
6.499118297142558297e-04
6.587915187992621647e-04
6.678353918687207191e-04
6.541133556311251379e-04
6.657595782598946460e-04
6.535983560752356208e-04
6.945601006009382693e-04
6.513796948638628454e-04
6.502996622657520199e-04
6.381757528288289471e-04
6.738744479662273513e-04
6.800989089242648116e-04
6.495534715213579623e-04
6.352125470584724315e-04
6.505172063043573654e-04
6.640788398726727316e-04
6.517615465782000683e-04
6.611398210225160731e-04
6.854201488749822819e-04
6.541739227031939880e-04
6.403176452295155979e-04
6.109302765253232358e-04
6.113791034294991256e-04
5.995541643642355190e-04
5.962071672911406495e-04
6.136634694485110664e-04
5.974663121378398284e-04
6.040212985681137504e-04
5.943873989963322163e-04
5.959210961009375534e-04
6.217368094439734488e-04
6.117294600699096701e-04
6.055676003597909585e-04
5.965962272966862656e-04
6.086010131184593991e-04
6.105534786911448897e-04
6.074903038097545071e-04
5.930099428951507651e-04
6.031755952790263326e-04
5.987389211441040537e-04
5.957055940598365634e-04
6.041134800398139781e-04
6.016304670993122706e-04
6.031561119016259692e-04
5.976083690256928311e-04
5.943566031419323260e-04
5.922812861172133125e-04
5.930385483225109272e-04
5.934889160926104957e-04
6.101147371737169599e-04
5.924560618950636126e-04
6.055968260625377297e-04
5.806214478070615293e-04
5.889210076929884529e-04
5.918883480262593366e-04
5.992883998260367662e-04
6.067164640626288019e-04
5.964921019767643884e-04
5.951466608166810623e-04
5.951921533778658851e-04
5.956349659754778259e-04
5.871837756785680540e-04
5.731645511332317472e-04
5.864411363290855444e-04
5.810220764033147134e-04
5.863888991370913573e-04
5.747200739278923720e-04
5.804985268696328127e-04
5.918927125094341612e-04
5.982591312204022394e-04
5.896507505894988061e-04
5.914521094382507943e-04
5.851722253282787278e-04
5.849975015735254125e-04
5.858235159394098663e-04
5.795381710413493714e-04
5.791156439954647578e-04
5.841340866027166850e-04
5.960632348433137157e-04
5.857760190338013196e-04
5.790434057416860231e-04
5.770716674305731214e-04
5.906983640670659518e-04
5.758510113082592873e-04
5.699764926248463304e-04
5.845570805831812756e-04
5.952734627499012277e-04
5.673871619364945218e-04
5.837469732796307220e-04
5.756682701758108599e-04
5.797114805318415382e-04
5.697295497157029093e-04
5.771093374278279953e-04
5.650691911796457568e-04
5.860265408045961088e-04
5.699128689229838052e-04
5.666019398631761284e-04
5.809459851661813012e-04
5.787267969935783402e-04
5.856759324160520485e-04
5.704033528672880493e-04
5.696943331713555598e-04
5.937130861639161161e-04
5.749100935645401044e-04
5.664978860295377238e-04
5.970842979877488471e-04
5.698597226000857042e-04
5.850365221704123108e-04
5.747192300987081105e-04
5.834327086631674753e-04
5.789600676507688842e-04
5.591816334344912320e-04
5.976227264909538938e-04
5.735218046538648196e-04
5.786190833532601097e-04
5.625835092359920964e-04
5.693404700650717132e-04
5.674907510183402120e-04
5.726127521484159367e-04
5.595921340500354269e-04
5.623462044241023467e-04
5.451690829431754103e-04
5.453559815578046255e-04
5.447346728033152907e-04
5.441897739729029560e-04
5.418479689978994212e-04
5.532663112717273179e-04
5.517741548828781085e-04
5.484237877681153112e-04
5.464530067911255173e-04
5.530395661480725028e-04
5.470738238727790520e-04
5.468346431371174038e-04
5.546701051571290442e-04
5.474586880154675306e-04
5.385335403843783059e-04
5.438129614049102894e-04
5.417874004706391350e-04
5.576879388172528490e-04
5.519637021279777617e-04
5.449126118037383570e-04
5.475947700688266195e-04
5.488166787472436702e-04
5.365400731534464718e-04
5.452962364870473028e-04
5.439795888378285305e-04
5.470218949994887659e-04
5.399047246100963310e-04
5.446815044706454717e-04
5.457712224597344609e-04
5.432268277218099900e-04
5.381664042943157689e-04
5.389949234086089053e-04
5.396266195020870803e-04
5.430901321233250634e-04
5.451281620480585410e-04
5.437770940261543295e-04
5.381844508519862064e-04
5.404520850788685059e-04
5.431770379800582738e-04
5.483344282765755928e-04
5.454497622849885374e-04
5.417691184447903218e-04
5.391362105001462407e-04
5.333352466550423266e-04
5.433939126305631145e-04
5.307387145876418799e-04
5.399180045060347766e-04
5.449185209727147594e-04
5.387445546148228893e-04
5.431856650830013244e-04
5.376799617806682363e-04
5.432356387245817824e-04
5.399468167524901002e-04
5.368730418922496462e-04
5.326429503838880702e-04
5.379496518798987164e-04
5.317274204571731605e-04
5.415528123194235811e-04
5.345086825400358283e-04
5.338817485608160279e-04
5.340083382179728212e-04
5.389906404161592729e-04
5.336594738764687939e-04
5.361046398320468576e-04
5.378463778470176987e-04
5.395011789005365937e-04
5.343762597476598309e-04
5.364465983802802146e-04
5.357202877348754772e-04
5.326879203494172326e-04
5.284731523715890944e-04
5.360713031222985809e-04
5.356626368666183701e-04
5.365832455936469635e-04
5.355616741326230329e-04
5.368019266825286174e-04
5.318133320542983494e-04
5.333642246114322482e-04
5.321902215655426992e-04
5.337093818525318490e-04
5.328770030246232636e-04
5.320528411175473376e-04
5.311174953021690747e-04
5.378836329327895804e-04
5.301480858179274513e-04
5.332193430149345225e-04
5.304009444444090626e-04
5.269102835882222497e-04
5.266360858513507992e-04
5.325901376636466445e-04
5.257001235804637180e-04
5.297922165482304773e-04
5.309651920470060066e-04
5.288813257720903277e-04
5.457377956190612167e-04
5.346062460375832891e-04
5.305562930516316339e-04
5.320435822795844139e-04
5.289692797305178395e-04
5.277082535030785514e-04
5.175746968234306916e-04
5.129741875862237066e-04
5.227050147368572869e-04
5.149202961547416635e-04
5.192163784158765122e-04
5.163050118426326662e-04
5.205389546972582831e-04
5.167091135263035540e-04
5.169374080651323311e-04
5.188073162571526630e-04
5.228806405284558857e-04
5.165126269275788651e-04
5.188468781852862083e-04
5.218055979639757208e-04
5.205285620832001076e-04
5.186876383959315934e-04
5.183679808396845839e-04
5.150717273863847151e-04
5.208474469327484691e-04
5.180845548238722110e-04
5.207983736909227663e-04
5.174920685021789030e-04
5.190427473280578852e-04
5.152852103492477692e-04
5.234444397501647472e-04
5.163440409887698479e-04
5.230246804785565039e-04
5.212148091231938885e-04
5.229542290180688941e-04
5.212556354308617735e-04
5.209545681282179864e-04
5.186478108953451304e-04
5.165287920135597016e-04
5.179195106393308812e-04
5.210914821873302138e-04
5.164880174561403258e-04
5.180707494218950160e-04
5.197916532779344855e-04
5.153551017428980707e-04
5.162886824109591761e-04
5.172010591195430390e-04
5.135579209309071519e-04
5.204107110330369323e-04
5.175590378712513918e-04
5.185957682442676308e-04
5.191062213270924769e-04
5.152798252311185717e-04
5.172502533241640776e-04
5.188065583752177190e-04
5.210801091379835270e-04
5.181366195756709203e-04
5.164651600352953686e-04
5.184616589758661792e-04
5.180419295356842192e-04
5.146481034898897633e-04
5.141920451933401854e-04
5.130291774548823014e-04
5.193204626266379343e-04
5.153136260560131198e-04
5.185578653254197196e-04
5.124402850924525410e-04
5.103979965497273952e-04
5.127109534441842698e-04
5.159805202310963502e-04
5.138380691278143352e-04
5.115399428177625375e-04
5.169664007553364648e-04
5.149475873622577637e-04
5.106193149913452068e-04
5.204213161050574637e-04
5.119395502333646143e-04
5.128461421918473423e-04
5.135179701937885987e-04
5.151544031832599796e-04
5.174797523068263693e-04
5.102010200062068179e-04
5.137313511113461790e-04
5.152410429218434295e-04
5.145547869688016146e-04
5.139615000189223792e-04
5.156244476893334216e-04
5.185687750781653449e-04
5.123004280903842517e-04
5.161414335816516107e-04
5.134716133397887244e-04
5.106985248858108900e-04
5.101848415506538221e-04
5.096167271403829069e-04
5.156435840035555667e-04
5.115186904731672257e-04
5.138702243129955171e-04
5.145202174389850846e-04
5.131125117259216495e-04
5.138060716490145275e-04
5.140069119079271115e-04
5.143200252859970057e-04
5.144951201145886444e-04
5.156442274710570711e-04
5.135943134519038939e-04
5.137444786669220775e-04
5.056389227320323698e-04
5.092760300613008006e-04
5.069797934993403032e-04
5.100388269056565626e-04
5.092890885862288563e-04
5.102400311443489479e-04
5.060251907707425268e-04
5.062483171059284793e-04
5.091885857837041406e-04
5.054011364336475232e-04
5.059863835413125777e-04
5.081337742012693049e-04
5.058278557044104673e-04
5.092699288070434488e-04
5.059322278611943840e-04
5.064785143986227488e-04
5.068597080935433475e-04
5.097525876408326223e-04
5.055574276411789903e-04
5.083178801214671260e-04
5.052222019003238746e-04
5.091064602311234488e-04
5.059118195276824260e-04
5.044859972258564085e-04
5.118715542266726991e-04
5.053893417425569645e-04
5.096380262330057597e-04
5.077043031633365466e-04
5.059330213043721890e-04
5.062002819613553584e-04
5.049294344644294835e-04
5.058028287749039226e-04
5.071116458566394137e-04
5.041656468165456317e-04
5.053142996985116476e-04
5.062442412963718674e-04
5.053532833699137406e-04
5.064165054136538380e-04
5.041042699303943447e-04
5.078296178908203295e-04
5.047403165008290671e-04
5.078252970633911900e-04
5.077195956801006322e-04
5.029229874708107889e-04
5.055749375969753817e-04
5.041041149524971843e-04
5.035835270973621153e-04
5.082466173917055347e-04
5.066782156063709625e-04
5.029511001339414655e-04
5.063874119514366829e-04
5.034174773754784837e-04
5.069378155894809900e-04
5.051079117038171241e-04
5.066736521257553250e-04
5.069111030024942011e-04
5.103513027279405140e-04
5.076184103018022359e-04
5.101453709357884215e-04
5.062609921878902458e-04
5.017733446948113851e-04
5.027190227337996475e-04
5.068924503575545238e-04
5.059648179667419971e-04
5.045414747655741373e-04
5.063328302640002004e-04
5.054956964158918709e-04
5.093741341624990820e-04
5.044755886046914601e-04
5.105886613819166520e-04
5.024937418056651950e-04
5.070126182545209737e-04
5.023566021918668195e-04
5.070218596301856884e-04
5.035808231696137444e-04
5.084941192762925787e-04
5.068551294243661470e-04
5.045815243647667082e-04
5.050094245234504125e-04
5.052259613876231448e-04
5.048695860750740177e-04
5.078466179838869938e-04
5.079498194390907450e-04
5.037585344325635085e-04
5.057338438746228132e-04
5.056680611232877709e-04
5.079185755676007396e-04
5.016594048356636925e-04
5.071073011094995526e-04
5.083302123239264326e-04
5.058771814219654040e-04
5.031905100622679605e-04
5.052599723057938025e-04
5.050362175097689249e-04
5.037590648498735174e-04
5.065535426183487722e-04
5.054953713624854789e-04
5.042860129833570682e-04
5.075448229035828046e-04
5.057532347564119629e-04
5.020923910706188032e-04
5.014338217733893760e-04
4.997459804144454903e-04
4.999055890948511660e-04
5.012668854760704996e-04
4.978436531928309705e-04
5.038412336944020353e-04
5.001618173992028460e-04
5.033210358305950432e-04
5.021345130444387472e-04
4.985515182852395593e-04
5.032843770095496655e-04
5.024945317927631766e-04
5.021742968892795251e-04
4.994107554011862011e-04
5.005475697544170977e-04
5.028353540183161602e-04
5.005315000744303472e-04
5.024599668104201555e-04
5.002971140129375705e-04
4.974638479325222285e-04
5.025528049372951717e-04
4.981907082765246958e-04
4.999320690330932848e-04
4.998671285648015761e-04
4.975853316864231601e-04
5.006867731935926713e-04
4.989119137462693981e-04
5.009906886698445522e-04
4.997486890715663538e-04
5.001129249649239206e-04
5.023530331527581872e-04
5.034769308622343963e-04
4.990352937966236347e-04
4.990467978132073767e-04
4.996117715563741946e-04
4.980693149263970988e-04
4.989834700609207868e-04
5.008249476304626807e-04
5.028128923186159661e-04
5.009273061659768721e-04
5.011673536500893100e-04
5.004225778975524442e-04
4.978222819772782021e-04
4.991023644834058793e-04
5.009609485568944365e-04
4.984734136087354056e-04
4.983299255400197797e-04
5.029057145293335928e-04
5.017971629058592736e-04
4.999295439120033041e-04
5.001768773581716449e-04
5.031295313528971747e-04
4.989833245417685031e-04
5.018732332246145450e-04
4.993196689611067995e-04
5.006337161830743277e-04
4.969703972165006927e-04
5.010076467442559512e-04
5.006338040402624322e-04
5.005825702028232843e-04
4.981463506737781937e-04
5.020640972361433817e-04
5.015094261580088641e-04
5.021069092435937126e-04
5.002567202609497620e-04
4.995763945771613656e-04
5.008450341847491948e-04
5.003811467759078802e-04
5.014062568079680421e-04
4.983883460226934620e-04
5.016877752495929382e-04
5.000252403988270089e-04
5.006327377486740953e-04
4.963915429470944001e-04
5.014016238419572108e-04
5.010336690247640945e-04
5.036340065998956344e-04
4.967601288626610550e-04
4.976767237167223574e-04
5.021568058509728871e-04
5.008195275877369568e-04
4.987572483514668420e-04
4.970777126800385304e-04
5.034322673964197314e-04
4.988835125914192759e-04
4.993566708435537294e-04
5.016216456169786614e-04
4.979306419045315341e-04
4.950191681928117543e-04
4.988027292711194171e-04
5.031000453527667126e-04
4.998794353014091247e-04
4.964306426700204611e-04
4.996999878130736761e-04
4.999525115636060512e-04
4.986449235730106228e-04
5.015765866119182171e-04
4.976005757271195762e-04
4.999659638087905911e-04
5.003952008337364098e-04
4.965075858308409590e-04
4.995901676011271558e-04
4.978400053005316512e-04
4.974041052264510437e-04
4.992068210412980772e-04
4.941042894643033140e-04
4.973814775439677760e-04
4.989829501937492317e-04
5.001906957659230319e-04
4.977758137101773606e-04
4.971382471921969920e-04
4.993846428988035985e-04
4.993735117750474749e-04
4.976295944288722023e-04
4.993913576981867880e-04
4.978275756002403796e-04
4.983210348655120903e-04
4.960691216183476865e-04
4.977167700417339802e-04
4.984159166269818819e-04
4.968176424881675778e-04
4.979341755642962891e-04
5.008928243114496798e-04
4.985832694728742787e-04
4.971674616172094829e-04
4.973285391315585219e-04
4.963378813954477447e-04
4.972725348125095913e-04
4.955600326866261163e-04
4.974467938154703006e-04
4.961427014677610280e-04
4.954018457283381870e-04
4.949275653416407295e-04
4.955857975801336579e-04
4.967578799551120462e-04
4.959480658726534309e-04
4.968533332430525185e-04
4.962575270837987556e-04
4.955323731337557980e-04
4.961833123161340847e-04
4.940272005114820569e-04
4.969694677129154808e-04
4.963347690136287859e-04
4.973978873749728812e-04
4.988152924852329740e-04
4.961482351063750901e-04
4.971123933501075520e-04
4.995048006094293452e-04
4.985823201423045031e-04
5.010001352275140086e-04
4.961273749358952262e-04
4.974908477379357940e-04
4.962851533491629673e-04
4.995545299607328854e-04
4.978321827366017022e-04
4.977854638127610304e-04
4.950361337250797512e-04
5.015001103856775878e-04
4.959322581271407909e-04
4.982555646165564905e-04
4.945958999087451957e-04
4.962333896401105449e-04
4.954361891577718346e-04
4.975819898390909874e-04
5.003924320590158459e-04
4.971915566784445694e-04
4.967444441717816300e-04
4.996490437406464263e-04
4.954721498506842181e-04
4.933553313094307452e-04
4.966138545569265478e-04
4.996636680516530760e-04
4.959055137078394399e-04
4.977333919669035822e-04
4.969494733813917048e-04
4.960066884450497820e-04
4.981906617103959217e-04
4.964117684721714103e-04
4.982119078704271963e-04
4.968637129422858855e-04
4.968823910530773208e-04
4.971897204086416899e-04
4.967338307324097989e-04
4.953500414558220438e-04
4.943367150190170357e-04
4.937045201586443216e-04
4.954378187903785364e-04
4.936123084917198433e-04
4.974760704499203712e-04
4.941708171827486002e-04
4.961331097547372554e-04
4.972000908310292722e-04
4.976968555638449764e-04
4.955126692948397466e-04
4.980645769137482127e-04
4.985598221537657299e-04
4.956852168106707030e-04
4.958473917213268144e-04
4.943442900184891187e-04
4.973905811311851721e-04
4.946145932080980856e-04
4.944462717503484090e-04
4.990404650015989318e-04
4.940086086207884147e-04
4.909947075248055843e-04
4.964107740306645134e-04
4.973577550117624490e-04
4.963883389791590378e-04
4.934599188345601068e-04
4.955108273861696727e-04
4.980676972991205037e-04
4.933739372063427730e-04
4.932093368552159084e-04
4.958935633112560026e-04
4.933050009640283168e-04
4.971312171619501463e-04
4.989867762560607151e-04
4.941127247548137823e-04
4.943859570630593009e-04
4.942261984979268163e-04
4.931730967655312053e-04
4.980687159331864894e-04
4.930833549224189916e-04
4.946646104144747369e-04
4.943307956636999300e-04
4.952495934048784182e-04
4.930132748995674557e-04
4.938647607559687458e-04
4.934532807965297252e-04
4.946741628373274580e-04
4.948837422489305027e-04
4.949800453687202900e-04
4.951235447151703046e-04
4.961596816428937452e-04
4.950309054038371176e-04
4.936961473504198001e-04
4.981727810445590659e-04
4.931528033921495297e-04
4.955694961608969390e-04
4.948694240738404915e-04
4.915130040899385200e-04
4.923116597637999586e-04
4.935959233989706697e-04
4.957190269124112526e-04
4.989085362467448725e-04
4.946089963596023587e-04
4.923381180560682186e-04
4.940535520290723504e-04
4.916971634884248704e-04
4.952022391989885581e-04
4.978163373380084305e-04
4.960092443070607477e-04
4.936574880048283809e-04
4.940747054206440442e-04
4.957271570674492761e-04
4.975609230314148373e-04
4.916016352581209937e-04
4.974356405000434755e-04
4.954296293362859139e-04
4.940253873428445807e-04
4.968432609530282424e-04
4.923138516460312314e-04
4.951065600835135704e-04
4.952133687766036452e-04
4.932992083922727250e-04
4.934630309435305900e-04
4.952519082507933056e-04
5.009854619856923385e-04
4.928764871692692829e-04
4.956539443810470836e-04
4.974930194293847524e-04
4.975031437425059050e-04
4.977158525434788750e-04
4.946674429447739168e-04
4.941503075315267779e-04
4.946358138113282187e-04
4.925355333398329094e-04
4.955769392836373733e-04
4.962122447977890261e-04
4.970277885149698271e-04
4.932132358590024090e-04
4.942781524732708931e-04
4.942401132211670994e-04
4.929798054945422120e-04
4.963199249687022746e-04
4.991470628738170707e-04
4.991478852389263487e-04
4.947842557157855264e-04
4.941407172736944414e-04
4.932693755108630285e-04
4.969323019395233566e-04
4.954951512445404226e-04
4.926139068629709289e-04
4.949896665493724868e-04
4.986028110579354472e-04
4.963274624969927096e-04
4.957075596394133320e-04
4.982345919415820824e-04
4.929141605316544883e-04
