4.117930328845977428e+00
2.972658675909042536e+00
2.682940107583999811e+00
2.459522685408592313e+00
2.183793815970420660e+00
2.047856558859348475e+00
1.992263643443584531e+00
1.902271014451980546e+00
1.800384299457073123e+00
1.904554854333400771e+00
1.800903658568859145e+00
1.677219016849994748e+00
1.763168452680111020e+00
1.716892027854919345e+00
1.721409295499324754e+00
1.606694245338439853e+00
1.589834001660346940e+00
1.595529371500015170e+00
1.629837550222873688e+00
1.575529336929321289e+00
1.503692170977592557e+00
1.473167863488197282e+00
1.519454671442508786e+00
1.528845557570457370e+00
1.552037638425826982e+00
1.537113133072853133e+00
1.475931179523467973e+00
1.495780041813850492e+00
1.473756116628646806e+00
1.472145986557006792e+00
1.479061862826347440e+00
1.417918911576271146e+00
1.469760601222515062e+00
1.501951941847801120e+00
1.421938864886760800e+00
1.489338220655918033e+00
1.465098252892494290e+00
1.410335564613342196e+00
1.363575887680053667e+00
1.414852562546730086e+00
1.425517721474170774e+00
1.389683333039283708e+00
1.416592809557914778e+00
1.424271747469902039e+00
1.438455113768577487e+00
1.396781761944293931e+00
1.411331139504909515e+00
1.342026484012603715e+00
1.385038252174854323e+00
1.376423811912536710e+00
1.395102004706859633e+00
1.362488336861133575e+00
1.377526666224002883e+00
1.380882079899311110e+00
1.386982353031635196e+00
1.351102128624916077e+00
1.301721049845218747e+00
1.424069637060165316e+00
1.321938205510377884e+00
1.279660919308662326e+00
1.378295777738094419e+00
1.324874896556138992e+00
1.372720244526863143e+00
1.345331750810146332e+00
1.331260742247104556e+00
1.336777728796005205e+00
1.286704461276531264e+00
1.269015166163444563e+00
1.428175407648086592e+00
1.408588922023773282e+00
1.464286436140537218e+00
1.356093600392341614e+00
1.309413655102253049e+00
1.290678760409355252e+00
1.293613262474536896e+00
1.246604596078395799e+00
1.276444207876920700e+00
1.254742021858692214e+00
1.296749651432037354e+00
1.261157472431659654e+00
1.394364526867866605e+00
1.321856389194727033e+00
1.314575591683387668e+00
1.299272380769252777e+00
1.278524240851402372e+00
1.286202694475650832e+00
1.282721042633056641e+00
1.307967254519462497e+00
1.258561262488365085e+00
1.249380862712860196e+00
1.287445193529129117e+00
1.260516949743032411e+00
1.252044302225112871e+00
1.266224999725818590e+00
1.254663444310426756e+00
1.316708033531904132e+00
1.349459688365459487e+00
1.288642609119415194e+00
1.271521139889955521e+00
1.297060800343751819e+00
1.181160718202590942e+00
1.093178720772266299e+00
1.126997292786836580e+00
1.083486928790807768e+00
1.088385735452175096e+00
1.101940859854221300e+00
1.116872015595436141e+00
1.105374320596456572e+00
1.115275660902261823e+00
1.118441645056009293e+00
1.066508457809686616e+00
1.081155941635370210e+00
1.116256458312272937e+00
1.097501505911350206e+00
1.118172327429056256e+00
1.102207155525684268e+00
1.099932741373777390e+00
1.118787196278572038e+00
1.072679568082094193e+00
1.075475776940584272e+00
1.090584785491228059e+00
1.145575705170631453e+00
1.068040523678064346e+00
1.100214781612157910e+00
1.104982744902372360e+00
1.048250959813594729e+00
1.115551272034644992e+00
1.086498606950044632e+00
1.076168403029441833e+00
1.126596182584762573e+00
1.078573471307754605e+00
1.107120942324399948e+00
1.103212803602218628e+00
1.065267440676689104e+00
1.093876105546951250e+00
1.057530532032251447e+00
1.066120336204767316e+00
1.124563869833946184e+00
1.050746870040893510e+00
1.086107919365167707e+00
1.057733625918626741e+00
1.082438366115093142e+00
1.086471285670995712e+00
1.041215124726295516e+00
1.102095036953687712e+00
1.043886460363864899e+00
1.090651678293943494e+00
1.139599270373582884e+00
1.052950546145439148e+00
1.051075691729784101e+00
1.040329640358686358e+00
1.069516982883214951e+00
1.031172189116478011e+00
1.069310802221298262e+00
1.052431409806013018e+00
1.092179144173860639e+00
1.099285210669040724e+00
1.043886052072048098e+00
1.037638705223798752e+00
1.079604250937700183e+00
1.080696316808462232e+00
1.033611914515495389e+00
1.050192470103502362e+00
1.070531293004751250e+00
1.077076057344675153e+00
1.060901891440153122e+00
1.040355146676301912e+00
1.027921660989522978e+00
1.122442792356014296e+00
1.078563544154167220e+00
1.049736683815717608e+00
1.034636494517326311e+00
1.039593448489904315e+00
1.066132532805204480e+00
1.088932995498180345e+00
1.051570859551429704e+00
1.032211624830961183e+00
1.088369814306497485e+00
1.073358733952045396e+00
1.029919956624507860e+00
1.087969787418842316e+00
1.041151079535484358e+00
1.041593893617391631e+00
1.062459430098533719e+00
1.049571902304887727e+00
1.029922851175069765e+00
1.082193130999803632e+00
1.031218276917934329e+00
1.048714455962181047e+00
1.053130743652582080e+00
1.041235857456922487e+00
1.048085383325815245e+00
1.041096422821283340e+00
1.067057970166206404e+00
1.081709429621696472e+00
1.045614317804574922e+00
1.026620163023471921e+00
1.009871520102024078e+00
1.029650927335023836e+00
1.050275295227766081e+00
9.628201432526111159e-01
9.455978102982044442e-01
9.624160945415496382e-01
9.386058166623115762e-01
9.468678764998912367e-01
9.450386561453342216e-01
9.613967098295688185e-01
9.485948950052260908e-01
9.535347849130630937e-01
9.515569500625133958e-01
9.712548300623893294e-01
9.566066160798072371e-01
9.546497143805027230e-01
9.612620070576667342e-01
9.575496539473533630e-01
9.586263909935951455e-01
9.704921066761016402e-01
9.677362434566021410e-01
9.631844140589237435e-01
9.525378093123435530e-01
9.429016321897506492e-01
9.546950101852417214e-01
9.786262512207031250e-01
9.672505825757979903e-01
9.516884274780750275e-01
9.557788573205471261e-01
9.765280105173588243e-01
9.385705932974814925e-01
9.392883993685245958e-01
9.456858821213245392e-01
9.316485993564128654e-01
9.606022439897060616e-01
9.474094361066818237e-01
9.537688657641411050e-01
9.699234940111637338e-01
9.306367494165896925e-01
9.550407171249389870e-01
9.586429476737976518e-01
9.573596805334091409e-01
9.513768099248409715e-01
9.517801210284233537e-01
9.581116244196892229e-01
9.281166449189186540e-01
9.404936164617538896e-01
9.352659992873668671e-01
9.394254311919212341e-01
9.578691110014915244e-01
9.316351093351841195e-01
9.583854489028453827e-01
9.658099316060543282e-01
9.336645632982254472e-01
9.293459653854370117e-01
9.333996050059795158e-01
9.373858086764812469e-01
9.405879758298396620e-01
9.479929104447364363e-01
9.470337264239787611e-01
9.575007386505604012e-01
9.416171073913573997e-01
9.364407822489738686e-01
9.457239128649235216e-01
9.237161338329314964e-01
9.342346526682376862e-01
9.212877355515957101e-01
9.381387785077095476e-01
9.470074631273746046e-01
9.245184302330017312e-01
9.231556542217731476e-01
9.745609529316425768e-01
9.374167166650295702e-01
9.174364455044269340e-01
9.351298548281192780e-01
9.330436289310455322e-01
9.625988624989986198e-01
9.332030698657035606e-01
9.181083843111992326e-01
9.428275994956493156e-01
9.236654214560985343e-01
9.347830303013324738e-01
9.255742460489273515e-01
9.235017336905002594e-01
9.371576182544231193e-01
9.216505534946918266e-01
9.346418946981429610e-01
9.273654587566853014e-01
9.536769211292266402e-01
9.256167262792587280e-01
9.215963698923588243e-01
9.135730728507042153e-01
9.395607270300387892e-01
9.495778903365135193e-01
9.226713940501213296e-01
9.119519375264644179e-01
9.247419565916061845e-01
9.352326184511184914e-01
9.299945257604121940e-01
9.305840753018855827e-01
9.469369411468505637e-01
9.263001002371311632e-01
9.176694281399250253e-01
8.837445750832557678e-01
8.830525048077106920e-01
8.781086847186088118e-01
8.730342768132686171e-01
8.819997429847716841e-01
8.731739468872546928e-01
8.817211262881755607e-01
8.721282951533794181e-01
8.742889456450939623e-01
8.885105803608894792e-01
8.920355461537837760e-01
8.770811446011066437e-01
8.734575398266315460e-01
8.843432046473026498e-01
8.811628676950931105e-01
8.858738943934441057e-01
8.726235389709472434e-01
8.826562307775021043e-01
8.831557318568229453e-01
8.782046340405941232e-01
8.783202089369297472e-01
8.767510749399661796e-01
8.838253252208232436e-01
8.781317122280597465e-01
8.755518682301044464e-01
8.760604545474052207e-01
8.708428762853145377e-01
8.744894109666347948e-01
8.846001498401164787e-01
8.735022082924842612e-01
8.840762481093407121e-01
8.676834948360919730e-01
8.704230166971683724e-01
8.762799926102161630e-01
8.771706379950046095e-01
8.845558084547520128e-01
8.777597405016421828e-01
8.736566998064517753e-01
8.787681989371776137e-01
8.822512783110141310e-01
8.684702217578887939e-01
8.628475353121757285e-01
8.711729325354099496e-01
8.701610624790191428e-01
8.708811797201633231e-01
8.645487137138843092e-01
8.678798444569111314e-01
8.775387734174728838e-01
8.822968818247318712e-01
8.710942745208740678e-01
8.795799791812897173e-01
8.726770170032978058e-01
8.724429458379745483e-01
8.719300329685211182e-01
8.658921390771865401e-01
8.648645594716072305e-01
8.719852358102798684e-01
8.831663504242897034e-01
8.703282535076141135e-01
8.679458707571029441e-01
8.643057957291603310e-01
8.716494098305702654e-01
8.667022123932838218e-01
8.599022015929221885e-01
8.721860758960247040e-01
8.780022636055946350e-01
8.604453817009926064e-01
8.738250270485877769e-01
8.625638686120510323e-01
8.666375994682311568e-01
8.612313188612461534e-01
8.663021989166737047e-01
8.592726536095142142e-01
8.742786683142185211e-01
8.585481621325016244e-01
8.593468353152274863e-01
8.637135356664658037e-01
8.680928394198417219e-01
8.740893110632896867e-01
8.578925058245658875e-01
8.595356829464435577e-01
8.819311834871769173e-01
8.633103497326374276e-01
8.586121410131454246e-01
8.839850395917892012e-01
8.607180893421173540e-01
8.764475964009761366e-01
8.609070964157581329e-01
8.693070344626903090e-01
8.656182825565338357e-01
8.527109287679195404e-01
8.824155256152153015e-01
8.611159287393093109e-01
8.639595597982406838e-01
8.536650121212006059e-01
8.586170278489589913e-01
8.619066990911961046e-01
8.621679350733757463e-01
8.524827010929584281e-01
8.544695146381855455e-01
8.401806071400642617e-01
8.369557663798332658e-01
8.361952230334281921e-01
8.344664387404918671e-01
8.373274020850658417e-01
8.410291559994220734e-01
8.392002895474434121e-01
8.397144526243209839e-01
8.384498372673988564e-01
8.406612634658813255e-01
8.366884857416152510e-01
8.312100179493426833e-01
8.446226835250854048e-01
8.427181571722031084e-01
8.305544517934322357e-01
8.363702915608882682e-01
8.340048938989639282e-01
8.426821731030941232e-01
8.416306965053081957e-01
8.382234685122966766e-01
8.376271493732929674e-01
8.398411445319652335e-01
8.320426084101200104e-01
8.361583754420280901e-01
8.372623115777969582e-01
8.354666903614997864e-01
8.317144349217414634e-01
8.404190622270106825e-01
8.394831016659736189e-01
8.315523654222488625e-01
8.305767327547073364e-01
8.334416732192039268e-01
8.326543070375919120e-01
8.360281385481357352e-01
8.344565942883491738e-01
8.374260604381561501e-01
8.346108734607696755e-01
8.345425076782703178e-01
8.381904274225234763e-01
8.388330511748790519e-01
8.407346941530704498e-01
8.322466276586055756e-01
8.315192766487597975e-01
8.321868948638438956e-01
8.320423342287540658e-01
8.309459626674652322e-01
8.355625741183757560e-01
8.375271327793598619e-01
8.305131241679191145e-01
8.327820852398872820e-01
8.297900810837746111e-01
8.392051264643669573e-01
8.330021619796752486e-01
8.298814482986927032e-01
8.289381548762321250e-01
8.330377250909805076e-01
8.290451265871524589e-01
8.370710678398609605e-01
8.288333483040333238e-01
8.254436269402504189e-01
8.322328902781009896e-01
8.352406762540340868e-01
8.313267961144447105e-01
8.328286096453666465e-01
8.360406890511512534e-01
8.310716442763805833e-01
8.334276199340819868e-01
8.324762985110283342e-01
8.318331539630889893e-01
8.290406495332718340e-01
8.297709941864013228e-01
8.329052954912186113e-01
8.317877560853957908e-01
8.317911744117736372e-01
8.316030777990818246e-01
8.325475811958312766e-01
8.271987199783324973e-01
8.306236349046229872e-01
8.297868549823761430e-01
8.280201844871044603e-01
8.308820828795433489e-01
8.278164282441139443e-01
8.255403839051723702e-01
8.340808384120463881e-01
8.305959790945053323e-01
8.377755813300609145e-01
8.269246496260166390e-01
8.259318999946116957e-01
8.265145406126975791e-01
8.327863387763499992e-01
8.246961362659931405e-01
8.262445949018001334e-01
8.277211792767047438e-01
8.263141468167305437e-01
8.365454435348510520e-01
8.304510317742824776e-01
8.293121941387653351e-01
8.309760324656962904e-01
8.244071535766124281e-01
8.272995844483375105e-01
8.132427200675010903e-01
8.147608481347561327e-01
8.184723034501075745e-01
8.151927419006824715e-01
8.171131297945976035e-01
8.172295920550822768e-01
8.160676889121531996e-01
8.152594245970249398e-01
8.128286004066467285e-01
8.123618975281715615e-01
8.172294087707996368e-01
8.164408631622791512e-01
8.184880360960959944e-01
8.163708880543708579e-01
8.147943548858165297e-01
8.148531951010227203e-01
8.148245148360728773e-01
8.160980917513370736e-01
8.173025205731392351e-01
8.143306337296962738e-01
8.163866430521011797e-01
8.117183968424797058e-01
8.151899136602878126e-01
8.140986442565918413e-01
8.174170568585396035e-01
8.161323010921478494e-01
8.185482129454613176e-01
8.167577721178531647e-01
8.159937039017677307e-01
8.162058845162392107e-01
8.147186428308487161e-01
8.150746665894985643e-01
8.139745868742466195e-01
8.118610218167304771e-01
8.145983196794986947e-01
8.110696017742157204e-01
8.151583723723888619e-01
8.146131366491318193e-01
8.138185471296310869e-01
8.141783922910690308e-01
8.139223620295524819e-01
8.132581532001494917e-01
8.195309594273567644e-01
8.151859283447265847e-01
8.164845518767833710e-01
8.130244240164756775e-01
8.144665516912936720e-01
8.118906415998935477e-01
8.143952324986457603e-01
8.153576701879501343e-01
8.138594143092632294e-01
8.162009917199611886e-01
8.145966000854969469e-01
8.138646446168422699e-01
8.117982342839240584e-01
8.120225287973881212e-01
8.128997422754764557e-01
8.154179640114307404e-01
8.122082449495792167e-01
8.148939162492752075e-01
8.121344804763793723e-01
8.120650142431259377e-01
8.118977487087249978e-01
8.140304841101169142e-01
8.125775001943111864e-01
8.106023348867893441e-01
8.111732132732868417e-01
8.126472122967243195e-01
8.114434063434601274e-01
8.129418700933456199e-01
8.112992756068706512e-01
8.133135735988616943e-01
8.109167374670505080e-01
8.112436980009078979e-01
8.116240441799164040e-01
8.126592881977557914e-01
8.107528030872345193e-01
8.132672660052776559e-01
8.122621156275272591e-01
8.101242266595363173e-01
8.125103011727332625e-01
8.135552257299423218e-01
8.107383713126182778e-01
8.107857063412666765e-01
8.111237905919551627e-01
8.090346641838550568e-01
8.097487486898898856e-01
8.081654570996761322e-01
8.108990982174872908e-01
8.100008971989154372e-01
8.108434796333312544e-01
8.108028374612331612e-01
8.095798268914222717e-01
8.107146069407462630e-01
8.114458352327347246e-01
8.108651652932167275e-01
8.109487555921077728e-01
8.162147730588913408e-01
8.104458555579185930e-01
8.114057846367359605e-01
8.041792653501034227e-01
8.072160504758357780e-01
8.049390532076359239e-01
8.042318910360336526e-01
8.075751572847366111e-01
8.054366573691368325e-01
8.039616771042347176e-01
8.023212194442749245e-01
8.046059764921664748e-01
8.045112259685993639e-01
8.075047858059406503e-01
8.060031972825527635e-01
8.042334653437137604e-01
8.062988571822643502e-01
8.022356994450092760e-01
8.056146644055843797e-01
8.058196790516376495e-01
8.045231774449348450e-01
8.040382526814937592e-01
8.031806096434592757e-01
8.041850000619887862e-01
8.031576246023177656e-01
8.031821653246880022e-01
8.037648513913154824e-01
8.052708618342876434e-01
8.053507775068282637e-01
8.056401573121547699e-01
8.034022018313408120e-01
8.019903860986232758e-01
8.053016096353531328e-01
8.048517413437366042e-01
8.041790485382079856e-01
8.052658453583717568e-01
8.041373305022716522e-01
8.060090370476246102e-01
8.044293835759163125e-01
8.026226542890071425e-01
8.024596542119979414e-01
8.032639756798743980e-01
8.043372146785259247e-01
8.017537340521811995e-01
8.049781672656536324e-01
8.020711846649646315e-01
8.029337428510189278e-01
8.028798967599868330e-01
8.009317703545093536e-01
8.041953869163990243e-01
8.049770519137382507e-01
8.032667629420757738e-01
8.017948828637599945e-01
8.044986277818679810e-01
8.014885909855365975e-01
8.043009988963604195e-01
8.022948265075683372e-01
8.045686781406402588e-01
8.047816716134548187e-01
8.052532039582729340e-01
8.048370078206061873e-01
8.043038852512836012e-01
8.016746416687965393e-01
8.013553313910961595e-01
8.046054251492023024e-01
8.016409710049628989e-01
8.024511449038982391e-01
8.036970309913158417e-01
8.029231682419777361e-01
8.031991936266422716e-01
8.020573690533637778e-01
8.009769760072231737e-01
8.022592350840568320e-01
8.046061962842940840e-01
8.036984108388424142e-01
8.002379849553108437e-01
8.043718256056309190e-01
8.031157948076724784e-01
8.064597837626934496e-01
8.024814546108245406e-01
8.022120915353297965e-01
8.023742161691188590e-01
8.024963743984698805e-01
8.018962249159813371e-01
8.028116635978221893e-01
8.006906926631927046e-01
8.006971277296542899e-01
8.023206710815429243e-01
8.017513342201709747e-01
8.023542992770671400e-01
7.994641840457916704e-01
8.064045585691929086e-01
8.033363401889801469e-01
8.019957102835177931e-01
8.012400016188621077e-01
8.013983212411404100e-01
8.031770408153533491e-01
8.008859708905220476e-01
8.027667030692100525e-01
8.023779951035976410e-01
8.012839570641517861e-01
8.022928297519683616e-01
8.008342400193214639e-01
8.000360511243342909e-01
7.973893932998180611e-01
7.998548477888107744e-01
7.987208925187587738e-01
7.983142055571079698e-01
7.982278078794479148e-01
7.985429011285305467e-01
8.000062540173530357e-01
7.981679230928421243e-01
8.005917966365814209e-01
7.996741548180580361e-01
7.993359148502350298e-01
7.991870678961277008e-01
7.979482039809226990e-01
7.978551745414733665e-01
7.994148679077625053e-01
8.010746911168098450e-01
7.984766677021980508e-01
7.981968864798545393e-01
7.996139943599700484e-01
8.009267456829547438e-01
7.976724997162818465e-01
7.980484806001186815e-01
7.984531193971633467e-01
7.980084612965583357e-01
7.966546192765235901e-01
7.987926930189133135e-01
8.002259679138660209e-01
8.000688090920448081e-01
7.990895293653010878e-01
7.989668831229209678e-01
7.984610758721828461e-01
7.973845496773719344e-01
7.971009790897369829e-01
7.991190470755100694e-01
7.966405250132083671e-01
7.982046872377395186e-01
7.977258212864398734e-01
7.989899784326552901e-01
7.989517480134964433e-01
7.989644780755043030e-01
7.996324300765991211e-01
7.970826536417007224e-01
7.973387658596038374e-01
7.977110981941223367e-01
7.978016547858715057e-01
8.003053367137908936e-01
7.971372544765472634e-01
7.969071485102177110e-01
7.982606694102287737e-01
7.976686410605907662e-01
7.996056459844111952e-01
8.001854129135608229e-01
7.981526225805282149e-01
7.963775828480720298e-01
7.979586757719516754e-01
7.969024777412414551e-01
7.984547235071659532e-01
7.977415837347507921e-01
7.993230812251568285e-01
7.970170572400092635e-01
7.962809130549430847e-01
7.968276672065257582e-01
7.998194701969623122e-01
8.013615101575851662e-01
7.984694205224514008e-01
7.979323305189609528e-01
7.984210312366485374e-01
7.980661489069461600e-01
7.958106294274329695e-01
7.971232697367668374e-01
8.000018820166587830e-01
7.985395312309264693e-01
7.979384072124957594e-01
7.973329700529575570e-01
7.983313560485839622e-01
7.982806310057639632e-01
7.992832891643046889e-01
7.974479049444198608e-01
7.971581295132637024e-01
7.969673499464988708e-01
7.981984719634056535e-01
7.995944075286388619e-01
7.956807725131511688e-01
7.973841227591037528e-01
7.972735285758971724e-01
7.965695150196552277e-01
8.007751241326331870e-01
7.966148115694522414e-01
7.969325356185436027e-01
7.969116196036338806e-01
7.981889575719833818e-01
7.975980244576931222e-01
7.972435072064399941e-01
7.957445189356804338e-01
7.963513642549514548e-01
7.981393367052078691e-01
7.964401073753833993e-01
7.964347429573536141e-01
7.964535623788833174e-01
7.965593673288822174e-01
7.954812757670879364e-01
7.969835504889488664e-01
7.948052860796451791e-01
7.952197961509227531e-01
7.960263676941394806e-01
7.955149061977863090e-01
7.967094041407107863e-01
7.962313227355479750e-01
7.959344007074833360e-01
7.958140306174754652e-01
7.957899004220962969e-01
7.972402252256870492e-01
7.967235706746578217e-01
7.954396866261959076e-01
7.960491284728050676e-01
7.970379896461963209e-01
7.954581476747989432e-01
7.959005437791347726e-01
7.950126774609088676e-01
7.949826292693614738e-01
7.954748153686523882e-01
7.946774452924728616e-01
7.953634165227413400e-01
7.941530078649521318e-01
7.957278065383434074e-01
7.966522850096225961e-01
7.962014921009540336e-01
7.965970270335673842e-01
7.953326128423213737e-01
7.953012451529503091e-01
7.955938376486301200e-01
7.951648697257042153e-01
7.933551281690597312e-01
7.946049205958842787e-01
7.948311917483806832e-01
7.949624717235564964e-01
7.948232136666775194e-01
7.969926834106445535e-01
7.950795061886311021e-01
7.941529251635074393e-01
7.931507073342800584e-01
7.947792425751686318e-01
7.947627015411853346e-01
7.931420400738715681e-01
7.953090012073517068e-01
7.947409465909004433e-01
7.943875834345817122e-01
7.959969036281109300e-01
7.942162826657295227e-01
7.951241239905357805e-01
7.951382726430893388e-01
7.963296256959437880e-01
7.959628187119960341e-01
7.966198265552520974e-01
7.949594579637050407e-01
7.948799841105937958e-01
7.940126948058605638e-01
7.976983070373535600e-01
7.940257854759693590e-01
7.976248987019062264e-01
7.950765088200568709e-01
7.943354994058609009e-01
7.952727392315864785e-01
7.941702559590340105e-01
7.982855498790740745e-01
7.954760022461414559e-01
7.949144147336483224e-01
7.952709831297397614e-01
7.931812502443790214e-01
7.950328633189200911e-01
7.944992899894713911e-01
7.960544072091579881e-01
7.950024738907813804e-01
7.954098366200923476e-01
7.952222242951393349e-01
7.959137290716171709e-01
7.947202369570731673e-01
7.942396327853202820e-01
7.984719611704349518e-01
7.948593989014625105e-01
7.967954836785793304e-01
7.941842682659625563e-01
7.961434841156005415e-01
7.950607143342495187e-01
7.935032531619071738e-01
7.938548572361469047e-01
7.947259135544300079e-01
7.936309851706028207e-01
7.949508704245090707e-01
7.936760336160659790e-01
7.976963743567466736e-01
7.938582837581634744e-01
7.941694274544716103e-01
7.948807105422019958e-01
7.965861462056637032e-01
7.959083475172519240e-01
7.950483940541743788e-01
7.944233171641826852e-01
7.922628395259380119e-01
7.939583219587802443e-01
7.952509112656116486e-01
7.928127042949200121e-01
7.933409832417964713e-01
7.947631366550922394e-01
7.938730351626872572e-01
7.933597326278686301e-01
7.931654699146747367e-01
7.921734422445296797e-01
7.926645278930664062e-01
7.947040833532810211e-01
7.926427170634269270e-01
7.944726720452308655e-01
7.938677862286567244e-01
7.933963291347027047e-01
7.940164394676685333e-01
7.942383445799350294e-01
7.941877327859401259e-01
7.940458990633487701e-01
7.936306461691856606e-01
7.925984732806682365e-01
7.941571317613125292e-01
7.938218235969543013e-01
7.912743821740150230e-01
7.925976239144801871e-01
7.920402780175208601e-01
7.935787953436375108e-01
7.916015163064002991e-01
7.933747403323649916e-01
7.930952705442905204e-01
7.921820878982543945e-01
7.930422186851501243e-01
7.937880799174308333e-01
7.949577309191226959e-01
7.926975987851619943e-01
7.928356237709521803e-01
7.924284063279628532e-01
7.969367034733295663e-01
7.943424701690673384e-01
7.926454387605190721e-01
7.945898346602916495e-01
7.938414685428142326e-01
7.923067741096019301e-01
7.914047352969646454e-01
7.960071355104446633e-01
7.938757754862308946e-01
7.933238916099071281e-01
7.917207993566990343e-01
7.931068927049637063e-01
7.932489074766635451e-01
7.943242438137531058e-01
7.941650100052356498e-01
7.926820926368236542e-01
7.941101193428039551e-01
7.932474277913570404e-01
7.965439200401306374e-01
7.941828683018684609e-01
7.934551522135734336e-01
7.937220349907875283e-01
7.931920155882835610e-01
7.946528442203998344e-01
7.949822470545768738e-01
7.923940330743789451e-01
7.939290463924407737e-01
7.938488028943538888e-01
7.932964541018009408e-01
7.937661990523338096e-01
7.943173751235008684e-01
7.948372602462768777e-01
7.943103820085525291e-01
7.944122821092605147e-01
7.926931761205195937e-01
7.922576874494552390e-01
7.925987765192985535e-01
7.937793008983135001e-01
7.940499737858772722e-01
7.927533797919750214e-01
7.913172893226146920e-01
7.941840983927249686e-01
7.935905203223228011e-01
7.938861563801765664e-01
7.918378666043281999e-01
7.938403554260731187e-01
7.926984988152980804e-01
7.933601528406143411e-01
7.940047301352024522e-01
7.943688891828060150e-01
7.927234649658203569e-01
7.916430264711380449e-01
7.933765649795532227e-01
7.943806953728198561e-01
7.931124038994312730e-01
7.948663614690303358e-01
7.915625646710395813e-01
7.940513975918292999e-01
7.935872428119182809e-01
7.927436903119087219e-01
7.938574552536010742e-01
7.934484116733073744e-01
7.940481513738631980e-01
