7.477461500093341221e-03
4.620031383819877928e-03
5.309999431483447205e-03
4.006007732823490923e-03
2.946043445263057947e-03
2.574244106654077768e-03
2.698105247691273863e-03
3.448152961209416216e-03
2.066676376853138035e-03
3.266962443012744102e-03
2.553639863617718046e-03
2.174072427442297253e-03
2.260222821496426972e-03
2.011846459936350584e-03
2.431040961528197104e-03
2.084040688350796613e-03
2.189164923038333654e-03
2.481749642174691135e-03
3.260414855321869428e-03
1.726005249656736764e-03
1.804840652039274617e-03
1.806840352946892294e-03
2.998056262731552037e-03
1.649891841225326061e-03
1.824275898979976817e-03
2.292053145356476480e-03
1.517369673820212483e-03
1.852645963663235350e-03
1.686323905596509663e-03
1.692190114408731504e-03
1.626169541850686073e-03
1.415004319278523413e-03
1.732570305466651873e-03
1.632745203096419573e-03
1.576574961654841987e-03
1.575987582327798009e-03
1.721872936468571468e-03
1.457225333433598367e-03
1.684865588322281751e-03
1.812144875293597492e-03
2.074727736180648294e-03
1.517353823874145703e-03
1.550054055405780586e-03
1.558500772807747039e-03
1.717192487558350010e-03
2.362847095355391502e-03
1.393065531738102523e-03
1.411988033214583950e-03
2.296353148994967515e-03
1.573965960415080233e-03
1.487645693123340520e-03
1.386305177584290591e-03
1.278706020093522879e-03
1.304712629644200249e-03
1.836088171694427815e-03
1.446521899197250605e-03
1.629350660368800120e-03
1.306927710538730112e-03
1.584382401779293927e-03
1.539576071081683040e-03
1.414977177046239419e-03
1.900844479678198695e-03
1.360853825462982015e-03
1.336817315313965169e-03
1.493152289185672998e-03
1.441322994651272893e-03
1.772702898597344669e-03
1.258626964408904401e-03
1.432369631947949442e-03
1.494201773311942816e-03
1.214861130574718161e-03
2.022968849632889206e-03
1.629533478990197182e-03
1.126430899603292346e-03
1.414895686320960565e-03
1.212257772567681925e-03
1.232143800007179423e-03
1.740810455521568569e-03
1.260197744704782876e-03
1.778516935883089943e-03
1.631569821620360104e-03
1.636519731255248102e-03
1.789875805843621449e-03
1.313640046282671305e-03
1.325193326920270920e-03
1.702526997542008844e-03
1.851349126081913753e-03
1.269021932967007204e-03
1.525784685509279414e-03
1.333306985907256690e-03
2.065253717591986234e-03
1.213741840911097868e-03
1.181054097833111795e-03
1.516033522784710017e-03
1.360570476390421434e-03
2.609057910740375606e-03
1.301962687284685585e-03
1.159299904247745828e-03
1.392595109064132019e-03
2.122866397257894278e-03
1.068539166590198961e-03
1.068501640111207875e-03
1.135808328399434686e-03
1.094313082285225478e-03
1.075792059418745426e-03
1.143638917710632086e-03
1.071755882003344682e-03
1.064195297658443451e-03
1.325874109170399606e-03
1.008312782505527095e-03
1.105188688961789099e-03
1.034016997436992824e-03
1.307624348555691540e-03
1.313688274240121202e-03
1.008480344898998651e-03
1.043879418284632352e-03
1.095570734469219955e-03
1.207898653228767303e-03
9.761662338860332532e-04
1.025942130945623008e-03
1.077453617472201542e-03
1.086590084014460444e-03
1.024881392368115485e-03
1.097157644107937856e-03
1.026981321047060192e-03
9.568893059622496150e-04
1.041519915452226910e-03
1.062364285462535874e-03
1.192021256429143250e-03
1.263996789930388331e-03
1.028069114545360121e-03
1.011195807950571136e-03
1.094746351009234873e-03
1.027906074887141499e-03
9.812903183046728806e-04
9.786536276806146340e-04
1.070161393727175891e-03
1.060958162997849242e-03
1.000186585588380651e-03
1.101873713196255267e-03
1.408519115648232314e-03
1.624460850143805059e-03
1.118844604934565680e-03
1.283238828182220416e-03
9.417729888809844851e-04
9.771977667696774440e-04
1.136861924896947953e-03
1.108388733700849072e-03
9.661483200034126639e-04
1.026201964123174548e-03
1.016419174266047732e-03
9.573094866937026381e-04
1.031436119228601542e-03
1.355933785089291676e-03
1.112122938502580014e-03
1.049936475465074225e-03
1.174793386599048929e-03
9.858471952611581358e-04
1.093032551580108702e-03
1.899804806453175886e-03
9.704964904813095927e-04
1.087283209199085875e-03
9.769765980308874574e-04
1.021836337167769757e-03
1.131514579174108760e-03
1.064347420469857709e-03
9.586951928213238716e-04
1.031176783726550639e-03
1.193602205603383482e-03
1.002997148316353603e-03
1.003196687088348058e-03
9.955596702639012661e-04
1.100457570282742468e-03
1.135004492243751840e-03
1.014355596271343486e-03
9.731767611810937090e-04
9.652228036429733038e-04
9.624429163523018577e-04
1.009868783876299945e-03
1.025387167464941653e-03
9.114776534261181734e-04
1.170911188819445713e-03
9.661987045546993396e-04
9.124640433583408811e-04
9.495967940893023772e-04
9.798025450436398821e-04
9.539148275507613583e-04
9.354911046102643447e-04
9.100728784687817097e-04
9.155189065495506363e-04
1.235134428134187969e-03
8.596788044087589004e-04
1.164733932819217530e-03
1.183028347440995276e-03
1.048132631694898009e-03
9.695427055703475855e-04
8.756146504310891249e-04
8.976641460321843407e-04
9.281331440433859825e-04
9.251715557184070782e-04
9.163512033410370784e-04
8.407714456552639170e-04
8.329174976097420075e-04
8.843004674417897842e-04
8.691961265867576003e-04
8.648843300761655190e-04
8.703470026375726082e-04
8.504953293595463037e-04
8.763794263359159448e-04
8.353798621101304889e-04
8.686834888067096038e-04
8.732442074688151479e-04
9.212812321493402557e-04
1.115042308811098337e-03
1.082293590297922535e-03
8.812087704427540519e-04
8.534920896636321707e-04
8.695576427271590070e-04
8.443926606560125513e-04
8.740066899918019555e-04
8.379051781957968853e-04
9.069052641279995875e-04
9.261987870559096336e-04
8.575580810429528572e-04
8.891781675629317544e-04
8.900918444851412935e-04
8.435764291789382262e-04
8.406754408497363112e-04
8.198627096135169051e-04
8.477279508952051835e-04
8.502708689775318341e-04
9.002112608868628307e-04
8.735431125387549617e-04
8.816400717478245280e-04
8.083606051513924761e-04
8.478140895022079565e-04
9.041359153343364596e-04
8.042504778131842613e-04
8.607962634414433999e-04
9.167915646685287573e-04
1.001800457015633626e-03
8.161093515809625604e-04
8.488501684041693590e-04
8.531388855772092505e-04
8.553431282052770691e-04
8.393490570597350597e-04
8.598270884249359586e-04
9.381776035297662020e-04
7.894608192145824216e-04
8.318213745951652744e-04
8.293825201690196557e-04
8.138497592881322124e-04
8.050454722251743295e-04
8.620642707683146217e-04
8.123843959765508988e-04
8.011921920115128593e-04
9.218507679179310582e-04
9.997635439503937092e-04
8.101975690806284547e-04
8.523778058588504358e-04
8.460554236080497503e-04
7.846026099286973043e-04
8.003907016245648699e-04
8.001443551620468280e-04
8.956689998740330338e-04
9.306861029472202063e-04
8.358122431673109531e-04
8.633044548332690976e-04
1.036918646423146085e-03
8.021838380955159881e-04
8.027985197259113626e-04
8.023822214454412243e-04
8.033629739657044844e-04
8.263461408205330155e-04
8.405275846598669453e-04
8.354776247870177464e-04
8.207265171222388311e-04
8.517580339685082219e-04
7.896735623944550753e-04
7.977894099894910617e-04
8.133057184750214002e-04
8.557219116482883692e-04
7.946887111756950400e-04
7.687849138164892793e-04
7.605534337926656008e-04
7.779205159749835296e-04
8.723951905267313123e-04
8.202422613976523280e-04
8.239968330599368052e-04
9.054022637428715391e-04
7.904341589892282648e-04
8.145539875840767784e-04
7.969467464135959528e-04
9.637497307267040448e-04
8.462095487629994533e-04
8.590335113694891117e-04
9.188755590002984025e-04
7.868581800721585534e-04
8.621910732472315214e-04
8.003470051335170648e-04
7.521701947553083734e-04
7.429534714901819391e-04
7.579244120279327035e-04
7.796658435836433931e-04
7.659364651772193828e-04
7.681030750973149917e-04
8.108598107355646572e-04
7.516821264289319298e-04
7.788196962792426348e-04
7.426651092828251855e-04
8.100840030238031907e-04
7.745926224743016498e-04
7.548710622359066985e-04
7.879272103309631564e-04
7.557517412351444797e-04
7.650488987565040588e-04
7.614864705828949375e-04
7.698910398175939701e-04
7.686716431635432162e-04
7.522929226979613304e-04
7.541014609159901304e-04
7.794452889356761954e-04
7.830683229258283756e-04
7.576515155960806148e-04
7.748045434709637923e-04
7.508402282837778547e-04
7.690150290727615140e-04
7.646973914233967879e-04
7.798472244758159356e-04
7.885955157689750628e-04
7.454066304489970424e-04
7.459738233592360778e-04
7.616876013344153545e-04
7.382998417597263618e-04
7.722009351709858017e-04
7.529800757765769525e-04
7.252770563354715271e-04
8.094359858660027168e-04
8.077857841271906874e-04
7.558331213658675768e-04
7.522924628574400923e-04
7.620385993504896326e-04
8.293317805510014296e-04
7.471174147212877436e-04
7.357103822869248688e-04
7.830550894141197205e-04
7.594679991598241031e-04
7.279854253283701837e-04
7.687590637942776301e-04
7.349501916905865290e-04
7.639513205504044890e-04
7.123049887013621845e-04
7.401987939374520941e-04
7.388629572233184738e-04
7.441648864187300422e-04
7.237510420964099250e-04
7.586267107399180748e-04
7.688762852922081947e-04
7.131341277272440710e-04
7.072886277455836318e-04
7.642808457603677674e-04
7.152327598305419087e-04
7.143095237552188771e-04
7.401419017696753578e-04
7.846453227102756500e-04
7.241833707666955455e-04
7.801909931004046960e-04
7.430483616190031388e-04
7.167909352574497461e-04
7.141658337786793492e-04
7.876602467149496078e-04
7.540567909018136778e-04
7.426086318446323492e-04
7.083464472088963227e-04
7.332990673603490429e-04
7.050783897284418344e-04
7.088967497111298578e-04
7.125420714146457179e-04
7.783484412357211330e-04
7.726216543233021660e-04
7.150800956878811121e-04
7.311151857720687985e-04
7.300090044736861749e-04
7.266772910952568488e-04
7.620414398843422532e-04
7.206005335319787481e-04
7.304398328415118375e-04
7.117646149708889208e-04
7.121557500795461237e-04
7.417788845486938520e-04
7.154710096074268005e-04
7.351498614298179312e-04
7.322882622247562246e-04
7.384402037132531188e-04
6.953180854907259345e-04
7.204798457678407431e-04
7.683502350118942776e-04
7.211399395600892170e-04
7.196766790002584024e-04
7.297976742847822173e-04
7.067995029501616955e-04
7.033156871329993010e-04
6.965520660742186010e-04
7.304595157620497482e-04
7.166353781940415935e-04
7.025258033536374786e-04
6.996739146416075094e-04
7.243534462759270830e-04
7.133486462407745855e-04
6.822233335697092116e-04
6.980227612075395665e-04
6.960877857636660121e-04
6.835130086983553632e-04
7.201292697573080876e-04
7.054670844809151969e-04
7.004296217928640761e-04
7.335973205044865608e-04
7.407289420370943411e-04
7.127582459361292855e-04
6.835845357272774198e-04
6.877873864141292436e-04
7.143548820749856965e-04
7.009370514424517534e-04
6.791923427954315922e-04
7.053419903968460858e-04
6.991608446696772955e-04
6.988275403273291669e-04
7.112739258445799351e-04
7.086016237735747857e-04
6.958072597626596256e-04
6.938700855243951516e-04
6.965407257666811781e-04
6.690058202366344414e-04
7.124037467292510407e-04
7.422961949487216987e-04
7.002440121141262569e-04
6.937977595953270793e-04
7.021833895123563924e-04
7.042809200356713994e-04
6.824030788266099989e-04
6.870206765597685955e-04
6.894291291246190667e-04
6.918999599292874770e-04
6.952643409022130506e-04
6.798609392717480659e-04
6.701074351440183385e-04
7.441471039783209779e-04
7.080879600835032978e-04
6.867455318570137241e-04
7.159536253311671317e-04
6.750674350769258819e-04
7.499873114284128168e-04
6.734242924721911550e-04
6.904734967974945686e-04
6.862297217594459436e-04
6.922723361640237705e-04
6.910256779519841075e-04
6.986625274294055565e-04
6.733055008226074712e-04
6.892146964673883779e-04
6.815361091867088838e-04
6.799979193601757722e-04
6.885951079311780632e-04
6.939140395843424337e-04
6.900702195707708380e-04
6.741188466548919461e-04
7.074552864651195922e-04
6.938760721823200800e-04
6.876677536638454036e-04
6.586389601579867737e-04
6.973059280426241457e-04
6.697643068036996262e-04
7.010824600001796646e-04
6.800914139603264847e-04
6.759103358490392783e-04
6.830486629041843550e-04
6.689701214781962769e-04
6.909095522132701955e-04
6.850629084510728934e-04
6.838173532742076056e-04
6.903004250489175320e-04
6.818913869210518463e-04
6.688211011351086416e-04
6.651013274677098231e-04
6.900056061567739086e-04
6.965083855902775688e-04
6.616405400563963191e-04
6.685917978757061064e-04
6.789164268411696174e-04
6.907189017510972917e-04
6.932956952368840358e-04
6.794890883611515381e-04
6.671348208328708573e-04
6.917115475516766527e-04
7.198890598374418914e-04
6.770971973310224929e-04
6.910766169312410057e-04
6.701364152831956311e-04
6.875022270833141668e-04
6.826341035775840066e-04
6.730082081048749170e-04
6.791920197429135875e-04
6.697857199469581680e-04
7.022108358796686368e-04
6.700368336169049361e-04
6.798980772146024027e-04
6.675103140878491104e-04
6.810319478972815194e-04
6.719644094118848660e-04
6.748797037289478102e-04
6.739034899510443644e-04
6.884385205921716771e-04
6.696146083413623273e-04
6.662552521447650655e-04
6.629900133702903552e-04
6.750406770152040043e-04
6.665885186521336870e-04
6.882068279082887092e-04
6.834142332081682980e-04
6.712221613270231025e-04
6.947242654860019684e-04
6.600737571716309027e-04
6.785408433643170135e-04
6.725577302859164341e-04
6.609751057112589262e-04
6.734002599841915071e-04
6.794400396756827831e-04
6.979656463954597712e-04
6.673660827800631523e-04
6.641984160523861863e-04
6.676527307718060477e-04
6.680100312223657532e-04
6.529842154122889259e-04
6.887317809741944291e-04
6.548485849634744444e-04
6.524278971483000057e-04
6.637477272306568921e-04
6.639569037361070514e-04
6.604835420148446939e-04
6.572048325324431495e-04
6.524344193167052946e-04
6.428852138924412429e-04
6.723947037244216041e-04
6.567552554770372808e-04
6.799064285587519407e-04
6.605634785955772021e-04
6.720457604387775064e-04
6.614069498027674854e-04
6.545109252328984006e-04
6.540107613545842035e-04
6.702961953124030991e-04
6.851282058050855561e-04
6.676177275949157558e-04
6.930525327334180257e-04
6.681097991531714363e-04
6.559657005709596412e-04
6.598711508559063511e-04
6.682296123472041948e-04
6.642187159741297581e-04
6.755933514796197631e-04
6.460158328991383314e-04
6.429359607864170833e-04
6.554516017786227383e-04
6.730486507876776376e-04
6.646772497333585782e-04
6.716019459418020709e-04
6.494737201137468652e-04
6.595989310881122730e-04
6.600436536245979369e-04
6.436299969209358313e-04
6.552775943418964527e-04
6.611175689613446376e-04
6.764651450794189735e-04
6.642705717240460434e-04
6.526944620418362103e-04
6.667955123702995913e-04
6.732932859449646933e-04
6.600546257686801255e-04
6.507567697553895848e-04
6.701418809825554273e-04
6.498799877590500252e-04
6.528371013700962067e-04
6.554758598213084259e-04
6.537168766953982846e-04
6.473885601735674062e-04
6.507060199510306554e-04
6.431679619709029360e-04
6.575429346412420056e-04
6.541672250023111484e-04
6.873588456073776321e-04
6.610566721064970114e-04
6.620160813326947825e-04
6.527047880808822811e-04
6.733297341270372272e-04
6.499727562186308639e-04
6.598615655093453825e-04
6.584133268916047676e-04
6.599917192943394401e-04
6.303835471044294536e-04
6.367097841575742202e-04
6.646696230745874779e-04
6.617827617446892180e-04
6.538612084113992967e-04
6.520654831547289653e-04
6.471160304499790072e-04
6.440404802560805841e-04
6.522298630443401418e-04
6.485216930741444013e-04
6.505349956569261849e-04
6.549661135068163493e-04
6.659884180407971361e-04
6.539163223351351917e-04
6.679304467979818149e-04
6.439020886318758347e-04
6.614233410800806961e-04
6.522135270643047555e-04
6.687955872621386810e-04
6.473295608884655373e-04
6.478525217971764071e-04
6.507731974124908664e-04
6.385108761605806215e-04
6.451779598137363358e-04
6.400381244020536542e-04
6.653544551227241755e-04
6.441183897550218241e-04
6.691269110888243155e-04
6.425026294891722500e-04
6.685605869279243486e-04
6.440810480853542902e-04
6.630357485846616761e-04
6.499795606941915615e-04
6.390983049641363540e-04
6.434213821194135086e-04
6.488823244580998583e-04
6.537085107993334098e-04
6.588977121282368898e-04
6.369435141095891595e-04
6.546704331412911632e-04
6.378562349709682600e-04
6.435090414015576460e-04
6.422897175070829256e-04
6.435228089685552256e-04
6.549413359607569656e-04
6.690872076433151527e-04
6.516057183034718037e-04
6.409003297449089153e-04
6.625574009376577816e-04
6.538346831803209646e-04
6.552296108566224575e-04
6.556011256179771884e-04
6.675582946627401249e-04
6.538043278851545913e-04
6.503569646156392558e-04
6.618215295020491318e-04
6.316167680779471560e-04
6.603521018405444703e-04
6.442477751988917589e-04
6.603260204428807118e-04
6.570853918674401505e-04
6.571755351615138135e-04
6.553485058248042843e-04
6.464944497565738423e-04
6.504000964923761351e-04
6.378266902174800418e-04
6.444415848818607628e-04
6.751765526132657907e-04
6.444572733016684868e-04
6.579365639481693289e-04
6.522905125166289942e-04
6.411932758055627129e-04
6.477142524090595543e-04
6.613798890612087927e-04
6.532140600029378913e-04
6.509675236884504773e-04
6.547961849719286399e-04
6.594758160645142198e-04
6.363524589687585831e-04
6.510545514174737253e-04
6.360505489283241115e-04
6.468731269706040187e-04
6.483217614004388885e-04
6.392476076143793979e-04
6.391165836248547272e-04
6.453297188272699931e-04
6.485915262601337893e-04
6.498925999039783857e-04
6.428934633731841824e-04
6.527820311021059968e-04
6.571901554707437971e-04
6.541741735418326936e-04
6.480932323029264374e-04
6.721507568727246983e-04
6.435408620745874508e-04
6.558003049576654597e-04
6.650381648796610968e-04
6.355920602800324126e-04
6.351747913868166073e-04
6.505578683572820885e-04
6.497068039607256868e-04
6.393696661689318500e-04
6.448976622777990780e-04
6.439614124246872528e-04
6.582760339369997599e-04
6.609675503568724231e-04
6.512641208246350505e-04
6.344745139358565428e-04
6.596931139938533523e-04
6.389544199919327877e-04
6.353899487294256253e-04
6.586321222130208774e-04
6.507503640023060143e-04
6.387507601175457239e-04
6.268420431297272877e-04
6.364200540701858916e-04
6.483997625764459155e-04
6.277405802393332557e-04
6.343650937196798189e-04
6.527031902805902498e-04
6.398419864126481116e-04
6.486533180577680685e-04
6.372917952830903666e-04
6.597173487534746528e-04
6.582716028788127222e-04
6.471263375715352161e-04
6.315759106655605354e-04
6.376296776579692526e-04
6.513529253425077038e-04
6.615384030737913928e-04
6.361100924550556080e-04
6.453254551161080816e-04
6.457018607761710882e-04
6.275313804508187094e-04
6.476574417320080101e-04
6.515866960398852391e-04
6.436470779590308449e-04
6.543288196553476372e-04
6.526523386128247218e-04
6.510628954856656492e-04
6.475414673332124515e-04
6.583862166735343201e-04
6.570649173227138384e-04
6.321223452687263055e-04
6.441694335080683015e-04
6.302671434241346581e-04
6.442560668801888390e-04
6.508454520371742330e-04
6.457664101617410345e-04
6.476260081399231932e-04
6.496979243820532940e-04
6.601395478355697854e-04
6.368712623952887735e-04
6.500460338429547413e-04
6.377691883244551501e-04
6.639356986852362318e-04
6.435515577322803004e-04
6.491531516076065383e-04
6.437010146328247867e-04
6.619639039854519286e-04
6.406166779925115190e-04
6.493382781627588408e-04
6.290423218160868125e-04
6.394972602720372596e-04
6.358744314638898210e-04
6.495304856798611798e-04
6.539862719364464066e-04
6.423082508263177953e-04
6.485240170150064149e-04
6.476787690189667263e-04
6.497814931208268242e-04
6.423237457056530254e-04
6.475766858784481883e-04
6.456452814745716534e-04
6.389241127180867331e-04
6.462749894126318612e-04
6.629550116485916078e-04
6.617749764700420418e-04
6.483500605099834285e-04
6.501406969618983567e-04
6.399761929060332694e-04
6.489060877356677814e-04
6.388532783603295684e-04
6.453299851273186288e-04
6.278152999584562860e-04
6.488478829851374030e-04
6.280981993768364408e-04
6.402587721822782917e-04
6.408825007383711853e-04
6.426883453968911929e-04
6.330539981718175113e-04
6.466892024036497095e-04
6.487197708338499503e-04
6.440984856453723989e-04
6.493858250905759849e-04
6.468575782491825087e-04
6.421412530471570573e-04
6.474827911006286957e-04
6.376255274517461874e-04
6.514025371870957315e-04
6.409280904335901141e-04
6.507759666419587813e-04
6.357879319693893194e-04
6.380295541021041789e-04
6.399518533726222813e-04
6.421991187380626581e-04
6.597079089260659678e-04
6.456877556047402756e-04
6.621801556320860548e-04
6.271943828323855562e-04
6.480948359239846468e-04
6.580126864719204605e-04
6.372054471285082183e-04
6.344065317534841380e-04
6.312529396382160918e-04
6.362245549098588526e-04
6.390347669366746707e-04
6.424488499760627313e-04
6.285275041591376500e-04
6.388529800460673869e-04
6.474300913396291652e-04
6.429079003282822669e-04
6.506152974907308383e-04
6.484077952336519740e-04
6.401009522960521281e-04
6.361231033224612041e-04
6.349804738420061550e-04
6.469515661592595496e-04
6.409470472135581510e-04
6.327630442683584554e-04
6.365799257764592550e-04
6.290000863373279138e-04
6.386199602275155485e-04
6.350597104756161571e-04
6.332117933197878518e-04
6.419500918127596161e-04
6.278993532760068774e-04
6.368718910380266824e-04
6.452286877902224226e-04
6.370174072799272618e-04
6.347924441797659018e-04
6.297692016232758760e-04
6.255981352296657860e-04
6.305532966507598975e-04
6.315225211437792020e-04
6.393576899426989040e-04
6.309829492238350429e-04
6.480815005488693931e-04
6.453004039940424480e-04
6.480566371465101838e-04
6.409091089153662541e-04
6.403344828868285038e-04
6.340991792967542572e-04
6.387458517565392391e-04
6.606604656553827226e-04
6.542739938595332205e-04
6.349680668790824278e-04
6.434612441807985306e-04
6.427566942875273959e-04
6.411087873857468150e-04
6.443394435336813114e-04
6.351304793497547941e-04
6.401217004167846902e-04
6.534272382850758515e-04
6.483287055743858001e-04
6.388157577021047690e-04
6.266762153245508888e-04
6.331308497465216057e-04
6.235689506866037846e-04
6.355547884595580399e-04
6.565361531102098308e-04
6.383655112585983954e-04
6.496441244962624772e-04
6.309870863333344243e-04
6.674574062344618575e-04
6.404625892173498869e-04
6.595207465579733469e-04
6.400450816727243581e-04
6.434706359868868969e-04
6.381341969245113649e-04
6.408344270312227309e-04
6.409475623513572135e-04
6.490624233265407600e-04
6.415164141799322827e-04
6.512727210065350153e-04
6.311752396868542270e-04
6.427622851333580694e-04
6.362374449963680966e-04
6.478893905295990191e-04
6.520172712043859498e-04
6.461539669544436038e-04
6.514542255899868906e-04
6.404163708793930493e-04
6.486893573310226636e-04
6.413032955606467805e-04
6.407308348570950763e-04
6.464649239205754860e-04
6.329806812573224740e-04
6.375526805641129830e-04
6.315912440186366005e-04
6.211520827491767921e-04
6.477749455370939834e-04
6.398629644536413469e-04
6.528529280330986001e-04
6.269706747843884365e-04
6.288939432124607699e-04
6.415727184503339231e-04
6.530931772431358478e-04
6.231100880540907817e-04
6.355495803290978291e-04
6.391169823473319628e-04
6.359697144944220781e-04
6.348196533508598588e-04
6.355635006912053065e-04
6.562490641954354508e-04
6.552038452355190895e-04
6.503500917460769415e-04
6.404342304449528889e-04
6.282861824729480283e-04
6.373669079039245627e-04
6.407545530237257697e-04
6.352677053655497296e-04
6.404625717550515695e-04
6.239721362362616198e-04
6.311337550869211338e-04
6.398770812666044073e-04
6.346383190248161988e-04
6.350627882056869566e-04
6.509308339445851310e-04
6.485759571660309813e-04
6.258894311031327085e-04
6.664208369329572158e-04
6.434398732380941293e-04
6.305845003225840411e-04
6.406166241504252391e-04
6.203252196428366005e-04
6.330484276986681359e-04
6.518907423014753000e-04
6.459280135459266820e-04
6.297022307990118428e-04
6.576275583938695924e-04
6.415041949367150881e-04
6.316826416878029921e-04
6.418534598196856461e-04
6.395878401235677736e-04
6.402935556252487221e-04
6.510285063995979293e-04
6.271802878472954468e-04
6.372577699949033558e-04
6.445819104555994489e-04
6.450765751651488678e-04
6.445746912504546344e-04
6.361285981256514571e-04
6.283224473008885546e-04
6.378305595717392428e-04
6.442881538532673879e-04
6.407738168491050384e-04
6.583724258234724619e-04
6.366233021253720360e-04
6.321145323454402170e-04
6.368052985635585866e-04
6.516453038784674866e-04
6.315697508398443027e-04
6.528906407766044574e-04
6.292958132689818740e-04
6.385212633176706948e-04
6.354868673952296376e-04
6.494453162304125293e-04
6.369879556586965919e-04
6.588715012185275121e-04
6.365343986544757648e-04
6.465285550802946091e-04
6.407778637367300689e-04
6.376146047841757536e-04
6.353928140015341775e-04
6.401696387911215641e-04
6.609066142118536370e-04
6.462375371484085701e-04
6.339511543046683290e-04
6.375106910127215304e-04
6.404162631952203810e-04
6.254826133954338513e-04
6.285623778239824311e-04
6.395652584615163288e-04
6.557647866429761052e-04
6.434760463889688687e-04
6.428854350815527575e-04
6.409196299500763633e-04
6.378372476319782219e-04
6.409364999854005656e-04
6.423389539122581048e-04
6.273629973293281875e-04
6.409613881260157065e-04
6.283232505666092038e-04
6.416865682695061402e-04
6.416174874175339937e-04
6.372446820023469844e-04
6.357804551953450279e-04
6.495370238553732417e-04
6.335053272778168537e-04
6.418056611437350945e-04
6.401423335773870783e-04
