3.291071963310241877e+00
2.531666731834411710e+00
2.509129905700683505e+00
2.429573059082031250e+00
2.013299655914306818e+00
1.850859868526458785e+00
1.892492294311523438e+00
2.067065751552581876e+00
1.691847681999206543e+00
2.225320005416870028e+00
1.836330151557922452e+00
1.678917920589447110e+00
1.664187550544738770e+00
1.708156919479370206e+00
1.726141679286956832e+00
1.641546499729156450e+00
1.624016535282134965e+00
1.744001328945159912e+00
1.848767495155334561e+00
1.609684538841247514e+00
1.458381378650665194e+00
1.541128671169281095e+00
1.896655929088592485e+00
1.477032876014709561e+00
1.570204770565033048e+00
1.669071102142333896e+00
1.433214211463928134e+00
1.503400552272796675e+00
1.518920207023620517e+00
1.511258721351623535e+00
1.476383125782013028e+00
1.357274949550628662e+00
1.511918318271636918e+00
1.476591217517852828e+00
1.346949660778045565e+00
1.497040843963623136e+00
1.550847101211547896e+00
1.369096183776855380e+00
1.502041113376617387e+00
1.512955033779144198e+00
1.586440432071685835e+00
1.414097273349761874e+00
1.455160737037658691e+00
1.530032920837402388e+00
1.540629184246063321e+00
1.658615136146545321e+00
1.314677178859710693e+00
1.310467565059661776e+00
1.601727569103240878e+00
1.429311573505401611e+00
1.374303853511810392e+00
1.366241550445556729e+00
1.268556022644042880e+00
1.302947521209716797e+00
1.540853011608123824e+00
1.385004949569702104e+00
1.408510327339172363e+00
1.304066824913024947e+00
1.375529980659484952e+00
1.462926948070526034e+00
1.396923637390136808e+00
1.585659384727478027e+00
1.409631109237670987e+00
1.303578376770019531e+00
1.376144814491272017e+00
1.391539382934570357e+00
1.520508062839508012e+00
1.227097845077514737e+00
1.374432086944580078e+00
1.409928929805755571e+00
1.282306945323944181e+00
1.535571169853210405e+00
1.398485410213470503e+00
1.174633944034576327e+00
1.341664826869964688e+00
1.237303197383880615e+00
1.213113546371459961e+00
1.453263902664184481e+00
1.275850570201873868e+00
1.499026918411254794e+00
1.442235243320465043e+00
1.465776169300079257e+00
1.457684493064880460e+00
1.247554826736450240e+00
1.270996284484863237e+00
1.413984119892120361e+00
1.476979839801788374e+00
1.283118176460266158e+00
1.324577856063842818e+00
1.290286815166473477e+00
1.552963483333587691e+00
1.201452362537384078e+00
1.253371703624725386e+00
1.354208886623382568e+00
1.304045367240905806e+00
1.825219118595123202e+00
1.289899086952209561e+00
1.226367104053497359e+00
1.325247919559478849e+00
1.712959325313568204e+00
1.137579047679901034e+00
1.138004124164581299e+00
1.129643785953521773e+00
1.138510137796401978e+00
1.110125607252121060e+00
1.148635178804397583e+00
1.152451109886169389e+00
1.119497269392013550e+00
1.214181888103485152e+00
1.109750407934188887e+00
1.106990015506744474e+00
1.135069775581359908e+00
1.228171420097351030e+00
1.185874581336975098e+00
1.100636714696884066e+00
1.096550172567367643e+00
1.095327770709991544e+00
1.223404419422149614e+00
1.094935411214828402e+00
1.137918233871459961e+00
1.125216406583785966e+00
1.149737858772277743e+00
1.101675903797149747e+00
1.138450169563293368e+00
1.094540446996688843e+00
1.068598508834838867e+00
1.099935454130172685e+00
1.122936195135116666e+00
1.178753101825714023e+00
1.307125806808471680e+00
1.105665099620819047e+00
1.130553817749023526e+00
1.178141629695892423e+00
1.091828167438507080e+00
1.084318876266479492e+00
1.080440455675125033e+00
1.099417310953140214e+00
1.105864572525024458e+00
1.067964488267898471e+00
1.175616133213043257e+00
1.248751926422119185e+00
1.327519953250885010e+00
1.218943142890930087e+00
1.206380617618560747e+00
1.085246193408966109e+00
1.142386591434478849e+00
1.163708484172821134e+00
1.165181005001068026e+00
1.083056950569152743e+00
1.126251459121704102e+00
1.078542429208755538e+00
1.054929763078689575e+00
1.085321152210235507e+00
1.234307825565338135e+00
1.164176630973815962e+00
1.122868722677230924e+00
1.177242022752761796e+00
1.082830429077148438e+00
1.150981879234314054e+00
1.399175631999969527e+00
1.061950492858886763e+00
1.150516247749328702e+00
1.130941462516784624e+00
1.105982810258865356e+00
1.174575436115264937e+00
1.125875467061996371e+00
1.073435890674591109e+00
1.095869761705398515e+00
1.178305214643478482e+00
1.098805320262908891e+00
1.082592290639877275e+00
1.083515262603759854e+00
1.180522477626800626e+00
1.123178452253341675e+00
1.106501805782318160e+00
1.068605506420135409e+00
1.071126049757003873e+00
1.076145797967910767e+00
1.114233517646789462e+00
1.121875756978988559e+00
1.045972019433975220e+00
1.220921862125396773e+00
1.077370637655258090e+00
1.037734323740005404e+00
1.088301891088485629e+00
1.097415673732757613e+00
1.040214771032333285e+00
1.055122905969619662e+00
1.042606735229492099e+00
1.049461710453033492e+00
1.170617461204528809e+00
1.017371481657028287e+00
1.198287570476531894e+00
1.167850792407989502e+00
1.135765993595123202e+00
1.074995809793472201e+00
1.011646801233291537e+00
1.025904065370559781e+00
1.070312488079071089e+00
1.031325060129165694e+00
1.021986132860183805e+00
1.000915294885635465e+00
9.692829549312591553e-01
1.008925789594650180e+00
9.947127640247345193e-01
9.824279427528381792e-01
9.847913622856140359e-01
1.001637303829193026e+00
9.978407979011535422e-01
9.647745192050933838e-01
9.852521836757659468e-01
9.816358268260956255e-01
1.006947058439254805e+00
1.197029829025268555e+00
1.133686548471450894e+00
1.007212769985198930e+00
1.001087439060211137e+00
9.735549867153168169e-01
9.705819487571716309e-01
9.885143041610717773e-01
9.808929741382599321e-01
1.013935148715972900e+00
1.012721878290176347e+00
9.994178533554076704e-01
9.927605271339416948e-01
9.956996381282806619e-01
9.767893731594086137e-01
9.899487555027007835e-01
9.795013546943664995e-01
9.889299452304840532e-01
9.858404517173766646e-01
1.029948312044143721e+00
1.026652359962463290e+00
1.021412634849548251e+00
9.536885797977447954e-01
9.710270941257477251e-01
1.017027056217193692e+00
9.661177039146423562e-01
1.016964310407638461e+00
1.028144633769989102e+00
1.067870646715164185e+00
9.936526298522949663e-01
1.009150034189224332e+00
1.006430858373641879e+00
9.809037387371063454e-01
9.761907100677490456e-01
9.971340537071228249e-01
1.045135259628295898e+00
9.593128740787506548e-01
9.972835719585418923e-01
9.921305894851684126e-01
9.776661992073059082e-01
9.770155906677245872e-01
9.795419394969939741e-01
9.773954272270202193e-01
9.704741358757018599e-01
1.036147308349609331e+00
1.108443224430084140e+00
9.529955506324767622e-01
1.006780701875686690e+00
9.877038240432739480e-01
9.621776580810547097e-01
9.917105495929717796e-01
9.583151757717132124e-01
1.007047903537750200e+00
1.025316226482391402e+00
9.813320994377136008e-01
1.043885821104049594e+00
1.103907525539398193e+00
9.504822075366974321e-01
9.573008000850677934e-01
9.514249086380004439e-01
9.804627060890197532e-01
9.924302220344543013e-01
9.774015069007873091e-01
9.851747512817382590e-01
9.538208007812499778e-01
9.796466827392578125e-01
9.582084417343139648e-01
9.555437266826629639e-01
9.796819508075713667e-01
1.011196076869964600e+00
9.396643400192260520e-01
9.302254080772399680e-01
9.317147612571716753e-01
9.725763678550720659e-01
9.980845570564269575e-01
9.704007148742676003e-01
9.537460625171660933e-01
1.043959057331085294e+00
9.635881185531616211e-01
9.945334017276763472e-01
9.750760078430176225e-01
1.046097970008850186e+00
1.003585731983184903e+00
9.741554379463195357e-01
1.017670077085494951e+00
9.719486474990844949e-01
1.001579254865646362e+00
9.595021605491638184e-01
9.172417163848877175e-01
9.133332967758178711e-01
9.212745785713195579e-01
9.235768318176269531e-01
9.242094159126281738e-01
9.331589221954346147e-01
9.214519500732422097e-01
9.221545815467834251e-01
9.200838148593902810e-01
9.142831444740295854e-01
9.403532445430755615e-01
9.300305306911468284e-01
9.176445126533507857e-01
9.373066902160644975e-01
9.332122921943664107e-01
9.382329225540161355e-01
9.370758891105651633e-01
9.270408987998962624e-01
9.345387995243072954e-01
9.286754786968230979e-01
9.177843570709228738e-01
9.511951625347137007e-01
9.285683333873748779e-01
9.138984739780425803e-01
9.336529791355132613e-01
9.245391964912414995e-01
9.359163939952850342e-01
9.229911088943481001e-01
9.591819405555724876e-01
9.541527628898620605e-01
9.170057177543640137e-01
9.037869930267333762e-01
9.485830843448639360e-01
9.128025949001312700e-01
9.380815505981445757e-01
9.281289935111999290e-01
9.095032453536987527e-01
9.704675972461700439e-01
9.732681095600128618e-01
9.286545813083648682e-01
9.248243570327758789e-01
9.277118265628814253e-01
9.535051703453063521e-01
9.164764285087585449e-01
9.104920625686645508e-01
9.374940156936645286e-01
9.163431167602539285e-01
9.098260879516602007e-01
9.252963662147521973e-01
9.151660859584808128e-01
9.319895565509795921e-01
8.931682229042052779e-01
9.122713685035706010e-01
9.082722544670105425e-01
9.225580990314483643e-01
9.010834217071532759e-01
9.527757525444030540e-01
9.278303861618042436e-01
9.021628439426422341e-01
9.023088455200195535e-01
9.381601572036742942e-01
9.018032908439636008e-01
8.952003479003906028e-01
9.130016028881072776e-01
9.430418848991394265e-01
9.058006286621094194e-01
9.336613297462463823e-01
9.117812514305114746e-01
9.080690920352936235e-01
9.107867002487182173e-01
9.426968097686767578e-01
9.201426208019256592e-01
9.042608082294464333e-01
8.997409045696258545e-01
9.263183057308197466e-01
8.942667007446288840e-01
8.991123080253601296e-01
9.020026206970215288e-01
9.518688678741454856e-01
9.394143283367156760e-01
9.084198355674744096e-01
9.285437643527985063e-01
9.069649279117584229e-01
9.007300674915313943e-01
9.613004863262176736e-01
8.936849355697631392e-01
9.072860777378082275e-01
8.938232898712158425e-01
8.934422552585601363e-01
9.288890004158020242e-01
8.964082956314086692e-01
9.410603284835815652e-01
9.185926795005798784e-01
9.050118565559387429e-01
8.867420673370360884e-01
9.083721756935119185e-01
9.180202007293700728e-01
9.002563238143921343e-01
9.002272129058838113e-01
9.041469812393188032e-01
8.855436146259307861e-01
8.765728652477264848e-01
8.857079267501830611e-01
8.882946789264678511e-01
8.893489420413971391e-01
8.794790923595428023e-01
8.779431223869323953e-01
8.916909813880919966e-01
8.834727346897125466e-01
8.711957991123199241e-01
8.808556556701659934e-01
8.838712394237517866e-01
8.808146715164184570e-01
9.010536968708038330e-01
8.876702308654784712e-01
8.856645882129668967e-01
8.862447738647460938e-01
9.037775576114654985e-01
8.922162771224975142e-01
8.784348666667938232e-01
8.812388718128204568e-01
8.905086278915405051e-01
8.773977577686309370e-01
8.812314152717590776e-01
8.810437142848968062e-01
8.818110823631286621e-01
8.897547245025634322e-01
8.885299682617187056e-01
8.808067500591277854e-01
8.760032832622528520e-01
8.815490305423736572e-01
8.726628541946410689e-01
8.755665540695189986e-01
8.966004133224487749e-01
8.973463118076324685e-01
8.965203642845154253e-01
8.734409928321837935e-01
8.844199359416962114e-01
8.842235565185546653e-01
8.777318775653839555e-01
8.807213068008422630e-01
8.833490729331969771e-01
8.771436035633086714e-01
8.793635904788971169e-01
8.825528562068939431e-01
8.800821602344512939e-01
8.988824844360351340e-01
8.849146068096160889e-01
8.815792977809906450e-01
8.892890691757202593e-01
8.709599912166595681e-01
9.458930909633636031e-01
8.754574358463287354e-01
8.791149854660034180e-01
8.809624016284942627e-01
8.844924747943878618e-01
8.892007529735564964e-01
8.818192481994628906e-01
8.721471548080443892e-01
8.771563172340393066e-01
8.790213108062744363e-01
8.784335017204284446e-01
8.655812740325927734e-01
8.816059827804565430e-01
8.746064364910125510e-01
8.783173024654388206e-01
8.814656078815460427e-01
8.807877659797668235e-01
8.810309708118438943e-01
8.749449729919434038e-01
8.827258348464965820e-01
8.713089883327483909e-01
8.818782389163970503e-01
8.722420215606689897e-01
8.752786099910736528e-01
8.736715972423553245e-01
8.695887148380279097e-01
8.687689423561095747e-01
8.762509107589722124e-01
8.749493241310120073e-01
8.792821586132049116e-01
8.777439534664154275e-01
8.823085904121399370e-01
8.746807038784026878e-01
8.754132866859436479e-01
8.782123923301696777e-01
8.654306352138518843e-01
8.770003259181976540e-01
8.688206017017364724e-01
8.831753134727478027e-01
8.705063879489898238e-01
8.783327281475067361e-01
8.799819529056549516e-01
8.932400822639465776e-01
8.990561723709106223e-01
8.715826869010925293e-01
8.817956566810607466e-01
8.754831671714782271e-01
8.742122352123260498e-01
8.714234471321106179e-01
8.616441249847411887e-01
8.648133456707001177e-01
8.606090605258941428e-01
8.729555487632751909e-01
8.609652757644653542e-01
8.698753416538238525e-01
8.645626485347748247e-01
8.702702164649963601e-01
8.627374768257141113e-01
8.632375955581664817e-01
8.679635286331176536e-01
8.698957681655883345e-01
8.688250303268432173e-01
8.631511151790618452e-01
8.617856323719024214e-01
8.655612647533417192e-01
8.633294403553009033e-01
8.661282241344452348e-01
8.680110096931457075e-01
8.664790034294128640e-01
8.705714881420135720e-01
8.654324531555175337e-01
8.620375692844390869e-01
8.619562089443206787e-01
8.588701546192168967e-01
8.656675815582275391e-01
8.642027258872986284e-01
8.668543279170990434e-01
8.614640593528747337e-01
8.607678055763244851e-01
8.589208245277404341e-01
8.658109366893768089e-01
8.565874814987182173e-01
8.752280235290527122e-01
8.571219086647033913e-01
8.548553287982940674e-01
8.646974802017212136e-01
8.638539254665374978e-01
8.597307205200195312e-01
8.645311653614043967e-01
8.559631705284118652e-01
8.530672609806060347e-01
8.675576448440551758e-01
8.613629758358001265e-01
8.624618947505950928e-01
8.598905026912688765e-01
8.589174389839172585e-01
8.570091068744659646e-01
8.575683176517486794e-01
8.654343426227569802e-01
8.587147355079650657e-01
8.671972751617431641e-01
8.617702960968017800e-01
8.726371586322784202e-01
8.634162127971649614e-01
8.582357347011566606e-01
8.577555477619170921e-01
8.650488674640655073e-01
8.603113472461700884e-01
8.638831079006195068e-01
8.573531627655028853e-01
8.541851818561554399e-01
8.600345313549041526e-01
8.724204778671265093e-01
8.657522559165954368e-01
8.642730832099914107e-01
8.605330169200897661e-01
8.658034682273865190e-01
8.582138597965240923e-01
8.549825429916382280e-01
8.603795349597931352e-01
8.578208506107329878e-01
8.608091115951538308e-01
8.598934113979339600e-01
8.551129519939422163e-01
8.569880962371826394e-01
8.778968393802643044e-01
8.575473070144653542e-01
8.597144484519958496e-01
8.588453531265258789e-01
8.523864388465881570e-01
8.572473585605621116e-01
8.561776876449584961e-01
8.604537963867187056e-01
8.553170442581177202e-01
8.547988295555114524e-01
8.518799841403961182e-01
8.654835104942322221e-01
8.586553394794463889e-01
8.707280874252318892e-01
8.613527774810790794e-01
8.559304714202881081e-01
8.562808811664581743e-01
8.661377549171447310e-01
8.529027104377746582e-01
8.611739039421081321e-01
8.611650764942169189e-01
8.611471712589263694e-01
8.524994015693664329e-01
8.587092638015747514e-01
8.561757624149322066e-01
8.522888123989105225e-01
8.557250916957854781e-01
8.531262993812560591e-01
8.493067264556884988e-01
8.504549860954284668e-01
8.515078961849212869e-01
8.523538768291473167e-01
8.530306041240691695e-01
8.541643619537353516e-01
8.546526014804840532e-01
8.536217749118805154e-01
8.578839957714080589e-01
8.499431908130645752e-01
8.550626337528228760e-01
8.539076149463653564e-01
8.544831991195678267e-01
8.508770704269409402e-01
8.520284831523895486e-01
8.515063285827636497e-01
8.524574577808380349e-01
8.543432474136352095e-01
8.509942889213562012e-01
8.580305278301239014e-01
8.516551733016968218e-01
8.530453920364380327e-01
8.505146443843841775e-01
8.572111606597900835e-01
8.502581000328064409e-01
8.538682639598846880e-01
8.506858348846435547e-01
8.519075334072112593e-01
8.535073876380920854e-01
8.515987396240234375e-01
8.528982222080230269e-01
8.534535944461822954e-01
8.535230815410613792e-01
8.515875160694121870e-01
8.499316930770873801e-01
8.507782697677612749e-01
8.506958901882171187e-01
8.515052318572997603e-01
8.548800885677337869e-01
8.581322014331818071e-01
8.535965979099273682e-01
8.486108541488647239e-01
8.553084313869476762e-01
8.550536513328552690e-01
8.509319067001342995e-01
8.532593250274658203e-01
8.574012458324432595e-01
8.517535209655762163e-01
8.532394766807556152e-01
8.510913133621216264e-01
8.483466327190398726e-01
8.522425174713135210e-01
8.493172287940978782e-01
8.531142115592956765e-01
8.504133462905884011e-01
8.545770943164825439e-01
8.553499996662139448e-01
8.502163648605346458e-01
8.512884140014648215e-01
8.513005197048186812e-01
8.494690299034118874e-01
8.605546951293945312e-01
8.537039995193481667e-01
8.528498411178588867e-01
8.515190124511718972e-01
8.520458817481995073e-01
8.526335418224334495e-01
8.534310996532440408e-01
8.520281255245208962e-01
8.501313507556915727e-01
8.594593644142151101e-01
8.526904404163360152e-01
8.468141198158264382e-01
8.491486310958862305e-01
8.488368034362793191e-01
8.560133039951324241e-01
8.514565348625182661e-01
8.489879548549652544e-01
8.476629316806792991e-01
8.509149312973022239e-01
8.523368418216705766e-01
8.519813001155853716e-01
8.476501405239105225e-01
8.545110166072845681e-01
8.516657412052154319e-01
8.508457899093627708e-01
8.513467729091643843e-01
8.564033448696136697e-01
8.516508638858795166e-01
8.554070770740509477e-01
8.571151494979858398e-01
8.474867045879364014e-01
8.507936477661133257e-01
8.480538368225097878e-01
8.489971637725830522e-01
8.474107801914214644e-01
8.495878994464873823e-01
8.462445020675659624e-01
8.537096977233886719e-01
8.512595474720001665e-01
8.476732194423675093e-01
8.443965017795562744e-01
8.490730881690978782e-01
8.472358405590056929e-01
8.467047333717345747e-01
8.524715065956115501e-01
8.476162552833557129e-01
8.487329244613647239e-01
8.463053464889526145e-01
8.448874592781067117e-01
8.508283853530883567e-01
8.486431300640105979e-01
8.458067297935485396e-01
8.504020631313323753e-01
8.476044058799743208e-01
8.470629215240478294e-01
8.472117066383362260e-01
8.503452360630034956e-01
8.491126716136931929e-01
8.501897215843200462e-01
8.470974624156951682e-01
8.447722673416138139e-01
8.507295250892639160e-01
8.515555977821349654e-01
8.459844589233398438e-01
8.522333443164825661e-01
8.496072530746460183e-01
8.474900662899017556e-01
8.472830116748809592e-01
8.470690131187439409e-01
8.477081418037414329e-01
8.482097864151001421e-01
8.473603785037994163e-01
8.472716748714447244e-01
8.474709093570709229e-01
8.492553591728210227e-01
8.515851557254791038e-01
8.463639974594115989e-01
8.468933284282684770e-01
8.454514682292938454e-01
8.484534800052643266e-01
8.492990314960480180e-01
8.481429517269134521e-01
8.480541944503784402e-01
8.472012817859649880e-01
8.490572094917296919e-01
8.460412442684173140e-01
8.475354909896850586e-01
8.461790800094604048e-01
8.514675199985504150e-01
8.473523914813995139e-01
8.492142617702483909e-01
8.473666310310363770e-01
8.491948783397674783e-01
8.467293620109558328e-01
8.484117567539215532e-01
8.467938721179961714e-01
8.465910136699676958e-01
8.446587979793548362e-01
8.487854957580566184e-01
8.486464858055114968e-01
8.462671399116515891e-01
8.470404863357543501e-01
8.456972599029540794e-01
8.488902807235717551e-01
8.489772021770477517e-01
8.461409211158752441e-01
8.463624119758605957e-01
8.478723406791687234e-01
8.458756446838379128e-01
8.502262771129608376e-01
8.497890651226043257e-01
8.524178266525268555e-01
8.485194802284240501e-01
8.441920101642608198e-01
8.483830273151398149e-01
8.462761163711547407e-01
8.478009939193725808e-01
8.473478019237518089e-01
8.471353888511657937e-01
8.459408998489379439e-01
8.459570646286010964e-01
8.445220589637756348e-01
8.487741053104400635e-01
8.468843758106231467e-01
8.456335306167602761e-01
8.485588788986205833e-01
8.458655893802642378e-01
8.470496058464049849e-01
8.487623095512389915e-01
8.467498719692230225e-01
8.465580224990845171e-01
8.438799977302551270e-01
8.480317175388336626e-01
8.460117518901825173e-01
8.463646888732909712e-01
8.437819063663483110e-01
8.451139032840728760e-01
8.448702514171599898e-01
8.458287954330444558e-01
8.473446965217590332e-01
8.466365635395050049e-01
8.481756746768951416e-01
8.432735264301299827e-01
8.463432192802429199e-01
8.468554437160491499e-01
8.441236317157745361e-01
8.438105881214141846e-01
8.440551161766052246e-01
8.435727953910827637e-01
8.453183233737945335e-01
8.461790800094604048e-01
8.441157877445221169e-01
8.447700381278991921e-01
8.459182977676391602e-01
8.446345567703247292e-01
8.457963883876800093e-01
8.467701494693755659e-01
8.449756264686584251e-01
8.441965639591216819e-01
8.428601503372192827e-01
8.473294138908386008e-01
8.441439688205718550e-01
8.443086564540862593e-01
8.440988123416900413e-01
8.434717297554016335e-01
8.444664895534514937e-01
8.444618761539459673e-01
8.433878242969512495e-01
8.463300824165344016e-01
8.439423620700836626e-01
8.444471120834350364e-01
8.454268276691436768e-01
8.449131965637206587e-01
8.435642480850219505e-01
8.436064302921295610e-01
8.443938791751861572e-01
8.432548284530639870e-01
8.431259036064148171e-01
8.451000988483429177e-01
8.430286943912506104e-01
8.461479723453522173e-01
8.459510087966919389e-01
8.453457832336426225e-01
8.454177677631378174e-01
8.440148413181305376e-01
8.450882315635681596e-01
8.454119563102722168e-01
8.469514966011046919e-01
8.466370403766632080e-01
8.432421326637268288e-01
8.448005437850951704e-01
8.449347436428069624e-01
8.450357913970947266e-01
8.468504011631011741e-01
8.444763183593749778e-01
8.467472672462463823e-01
8.481600701808928999e-01
8.448276877403259055e-01
8.437350273132324663e-01
8.445348262786864790e-01
8.442172646522522195e-01
8.446942865848541260e-01
8.442774176597594993e-01
8.472478747367858665e-01
8.441820859909057173e-01
8.470288991928101030e-01
8.441505849361419234e-01
8.495353400707245095e-01
8.452967345714569314e-01
8.473715186119079590e-01
8.446334660053252952e-01
8.447649121284485085e-01
8.445318698883056419e-01
8.454552114009856734e-01
8.465977668762206809e-01
8.461444199085235152e-01
8.460874378681182417e-01
8.472076475620269331e-01
8.442187249660492165e-01
8.447649419307708962e-01
8.440635740756988747e-01
8.447938203811645730e-01
8.457648634910583940e-01
8.453367114067077415e-01
8.451436340808868852e-01
8.456151604652404341e-01
8.473235070705413818e-01
8.435578882694244607e-01
8.443459630012511985e-01
8.449785292148590532e-01
8.438531100749969704e-01
8.454609990119934526e-01
8.433974921703338845e-01
8.437228202819824219e-01
8.464289605617523193e-01
8.440677046775817427e-01
8.455822885036468062e-01
8.432187676429748757e-01
8.429284632205963357e-01
8.445137679576874001e-01
8.458206355571746826e-01
8.428268015384674516e-01
8.432243406772613747e-01
8.444755196571349654e-01
8.442836403846740723e-01
8.430551886558532715e-01
8.426506161689758523e-01
8.468692302703857422e-01
8.460686206817626953e-01
8.446981966495513694e-01
8.433018088340759055e-01
8.434820413589477761e-01
8.434912145137787309e-01
8.438489198684692161e-01
8.435684859752654585e-01
8.450113773345947488e-01
8.434153199195861816e-01
8.436350584030151145e-01
8.444131493568420854e-01
8.437349915504455122e-01
8.428448677062988503e-01
8.453264951705932173e-01
8.446607708930968794e-01
8.441343128681182417e-01
8.484127283096313255e-01
8.441611468791961892e-01
8.439823806285857710e-01
8.433046698570251243e-01
8.442854940891265647e-01
8.436048209667206255e-01
8.456339359283446822e-01
8.439799487590790017e-01
8.439926445484161599e-01
8.469411909580231157e-01
8.439961552619934526e-01
8.441207230091094527e-01
8.440807878971099409e-01
8.435111761093139204e-01
8.438836455345153365e-01
8.452403008937835471e-01
8.426517307758331077e-01
8.435985088348388894e-01
8.439462244510650413e-01
8.439590454101562056e-01
8.449157238006591575e-01
8.434654533863067405e-01
8.431416153907775879e-01
8.434063971042633501e-01
8.440636694431304932e-01
8.436551809310912642e-01
8.471633195877075195e-01
8.441115498542786089e-01
8.431591510772704634e-01
8.442258000373840110e-01
8.451200723648071289e-01
8.426497101783751997e-01
8.456506967544555886e-01
8.428031563758849876e-01
8.432948112487792525e-01
8.433626413345336470e-01
8.450716853141784224e-01
8.436058461666107178e-01
8.460626304149627686e-01
8.433930516242981179e-01
8.448297858238220659e-01
8.437279164791107178e-01
8.432491004467010942e-01
8.429701209068298784e-01
8.426718235015868697e-01
8.472334802150726096e-01
8.457552433013916238e-01
8.442123115062714067e-01
8.429865241050720215e-01
8.436187505722045898e-01
8.428476333618164507e-01
8.428914904594421165e-01
8.449690580368042214e-01
8.458155989646911621e-01
8.443884730339050737e-01
8.441157102584838645e-01
8.433397471904754417e-01
8.436018407344818559e-01
8.437711596488952637e-01
8.431649863719939964e-01
8.438809812068939209e-01
8.434013605117798296e-01
8.426356375217437522e-01
8.441871762275695579e-01
8.440994083881377952e-01
8.430840015411377175e-01
8.431581556797027588e-01
8.452723741531371626e-01
8.434557378292083518e-01
8.436637222766876221e-01
8.436466991901397927e-01
