1.991070680618286204e+01
1.977535285949706889e+01
1.823027515411376953e+01
2.320539302825927663e+01
1.734854335784912038e+01
1.736796970367431570e+01
1.574653110504150355e+01
1.980526962280273295e+01
1.952384042739868164e+01
1.991388816833496023e+01
1.714536581039428853e+01
1.862039422988891602e+01
1.416016693115234304e+01
1.417327165603637695e+01
1.125382251739501882e+01
1.138076438903808629e+01
1.194409952163696254e+01
1.162557148933410645e+01
8.417265558242798207e+00
8.498360109329222922e+00
1.140410332679748606e+01
9.178865051269530895e+00
1.168017654418945384e+01
7.868384218215942028e+00
8.756880712509154563e+00
9.726692056655883434e+00
6.862798738479614080e+00
6.465688323974609020e+00
6.655936002731323242e+00
6.777262258529662908e+00
6.335381793975829900e+00
9.210678863525391336e+00
7.073922443389892400e+00
8.588249397277831321e+00
7.814520788192749201e+00
7.655369615554809215e+00
8.590443754196167347e+00
7.512322568893432972e+00
7.199823284149170277e+00
6.914425182342529119e+00
6.450857830047607600e+00
6.823891925811767400e+00
7.923404264450073065e+00
6.856309032440185192e+00
9.562010717391967063e+00
1.157974433898925781e+01
1.460208330154418910e+01
1.346083831787109375e+01
9.948594570159912109e+00
9.419421672821044922e+00
7.298097896575927557e+00
7.288800573348998668e+00
8.141634416580199485e+00
7.612703371047973455e+00
6.919518280029296697e+00
8.793557024002074840e+00
7.070875930786132635e+00
6.400149488449097035e+00
6.669565963745117010e+00
7.784270477294922053e+00
6.673275136947632191e+00
6.825695753097534180e+00
6.681245040893554865e+00
7.259124469757080256e+00
9.212867355346679332e+00
7.563214921951294301e+00
6.939430522918700994e+00
7.678420686721802113e+00
7.420600509643554332e+00
7.856835794448852717e+00
6.877220678329467596e+00
6.552214431762695135e+00
6.605812358856200994e+00
6.457212734222411932e+00
6.726469993591308594e+00
9.774335145950317383e+00
9.443047475814818625e+00
6.858120870590210139e+00
6.601303052902221857e+00
6.974422550201415660e+00
8.896109580993652344e+00
7.732966375350952326e+00
6.517532444000243785e+00
7.238590574264526012e+00
7.482236099243164240e+00
7.738183641433716176e+00
8.147320604324340465e+00
8.347685194015502574e+00
7.089753007888793590e+00
7.167793846130370738e+00
7.125336885452270508e+00
9.631673550605773571e+00
1.083634328842163086e+01
1.020013871192932164e+01
1.045857753753662145e+01
9.381911230087279563e+00
1.029384922981262207e+01
7.135653352737426403e+00
6.804147052764892400e+00
7.133733463287353693e+00
6.387503671646117986e+00
6.310618305206299183e+00
6.883943319320678711e+00
6.784088659286498846e+00
7.567715167999267578e+00
6.785170936584473012e+00
7.476590442657470525e+00
7.318586969375610707e+00
6.528287982940673473e+00
7.087733268737792969e+00
7.893276357650757191e+00
7.818875598907470525e+00
7.750598764419555309e+00
6.049033641815185547e+00
6.198323154449463246e+00
6.376461791992187322e+00
6.109607410430908381e+00
6.559558773040771840e+00
6.351866197586059748e+00
6.087250995635986150e+00
6.379016780853271840e+00
6.299356698989868164e+00
6.173445177078247248e+00
6.262724828720092951e+00
7.504355478286742986e+00
7.279899930953979137e+00
6.624087524414062678e+00
6.925290918350219371e+00
7.399094104766845703e+00
8.148550748825073242e+00
8.742351865768432262e+00
7.682881689071654918e+00
6.098089265823364080e+00
6.728584861755370738e+00
6.361667633056640625e+00
6.382441377639770153e+00
6.733952808380126775e+00
6.143647670745849609e+00
6.229870700836181996e+00
6.199929285049438299e+00
6.658198022842407582e+00
6.713097190856933238e+00
7.256811141967773438e+00
8.290638399124144797e+00
9.386384963989257812e+00
9.201920318603516336e+00
6.571041059494018732e+00
6.137804174423218129e+00
6.773334646224975941e+00
8.686391544342040305e+00
7.860725593566894709e+00
6.570487785339355291e+00
6.250533723831177113e+00
6.265420436859130859e+00
6.599906349182129262e+00
7.363843822479248402e+00
6.245073032379150568e+00
6.844162273406982244e+00
6.489554309844971058e+00
6.625393819808960139e+00
6.216461372375488459e+00
6.886782646179199219e+00
7.896518945693969727e+00
7.696364688873290838e+00
8.182218790054321289e+00
6.554234123229980113e+00
6.657615756988525035e+00
7.310057973861693981e+00
6.744839382171631037e+00
6.717906570434569957e+00
6.577689027786254528e+00
6.925132799148559393e+00
6.046700859069824574e+00
6.184165191650390803e+00
6.490624523162841442e+00
6.329407644271850764e+00
6.591479873657226207e+00
6.920917749404907227e+00
7.068424606323242543e+00
6.478649377822875977e+00
6.154218673706054688e+00
6.645535278320312322e+00
6.683954668045044123e+00
6.466208744049072088e+00
6.452502632141113637e+00
6.163467025756835582e+00
6.753504610061645153e+00
6.034970808029174627e+00
6.690223264694213690e+00
6.819192886352539062e+00
7.531353855133056996e+00
6.663948297500610352e+00
6.318024206161498846e+00
6.808163404464721680e+00
6.433070898056030273e+00
6.183406543731689631e+00
6.704104900360107422e+00
7.510968399047851740e+00
6.430847644805908203e+00
6.349287700653076350e+00
6.205251073837279918e+00
6.246636629104614258e+00
6.822269773483276012e+00
6.608373641967773438e+00
6.803310203552245916e+00
6.350716257095337269e+00
6.031266164779663264e+00
6.283437919616699396e+00
6.054683256149291815e+00
6.458523464202881037e+00
6.687632322311401367e+00
6.383727359771728338e+00
6.279465818405151722e+00
7.450416994094848810e+00
6.594114828109741033e+00
6.508264780044555664e+00
6.197926712036132990e+00
6.088080787658691762e+00
6.078290414810180842e+00
6.648432397842407582e+00
6.101640033721923650e+00
6.049171590805054066e+00
6.257953357696533381e+00
6.101327896118164062e+00
6.544840288162231623e+00
6.324387025833130060e+00
6.234214353561401190e+00
6.576351261138915660e+00
5.984107637405395863e+00
6.195230722427368164e+00
6.192308187484741211e+00
6.052630758285522106e+00
6.317163562774657848e+00
6.468865251541137340e+00
6.655842494964599787e+00
6.304587078094482600e+00
6.108246183395385387e+00
6.093652534484863104e+00
6.193961620330810547e+00
6.319218778610229847e+00
6.115948247909545721e+00
6.068384408950805664e+00
6.191216945648193359e+00
6.348826360702514826e+00
6.340706062316894709e+00
6.380025148391723633e+00
6.897311305999755504e+00
6.474601745605468750e+00
6.091802835464477539e+00
6.098522567749023793e+00
6.244019699096679865e+00
6.306695938110351562e+00
5.964937686920166016e+00
6.502829313278198242e+00
6.703748083114623668e+00
6.230473661422729847e+00
6.702907800674438477e+00
6.569173431396484020e+00
6.379240322113036932e+00
6.409324026107787731e+00
6.137258005142212092e+00
6.090240430831909357e+00
6.078640365600586293e+00
5.991728878021239879e+00
6.204990768432617543e+00
6.754652070999145330e+00
6.641108226776123225e+00
6.315972948074341176e+00
6.854005098342895508e+00
6.592648839950561168e+00
6.818991422653198242e+00
6.015281629562378107e+00
6.080702590942382635e+00
6.187765836715698242e+00
6.185423755645752308e+00
6.062681579589844105e+00
6.099248266220092418e+00
7.101652860641479492e+00
6.608129549026489080e+00
6.388658285140991211e+00
6.193343067169189808e+00
6.166812467575073065e+00
5.992577600479125799e+00
6.305130386352539418e+00
6.667814111709594371e+00
6.649655342102050781e+00
6.292152070999145863e+00
6.001587438583373846e+00
5.936055135726928889e+00
6.501188802719116033e+00
6.656804609298705877e+00
6.138347291946411488e+00
6.219712781906127752e+00
6.149122762680053533e+00
6.522545623779296697e+00
6.353257799148559926e+00
6.570944213867187855e+00
5.959814691543579457e+00
6.372817420959473012e+00
6.508877182006836293e+00
6.195036745071410778e+00
6.188906097412109730e+00
5.994573497772217152e+00
5.974085283279419123e+00
6.191221475601196289e+00
6.020239162445068182e+00
5.997994518280028942e+00
6.113877010345459162e+00
6.090213394165038707e+00
6.097981595993042347e+00
6.105572175979614435e+00
6.161618375778198597e+00
6.011340904235839666e+00
6.078882169723510920e+00
5.995001173019408824e+00
6.000134611129761097e+00
6.067712593078613104e+00
6.071584415435791193e+00
6.028769683837890803e+00
6.002268981933593928e+00
6.196870088577270508e+00
6.076593303680420277e+00
6.215168380737305043e+00
6.050217199325561346e+00
6.095257043838500977e+00
6.055361413955688832e+00
5.992354154586791992e+00
6.198472642898559926e+00
6.010453939437866211e+00
6.062941265106201350e+00
6.157738637924194514e+00
5.987948369979858576e+00
6.043902730941772106e+00
6.054933261871338068e+00
6.037460994720459162e+00
5.971846866607665838e+00
6.034433937072753551e+00
6.027885532379150035e+00
5.990886974334716619e+00
6.186392354965209783e+00
6.072850799560546520e+00
6.184618186950683771e+00
6.125125932693481268e+00
5.983781051635742365e+00
6.029067659378052113e+00
6.007317733764648615e+00
6.039439249038696111e+00
6.112410306930541992e+00
6.103938865661620916e+00
6.011813068389892933e+00
6.007358312606811523e+00
6.174516010284423650e+00
6.423658657073974432e+00
6.378374719619751332e+00
5.956518602371215998e+00
6.159425497055053711e+00
6.189212226867676137e+00
6.135677480697632191e+00
6.279968070983886541e+00
6.041256618499756037e+00
6.485210800170898793e+00
6.725420904159546076e+00
6.469461679458618164e+00
5.976050138473510742e+00
6.079321050643921254e+00
5.969833087921142756e+00
6.037525844573974787e+00
6.011872863769530895e+00
6.020767354965210316e+00
6.012753582000732067e+00
6.005165100097656250e+00
6.052804040908813299e+00
5.961765384674071910e+00
6.166551923751830699e+00
5.975868511199950994e+00
6.010243892669677734e+00
6.033462953567505060e+00
5.984572935104369940e+00
5.982965707778930664e+00
5.995123147964477539e+00
6.084525394439697088e+00
5.945352172851562145e+00
6.287174797058105113e+00
6.057841205596924183e+00
5.994388580322265625e+00
6.085121870040893555e+00
6.076668357849120738e+00
6.024831724166870295e+00
5.985281085968017223e+00
6.000999689102172852e+00
6.046125459671020330e+00
6.068555164337158025e+00
6.030493307113647283e+00
6.031291770935058416e+00
5.939781236648559393e+00
6.037302446365356623e+00
6.219235610961914240e+00
6.309699487686157404e+00
6.016525411605835316e+00
6.262054395675659357e+00
6.061265659332275568e+00
5.984628534317016246e+00
6.155682849884033025e+00
6.059181308746337535e+00
5.998310661315917613e+00
6.017344808578490856e+00
5.983405590057373047e+00
5.942976570129394176e+00
5.952069616317748668e+00
5.953689479827881215e+00
6.089289760589599254e+00
5.954178428649901988e+00
5.980582571029662731e+00
5.958348894119263051e+00
5.995927381515502752e+00
5.957799386978149592e+00
5.936506271362304688e+00
6.009128189086913707e+00
5.978151702880859730e+00
5.954928350448608576e+00
5.946095752716064275e+00
5.980572557449340465e+00
5.976784276962280096e+00
5.997280406951904119e+00
6.015245389938354670e+00
5.954173517227173029e+00
5.950718545913696644e+00
5.941253280639648082e+00
5.963002538681029918e+00
5.986489009857177912e+00
6.019621276855469105e+00
5.940498113632202148e+00
6.017287445068359553e+00
5.982592105865478516e+00
5.972607040405273793e+00
5.946251678466796697e+00
5.943756484985351918e+00
6.014434671401977184e+00
5.937833309173583984e+00
5.956323194503784002e+00
6.013751411437988637e+00
5.948050928115844904e+00
6.050746679306030273e+00
5.972832345962524769e+00
5.898990106582641779e+00
6.020647048950195312e+00
5.994849491119384588e+00
5.934384012222290394e+00
5.978189420700073420e+00
5.945348691940307795e+00
5.937645626068115412e+00
6.052250242233276012e+00
5.915112829208373668e+00
5.991752338409424006e+00
5.952230262756347479e+00
5.959055519104003551e+00
5.944976854324340643e+00
5.953181600570678356e+00
5.939488649368286133e+00
5.942285299301147461e+00
5.988599491119384943e+00
5.966608047485351562e+00
5.934594106674194514e+00
5.970848321914672852e+00
5.944752502441406072e+00
5.941241264343261719e+00
5.969809532165527344e+00
5.953712606430054066e+00
5.992047357559203924e+00
5.960883331298828303e+00
5.955474758148193715e+00
6.017790603637695135e+00
5.960873556137085139e+00
5.961011409759521484e+00
5.918193435668944957e+00
5.927884101867675781e+00
5.974493551254272283e+00
5.947878599166870117e+00
5.937201738357543945e+00
5.972453784942627131e+00
5.963961458206176403e+00
5.994273233413696111e+00
5.965539407730102717e+00
5.985417938232421520e+00
5.936839818954467773e+00
5.941987752914428711e+00
5.984591054916381658e+00
5.941802549362182440e+00
5.938955640792846324e+00
5.933204746246337535e+00
6.068463945388794301e+00
5.879473447799682617e+00
6.026674985885620117e+00
5.938510608673095881e+00
5.982435512542724432e+00
5.951347351074218750e+00
5.934313392639159801e+00
6.036531162261963068e+00
5.915130519866943715e+00
5.913279867172240856e+00
5.930125808715819957e+00
5.928630447387694957e+00
5.932716989517212269e+00
5.985443878173827947e+00
5.908964300155640004e+00
5.996907901763916193e+00
5.927127599716186523e+00
5.944247484207153320e+00
5.934553861618041992e+00
5.941206860542297186e+00
5.945570039749145330e+00
5.952772283554077504e+00
5.919987583160400746e+00
5.931277036666870117e+00
5.918532800674438654e+00
5.929019308090209606e+00
5.913906574249267578e+00
5.958771848678589222e+00
5.941958665847778320e+00
5.925372505187988637e+00
5.939874553680420277e+00
5.923322916030883789e+00
5.927994728088378906e+00
5.912234735488891779e+00
5.944829368591308949e+00
5.909624052047729670e+00
5.968465375900268377e+00
5.897281455993652166e+00
5.927344226837158558e+00
5.960346460342407227e+00
5.906005096435547053e+00
5.948127698898315607e+00
5.897709274291992543e+00
5.965022087097167969e+00
5.957807302474975586e+00
5.945534610748291371e+00
5.919700717926025035e+00
5.926569414138794123e+00
5.917713212966918768e+00
5.909006023406982777e+00
5.913152790069579723e+00
5.912975788116455078e+00
5.948893213272095082e+00
5.956420421600341797e+00
5.913650178909302113e+00
5.925167942047119496e+00
5.941417407989502131e+00
5.913766670227050604e+00
5.936458396911620916e+00
5.908475446701049627e+00
5.910811281204223278e+00
5.926333475112914861e+00
5.926533699035644531e+00
5.919724082946776988e+00
5.939371395111083807e+00
5.906058645248412731e+00
5.922781419754028498e+00
5.911732912063598633e+00
5.916821956634521484e+00
5.911803913116455256e+00
5.944053316116333363e+00
5.931653213500976740e+00
5.935303974151611150e+00
5.910911035537719904e+00
5.919496870040893199e+00
5.913794326782226385e+00
5.956187105178832653e+00
5.927878904342651190e+00
5.903750467300414861e+00
5.948037052154541371e+00
5.922227573394775568e+00
5.915410470962524592e+00
5.915433025360107067e+00
5.939484214782714488e+00
5.940990352630615590e+00
5.914407968521118164e+00
5.917541551589965643e+00
5.904027271270751775e+00
5.915423488616943004e+00
5.915891695022582830e+00
5.909165287017822621e+00
5.927319574356078924e+00
5.925980520248413264e+00
5.928130578994751154e+00
5.921454524993896129e+00
5.937811899185180486e+00
5.900475645065307972e+00
5.910665178298950551e+00
5.918367099761963068e+00
5.945001029968262074e+00
5.894492864608764648e+00
5.945194053649902166e+00
5.910012006759643555e+00
5.902770423889160512e+00
5.906303787231445668e+00
5.918237209320068359e+00
5.900436353683471857e+00
5.922825956344604847e+00
5.947122240066528676e+00
5.892969417572021307e+00
5.911000871658325551e+00
5.903362989425659180e+00
5.911945152282714666e+00
5.916129827499389648e+00
5.900006055831909180e+00
5.894421434402465465e+00
5.902424860000610174e+00
5.899072837829590021e+00
5.898999834060669301e+00
5.902532672882079723e+00
5.922891807556152521e+00
5.891029405593871893e+00
5.908608388900757014e+00
5.908125543594360707e+00
5.900581121444702148e+00
5.902519941329956055e+00
5.908158445358276722e+00
5.913047218322754262e+00
5.899920082092284801e+00
5.908709287643432617e+00
5.916079616546630504e+00
5.909234809875488104e+00
5.892392349243164240e+00
5.901288414001465199e+00
5.893018436431884943e+00
5.905974102020263850e+00
5.901438093185424449e+00
5.893622970581054332e+00
5.898201847076416371e+00
5.904656553268432972e+00
5.891515398025513051e+00
5.917294311523437322e+00
5.909998559951782582e+00
5.900452852249145508e+00
5.900664615631103338e+00
5.898203563690185725e+00
5.908990287780762074e+00
5.909280681610107777e+00
5.909979104995727539e+00
5.899856662750243785e+00
5.916876840591430486e+00
5.891629505157470525e+00
5.904197216033935547e+00
5.901509428024292347e+00
5.890501356124877574e+00
5.896494865417480469e+00
5.896161556243896484e+00
5.890922498703003107e+00
5.906276988983154119e+00
5.897445344924927113e+00
5.896819543838501154e+00
5.895308256149291992e+00
5.902276802062988104e+00
5.895895576477050426e+00
5.893918800354003729e+00
5.892649078369140980e+00
5.901641511917114613e+00
5.892273759841918590e+00
5.899419164657592418e+00
5.893239164352417347e+00
5.904203367233276545e+00
5.893871402740478160e+00
5.904409074783325551e+00
5.907059049606322887e+00
5.910551738739013850e+00
5.932715654373168945e+00
5.895039319992065430e+00
5.896780395507812855e+00
5.894108772277832031e+00
5.898989248275756658e+00
5.889084339141845703e+00
5.905707406997680486e+00
5.899759578704833807e+00
5.899021100997924982e+00
5.909647083282470348e+00
5.889718532562255859e+00
5.895751523971557440e+00
5.896648502349853160e+00
5.891588449478149414e+00
5.890636348724365590e+00
5.892610740661621271e+00
5.892370223999023438e+00
5.899458503723144176e+00
5.886887168884276988e+00
5.914982271194458185e+00
5.900696086883544744e+00
5.894069337844848988e+00
5.890114688873291371e+00
5.896583747863769709e+00
5.909572267532348988e+00
5.891638088226318182e+00
5.886737155914306463e+00
5.895045518875122070e+00
5.895803260803222479e+00
5.903450965881347656e+00
5.886275386810302379e+00
5.891062831878661754e+00
5.894782924652099965e+00
5.889637470245361328e+00
5.893484735488891957e+00
5.885535573959350231e+00
5.885715341567992809e+00
5.888841581344604670e+00
5.894597196578979847e+00
5.887355661392211559e+00
5.898266220092773793e+00
5.897210597991943359e+00
5.887954425811767756e+00
5.883887815475463690e+00
5.884760189056396307e+00
5.885930824279784979e+00
5.890024995803832653e+00
5.887162208557128906e+00
5.886214542388915838e+00
5.890910863876342773e+00
5.888137102127075195e+00
5.886648368835449396e+00
5.888755273818969904e+00
5.884446811676025568e+00
5.890631675720214844e+00
5.886779642105102184e+00
5.888267707824707209e+00
5.892173147201537731e+00
5.884612226486206410e+00
5.889254379272460760e+00
5.884429121017456410e+00
5.892071962356567383e+00
5.887879514694214222e+00
5.890162420272827326e+00
5.885499334335326793e+00
5.885646200180053356e+00
5.885630941390990856e+00
5.887876892089844105e+00
5.890907001495361506e+00
5.887527704238891602e+00
5.882461023330688654e+00
5.884823465347290394e+00
5.886617183685302734e+00
5.884429168701172053e+00
5.887240552902222035e+00
5.883882427215576527e+00
5.883770751953124822e+00
5.883948612213134588e+00
5.885165643692016779e+00
5.886974906921386363e+00
5.885718679428100231e+00
5.883602762222290394e+00
5.898786306381225586e+00
5.887448167800902965e+00
5.888379287719726740e+00
5.889160871505737305e+00
5.882997083663940252e+00
5.886054086685180486e+00
5.884087371826171697e+00
5.882848072052001775e+00
5.885955572128295898e+00
5.882329034805297674e+00
5.886444616317748846e+00
5.888630485534667613e+00
5.885796642303466442e+00
5.882072019577026190e+00
5.892328739166259766e+00
5.901187229156493963e+00
5.885862064361572443e+00
5.883320569992065430e+00
5.890564727783202947e+00
5.884027814865111949e+00
5.886872816085815252e+00
5.883948183059692028e+00
5.889711427688598455e+00
5.883198642730713246e+00
5.882365417480468928e+00
5.901779747009276988e+00
5.902379035949707031e+00
5.888679695129394709e+00
5.880356693267822621e+00
5.891885948181152521e+00
5.890782070159912287e+00
5.882287073135375799e+00
5.882891225814819158e+00
5.881580305099487482e+00
5.882145643234252930e+00
5.882510757446288707e+00
5.887129211425781605e+00
5.881325483322143555e+00
5.883970832824706676e+00
5.884398317337035778e+00
5.883294677734374645e+00
5.881856775283813121e+00
5.884845495223999023e+00
5.881181764602660955e+00
5.884693145751953125e+00
5.882868432998657582e+00
5.887189245223998668e+00
5.879368162155151012e+00
5.891803216934204279e+00
5.886352062225341797e+00
5.883928918838501332e+00
5.880268049240112482e+00
5.887766504287720082e+00
5.880886507034301935e+00
5.879466390609740856e+00
5.880048322677612127e+00
5.879530668258666992e+00
5.880263757705688654e+00
5.880362939834594904e+00
5.879822206497192560e+00
5.881601381301879705e+00
5.881087732315063654e+00
5.881298255920410334e+00
5.880229091644286754e+00
5.881242418289184926e+00
5.879235363006591442e+00
5.882352161407470525e+00
5.879136466979980824e+00
5.879422426223754883e+00
5.880804872512817028e+00
5.879254722595215199e+00
5.879060268402099609e+00
5.879629516601562855e+00
5.879601144790649769e+00
5.879534196853637873e+00
5.880809688568115590e+00
5.883017778396606445e+00
5.884569454193115057e+00
5.879219532012939453e+00
5.880351066589355469e+00
5.878610658645629705e+00
5.878645896911621094e+00
5.879436063766479315e+00
5.879140377044677734e+00
5.880244255065917969e+00
5.883148717880248846e+00
5.878884840011596502e+00
5.879281091690063299e+00
5.878892517089843395e+00
5.878675174713134943e+00
5.881446409225463690e+00
5.880807304382324574e+00
5.878377914428710938e+00
5.880243587493896307e+00
5.878608989715575994e+00
5.878152227401733043e+00
5.879309606552124201e+00
5.880379915237426758e+00
5.880367898941040394e+00
5.878542327880859730e+00
5.882736778259276988e+00
5.877816581726074574e+00
5.878503608703613104e+00
5.878966712951660512e+00
5.879776716232299805e+00
5.878412866592407582e+00
5.883881568908691406e+00
5.880832672119140625e+00
5.879140138626098633e+00
5.878591537475585938e+00
5.878997325897216797e+00
5.880602884292602361e+00
5.878377723693847479e+00
5.882222270965575817e+00
5.879095315933227539e+00
5.880364370346069514e+00
5.878923034667968395e+00
5.882603406906127930e+00
5.877594423294067560e+00
5.878200960159301935e+00
5.879028177261352184e+00
5.880609846115111949e+00
5.878917407989502131e+00
5.879010915756225586e+00
5.878503656387328746e+00
5.878160953521728516e+00
5.880094385147094371e+00
5.877741050720215021e+00
5.878207683563232422e+00
5.877726411819457653e+00
5.879466533660888672e+00
5.878717803955078480e+00
5.878075408935546697e+00
5.877237844467162908e+00
5.879415035247802734e+00
5.878464937210083008e+00
5.877000665664672496e+00
5.885892486572265270e+00
5.877344226837157848e+00
5.877621936798095525e+00
5.877794075012206854e+00
5.878197431564331055e+00
5.878022289276122692e+00
5.878284788131713512e+00
5.878277778625488281e+00
5.877272558212280451e+00
5.878476476669311168e+00
5.877184820175171076e+00
5.879577827453613459e+00
5.879163551330566229e+00
5.878414201736450018e+00
5.878880357742309215e+00
5.878132534027099787e+00
5.876460695266723988e+00
5.877262544631958185e+00
5.876488447189331055e+00
5.877306842803955433e+00
5.876243925094604137e+00
5.876699590682983754e+00
5.876240587234496715e+00
5.876763200759887340e+00
5.876558637619018199e+00
5.876742839813232422e+00
5.876605033874511719e+00
5.876038122177123846e+00
5.876436471939086914e+00
5.876817703247070312e+00
5.877819395065307262e+00
5.877984380722045543e+00
5.876295089721679688e+00
5.876596260070800604e+00
5.876938962936401722e+00
5.875980234146117809e+00
5.876633501052856090e+00
5.875739669799804332e+00
5.876949834823608221e+00
5.875993347167968395e+00
5.876421070098876598e+00
5.875851202011108221e+00
5.876194953918457031e+00
5.876786231994628906e+00
5.876164388656616389e+00
5.875953054428100231e+00
5.876852369308471324e+00
5.877742099761962713e+00
5.876594972610473810e+00
5.877442312240600764e+00
5.875963401794433771e+00
5.875658655166626332e+00
5.876112318038940074e+00
5.876322603225707653e+00
5.875990724563598278e+00
5.875863981246948420e+00
5.875795125961303711e+00
5.877546167373656871e+00
5.875636243820190785e+00
5.876428842544555664e+00
5.876421737670898260e+00
5.876405858993530629e+00
5.877055120468139826e+00
5.876072025299071910e+00
5.875843524932861328e+00
5.875653314590453924e+00
5.876135969161987660e+00
5.875690031051635565e+00
5.875443696975708008e+00
5.875717830657959162e+00
5.877623081207275391e+00
5.875529384613036754e+00
5.876208639144897106e+00
5.877566337585449219e+00
5.875495195388793945e+00
5.876864004135131658e+00
5.876652669906616389e+00
5.877043247222900391e+00
5.876452827453613637e+00
5.875481224060058238e+00
5.877975988388061346e+00
5.875428104400635121e+00
5.875194406509399059e+00
5.875675821304321644e+00
5.875082731246948242e+00
5.875686407089233398e+00
5.875405168533324840e+00
5.875709438323974965e+00
5.876146221160889027e+00
5.875545072555541815e+00
5.875755977630615412e+00
5.875791597366332830e+00
5.877423667907715199e+00
5.877511072158813299e+00
5.875317144393920721e+00
5.875209379196166815e+00
5.875287723541259943e+00
5.875757026672363104e+00
5.875407934188842773e+00
5.876061010360717596e+00
5.877180480957031605e+00
5.874963855743407848e+00
5.875690031051635565e+00
5.875335121154785512e+00
5.875008869171142400e+00
5.875224399566650213e+00
5.876381635665893555e+00
5.876167488098144709e+00
5.874912309646606268e+00
5.875494098663329723e+00
5.875488948822021662e+00
5.876306533813476562e+00
5.875248622894287287e+00
5.875597906112671076e+00
5.874916887283324840e+00
5.875830841064453303e+00
