1.580202929178873639e+01
1.578570810953775982e+01
2.091610972086588660e+01
1.600302759806315223e+01
1.680347887674967566e+01
1.452795664469400982e+01
1.601035690307617188e+01
1.832371552785237512e+01
1.755296500523884973e+01
1.462888479232788086e+01
1.397055975596109967e+01
1.384397538503011127e+01
1.018982251485188861e+01
1.158968448638916016e+01
8.372247060139974550e+00
1.385829830169677734e+01
1.014515860875447650e+01
6.758979558944702148e+00
6.776768207550048828e+00
1.116703160603841205e+01
7.644578218460083008e+00
8.742003838221231504e+00
7.841437419255574248e+00
5.686253070831298828e+00
8.534355799357095762e+00
5.674548943837483428e+00
5.510772069295247100e+00
5.644137859344482422e+00
5.375026782353718779e+00
5.376704533894856475e+00
5.995795488357543945e+00
6.672928571701049805e+00
7.288797537485758760e+00
6.123741944630940459e+00
6.942085584004719756e+00
5.895140329996745088e+00
5.564940214157104492e+00
6.021298567454020478e+00
6.538219531377156279e+00
5.374196370442708037e+00
5.394397894541422822e+00
6.202191352844238281e+00
5.745768706003825166e+00
6.708310206731160186e+00
7.925194978713989258e+00
1.154829804102579693e+01
1.268527126312255859e+01
7.651747544606526397e+00
8.822225093841552734e+00
5.942686716715495088e+00
6.081524292627970674e+00
7.022900501887003877e+00
5.507743755976359346e+00
6.181329727172851562e+00
6.778896490732829072e+00
5.502881526947021484e+00
5.462233066558837891e+00
5.442877451578776338e+00
5.585668722788493135e+00
5.589856147766113281e+00
5.544576168060302734e+00
5.399995724360148408e+00
5.405503590901692412e+00
8.701266765594482422e+00
5.389754454294840791e+00
6.467842022577921846e+00
6.052688916524251006e+00
5.935601075490315459e+00
5.761935710906982422e+00
5.411696036656697295e+00
5.612996578216552734e+00
5.390469630559285186e+00
5.404317935307820342e+00
5.398667891820271514e+00
6.508440653483073213e+00
1.050946744283040424e+01
6.207293430964152314e+00
5.652988433837890625e+00
5.775998274485270478e+00
7.496825218200683594e+00
5.527460098266601562e+00
5.529262224833170869e+00
6.513050238291422822e+00
6.599704504013061523e+00
5.376158555348713897e+00
6.150764465332031250e+00
5.781639814376831055e+00
6.076095740000407197e+00
5.427936951319376924e+00
5.434725840886433623e+00
6.305956125259399414e+00
6.064719518025715850e+00
6.602890014648437500e+00
5.753428300221760772e+00
7.265103975931803681e+00
7.409659226735432647e+00
6.367860635121663115e+00
5.575470129648844697e+00
5.390609264373779297e+00
5.499698321024577119e+00
5.382302602132161162e+00
5.643127997716267608e+00
5.426092942555745147e+00
6.212699810663859346e+00
5.346245050430297852e+00
5.863398631413777373e+00
6.318875869115193389e+00
5.746755520502726533e+00
5.346193710962931611e+00
6.513786156972249053e+00
6.417938391367594697e+00
7.078248500823974609e+00
5.416913668314616181e+00
5.348589022954304717e+00
5.654486656188964844e+00
5.319329579671223662e+00
5.357462803522746064e+00
5.779269218444824219e+00
5.548819462458292939e+00
5.365660190582275391e+00
5.627142985661824248e+00
5.432644128799438477e+00
5.321834961573283174e+00
6.585070451100667022e+00
6.250088930130004883e+00
5.402382691701252959e+00
6.043374776840209961e+00
6.195064465204874971e+00
7.326801617940266631e+00
6.131110350290934541e+00
6.792401472727457978e+00
5.572347323099772431e+00
5.317344983418782256e+00
5.402067184448242188e+00
5.352968136469523408e+00
5.376455307006835938e+00
5.600457906723022461e+00
5.339734077453613281e+00
5.636681874593098662e+00
5.326808929443359375e+00
5.430735588073730469e+00
6.280260245005290010e+00
6.225723107655842803e+00
7.334145387013752959e+00
6.285093625386555694e+00
5.524127165476481416e+00
5.741575717926025391e+00
5.792033513387043975e+00
6.113790035247802734e+00
6.059023539225260713e+00
6.036012649536132812e+00
5.671307325363159180e+00
5.478750069936116240e+00
5.305710236231486299e+00
6.276868820190429688e+00
5.428227424621582031e+00
5.420504570007324219e+00
5.359796444574992158e+00
5.746921698252360322e+00
5.402119159698486328e+00
5.301282564798991181e+00
6.607990503311157227e+00
6.515653451283772490e+00
8.001058657964071230e+00
5.643739779790242217e+00
5.311187903086344697e+00
6.358070373535156250e+00
5.466661691665649414e+00
5.563887437184651397e+00
5.679679234822590850e+00
5.396033207575480439e+00
5.864505052566528320e+00
5.298720995585123994e+00
5.723009109497070312e+00
5.673785686492919922e+00
5.386192480723063447e+00
5.393296877543131806e+00
5.688705682754516602e+00
5.999389330546061494e+00
5.368261973063151338e+00
5.303699175516764619e+00
5.341585954030354522e+00
5.911710818608601592e+00
5.482345819473266602e+00
5.540770371754963897e+00
5.380591074625651338e+00
5.543912649154663086e+00
5.282574256261189483e+00
5.323384284973144531e+00
6.335375706354777314e+00
6.513657490412394502e+00
5.514846404393513701e+00
5.915168523788452148e+00
5.302925586700439453e+00
5.287257035573323272e+00
5.288777828216552734e+00
5.368590911229451201e+00
5.446884234746296904e+00
6.071101188659667969e+00
5.396409273147583008e+00
5.733637968699137666e+00
5.370292345682780244e+00
6.016975482304890654e+00
5.305242141087849639e+00
5.414688746134440400e+00
5.279802481333415010e+00
5.304718573888142608e+00
5.466381867726643584e+00
5.292108376820881865e+00
5.954085508982340791e+00
5.408261934916178681e+00
5.667095104853312471e+00
5.594858487447102569e+00
5.293352842330932617e+00
5.347975413004557588e+00
5.428244352340698242e+00
5.306819518407185576e+00
5.544778823852539062e+00
5.356948137283325195e+00
5.403677463531494141e+00
5.363664944966633819e+00
5.322485685348510742e+00
5.281171798706054688e+00
5.281350533167521455e+00
5.509899616241455078e+00
5.272608041763305664e+00
5.287229379018147490e+00
5.273308118184407256e+00
5.319178422292073272e+00
5.432413895924885772e+00
5.511610507965087891e+00
5.273648897806803681e+00
6.043479045232136748e+00
5.441215912501017549e+00
5.538374106089274385e+00
5.353907585144042969e+00
5.317089398701985381e+00
5.325246810913085938e+00
5.453154722849528291e+00
5.279668569564819336e+00
5.528060436248779297e+00
5.326212565104166963e+00
5.597892681757609346e+00
5.273726701736450195e+00
5.344448963801066377e+00
5.265867710113525391e+00
6.100110451380412080e+00
5.277132829030354522e+00
5.549199660619099639e+00
5.270957549413044951e+00
5.665471633275349639e+00
5.301450411478678681e+00
5.527554114659626983e+00
5.398268699645996094e+00
5.694597085316975615e+00
5.345786333084106445e+00
5.661077737808227539e+00
5.290342330932617188e+00
5.267992019653320312e+00
5.435870329538981416e+00
5.440492153167724609e+00
5.367353916168212891e+00
5.409168004989624023e+00
5.251185417175292969e+00
5.819261391957600615e+00
5.501352945963541963e+00
5.604445934295654297e+00
5.553981145222981475e+00
5.942870140075683594e+00
5.402952829996745088e+00
5.454393863677978516e+00
5.292073726654052734e+00
5.404231707255045869e+00
5.460809389750163056e+00
5.249380985895792939e+00
5.494141578674316406e+00
5.713225762049357392e+00
5.922262430191040039e+00
5.326819976170857451e+00
5.499263445536295869e+00
5.398160854975382783e+00
5.376457452774047852e+00
5.258053461710612275e+00
5.867948293685913086e+00
5.415971120198567412e+00
5.691806157430012725e+00
5.271469513575236299e+00
5.393027305603027344e+00
5.393893718719482422e+00
5.334748427073161103e+00
5.319176594416300752e+00
5.343759139378865264e+00
5.256961027781168916e+00
5.265165487925211885e+00
5.290966987609863281e+00
5.352957804997761748e+00
5.444391647974650361e+00
5.288401524225871064e+00
5.303613583246867158e+00
5.599622249603271484e+00
5.241748968760172822e+00
5.283554156621296904e+00
5.436254739761352539e+00
5.252531369527180694e+00
5.314184268315632842e+00
5.364052931467692353e+00
5.263445297876994111e+00
5.226432005564372041e+00
5.443346182505290010e+00
5.249115467071533203e+00
5.452717940012614228e+00
5.270516236623127959e+00
5.374709288279215791e+00
5.283435185750325225e+00
5.325890223185221650e+00
5.349226792653401397e+00
5.417839209238688447e+00
5.343542416890461944e+00
5.298572540283203125e+00
5.328241586685180664e+00
5.237673679987589814e+00
5.444840590159098603e+00
5.230362733205159209e+00
5.431415875752766631e+00
5.286764144897460938e+00
5.482944806416829131e+00
5.238584756851196289e+00
5.313901344935099580e+00
5.289497772852580049e+00
5.356249332427978516e+00
5.263980706532795928e+00
5.322467724482218721e+00
5.267690817515055635e+00
5.349160750706990264e+00
5.353711684544880889e+00
5.269276936848958037e+00
5.295975367228190400e+00
5.280522505442301728e+00
5.229493618011474609e+00
5.341544310251872041e+00
5.258228937784831025e+00
5.407980124155680635e+00
5.277910709381103516e+00
5.369857390721638701e+00
5.301934083302815459e+00
5.246023972829182647e+00
5.263226429621378877e+00
5.271923621495564483e+00
5.338079134623209931e+00
5.371519724527995088e+00
5.226934909820556641e+00
5.232870181401570342e+00
5.590691169102986358e+00
5.226549228032429717e+00
5.343227704366047881e+00
5.247828483581542969e+00
5.525602420171101592e+00
5.299510399500529267e+00
5.360269625981648467e+00
5.263169129689534209e+00
5.224759101867675781e+00
5.942401250203450225e+00
5.243142684300740264e+00
5.359250704447428681e+00
5.239133040110270478e+00
5.407515207926432588e+00
5.343251387278239228e+00
5.363976637522379853e+00
5.290547450383503936e+00
5.294854164123535156e+00
5.410818099975585938e+00
5.334498484929402373e+00
5.233506759007771514e+00
5.292465527852376006e+00
5.326751391092936494e+00
5.290406068166096709e+00
5.300878127415974639e+00
5.346588691075642608e+00
5.270711024602253936e+00
5.261499404907226562e+00
5.392366329828898408e+00
5.218302090962727569e+00
5.479263067245483398e+00
5.308381001154582002e+00
5.289804140726725556e+00
5.308456103006998994e+00
5.291830221811930635e+00
5.321835041046142578e+00
5.250495910644531250e+00
5.280864079793293975e+00
5.301067670186360381e+00
5.318138758341471650e+00
5.255599260330200195e+00
5.297740062077839873e+00
5.213345130284626983e+00
5.255409320195515654e+00
5.343520164489746094e+00
5.240166266759236358e+00
5.216536839803059600e+00
5.234094301859538056e+00
5.456244309743245147e+00
5.216152826944987275e+00
5.209425290425618194e+00
5.468157052993774414e+00
5.246072689692179658e+00
5.271776994069417022e+00
5.272898832956950166e+00
5.328312079111735322e+00
5.290569305419921875e+00
5.271690050760905244e+00
5.238927364349365234e+00
5.357224941253662109e+00
5.262655655543009736e+00
5.328064441680908203e+00
5.230942090352376006e+00
5.332349618275959990e+00
5.256789207458496094e+00
5.289887189865112305e+00
5.275247017542521455e+00
5.311231295267741181e+00
5.262477795282999971e+00
5.231116215387980439e+00
5.430762132008870147e+00
5.204397042592366240e+00
5.266831874847412109e+00
5.304369290669758819e+00
5.323214848836262725e+00
5.265258868535359404e+00
5.258554935455322266e+00
5.336264053980509736e+00
5.238559007644653320e+00
5.352934360504150391e+00
5.218210856119791963e+00
5.315896272659301758e+00
5.273382345835368135e+00
5.319092035293579102e+00
5.275815645853678681e+00
5.250101486841837861e+00
5.341541449228922822e+00
5.286497751871745088e+00
5.219852447509765625e+00
5.340885957082112334e+00
5.220524311065673828e+00
5.366523981094360352e+00
5.204622745513916016e+00
5.241634209950764678e+00
5.313484589258830049e+00
5.236766656239827178e+00
5.244294722874959014e+00
5.322664419809977510e+00
5.232316335042317412e+00
5.198284626007080078e+00
5.353754361470540069e+00
5.287571827570597627e+00
5.264174620310465791e+00
5.283032735188801787e+00
5.276077747344970703e+00
5.270385265350341797e+00
5.314368406931559541e+00
5.247876803080241181e+00
5.303394317626953125e+00
5.215746402740478516e+00
5.281917889912922881e+00
5.252276261647542022e+00
5.318290948867797852e+00
5.268478870391845703e+00
5.280411084493001006e+00
5.256707350413004853e+00
5.270954132080078125e+00
5.249754587809245088e+00
5.234233061472575166e+00
5.360115448633830049e+00
5.214570204416911103e+00
5.226323127746582031e+00
5.310674508412678740e+00
5.227654457092285156e+00
5.223646481831868194e+00
5.268606106440226533e+00
5.296317656834919951e+00
5.216301600138346650e+00
5.382653077443440459e+00
5.259938398996989228e+00
5.313423156738281250e+00
5.228185335795084931e+00
5.292068084081013701e+00
5.290448983510334990e+00
5.215702931086222627e+00
5.283918380737304688e+00
5.243337631225585938e+00
5.241311073303222656e+00
5.344040393829345703e+00
5.192472378412882783e+00
5.279197613398234346e+00
5.241305033365885713e+00
5.265485763549804688e+00
5.243649959564208984e+00
5.241620620091755889e+00
5.194990952809651397e+00
5.310634295145670869e+00
5.238579909006754853e+00
5.248595555623372100e+00
5.229363044102986358e+00
5.244225899378458955e+00
5.316113471984863281e+00
5.223750829696655273e+00
5.193723201751708984e+00
5.336815118789672852e+00
5.249297380447387695e+00
5.213620026906331084e+00
5.257046143213908174e+00
5.276175737380981445e+00
5.212551116943359375e+00
5.255364179611206055e+00
5.302951097488403320e+00
5.248549302419026397e+00
5.253770033518473603e+00
5.234241167704264619e+00
5.209141731262207031e+00
5.326316515604655244e+00
5.242989222208659150e+00
5.227947870890299775e+00
5.268268346786499023e+00
5.267681280771891572e+00
5.229836940765380859e+00
5.221907138824462891e+00
5.258924722671508789e+00
5.291869242986042998e+00
5.229894558588664033e+00
5.242489655812581084e+00
5.220268090565999053e+00
5.264176527659098603e+00
5.294758240381876924e+00
5.225686152776082061e+00
5.212195237477620147e+00
5.290203253428141572e+00
5.246362845102946260e+00
5.277753671010334990e+00
5.242524305979411103e+00
5.231324195861816406e+00
5.252388397852580049e+00
5.286977291107177734e+00
5.247312943140665986e+00
5.196230252583821319e+00
5.277724583943684600e+00
5.252926905949910186e+00
5.223504940668742158e+00
5.308519840240478516e+00
5.247600952784220674e+00
5.235307852427165010e+00
5.255800803502400420e+00
5.255576451619465850e+00
5.258281866709391572e+00
5.220463991165161133e+00
5.265635649363200166e+00
5.225394010543823242e+00
5.295397837956746123e+00
5.246741374333699248e+00
5.224029223124186494e+00
5.245428880055745147e+00
5.237469832102457978e+00
5.278450409571330049e+00
5.207742134730021455e+00
5.268644968668620088e+00
5.261105696360270478e+00
5.262108802795410156e+00
5.240043640136718750e+00
5.209227164586384795e+00
5.313654184341430664e+00
5.217088460922241211e+00
5.211501598358154297e+00
5.286306699117024444e+00
5.255098899205525420e+00
5.237139860788981416e+00
5.277944882710774444e+00
5.201741218566894531e+00
5.273592074712117217e+00
5.267425060272216797e+00
5.221244653065999053e+00
5.244667689005534150e+00
5.261266628901164033e+00
5.231254895528157256e+00
5.252738396326701142e+00
5.220044851303100586e+00
5.283091624577839873e+00
5.229891618092854522e+00
5.299968719482421875e+00
5.231661001841227510e+00
5.219041347503662109e+00
5.243515968322753906e+00
5.287404219309489228e+00
5.223293224970499971e+00
5.238362550735473633e+00
5.257940928141276338e+00
5.257210652033488252e+00
5.246974229812622070e+00
5.252916256586710908e+00
5.232118129730224609e+00
5.251453399658203125e+00
5.196543693542480469e+00
5.274217287699381806e+00
5.269744237263997100e+00
5.234733343124389648e+00
5.223635752995808623e+00
5.268518129984538056e+00
5.252831379572550752e+00
5.235131422678629853e+00
5.229912598927815459e+00
5.233641227086384795e+00
5.238705078760783174e+00
5.262044111887614228e+00
5.222623666127522490e+00
5.242904504140217803e+00
5.266341845194498994e+00
5.232105493545532227e+00
5.245736916859944365e+00
5.227111577987670898e+00
5.258836110432942412e+00
5.222942988077799775e+00
5.237307230631510713e+00
5.276645580927531221e+00
5.226838747660319306e+00
5.219603141148884795e+00
5.251267910003662109e+00
5.262642542521159150e+00
5.240711053212483428e+00
5.214047431945800781e+00
5.215054035186767578e+00
5.256882031758626006e+00
5.249824841817219756e+00
5.260807752609252930e+00
5.238946994145710967e+00
5.211056152979533174e+00
5.244267622629801728e+00
5.228935400644938447e+00
5.231741587320963838e+00
5.264437834421793916e+00
5.238382180531819365e+00
5.261090755462646484e+00
5.218608379364013672e+00
5.227585156758626006e+00
5.268470287322998047e+00
5.239246686299641631e+00
5.218431949615478516e+00
5.217405478159586885e+00
5.242892583211262725e+00
5.258434057235717773e+00
5.243764559427897431e+00
5.230191548665364287e+00
5.214484453201293945e+00
5.246547381083170869e+00
5.255331993103027344e+00
5.240789016087849639e+00
5.245243787765502930e+00
5.233258326848347686e+00
5.247641404469807647e+00
5.244851430257161162e+00
5.226888338724772431e+00
5.243587176005045869e+00
5.237454891204833984e+00
5.246904214223225615e+00
5.226915121078491211e+00
5.239421765009562471e+00
5.263559579849243164e+00
5.219936211903889678e+00
5.214309533437092803e+00
5.277161916097004912e+00
5.245641231536865234e+00
5.218094825744628906e+00
5.221785227457682588e+00
5.220304171244303681e+00
5.253585815429687500e+00
5.258268117904663086e+00
5.221051851908366181e+00
5.238923629124959014e+00
5.216766357421875000e+00
5.255748669306437471e+00
5.258735418319702148e+00
5.232909997304280303e+00
5.224936485290527344e+00
5.238878885904948213e+00
5.238916873931884766e+00
5.237110137939453125e+00
5.255679607391357422e+00
5.231285413106282256e+00
5.197094678878784180e+00
5.232275009155273438e+00
5.259628136952717803e+00
5.239548524220784209e+00
5.216953992843627930e+00
5.250585873921711944e+00
5.241306145985920928e+00
5.226762374242146514e+00
5.216330051422119141e+00
5.235446135203043916e+00
5.252301692962646484e+00
5.233139197031657197e+00
5.226875066757202148e+00
5.226900736490885713e+00
5.233256181081135772e+00
5.240894714991251924e+00
5.234313011169433594e+00
5.233365456263224580e+00
5.236327012379963897e+00
5.218912283579508760e+00
5.231493711471557617e+00
5.246099074681599639e+00
5.222039699554443359e+00
5.224402825037638642e+00
5.231795390446980498e+00
5.235757350921630859e+00
5.243142286936442353e+00
5.227961301803588867e+00
5.222918272018432617e+00
5.223821878433227539e+00
5.248206774393717744e+00
5.247239748636881806e+00
5.232543150583903291e+00
5.224810918172200225e+00
5.228343486785888672e+00
5.236835320790608428e+00
5.238854328791300752e+00
5.223635991414387725e+00
5.236432234446207978e+00
5.227987925211588838e+00
5.236596584320068359e+00
5.230693022410075166e+00
5.220497608184814453e+00
5.219676017761230469e+00
5.242661952972412109e+00
5.238261381785075166e+00
5.231023073196411133e+00
5.231405576070149444e+00
5.240818023681640625e+00
5.226831595102946260e+00
5.220792929331461885e+00
5.230391263961791992e+00
5.240489959716796875e+00
5.231749057769775391e+00
5.237820068995158174e+00
5.241351842880249023e+00
5.231063206990559600e+00
5.228007475535075166e+00
5.229970773061116240e+00
5.232359647750854492e+00
5.219947497049967744e+00
5.219556967417399385e+00
5.228462696075439453e+00
5.248620510101318359e+00
5.234353542327880859e+00
5.228214104970295928e+00
5.239508549372355439e+00
5.233443737030029297e+00
5.222563266754150391e+00
5.229263623555501006e+00
5.232948064804077148e+00
5.237357457478840850e+00
5.232187112172444365e+00
5.223957459131876924e+00
5.236643234888712861e+00
5.237959623336791992e+00
5.231231292088826201e+00
5.210107326507568359e+00
5.235650221506754853e+00
5.227293093999226592e+00
5.235965887705485322e+00
5.219521601994832061e+00
5.234985589981079102e+00
5.228787024815876983e+00
5.229017734527587891e+00
5.243678490320841767e+00
5.237437884012858369e+00
5.230337460835774444e+00
5.208589553833007812e+00
5.236939191818237305e+00
5.241575876871745088e+00
5.231928825378417969e+00
5.209760348002116181e+00
5.228432019551594756e+00
5.230519930521647431e+00
5.233336130777995088e+00
5.228389978408813477e+00
5.227780342102050781e+00
5.231106837590535186e+00
5.220101753870646455e+00
5.224929730097453096e+00
5.235183556874592803e+00
5.227973540623982451e+00
5.232529401779174805e+00
5.230417887369791963e+00
5.235261122385661103e+00
5.232333819071452119e+00
5.217033306757609346e+00
5.223232905069987275e+00
5.214699586232502959e+00
5.221518357594807647e+00
5.248020569483439424e+00
5.231482187906901338e+00
5.222472349802653291e+00
5.230186621348063447e+00
5.238885243733723662e+00
5.230863650639851592e+00
5.230311632156372070e+00
5.230281035105387666e+00
5.230760097503662109e+00
5.224786361058552764e+00
5.222362677256266572e+00
5.227940877278645537e+00
5.232636610666911103e+00
5.232581456502278350e+00
5.224018732706706025e+00
5.225511471430460908e+00
5.220183849334716797e+00
5.222621758778889678e+00
5.220000664393107392e+00
5.225134054819743135e+00
5.232334931691487334e+00
5.228095134099324248e+00
5.231554428736369111e+00
5.232575575510661103e+00
5.232699632644653320e+00
5.230329354604084990e+00
5.230759700139363311e+00
5.223518689473469756e+00
5.230530897776286103e+00
5.219445228576660156e+00
5.220684528350830078e+00
5.220350742340087891e+00
5.229796727498372100e+00
5.231123606363932588e+00
5.232563177744547822e+00
5.228998899459838867e+00
5.223585049311320283e+00
5.232361952463786103e+00
5.230855067571003936e+00
5.227745215098063447e+00
5.228815873463948272e+00
5.227873484293620088e+00
5.221921523412068389e+00
5.228281895319621064e+00
5.226530075073242188e+00
5.224322398503621123e+00
5.225204944610595703e+00
5.227153460184733369e+00
5.230316162109375000e+00
5.232768615086873076e+00
5.224678834279377959e+00
5.225642681121826172e+00
5.231436729431152344e+00
5.228649775187174775e+00
5.225355466206868194e+00
5.225071430206298828e+00
5.228146155675251983e+00
5.224641323089599609e+00
5.217282931009928681e+00
5.227528254191081025e+00
5.231421868006388642e+00
5.227515776952107451e+00
5.226924419403076172e+00
5.221525271733601592e+00
5.227893352508544922e+00
5.233635584513346650e+00
5.226235866546630859e+00
5.219753503799438477e+00
5.227466980616251924e+00
5.220320224761962891e+00
5.228013356526692412e+00
5.228908697764079072e+00
5.227137247721354463e+00
5.231814463933308623e+00
5.226869662602742217e+00
5.226016998291015625e+00
5.229723612467448213e+00
5.229427099227905273e+00
5.221348285675048828e+00
5.225817680358886719e+00
5.229404608408610322e+00
5.225922902425129912e+00
5.220263322194417022e+00
5.226737499237060547e+00
5.229231675465901397e+00
5.227142572402954102e+00
5.223744948705037139e+00
5.219704548517863252e+00
5.221809466679890654e+00
5.234100421269734404e+00
5.230282783508300781e+00
5.229765256245930694e+00
5.224562724431355498e+00
5.224056879679362275e+00
5.224587917327880859e+00
5.220986763636271455e+00
5.220627625783284209e+00
5.227610270182291963e+00
5.224401315053303740e+00
5.227814197540283203e+00
5.224341392517089844e+00
5.231355508168538115e+00
5.232113122940063477e+00
5.224526643753051758e+00
5.220869461695353486e+00
5.223490079243977569e+00
5.220697244008381865e+00
5.221768379211425781e+00
5.226115306218464873e+00
5.226751804351806641e+00
5.227068026860554717e+00
5.227269967397053740e+00
5.224214633305867217e+00
5.225989500681559541e+00
5.226506551106770537e+00
5.227433602015177705e+00
5.224825064341227510e+00
5.223092476526896455e+00
5.225424130757649444e+00
5.222041130065917969e+00
5.226225535074870088e+00
5.226749579111735322e+00
5.225613037745158174e+00
5.226260582605998017e+00
5.225347757339477539e+00
5.226636648178100586e+00
5.224659919738769531e+00
5.221129417419433594e+00
5.222394148508707978e+00
5.224362214406331084e+00
5.225425561269124053e+00
5.225896199544270537e+00
5.226660966873168945e+00
5.226158777872721650e+00
5.225459257761637666e+00
5.222495396931965850e+00
5.226112047831217744e+00
5.222726821899414062e+00
5.225140730539957978e+00
5.225655635197957061e+00
5.225396315256754853e+00
5.224500815073649385e+00
5.225792090098063447e+00
5.223577022552490234e+00
5.223797798156738281e+00
5.224234580993652344e+00
5.220661004384358428e+00
5.220730622609456084e+00
5.224822203318278291e+00
5.222994486490885713e+00
5.226195017496745088e+00
5.228132406870524385e+00
5.228307723999023438e+00
5.224640210469563506e+00
5.225008010864257812e+00
5.222488721211751006e+00
5.223402261734008789e+00
5.223422845204670928e+00
5.223898331324259736e+00
5.227193276087443330e+00
5.225239992141723633e+00
5.223652283350626924e+00
5.226851224899291992e+00
5.225836435953776338e+00
5.221248944600422881e+00
5.219786802927653291e+00
5.224280118942260742e+00
5.226992845535278320e+00
5.225828329722086885e+00
5.220777034759521484e+00
5.223149220148722627e+00
5.223994811375935576e+00
5.222864468892415069e+00
5.224631627400715850e+00
5.226833820343017578e+00
5.226251522699992158e+00
5.226807276407877900e+00
5.223896344502766631e+00
5.224998156229655244e+00
5.222440719604492188e+00
5.220742543538411162e+00
5.225528081258137725e+00
5.220874706904093721e+00
5.224225838979084990e+00
5.224839448928833008e+00
5.226254463195800781e+00
5.227370023727416992e+00
5.225359837214152314e+00
5.221805175145466826e+00
5.218760649363200166e+00
5.222787618637084961e+00
5.225984096527099609e+00
5.226621389389038086e+00
5.225532213846842744e+00
5.223864396413167022e+00
5.220618009567260742e+00
5.224639415740966797e+00
5.224330266316731475e+00
5.225848595301310517e+00
5.226716041564941406e+00
5.221555868784586885e+00
5.221845149993896484e+00
5.222165425618489287e+00
5.224098126093546846e+00
5.224459012349446319e+00
