4.933889955282211304e-02
4.515571519732475281e-02
4.489649583896001411e-02
4.272754614551862312e-02
4.272282247742017341e-02
3.573561211427053047e-02
3.452237695455551147e-02
4.124000544349352287e-02
3.282938462992509437e-02
3.191432356834411621e-02
2.442376005152861393e-02
2.595957554876804352e-02
1.802139108379681789e-02
1.541483681648969650e-02
1.102190650999546051e-02
1.696453988552093506e-02
7.343163403371970148e-03
7.365552553286154776e-03
6.946509393552939386e-03
1.122902644177277941e-02
4.991194233298301697e-03
7.344710951050122290e-03
7.196393795311450958e-03
4.775200660030047388e-03
7.678477714459101648e-03
4.674010133991639108e-03
4.772387755413849859e-03
5.062974058091640472e-03
4.567868231485287638e-03
4.514047487949331312e-03
4.342746377612153978e-03
6.209121551364660263e-03
6.582004018127918243e-03
5.485775725295146017e-03
6.064648895214001627e-03
5.247834759453932733e-03
4.149932647123932838e-03
5.395101072887579889e-03
5.701292306184768677e-03
4.469449243818719893e-03
4.621269026150305777e-03
4.028299745793144197e-03
5.214568848411242456e-03
5.901983783890803366e-03
4.542210604995489120e-03
1.192301542808612246e-02
8.990574628114700317e-03
9.442091919481754303e-03
9.437828945616880474e-03
5.160810581098000498e-03
3.912114693472783060e-03
4.674969861904780359e-03
4.599095166971285849e-03
5.461754898230235071e-03
5.875973651806513758e-03
4.283730328703920336e-03
4.373321775346994400e-03
4.508718925838668852e-03
4.174632485955953598e-03
4.441318955893318147e-03
4.380258809154232054e-03
4.428019048646092415e-03
4.663472995162010193e-03
7.656437810510396957e-03
4.496861016377806664e-03
4.731835021326939554e-03
4.171179297069708795e-03
4.201260628178715706e-03
4.377309543391068487e-03
4.496463108807802200e-03
4.876770855238039999e-03
4.308391828089952469e-03
4.627157468348741531e-03
4.756686432907978983e-03
5.725256322572628946e-03
6.238936601827542276e-03
5.942223283151785822e-03
4.119030898436903954e-03
5.021289767076571493e-03
6.442766791830460520e-03
4.124454455450177193e-03
4.724518395960330963e-03
5.606161120037238092e-03
5.614118184894323349e-03
4.554736117521922083e-03
4.009287571534514427e-03
5.344259552657604218e-03
5.282350039730469675e-03
4.551053357621033697e-03
4.486387362703680992e-03
5.425886406252781839e-03
4.194249787057439775e-03
6.582545426984627752e-03
4.971981669465701074e-03
5.755415186285972595e-03
6.502905239661534338e-03
4.718699647734562845e-03
4.654601371536652536e-03
4.190999316051602364e-03
4.636627932389576941e-03
4.325509459401170702e-03
4.812948560963074655e-03
4.390679610272248297e-03
5.292252327005068750e-03
4.333784415697057753e-03
4.098923954491813688e-03
5.466721796741087942e-03
4.247323609888553619e-03
4.320263474558790236e-03
5.593326874077320099e-03
4.008984426036477089e-03
6.117795904477437048e-03
4.437490444009502440e-03
4.305983039860923796e-03
4.928840169062216787e-03
4.406083297605316133e-03
4.571619443595409393e-03
5.044764373451471329e-03
4.860088384399811716e-03
4.335080816720922499e-03
4.985315104325612097e-03
4.755913124730189352e-03
4.434572455162803621e-03
5.741372859726349802e-03
4.106737285231550245e-03
4.750117504348357229e-03
5.317584145814180374e-03
4.129679485534627943e-03
6.377312665184338598e-03
4.459436594819028883e-03
5.925238908578951864e-03
4.550680207709471674e-03
4.378231319909294157e-03
4.605940077453851700e-03
4.593028531720240622e-03
4.505215135092536897e-03
4.900660365819931030e-03
4.579694165537754984e-03
4.937094946702321081e-03
4.404988062257568331e-03
4.385578446090221405e-03
5.495068772385518045e-03
4.298117244616150856e-03
6.431872490793466568e-03
4.865847372760375052e-03
4.875574726611375809e-03
4.592681458840767832e-03
4.997235878060261698e-03
4.250132401163379640e-03
5.315907454739014597e-03
4.443095919365684481e-03
4.935960595806439428e-03
4.780015597740809412e-03
4.418904039387901335e-03
5.396169144660234451e-03
4.210087393100063295e-03
4.272923727209369631e-03
4.595066886395215988e-03
5.010480526834726334e-03
4.700211031983296366e-03
4.425501373286048860e-03
5.691540427505970001e-03
4.133227514103055000e-03
6.966269419838984518e-03
4.398391504461566896e-03
4.383503071342905073e-03
5.466940657546122580e-03
4.167423428346713095e-03
4.824489044646422357e-03
4.944914331038792639e-03
4.277511577432354002e-03
5.118441612770159750e-03
4.362776487444837599e-03
4.993602012594540625e-03
4.946094161520401926e-03
4.693197086453437805e-03
4.716338589787483215e-03
4.235090299819906264e-03
5.249035389473040610e-03
4.668728758891423254e-03
4.368205166732271223e-03
4.644911270588636398e-03
5.162049240122239084e-03
4.813698275635640116e-03
4.152155946940183640e-03
4.708076827228069305e-03
4.878406257679064779e-03
4.454636092608173399e-03
4.583565440649787874e-03
5.494827715059121161e-03
4.175762723510463743e-03
4.868151309589545221e-03
5.112422785411278696e-03
4.532878364746768980e-03
4.528027881557743044e-03
4.536410328000783920e-03
4.699239507317543030e-03
4.470228916034102440e-03
5.260693530241648645e-03
4.307677736505866051e-03
4.984249516079823465e-03
4.335314578687150984e-03
5.201630139102538138e-03
4.502103819201390238e-03
4.685314061741034479e-03
4.475213199233015089e-03
4.552245217685897856e-03
4.775756193945805521e-03
4.495147848501801491e-03
5.179247353225946426e-03
4.266660970946152716e-03
4.965797066688537598e-03
4.246094108869631796e-03
4.526857985183596611e-03
4.606568254530429840e-03
4.744306051482756643e-03
4.582089449589450865e-03
4.870725950847069712e-03
4.270592161143819780e-03
4.751499431828658075e-03
4.697245856126149206e-03
4.640932660549879074e-03
4.564519195506970377e-03
4.470732451106111498e-03
4.861289635300636292e-03
4.502757918089628220e-03
4.586185173441966086e-03
4.415289110814531355e-03
4.665759702523549109e-03
4.811954994996388464e-03
4.870450279364983530e-03
4.471282862747709246e-03
5.291928226749102564e-03
4.285020520910620689e-03
4.904804440836111994e-03
4.735483787953853607e-03
4.664244595915079117e-03
4.682154705127079992e-03
4.812800170232852011e-03
4.612755340834458380e-03
4.884829744696617126e-03
4.680328381558259039e-03
4.940197026977936716e-03
4.586544663955767660e-03
4.717663861811161041e-03
4.574394474426905603e-03
5.342060389618079157e-03
4.564660834148526192e-03
4.869957920163869858e-03
4.516280256211757660e-03
4.980528882394234629e-03
4.415627957011262865e-03
4.889063847561677008e-03
4.331811641653378515e-03
5.007699131965637207e-03
4.340389976277947426e-03
4.975215531885623932e-03
4.389454300204913111e-03
4.535606208567817717e-03
4.780567716807126999e-03
4.796237219125032425e-03
4.718184160689513178e-03
4.769913696994383841e-03
4.470704977090160341e-03
5.111313269784052878e-03
4.288888924444715471e-03
4.951756913214921951e-03
4.276440246030688286e-03
5.190522720416386633e-03
4.388510404775540323e-03
4.786859887341658563e-03
4.558865446597337723e-03
4.736266254136960001e-03
4.808774683624505997e-03
4.449412925168871880e-03
4.846102713296811075e-03
4.165698541328310966e-03
5.201419970641533823e-03
4.474128984535734148e-03
4.815550055354833603e-03
4.745397251099348068e-03
4.704319716741641073e-03
4.414240907256801634e-03
5.129505414515733719e-03
4.287427291274070740e-03
5.008768135060866385e-03
4.551230619351069422e-03
4.731286782771348953e-03
4.282770678400993347e-03
4.684863456835349112e-03
4.643713124096393585e-03
4.663037291417519541e-03
4.557265822465221376e-03
4.439298451567689867e-03
4.623310485233862906e-03
4.382800000409285517e-03
4.790932405740022659e-03
4.433959179247419329e-03
4.637739000221093207e-03
4.904743749648332596e-03
4.459846531972289085e-03
4.614772895971934290e-03
4.785763099789619446e-03
4.546965317179759054e-03
4.655812401324510574e-03
4.719300971676905661e-03
4.585223970934748650e-03
4.519051639363169670e-03
4.802038582662741632e-03
4.574153261880080194e-03
4.815937019884586334e-03
4.608124028891324997e-03
4.742665681988000870e-03
4.633806490649779349e-03
4.694331437349319458e-03
4.722083608309428186e-03
4.788260130832592935e-03
4.714561315874258966e-03
4.661969374865293503e-03
4.703939892351627350e-03
4.536964076881607084e-03
4.814569683124621420e-03
4.468479271357257872e-03
4.802318755537271500e-03
4.658397908012072534e-03
4.846076325823863058e-03
4.431383063395817785e-03
4.687434993684291840e-03
4.657408222556114197e-03
4.737204561630885095e-03
4.614260047674179077e-03
4.706171341240406036e-03
4.630148410797119141e-03
4.733008642991383581e-03
4.741757021596034079e-03
4.637597128748893738e-03
4.683530113349358530e-03
4.656038867930571527e-03
4.543026598791281671e-03
4.730944211284319849e-03
4.632805629322926493e-03
4.797650966793298721e-03
4.653466710199912100e-03
4.755345949282248526e-03
4.689610252777735681e-03
4.590564329798023195e-03
4.635977869232495337e-03
4.653700937827427893e-03
4.721903086950381308e-03
4.758147833247979193e-03
4.525815757612387628e-03
4.583134393518169432e-03
4.944653871158759088e-03
4.478232935070991516e-03
4.722701851278543472e-03
4.596021259203553200e-03
4.875125673909981756e-03
4.324951131517688722e-03
4.744646294663350077e-03
4.457969839374224634e-03
4.524864101161559134e-03
5.194101793070633917e-03
4.502293032904465704e-03
4.719341018547614126e-03
4.546443155656258554e-03
4.767004090050856562e-03
4.707532934844493866e-03
4.729130460570256204e-03
4.650654736906290054e-03
4.668446102490027456e-03
4.779374692589044571e-03
4.705915537973244696e-03
4.573097219690680504e-03
4.667521454393863678e-03
4.710419879605372458e-03
4.659660315761963816e-03
4.672393358002106638e-03
4.733147254834572763e-03
4.644419532269239426e-03
4.638531245291233063e-03
4.777389733741681070e-03
4.530347806091110201e-03
4.845381714403629303e-03
4.685484493772189112e-03
4.660486088444788962e-03
4.689528917272885351e-03
4.665889777243137360e-03
4.702497118463118582e-03
4.610279963041345568e-03
4.652513656765222549e-03
4.686350002884864807e-03
4.698653239756822586e-03
4.627016993860403986e-03
4.678106711556513815e-03
4.558307273934285135e-03
4.630587218950192423e-03
4.731683060526847839e-03
4.605078681682546644e-03
4.508716054260730743e-03
4.584700412427385359e-03
4.821363681306441336e-03
4.511520887414614649e-03
4.501848481595516205e-03
4.822899742672841043e-03
4.606558087592323332e-03
4.642347960422436685e-03
4.644330590963363647e-03
4.705589575072129278e-03
4.668247575561205835e-03
4.641380781928698511e-03
4.591040235633651705e-03
4.730432449529568643e-03
4.634466177473465891e-03
4.705095974107583075e-03
4.585959870989124269e-03
4.712381089727084131e-03
4.628782936682303457e-03
4.670434631407260895e-03
4.657721146941184998e-03
4.697817532966534586e-03
4.636715631932020187e-03
4.592397405455510111e-03
4.801509436219930649e-03
4.530129178116719217e-03
4.650291055440902710e-03
4.691044644763072043e-03
4.712779851009448080e-03
4.647543032964070349e-03
4.639063340922196417e-03
4.721287482728560476e-03
4.607659454147021265e-03
4.736983217298984528e-03
4.571012609327833147e-03
4.701019885639349909e-03
4.657469845066468210e-03
4.706205644955237417e-03
4.662099604805310278e-03
4.632581646243731470e-03
4.728576634079217911e-03
4.673473536968231201e-03
4.583994780356685610e-03
4.728636083503563910e-03
4.585281868154804201e-03
4.748610158761342077e-03
4.545555450022220612e-03
4.620591877028346062e-03
4.703497358908255606e-03
4.618439280117551775e-03
4.625978724410136252e-03
4.712999798357486725e-03
4.613237067436178236e-03
4.542367998510599136e-03
4.743929331501324682e-03
4.682236971954504938e-03
4.655140141646067591e-03
4.673484557618697195e-03
4.666264013697703390e-03
4.661228197316328974e-03
4.707143021126587897e-03
4.635356677075226813e-03
4.693691463520129233e-03
4.584149224683642387e-03
4.677184081325928659e-03
4.639133345335721970e-03
4.710258605579535456e-03
4.658784251660108566e-03
4.671725289275248556e-03
4.646783694624900818e-03
4.663971873621146173e-03
4.637868764499823541e-03
4.612250952050089836e-03
4.746418291081984549e-03
4.584773443639278412e-03
4.602943391849597006e-03
4.707695761074622183e-03
4.614100636293490439e-03
4.609974644457300215e-03
4.664713827272255926e-03
4.695884262522061377e-03
4.595011472702026367e-03
4.767554656912882834e-03
4.657437248776356668e-03
4.709096780667702646e-03
4.612971097230911255e-03
4.683264996856451035e-03
4.682624091704686194e-03
4.587956471368670464e-03
4.674248552570740671e-03
4.633328566948573084e-03
4.628653638064861298e-03
4.734972026199102402e-03
4.545518119509021730e-03
4.672553079823653192e-03
4.629396212597687750e-03
4.658017307519912720e-03
4.629809098939101190e-03
4.626475429783265085e-03
4.553746199235320091e-03
4.704110790044069290e-03
4.625752413024504690e-03
4.637636244297027588e-03
4.615442749733726473e-03
4.632694957156975775e-03
4.706954583525657654e-03
4.606260995691020994e-03
4.554483030612270326e-03
4.724522276471058817e-03
4.639412121226389914e-03
4.590168983365098924e-03
4.647453315556049347e-03
4.668302368372678757e-03
4.588938706244031877e-03
4.645376310994227438e-03
4.693482536822557449e-03
4.639814142137765884e-03
4.646622886260350256e-03
4.621152455608050318e-03
4.585474419097105951e-03
4.717994481325149536e-03
4.635460053881009131e-03
4.615579188490907640e-03
4.661574959754943848e-03
4.660949266205231638e-03
4.620160519455869703e-03
4.606884593764941187e-03
4.652633331716060638e-03
4.686798745145400076e-03
4.618479404598474503e-03
4.632868493596713037e-03
4.603819999222953825e-03
4.658300119141737909e-03
4.691726217667262049e-03
4.612743156030774117e-03
4.595622342700759859e-03
4.683815718938906698e-03
4.637963448961575537e-03
4.672198245922724695e-03
4.632489134867985754e-03
4.620647445941965074e-03
4.644261983533700018e-03
4.682457695404688806e-03
4.642559215426445007e-03
4.567214753478765488e-03
4.673028519997994394e-03
4.648232211669285803e-03
4.610954861467083006e-03
4.700994119048118591e-03
4.640937161942322760e-03
4.627844318747520447e-03
4.649774016191561728e-03
4.650194508334000616e-03
4.655484575778245926e-03
4.609652329236268997e-03
4.661864445855219870e-03
4.616644776736696272e-03
4.691738014419873266e-03
4.643497988581657410e-03
4.612492475037773161e-03
4.639752830068270655e-03
4.630906817813714056e-03
4.675069513420264215e-03
4.591699301575620680e-03
4.663951539744933157e-03
4.656441509723663330e-03
4.657906169692675562e-03
4.633878357708454132e-03
4.594211389000217409e-03
4.706056788563728333e-03
4.608823219314217567e-03
4.596201082070668249e-03
4.681700219710667639e-03
4.651150666177272797e-03
4.629404749721288681e-03
4.671320474396149607e-03
4.583379176134864778e-03
4.667893517762422562e-03
4.663371636221806497e-03
4.613625118508934975e-03
4.638149247815211325e-03
4.656012635678052902e-03
4.623896287133296042e-03
4.649659153074026108e-03
4.610677870611350031e-03
4.677592466274897547e-03
4.621475624541441889e-03
4.693590570241212845e-03
4.624903046836455374e-03
4.607977578416466713e-03
4.637500892082850427e-03
4.683296196162700653e-03
4.613613942638039589e-03
4.631281830370426178e-03
4.653365351259708405e-03
4.652983043342828751e-03
4.643163954218228369e-03
4.646410544713337927e-03
4.623762176682551413e-03
4.647749631355206461e-03
4.578433698043227196e-03
4.669420731564362555e-03
4.666001846392949133e-03
4.628799855709075928e-03
4.615992540493607521e-03
4.665010919173558264e-03
4.649334587156772614e-03
4.629292991012334824e-03
4.623472768192489653e-03
4.627162513012687654e-03
4.634118173271417618e-03
4.658758795509736032e-03
4.615826842685540228e-03
4.637791154285271673e-03
4.662691925962765722e-03
4.627076676115393639e-03
4.642457080384095221e-03
4.620699134344856233e-03
4.655034281313419342e-03
4.616139999901254683e-03
4.633265392233927756e-03
4.673431006570656805e-03
4.622003374000390082e-03
4.613116771603624315e-03
4.647989136477311163e-03
4.659619337568680734e-03
4.637017070005337686e-03
4.604638321325182915e-03
4.605577560141682625e-03
4.653771407902240753e-03
4.647028322021166773e-03
4.658002251138289480e-03
4.634416972597439795e-03
4.600085861360033064e-03
4.640162456780672073e-03
4.623783131440480261e-03
4.627305936689178438e-03
4.661224161585171728e-03
4.635649422804514856e-03
4.658812967439492254e-03
4.612375671664874048e-03
4.623340830827753038e-03
4.665411387880642920e-03
4.636031885941823034e-03
4.612349827463428469e-03
4.609912245844800978e-03
4.639208937684695215e-03
4.655759936819474192e-03
4.640889509270588846e-03
4.625528740386168451e-03
4.606688472752769499e-03
4.641673527657985687e-03
4.652853589504957199e-03
4.637128828714291544e-03
4.642223163197438211e-03
4.628727833429972620e-03
4.644270054996013641e-03
4.642281215637922287e-03
4.621778381988406181e-03
4.640399012714624405e-03
4.633413472523291617e-03
4.643775367488463431e-03
4.622933687642216682e-03
4.635857728620369940e-03
4.660939332097768784e-03
4.615775619943936377e-03
4.606619244441390038e-03
4.673397168517112732e-03
4.643516925474007635e-03
4.611538567890723257e-03
4.615616907055179567e-03
4.614522137368719072e-03
4.651582955072323770e-03
4.657280320922533960e-03
4.617037018761038780e-03
4.636248884101708441e-03
4.610209182525674791e-03
4.653770166138808222e-03
4.656022414565086365e-03
4.629001719877123833e-03
4.619642238443096190e-03
4.635528506090243368e-03
4.635265097022056580e-03
4.633847313622633905e-03
4.653307609260082245e-03
4.628590230519573183e-03
4.585392540320754051e-03
4.628819413483142853e-03
4.657370969653129578e-03
4.637528521319230108e-03
4.612759609396259279e-03
4.649371840059757233e-03
4.639948252588510513e-03
4.623632179573178291e-03
4.611068948482473402e-03
4.633049946278333664e-03
4.650165326893329620e-03
4.631294868886470795e-03
4.623284873863060980e-03
4.623032795886198969e-03
4.630879421407978029e-03
4.638689104467630386e-03
4.632540202389161081e-03
4.630803052956859560e-03
4.633996635675430298e-03
4.614285969485838919e-03
4.628985344121853800e-03
4.644231715550025015e-03
4.617724334821105003e-03
4.620386287569999695e-03
4.628666676580905914e-03
4.633263684809207916e-03
4.640867157528798075e-03
4.624529974535107613e-03
4.619663969303171129e-03
4.620215622708201408e-03
4.646614814798037500e-03
4.645850664625565500e-03
4.630020741994182558e-03
4.621252184733748436e-03
4.625306076680620222e-03
4.635020003964503317e-03
4.637126500407855005e-03
4.620504720757405252e-03
4.634000981847445459e-03
4.625452294324834852e-03
4.634595320870478659e-03
4.628243700911601095e-03
4.616338061168789864e-03
4.615422571077942848e-03
4.640786287685235052e-03
4.636735344926516504e-03
4.628721779833237619e-03
4.629006842151284218e-03
4.639168269932270050e-03
4.624831102167566328e-03
4.617019478852550478e-03
4.627993796020746231e-03
4.638916191955407171e-03
4.629759273181359262e-03
4.635938288023074179e-03
4.639601179709036856e-03
4.628875215227405519e-03
4.625249266003568678e-03
4.627600777894258499e-03
4.630106423671047182e-03
4.616583231836557388e-03
4.615700803697109222e-03
4.625902123128374129e-03
4.647221571455399484e-03
4.632876720279455185e-03
4.626055248081684113e-03
4.637892823666334152e-03
4.631507520874341040e-03
4.619698117797573118e-03
4.627234612902005224e-03
4.630939026052753420e-03
4.636333168794711142e-03
4.630724899470806122e-03
4.621558589860796928e-03
4.635416126499573679e-03
4.636179345349471063e-03
4.629446348796288462e-03
4.605453461408615112e-03
4.634265477458636255e-03
4.625210771337151527e-03
4.634631797671318054e-03
4.616744040201107950e-03
4.633580644925435095e-03
4.626911133527755737e-03
4.627735121175646782e-03
4.642447146276633234e-03
4.636144886414210291e-03
4.628914718826611548e-03
4.603495200475056677e-03
4.635550081729888916e-03
4.640626255422830582e-03
4.630478564649820328e-03
4.604960869376857786e-03
4.626833988974492044e-03
4.628068457047144861e-03
4.631781174490849466e-03
4.626335653786857634e-03
4.625962891926367788e-03
4.629745225732524901e-03
4.617746764173110037e-03
4.623093564684192629e-03
4.634526713440815897e-03
4.626891187702615767e-03
4.631691379472613335e-03
4.629421280696988106e-03
4.634333153565724402e-03
4.631303406010071726e-03
4.613900324329733849e-03
4.620832934354742079e-03
4.611213225871324539e-03
4.619133891537785530e-03
4.647168951729933710e-03
4.630277321363489122e-03
4.620780314629276304e-03
4.629694468652208357e-03
4.638479712108771295e-03
4.630055821811159163e-03
4.629440528030197115e-03
4.628955464189250975e-03
4.629651317372918129e-03
4.623312580709655790e-03
4.620523191988468170e-03
4.626550866911808939e-03
4.631739575415849686e-03
4.631805311267574339e-03
4.622619288663069696e-03
4.624224655951063127e-03
4.618271564443905859e-03
4.621125524863600731e-03
4.617998764539758653e-03
4.623802611604332924e-03
4.631793204074104338e-03
4.627384711056947708e-03
4.631106974557042122e-03
4.632025025784969330e-03
4.632102558389306068e-03
4.629521630704402924e-03
4.629803666224082022e-03
4.622006245578329058e-03
4.629552752400438280e-03
4.617445636540651321e-03
4.618853718663255663e-03
4.618280334398150444e-03
4.628584099312623053e-03
4.630067773784200640e-03
4.631766816601157188e-03
4.628132485474149675e-03
4.622300698732336073e-03
4.631702167292435675e-03
4.630091212068994551e-03
4.626939383645852118e-03
4.628168962274988203e-03
4.627070001636941939e-03
4.620440692330400438e-03
4.627498953292767496e-03
4.625543486326932907e-03
4.623105206216375322e-03
4.624510416761040688e-03
4.626311128959059715e-03
4.629622601593534441e-03
4.632246835778157205e-03
4.623442344988386125e-03
4.624501413976152449e-03
4.630643796796600313e-03
4.628064731756846399e-03
4.624333698302507401e-03
4.624122676129142732e-03
4.627568026383717566e-03
4.623529578869541197e-03
4.615231494729717283e-03
4.626725722725192995e-03
4.630677557239930124e-03
4.626454707855979891e-03
4.626024436826507540e-03
4.620202506581942530e-03
4.627058127274115591e-03
4.633120416353146524e-03
4.625200682009260149e-03
4.618167178705334663e-03
4.626710666343569756e-03
4.618693531180421800e-03
4.627171127746502848e-03
4.628327985604603796e-03
4.626121449594696074e-03
4.631264678513010054e-03
4.626198361317316980e-03
4.625270686422784834e-03
4.629070249696572333e-03
4.628622749199469595e-03
4.620174799735347719e-03
4.625013330951333046e-03
4.628992639482021332e-03
4.625480389222502708e-03
4.619093844667077065e-03
4.626121527204911203e-03
4.628918056065837831e-03
4.626607755199074745e-03
4.622869503994782477e-03
4.618283361196517944e-03
4.620491604631145506e-03
4.633474784592787714e-03
4.630016318211953134e-03
4.629378517468770056e-03
4.623885266482830048e-03
4.623072842756907434e-03
4.623820617174108534e-03
4.619571613147854805e-03
4.619390005245804787e-03
4.626917264734705000e-03
4.623516385133068056e-03
4.627422895282506943e-03
4.623756045475602150e-03
4.631302009026209802e-03
4.632111483563979178e-03
4.623601911589503288e-03
4.619688106079896002e-03
4.622658947482705116e-03
4.619554073239366503e-03
4.620528702313701601e-03
4.625386636083324461e-03
4.626068985089659691e-03
4.626443066323797197e-03
4.626624674225847215e-03
4.623270515973369570e-03
4.625334016357858687e-03
4.625934253757198363e-03
4.626827159275610953e-03
4.624133619169394464e-03
4.622138648604352980e-03
4.624740763877828627e-03
4.621042481934030562e-03
4.625632505243022947e-03
4.626146595304210692e-03
4.624940299739439993e-03
4.625604876006643267e-03
4.624555741126338930e-03
4.625994324063261061e-03
4.623871995136141777e-03
4.620026176174481421e-03
4.621516214683651924e-03
4.623664154981573134e-03
4.624822720264394789e-03
4.625326332946618109e-03
4.626091957713167162e-03
4.625582058603565187e-03
4.624852910637855530e-03
4.621607794736822157e-03
4.625561336676279993e-03
4.621855992202957182e-03
4.624534475927551298e-03
4.625168706600864439e-03
4.624845925718545914e-03
4.623842580864827127e-03
4.625255241990089417e-03
4.622824800511200934e-03
4.623098376517494230e-03
4.623573739081621170e-03
4.619636883338292151e-03
4.619575260827939005e-03
4.624205098176996202e-03
4.622237446407477350e-03
4.625633591786026955e-03
4.627826468398173361e-03
4.628011723980307579e-03
4.624017048627138138e-03
4.624407971277832985e-03
4.621741827577352524e-03
4.622550293182333021e-03
4.622607181469599695e-03
4.623197950422763824e-03
4.626801547904809027e-03
4.624733623738090486e-03
4.623011918738484383e-03
4.626424129431446104e-03
4.625386558473110199e-03
4.620453963677088709e-03
4.618727679674823790e-03
4.623781501625974684e-03
4.626559326425194740e-03
4.625407047569751740e-03
4.619831607366601915e-03
4.622436050946514101e-03
4.623342693472902269e-03
4.622033564373850822e-03
4.624102807914217024e-03
4.626508336514234543e-03
4.626065570240219145e-03
4.626612644642591476e-03
4.623542462165157289e-03
4.624551084513465853e-03
4.621841091041763334e-03
4.619971228142579107e-03
4.625174993028243094e-03
4.620155009130637140e-03
4.623782432948549299e-03
4.624330516283710509e-03
4.625920128698150606e-03
4.627102985978126526e-03
4.624940532570083647e-03
4.621052027990420370e-03
4.617754059533278437e-03
4.622192354872822762e-03
4.625715703393022508e-03
4.626411556576688795e-03
4.625205416232347488e-03
4.623348281408349962e-03
4.619839057947198839e-03
4.624299006536602974e-03
4.623931366950273514e-03
4.625491720313827486e-03
4.626549469927947016e-03
4.620950125778715105e-03
4.621294637521107702e-03
4.621504728371898622e-03
4.623657868554194479e-03
4.623981891199946404e-03
