1.659431838989257812e+01
1.027162921428680420e+01
5.435414338111877797e+00
1.045910139083862234e+01
6.540567088127136053e+00
5.319284319877624512e+00
4.763272261619567516e+00
5.983772605657577515e+00
4.082199668884276988e+00
4.878808766603469849e+00
2.752212190628051669e+00
4.861865556240081432e+00
4.210472333431243719e+00
5.264756011962890447e+00
4.575954735279083252e+00
4.876256668567657826e+00
5.152368724346160889e+00
5.488399231433868763e+00
4.205498826503753840e+00
3.398415946960449130e+00
3.583229285478592097e+00
5.299614131450653076e+00
5.280765175819396973e+00
5.781240963935852406e+00
3.399056464433670044e+00
3.979960346221923739e+00
4.452321135997772572e+00
4.035698556900024769e+00
7.506815493106842041e+00
6.018096023797989247e+00
6.421368670463562189e+00
4.214716339111328480e+00
3.609598529338836848e+00
3.737973344326019465e+00
6.844757509231567560e+00
5.442051100730895818e+00
3.161119723320007235e+00
4.181585609912872314e+00
5.236604583263397394e+00
4.987096238136291326e+00
2.575315725803375422e+00
2.690891277790069758e+00
3.607088446617126465e+00
3.078935146331787109e+00
3.528958261013031006e+00
4.500191605091094615e+00
5.365658819675445557e+00
5.759043508768082020e+00
4.686301255226135609e+00
4.059740585088730036e+00
3.805890583992004306e+00
4.027848100662231090e+00
3.306446838378906072e+00
2.857985091209411799e+00
2.612759447097778409e+00
2.248707652091979980e+00
2.795674705505371005e+00
2.911976242065429599e+00
5.609293305873871205e+00
3.471849048137664706e+00
4.252179753780365168e+00
3.001944673061371027e+00
2.647576981782913119e+00
3.899382221698760809e+00
2.697645604610443115e+00
3.882266569137573065e+00
3.551660203933715731e+00
3.728908067941665738e+00
2.849723899364471347e+00
2.777341961860656738e+00
3.538334310054779053e+00
3.858217597007751465e+00
3.206799751520156949e+00
3.802373790740966708e+00
4.333638823032378795e+00
3.441133010387420477e+00
4.257114434242248890e+00
3.431072229146957309e+00
2.164208316802978427e+00
4.308414697647094727e+00
1.871950119733810425e+00
3.479736596345901489e+00
3.021990287303924383e+00
2.795665788650512518e+00
3.469171869754791082e+00
2.288071274757385254e+00
2.793517303466797053e+00
2.724854397773742498e+00
4.339978331327438710e+00
2.646135377883910955e+00
1.898009771108627231e+00
2.425252723693847479e+00
2.325174355506896884e+00
2.602362883090973078e+00
2.729498004913330167e+00
3.152494990825652987e+00
2.669913864135742276e+00
2.212609535455703824e+00
2.215400719642639071e+00
2.122756958007812500e+00
2.332350170612335294e+00
3.439328771829605280e+00
2.233781659603118808e+00
1.837761980295181230e+00
1.715609997510910034e+00
1.910261052846908614e+00
2.370670044422149569e+00
2.681632101535797119e+00
2.091717430949211032e+00
1.567972826957702681e+00
2.521234059333801181e+00
1.599056166410446123e+00
1.915884763002395630e+00
2.297151076793670477e+00
2.074322956800460638e+00
1.930697196722030551e+00
2.129862231016159235e+00
2.658838784694671720e+00
2.461566972732543768e+00
1.916605526208877475e+00
1.849181443452835083e+00
1.688557499647140414e+00
2.750255191326141269e+00
2.750435417890548795e+00
1.874412909150123596e+00
2.091299730539321722e+00
1.655813574790954590e+00
1.746379828453064054e+00
2.190590924024581998e+00
2.256596249341964899e+00
2.191631436347961426e+00
2.258226633071899414e+00
2.124047791957855313e+00
2.045763278007507235e+00
1.734889823198318526e+00
1.226070615649223372e+00
1.562151825428009122e+00
2.141528648138046442e+00
1.370080101490020796e+00
2.787709987163543790e+00
1.863314646482467696e+00
1.487535631656646817e+00
1.444035917520523071e+00
1.542821645736694336e+00
1.530575633049011230e+00
2.666666895151138306e+00
1.725290054082870395e+00
1.287383562326431363e+00
1.748007929325103849e+00
2.961411100625991999e+00
1.652585548162460283e+00
1.672163110971450761e+00
2.550014322996139615e+00
2.252939563989639460e+00
1.537555837631225497e+00
1.849567928910255343e+00
2.249861454963684171e+00
1.903829896450042636e+00
2.412233430147170843e+00
1.367326456308364913e+00
1.902212470769882202e+00
1.505979484319686978e+00
1.587501612305641130e+00
2.263194417953491300e+00
1.554805922508239791e+00
1.855864262580871671e+00
1.721330517530441195e+00
1.613932728767395020e+00
2.630939409136772156e+00
1.740320131182670593e+00
1.941184526681900113e+00
1.642403790354728610e+00
1.489443337917327970e+00
1.583827838301658630e+00
1.825816050171852112e+00
1.741189312934875444e+00
1.780443274974822909e+00
1.925654578208923384e+00
1.613094758987426713e+00
2.070263350009918124e+00
2.171915715932846158e+00
2.064603123068809332e+00
1.069907993078231812e+00
1.262047791481017978e+00
1.318895316123962491e+00
1.681011104583740146e+00
1.447239261865615800e+00
1.302862119674682573e+00
1.413831532001495361e+00
1.230543655157089189e+00
2.235816448926925659e+00
1.746015089750289961e+00
2.217297631502151312e+00
1.455162811279296919e+00
1.156217586994171098e+00
1.507442387938499495e+00
1.636290788650512695e+00
1.618190902471542403e+00
1.380180871486663907e+00
2.886056363582611084e+00
1.894401362538337796e+00
2.416308727860450922e+00
1.284219455718994096e+00
1.322084921598434493e+00
1.121804130077362016e+00
1.732653874158859297e+00
1.406092971563339233e+00
1.511799949407577559e+00
1.458247193694114596e+00
7.118526905775069968e-01
1.552628266811370894e+00
1.734146943688392728e+00
9.941120535135269387e-01
1.630362820625305131e+00
1.643455207347869873e+00
8.419812828302383201e-01
1.392860728502273604e+00
1.951876437664032071e+00
2.319366472959518255e+00
1.764106076955795244e+00
1.369165223836898759e+00
1.691725158691406161e+00
1.372820472717285245e+00
1.093545237183570773e+00
1.470347470045089810e+00
1.436682403087615967e+00
1.291247755289077759e+00
1.022438097000122115e+00
1.330836802721023560e+00
1.491111838817596347e+00
1.528955253958702132e+00
1.920022153854370028e+00
1.264239275455474765e+00
1.374954845011234328e+00
1.159256345033645719e+00
1.054651358723640353e+00
1.022530618309974715e+00
6.612339615821838379e-01
1.020252871513366744e+00
1.332498818635940552e+00
1.011189240217208907e+00
1.574857032299041837e+00
9.834458082914352417e-01
1.502647641301155135e+00
1.665925437211990268e+00
1.189779603481292636e+00
1.609926161170005754e+00
1.514814350008964583e+00
8.590268462896346602e-01
1.398088955879211337e+00
1.285734498500823886e+00
9.317851871252059714e-01
1.179432356357574374e+00
1.062311705946922258e+00
8.506040304899216142e-01
1.867908048629760787e+00
1.069577276706695557e+00
1.142663478851318359e+00
1.281604957580566362e+00
1.028007721900940030e+00
1.040010845661163419e+00
9.734262198209762129e-01
1.414631187915802002e+00
1.096689498424530118e+00
1.160808363556861789e+00
2.278079837560653687e+00
1.275068587064743131e+00
1.117405885457992465e+00
9.691731870174408181e-01
2.309118306636810392e+00
1.958465373516082852e+00
1.366847673058509738e+00
1.790813058614730835e+00
1.182397419214248568e+00
9.987128347158431563e-01
1.106274127960205078e+00
1.054913744330406189e+00
1.252526015043258667e+00
9.646175086498260942e-01
1.109501230716705367e+00
6.832103639841079490e-01
1.300498244166374162e+00
1.026667496562004178e+00
1.143105837702751204e+00
1.357126870751380832e+00
1.291266644001006991e+00
1.577886563539504960e+00
1.988298663496971042e+00
1.572491547465324491e+00
6.899114876985550371e-01
1.547246065735816911e+00
1.326202625036239535e+00
1.130926993489265397e+00
7.946414500474929810e-01
7.785342097282409446e-01
1.558300995826721103e+00
1.839051325619220689e+00
9.638174235820770042e-01
1.523910167813301131e+00
1.276877889037132174e+00
8.432945042848587480e-01
1.065483823418617249e+00
1.125088059902191073e+00
1.043228358030319214e+00
1.096729567646980374e+00
8.110910564661025779e-01
8.691556140780448692e-01
1.308292388916015625e+00
6.570300847291946633e-01
7.944901078939438088e-01
1.052422028779983476e+00
8.952949792146682739e-01
1.138973867893219083e+00
7.338642090559005515e-01
8.588498353958129439e-01
1.101946115493774414e+00
9.119885906577109846e-01
9.354022264480590376e-01
6.862443536520004272e-01
8.883660376071930154e-01
5.527391970157623513e-01
1.049156090617179959e+00
1.121174797415733337e+00
1.416340416669845670e+00
9.687275797128677146e-01
9.510495528578758462e-01
1.102608025074005127e+00
1.216074274480342776e+00
1.389157989621162326e+00
7.947727829217910989e-01
8.244921684265136275e-01
1.433865475654602095e+00
8.031700342893600686e-01
9.823564887046813965e-01
9.944469928741455078e-01
1.000794014334678739e+00
1.052164584398269653e+00
1.166543444991111844e+00
5.761414855718612893e-01
1.284775273501872928e+00
8.717013359069823997e-01
9.762320458889007790e-01
7.462149724364280923e-01
8.380793869495392068e-01
7.296814769506454468e-01
8.172658205032348189e-01
8.779226869344711748e-01
6.251541286706924216e-01
7.093269020318985207e-01
9.865613311529159990e-01
9.799443930387496948e-01
8.516506001353263411e-01
9.329882144927978960e-01
8.075931429862975852e-01
8.406783193349838257e-01
1.114972050487995192e+00
8.479471623897552046e-01
1.117567381262779325e+00
9.946704834699631181e-01
1.076616296172141940e+00
9.882368862628936323e-01
1.060002484917640597e+00
7.444798901677132097e-01
7.157969087362289207e-01
1.212492571771144778e+00
1.045269235968589783e+00
7.146309018135070801e-01
1.190215764939785092e+00
6.903066977858542952e-01
7.941161811351775679e-01
1.146952503919601352e+00
9.064942210912704246e-01
7.394532442092895952e-01
1.038356381654739424e+00
7.448923110961913618e-01
8.658763200044632402e-01
7.574181914329528587e-01
7.862432301044464111e-01
9.332976102828979270e-01
7.208317190408706221e-01
1.004460057616233915e+00
8.426104396581649558e-01
8.762298494577407393e-01
9.381228446960448997e-01
1.408794820308685303e+00
8.353307813405990156e-01
7.799717783927917480e-01
7.764653429389000161e-01
1.023937475681304887e+00
8.802529692649840865e-01
1.255373825132846788e+00
8.630639791488647905e-01
5.174382448196410689e-01
1.237349747121334165e+00
6.864280745387076887e-01
1.326505140960216433e+00
1.517705440521240234e+00
9.773424983024596724e-01
8.894849717617034912e-01
1.079695147275924638e+00
1.025916635990142822e+00
8.622801125049590620e-01
7.111065566539764848e-01
8.014246612787246926e-01
1.133674114942550659e+00
9.988017231225967407e-01
1.195425897836685181e+00
1.011566132307052612e+00
9.074749439954757912e-01
1.110707598924636885e+00
1.103679689764976546e+00
1.398088872432708740e+00
8.505604773759841697e-01
1.256459425389766738e+00
6.482807517051696333e-01
6.446751803159713745e-01
7.603493601083755049e-01
6.829831093549728616e-01
9.673564523458481057e-01
7.057896926999092102e-01
9.976731628179550393e-01
6.075376436114311440e-01
7.628229498863220437e-01
9.378251060843467712e-01
6.259058296680450884e-01
6.878965139389038308e-01
1.101487249135971069e+00
9.145067483186721802e-01
1.062705627083778470e+00
5.452356874942779763e-01
6.454109370708465132e-01
1.094057142734527588e+00
1.069848155975341886e+00
7.309882074594498125e-01
6.983444884419440779e-01
7.744828432798385176e-01
1.701964116096496671e+00
8.762607932090759055e-01
1.020167104899883270e+00
7.640546262264251709e-01
8.018089726567267927e-01
6.207872390747070090e-01
1.127515140175819441e+00
1.063079942762851671e+00
9.519621074199676736e-01
1.461281059682369321e+00
1.066470840573310763e+00
1.254536464810371399e+00
6.766973093152046648e-01
6.310988336801528487e-01
8.851551324129104392e-01
9.050221741199493408e-01
7.406415581703186257e-01
8.377777889370918718e-01
7.290247172117233498e-01
5.116516649723052979e-01
8.495252639055251853e-01
1.056154116988182068e+00
7.965378463268280029e-01
5.824332267045975176e-01
7.091858044266701189e-01
6.266594409942627397e-01
6.941658228635787520e-01
9.048205345869064775e-01
6.342391729354858176e-01
1.281077569723129361e+00
8.389291778206825478e-01
5.791870206594467163e-01
8.335975036025047302e-01
9.776692211627959761e-01
9.104819297790527344e-01
9.704206168651581255e-01
6.579534232616424116e-01
7.513245463371276411e-01
8.466182738542556985e-01
1.018509764969348863e+00
9.073831319808960405e-01
8.231867074966430220e-01
1.064229136705398648e+00
5.671541392803192139e-01
9.403663516044616921e-01
8.795563638210296409e-01
5.996252059936523215e-01
8.101120382547378762e-01
1.002868941426277249e+00
1.120534729957580522e+00
6.784665197134017722e-01
6.708747625350952593e-01
5.257936984300612959e-01
5.389891013503074202e-01
7.117805957794189897e-01
7.100438028573989868e-01
1.139068281650543302e+00
7.986398547887801902e-01
8.179032832384109941e-01
9.672876030206680742e-01
6.676126211881637795e-01
8.754312217235564741e-01
7.662915945053100364e-01
5.352228909730911699e-01
8.315594330430030601e-01
6.810650825500488281e-01
1.011757703125476748e+00
5.475411400198936240e-01
7.235352933406830056e-01
8.584568530321121660e-01
6.671455562114715354e-01
9.995742812752723694e-01
5.995857313275336775e-01
7.916837155818938765e-01
7.288067504763603432e-01
8.572322323918342146e-01
6.069797247648238692e-01
8.052203476428985152e-01
5.295657664537429810e-01
7.578351140022278054e-01
6.467745661735534446e-01
8.990126132965088335e-01
7.105171024799347146e-01
7.045673638582229392e-01
7.543177932500839677e-01
9.021739929914474043e-01
7.991132110357284102e-01
6.990924939513206704e-01
1.355144247412681580e+00
8.082866877317428367e-01
1.140556062757968947e+00
6.434364199638367143e-01
6.479919552803039551e-01
6.745257362723350303e-01
6.300710320472717729e-01
8.626776605844497237e-01
7.191616639494895491e-01
4.664155095815658569e-01
5.532818183302878889e-01
6.972238451242447344e-01
6.645971179008484109e-01
7.161891430616378340e-01
7.535391420125960860e-01
5.414656773209571838e-01
6.289995312690734863e-01
8.201908916234970093e-01
7.456050306558609231e-01
5.268131420016288757e-01
6.438708737492561118e-01
6.845548301935195923e-01
6.995665609836578813e-01
5.127213478088379350e-01
1.025052310526370913e+00
9.430654585361480935e-01
6.523666441440582053e-01
9.775370284914970398e-01
8.638187021017074141e-01
7.319547921419143899e-01
5.452682554721832719e-01
7.016569480299950090e-01
8.670660302042960677e-01
6.806374669075012651e-01
1.142186462879180908e+00
5.846577897667885049e-01
7.932768121361732927e-01
7.093350276350974815e-01
6.826656848192215188e-01
5.697056993842124495e-01
6.538098394870758279e-01
8.254270032048225403e-01
6.267751306295394897e-01
7.076449915766716003e-01
8.230972334742545637e-01
5.480420082807541116e-01
8.561901658773422019e-01
6.489853888750076738e-01
6.745643228292464988e-01
9.411079078912735207e-01
5.911896795034408125e-01
7.684755489230156167e-01
9.174449980258941872e-01
5.494801014661788718e-01
1.124722097814083055e+00
1.248387922346591905e+00
8.002618193626404031e-01
6.607190221548080444e-01
1.086979728937149003e+00
1.012495981156825930e+00
8.001085937023162398e-01
5.692756697535514832e-01
9.087750285863875899e-01
6.940800979733466880e-01
6.768925249576568381e-01
4.526246890425681957e-01
4.886395677924156300e-01
6.258020162582397239e-01
5.875493109226226363e-01
9.590020552277565002e-01
4.863495752215385437e-01
1.020047298073768705e+00
7.348565697669983132e-01
8.186195164918899092e-01
7.093205928802490678e-01
1.227717022597789809e+00
6.810557737946509871e-01
5.747060924768447876e-01
5.192094102501869646e-01
6.314702913165092246e-01
7.675609752535820229e-01
6.019780963659286943e-01
8.568001255393028481e-01
7.946752607822418213e-01
5.540824323892593606e-01
7.287934482097625510e-01
1.030896100401878401e+00
5.430331066250800864e-01
6.522094219923019187e-01
9.101988166570663674e-01
8.168694972991943359e-01
6.861842185258865134e-01
7.462065190076827559e-01
6.416011065244674461e-01
7.570798128843307939e-01
1.337016415596008256e+00
1.005211457610130310e+00
8.079440057277679221e-01
5.461480796337128130e-01
6.888309761881827864e-01
6.840476542711257935e-01
8.500810593366623369e-01
5.732257843017578569e-01
7.210530743002891985e-01
5.310306608676910178e-01
5.864835351705550703e-01
5.194813162088394165e-01
9.022228211164474709e-01
5.044681459665298906e-01
4.953435108065605275e-01
5.689454749226570129e-01
8.623927205801009688e-01
8.160060793161392212e-01
9.077375710010529009e-01
7.527348160743713157e-01
7.058582112193108049e-01
6.939366668462753074e-01
6.376496523618697676e-01
6.489845693111420122e-01
9.453873261809349060e-01
5.108772903680801614e-01
7.249970898032188638e-01
1.106130465865135193e+00
5.426268279552459717e-01
7.752833858132361922e-01
7.894654661417007668e-01
8.728204339742660078e-01
6.593369975686073081e-01
5.986304283142089844e-01
7.819230571389198525e-01
8.646503880620002302e-01
7.065363451838493347e-01
7.191226571798324807e-01
3.532785236835479514e-01
5.378409773111343384e-01
6.218930602073668990e-01
6.483910262584686723e-01
6.352461844682693037e-01
4.375386461615562439e-01
6.568183869123458418e-01
7.705635428428649902e-01
6.805421039462089539e-01
7.783046141266822815e-01
6.982992693781853166e-01
4.505249172449111716e-01
6.118134975433349165e-01
6.545122265815734863e-01
6.089230775833129883e-01
8.534764543175696883e-01
7.689994037151336448e-01
7.684254184365272300e-01
7.782192781567573991e-01
6.987074181437492593e-01
7.986238420009612593e-01
8.493237197399139404e-01
4.553594321012496837e-01
3.986463502049445995e-01
7.622642815113067627e-01
6.354157418012619241e-01
6.981800496578216553e-01
8.384613066911696944e-01
7.098397955298423323e-01
5.546618893742560896e-01
8.780952811241149458e-01
7.620411574840545432e-01
6.872280403971672280e-01
6.633039519190788713e-01
7.810790926218033059e-01
7.519011631608009116e-01
4.588234797120094299e-01
7.010411858558655007e-01
5.599435925483703391e-01
1.295496317744255110e+00
6.518641233444213423e-01
6.134972006082535234e-01
6.621217861771583335e-01
6.377780571579932944e-01
8.043686091899872048e-01
8.441471248865127786e-01
8.376171410083770308e-01
6.415558785200119463e-01
4.372843965888023599e-01
4.648149117827415355e-01
8.657659918069839922e-01
4.217867493629455788e-01
7.828239277005195618e-01
8.696671470999717268e-01
1.044539690017700195e+00
6.930508226156234519e-01
8.155370876193046570e-01
4.740323081612586864e-01
5.342147365212440713e-01
6.334720000624656233e-01
5.873673617839813010e-01
6.270882129669189675e-01
9.315048962831496970e-01
9.382592618465424028e-01
9.616940796375275102e-01
4.894722744822502247e-01
6.181464701890945213e-01
5.568042218685149702e-01
7.326883137226104514e-01
1.134505338966846466e+00
8.338790237903594971e-01
5.347782820463180542e-01
6.670575290918350220e-01
6.581656545400619285e-01
6.690177962183951887e-01
5.525553330779076067e-01
6.074231222271919695e-01
5.731174170970916304e-01
6.115095853805542214e-01
4.678639590740203968e-01
5.609310865402221680e-01
7.500865355134009871e-01
6.805468291044235452e-01
1.041765847802162082e+00
6.895818933844566345e-01
6.201213687658310159e-01
4.500916540622711404e-01
7.052957981824874434e-01
6.090281322598457558e-01
5.161336407065391096e-01
8.089786767959594727e-01
5.640222072601318581e-01
6.131031617522240129e-01
7.111092433333396912e-01
8.237717896699905396e-01
6.320081084966659990e-01
6.447999849915504456e-01
4.944184973835945018e-01
4.925583988428116067e-01
8.483841672539711443e-01
9.731637984514236450e-01
6.291944593191146629e-01
4.865249186754226907e-01
4.978135839104652627e-01
8.948008745908737627e-01
9.283238932490348594e-01
6.508735001087189165e-01
4.551942124962806702e-01
6.855543538928031699e-01
5.410218954086303267e-01
5.514873459935187849e-01
5.813698351383209673e-01
6.502295836806297746e-01
6.915946811437606589e-01
4.994725763797759899e-01
4.318171113729477040e-01
7.103287160396576372e-01
7.722928494215011153e-01
9.401130810379981773e-01
7.666309162974357383e-01
8.414950206875800864e-01
8.088127300143241882e-01
5.376701265573501365e-01
4.568144202232360951e-01
8.680157914757729021e-01
6.654581189155578391e-01
1.008027051389217332e+00
5.526337191462517007e-01
4.302640944719314797e-01
6.713191092014312300e-01
8.864785194396972434e-01
1.083929257094859988e+00
7.543710276484489885e-01
6.094138503074646440e-01
7.899543091654777083e-01
7.267340391874312910e-01
7.432550281286239846e-01
6.828198403120040449e-01
7.682048290967941062e-01
6.999378085136414018e-01
4.320119619369506836e-01
4.875397324562072976e-01
6.476104259490966797e-01
5.881868481636047807e-01
8.646278962492942588e-01
5.720992997288704141e-01
6.196276202797890154e-01
6.185748338699340598e-01
5.333027869462967363e-01
6.512177169322967973e-01
7.350112155079842058e-01
4.831247806549072155e-01
7.575213551521301492e-01
5.922416195273398909e-01
4.077355772256850974e-01
5.593307256698608620e-01
7.817023992538452148e-01
5.557221859693527444e-01
9.502586394548415694e-01
1.176561482250690460e+00
6.339169114828109297e-01
7.780320018529891524e-01
9.354878902435302956e-01
7.154592737555504067e-01
6.089745670557021873e-01
5.160455018281936423e-01
5.448852762579917686e-01
6.942636653780936973e-01
5.766759485006331953e-01
7.139134913682937400e-01
5.597429215908050759e-01
6.625472873449325117e-01
5.853577256202697754e-01
9.198780208826065063e-01
7.665814742445945518e-01
6.515803784132003784e-01
9.256748557090759277e-01
7.815305531024933083e-01
7.580960124731064287e-01
6.837165206670761108e-01
7.250882804393767866e-01
4.124560296535492165e-01
8.291952863335609880e-01
4.492888778448104747e-01
7.919152259826660600e-01
4.661976397037506104e-01
5.836634457111358198e-01
8.810570403933525307e-01
7.476170226931572182e-01
1.117552074790000960e+00
1.073387493193149522e+00
7.674422979354857954e-01
5.372673630714416282e-01
4.188492417335510365e-01
7.670859068632125410e-01
6.147587209939956443e-01
9.014016672968864219e-01
7.018539175391197427e-01
7.800084263086318748e-01
5.820049241185187849e-01
8.130977302789688110e-01
1.006621246039867357e+00
6.139345586299895796e-01
5.938124760985374895e-01
5.373949766159057395e-01
7.716284900903701560e-01
5.860788315534591897e-01
8.751626715064049211e-01
7.544394358992576599e-01
7.847429156303405984e-01
5.769216030836105125e-01
1.183342380821704953e+00
5.147746711969375388e-01
5.694462835788727251e-01
5.132840618491172346e-01
5.991547748446464094e-01
5.516229778528213279e-01
5.383023411035537942e-01
5.016265243291855302e-01
7.159835115075111611e-01
5.909370765089988486e-01
6.779289975762367026e-01
4.903427079319954141e-01
5.815539225935936196e-01
6.037458449602126631e-01
6.930621206760406716e-01
6.096560895442962869e-01
5.313165426254272683e-01
4.856306105852127297e-01
5.443070754408836365e-01
8.439475104212761369e-01
5.618171244859695435e-01
5.789187416434288247e-01
5.531803250312805620e-01
9.436998128890990989e-01
4.955446943640708923e-01
5.605827629566192405e-01
4.585458710789680481e-01
8.043642312288283858e-01
1.013473324477672577e+00
1.035004115104675382e+00
4.743832409381866233e-01
8.254931181669235007e-01
6.496633082628250344e-01
7.298564016819000244e-01
5.848344191908836365e-01
4.984242931008339150e-01
7.204756602644920571e-01
6.604358017444610374e-01
7.799806803464889304e-01
6.677880451083183511e-01
7.446226745843886885e-01
8.574703574180603249e-01
4.276353105902671592e-01
7.945145994424820390e-01
5.088891148567199485e-01
8.478199064731597456e-01
5.699499413371086343e-01
9.171981111168860945e-01
8.555223569273948669e-01
4.201115712523460499e-01
5.264657288789749146e-01
6.608408018946647644e-01
5.677268713712692039e-01
7.409084156155586465e-01
7.618633016943932024e-01
5.914175719022750632e-01
7.411558181047439575e-01
5.147217109799384627e-01
7.871621906757354514e-01
7.907209932804107888e-01
6.306755214929580244e-01
6.882927134633064492e-01
1.183118113875389010e+00
8.536117672920227051e-01
4.937240391969680564e-01
8.646158397197722945e-01
8.795135349035263506e-01
8.945270329713821411e-01
7.002674475312232749e-01
6.650125727057456526e-01
5.794360697269439475e-01
5.612350448966025862e-01
6.682613134384155495e-01
8.799046188592910545e-01
6.183494210243225542e-01
7.069327533245086670e-01
6.448906615376472917e-01
6.740613013505936113e-01
5.627827867865562439e-01
4.746882259845733865e-01
4.043862432241439597e-01
6.875625267624855264e-01
6.554652065038680808e-01
1.169540171325206712e+00
5.734088733792305215e-01
6.612061753869056258e-01
8.527494058012962119e-01
5.440229833126067893e-01
3.812363356351852195e-01
6.284326657652854475e-01
5.448772683739662170e-01
7.443944990634918657e-01
5.307840406894683838e-01
4.859545603394508362e-01
5.768795117735863176e-01
6.479791581630707231e-01
1.102194499969482377e+00
8.204026833176613076e-01
6.003586128354072571e-01
4.123874664306640403e-01
4.484461873769760021e-01
6.227140158414841142e-01
6.449661612510680930e-01
4.755135253071784973e-01
5.290943592786788718e-01
9.178776949644088523e-01
6.366156458854674849e-01
7.427059814333916155e-01
5.744218349456786665e-01
4.824389487504959217e-01
4.053042173385620339e-01
7.317765101790427718e-01
1.215636438131332486e+00
6.148337766528129134e-01
6.072795674204826133e-01
1.129653234779834703e+00
5.535360217094421609e-01
7.002535551786422952e-01
5.315441355109215005e-01
5.170156002044677956e-01
6.427192807197570357e-01
8.509277164936065452e-01
5.016747921705245750e-01
4.223560899496078269e-01
8.474536105990410073e-01
9.228978931903839555e-01
9.478247076272964255e-01
7.269991204142570718e-01
6.249252349138260110e-01
7.108011424541473833e-01
8.088753432035445945e-01
6.292270123958587646e-01
