1.101287984848022372e+00
1.391164988279342540e-01
8.038144065067172328e-02
2.254786286503076553e-01
8.455328708514571467e-02
5.987966554239392003e-02
4.755102964118122777e-02
6.403231020085513314e-02
5.914964731782675067e-02
5.970021854154765328e-02
3.419458637945353707e-02
4.637855421751737456e-02
3.614670829847455025e-02
7.693360745906829834e-02
4.866981143131852289e-02
5.103343324735760966e-02
9.115611133165657520e-02
8.482589609920979101e-02
5.214163400232792178e-02
3.557725679129362245e-02
5.403057225048542300e-02
7.330396221950649660e-02
7.173774419352411946e-02
6.323511023074387949e-02
4.949921984225511690e-02
7.094590836204588136e-02
4.660342889837920666e-02
5.830148896202445169e-02
1.080621742177754613e-01
6.859358763322234709e-02
8.584697060286998471e-02
4.193630428053438802e-02
3.517600987106561661e-02
4.038067166693508347e-02
1.435915882699191626e-01
1.105193907395005254e-01
2.775446800515055795e-02
6.202244702726602416e-02
4.600516930222511153e-02
3.777364464476704736e-02
1.933475411497056345e-02
5.730663267895579061e-02
5.671085603535175323e-02
2.608568836003542085e-02
3.576629580929875651e-02
4.487500931136310239e-02
6.369696981273591241e-02
9.511261573061347008e-02
6.550632547587156851e-02
5.316251069307327548e-02
3.132933732122182569e-02
4.398595821112394333e-02
3.829230191186070581e-02
2.624449911527335783e-02
1.701781535521149774e-02
1.677919737994670868e-02
2.652311525307595591e-02
3.560167653486132761e-02
5.373721793293952803e-02
3.007743912748992582e-02
5.036973450332880159e-02
2.103124721907079220e-02
2.485152892768383026e-02
3.031019559130072524e-02
2.509789243340492318e-02
5.829077726230025291e-02
4.810591838322579583e-02
4.174706991761922836e-02
2.314089736901223798e-02
2.653095070272683959e-02
3.087217295542359422e-02
4.139520591124892096e-02
2.676047021523118158e-02
3.378468500450253209e-02
4.963776124641298970e-02
2.683190633542835782e-02
3.877680553123354773e-02
2.954194121994078298e-02
2.082416685298085074e-02
6.704876115545629900e-02
1.600237828679382940e-02
2.631427911110222409e-02
2.968081925064325333e-02
2.216286682523787091e-02
3.405541460961103439e-02
1.455198931507766316e-02
2.092410791665315697e-02
1.920350575819611619e-02
4.528845492750406543e-02
2.528352281078696112e-02
1.825020061805844238e-02
1.670619007200002670e-02
1.275131595320999622e-02
2.502953456714749475e-02
2.191874750424176524e-02
2.465424118563532691e-02
2.260929220356047015e-02
1.592577146366238455e-02
1.749963986221701046e-02
1.999477506615221500e-02
2.455219272524118354e-02
2.890053549781441619e-02
1.372727332636713982e-02
1.361074931919574807e-02
1.288793929852545192e-02
2.069582408294081549e-02
1.596718013752251863e-02
2.005668308120221038e-02
1.324245929718017613e-02
1.156293996609747410e-02
2.610765201970934729e-02
1.058530737645924091e-02
1.536248999182134901e-02
1.739701444748788933e-02
1.171023303177207674e-02
1.621827816125005414e-02
1.647678725421428819e-02
1.437628371641039814e-02
1.933283801190555096e-02
1.261309152469038998e-02
9.522183961234987476e-03
1.033410029485821655e-02
2.163477069698273997e-02
1.869269378948956728e-02
1.195576721802353928e-02
1.477829597424715723e-02
9.497730014845728180e-03
1.116510152351111139e-02
2.205835222266614576e-02
1.940889549441635747e-02
1.725685736164450645e-02
2.021736546885222197e-02
1.359529425390064786e-02
9.553914959542452595e-03
1.393316863104701077e-02
8.115756581537425865e-03
9.684260492213070740e-03
1.544808177277445793e-02
1.016096562379971077e-02
1.936698798090219498e-02
1.196482039522379567e-02
8.671000017784535885e-03
6.567500671371817936e-03
7.697417051531374454e-03
1.179357236251235043e-02
1.412538997828960419e-02
9.948586556129157196e-03
7.483436702750622879e-03
9.516808390617369912e-03
1.593480478040874143e-02
1.353825330734252999e-02
9.375672647729515682e-03
1.219234985765069688e-02
8.119073743000627258e-03
1.140426814090460608e-02
7.939281850121914993e-03
1.472744175698608229e-02
1.035921813454479014e-02
1.332108350470662117e-02
6.551399314776063139e-03
1.068431270541623200e-02
7.547816215083003218e-03
8.587292721495031964e-03
1.210356010124087264e-02
7.089919596910476858e-03
1.345539803151041269e-02
9.191899304278194557e-03
7.209834409877657890e-03
2.648590374737978120e-02
1.334967250004410674e-02
9.592510783113539566e-03
6.355669035110622297e-03
1.006919080391526292e-02
9.728336776606737873e-03
6.824600370600819241e-03
1.246886781882494688e-02
9.667328000068664898e-03
9.223993588238953850e-03
9.807673329487443664e-03
1.153107027057558367e-02
1.108855751808732713e-02
1.289148867363110185e-02
5.505056993570178747e-03
8.042557782027870070e-03
5.021070875227451151e-03
8.765899785794317375e-03
8.374547935090959072e-03
8.683561161160469749e-03
8.743101963773369789e-03
4.206942184828222145e-03
1.214661255944520304e-02
1.179099255241453613e-02
1.222085468471050332e-02
8.822149643674493530e-03
5.639433686155825853e-03
1.167800216935574974e-02
1.271825248841196299e-02
6.190695799887180328e-03
4.605764348525553942e-03
1.955196103081107209e-02
1.407032011775299907e-02
1.922319047152996202e-02
4.702522431034594948e-03
6.410342303570360119e-03
5.565549014136195183e-03
5.627809616271406412e-03
4.917376372031867331e-03
6.414989568293094288e-03
5.325711425393819462e-03
3.695012512616813270e-03
1.194510294590145350e-02
1.216366274747997592e-02
4.712466767523437391e-03
8.798572607338428844e-03
6.276533915661275040e-03
4.353436332894489343e-03
8.531844988465309837e-03
9.889123495668172836e-03
1.212457210640422930e-02
1.049130372703075374e-02
4.835958743933587919e-03
8.453776151873171676e-03
5.973668443039059986e-03
4.755469912197440863e-03
6.216701504308730017e-03
4.433321475517004728e-03
4.866809409577399492e-03
3.885248932056128892e-03
6.952596944756805897e-03
5.522600677795708353e-03
9.575983625836670399e-03
1.006077439524233341e-02
5.527462053578346968e-03
7.563718233723193234e-03
3.709785477258265192e-03
4.075470403768122543e-03
4.486963816452771772e-03
3.201078192796558228e-03
3.695872810203581962e-03
3.954307024832815279e-03
4.497014277148991823e-03
7.110807532444596464e-03
4.591234459076077093e-03
5.515560915227979422e-03
5.389087263029068882e-03
5.017807288095354860e-03
6.293495395220815788e-03
6.004855013452469956e-03
3.596656862646341237e-03
4.313336452469229698e-03
5.524964036885649313e-03
4.349326179362833326e-03
6.598614156246185303e-03
2.968285139650106343e-03
3.076977463206276124e-03
6.691786227747797966e-03
3.458802890963852579e-03
6.042844359762966286e-03
5.920288048218935902e-03
3.459083684720099146e-03
4.233987897168845112e-03
4.658037179615348924e-03
5.680530739482492208e-03
3.270325751509517518e-03
6.128588214050978249e-03
1.035855866502970526e-02
4.754138609860092748e-03
4.027433722512796521e-03
3.559921658597886476e-03
8.527195500209926865e-03
6.499340524896979332e-03
4.810435057152062654e-03
5.731663177721202027e-03
5.181230953894555569e-03
3.854580910410731857e-03
4.473486146889626806e-03
3.218850860139355237e-03
4.472895874641835690e-03
7.222017401363700802e-03
3.342918399721383875e-03
2.358544594608247367e-03
4.177371819969267000e-03
3.512146254070103342e-03
5.235440796241164207e-03
4.321663721930235971e-03
3.856787737458944147e-03
1.093167432118207286e-02
6.594106624834239656e-03
6.272214138880372394e-03
2.612504677381366578e-03
4.443941486533731569e-03
6.651099259033799345e-03
2.815051743527874524e-03
3.363542782608419657e-03
2.765817596809938550e-03
6.963908136822283095e-03
7.506082055624574249e-03
4.375068715307861740e-03
4.952564148698002273e-03
4.060870839748531406e-03
2.491329231997951692e-03
4.158230975735932762e-03
2.644616289762779984e-03
3.107614692999049934e-03
4.236423369729891246e-03
3.034831897821277380e-03
3.659206646261736751e-03
3.908062772825360472e-03
3.659499331843107765e-03
4.052956448867916714e-03
5.248213780578226025e-03
3.604177111992612308e-03
5.883085617097094482e-03
2.836302382638677868e-03
3.884485055459663359e-03
3.434936859412118706e-03
3.771616454469039863e-03
3.304790786933153781e-03
3.048820485128089872e-03
2.779614110477268522e-03
2.631109737558290449e-03
4.761834023520350109e-03
4.080709978006779801e-03
5.653632921166718006e-03
2.671632514102384535e-03
3.571455006022006100e-03
3.193702024873346090e-03
2.992697095032781449e-03
3.387778741307556716e-03
3.739735449198633259e-03
2.023106039268896070e-03
6.342971581034362316e-03
4.194441286381333719e-03
3.108948300359770742e-03
3.392283123685046857e-03
2.719273295952007174e-03
3.454021632205694740e-03
3.633939154678955501e-03
1.706745324190705928e-03
4.019645665539428765e-03
2.916008397005498236e-03
4.151730879675597299e-03
3.050860296934842890e-03
2.544532797764986840e-03
1.929514296352863268e-03
2.814922167453914967e-03
3.192026913166045969e-03
5.404028261546045195e-03
2.595721778925508347e-03
3.045995929278433410e-03
4.040865047136322011e-03
4.053927224595100035e-03
2.489951380994170904e-03
1.904842641670256766e-03
3.163456131005659699e-03
4.560606583254411817e-03
2.232769259717315262e-03
3.072576789418235248e-03
2.620140730869024992e-03
4.475109640043229038e-03
4.714276979211717671e-03
2.944251330336556012e-03
1.570593693759292321e-03
3.128421446308493788e-03
5.002506833989173174e-03
5.188724433537572622e-03
2.038827555952593858e-03
3.341866668779403145e-03
2.283489517867565329e-03
2.771120006218552763e-03
3.214459680020809000e-03
2.948004048084840092e-03
2.446331834653392347e-03
4.640417406335473061e-03
3.002179035684093920e-03
2.527521428419277072e-03
2.928922977298498240e-03
2.144516754196956580e-03
2.326298353727906856e-03
2.538694516988471324e-03
2.855889964848756790e-03
3.410485497443005616e-03
3.624191868584603245e-03
3.647009102860465472e-03
5.176911858143284917e-03
4.401493351906538010e-03
2.406985021661966866e-03
2.461488748667761857e-03
4.559116117889061570e-03
3.900483774486929178e-03
4.543268942506983529e-03
2.605535613838583231e-03
1.383016927866265091e-03
3.064315905794501218e-03
2.853049803525209340e-03
5.104502243921160524e-03
4.231093102134764194e-03
2.206529665272682905e-03
2.273768949089571920e-03
3.223016473930328998e-03
3.287141059990972194e-03
2.380374824861064640e-03
2.525861206231638876e-03
2.188316435785964218e-03
4.637294297572225679e-03
3.983752464409917766e-03
3.402201039716601198e-03
2.767917211167514411e-03
2.385810576379299251e-03
2.800898987334221775e-03
2.828004339244216767e-03
5.145598901435732841e-03
2.371480490546673623e-03
3.825605503516271797e-03
2.141637925524264487e-03
1.823430962394922885e-03
2.541722106980159705e-03
2.334885479649528948e-03
2.327144186710938985e-03
2.294169785454869097e-03
3.122070728568360383e-03
2.237788605270907283e-03
3.048962727189063852e-03
2.686295309104025364e-03
2.883554418804124171e-03
2.078303240705281323e-03
3.463987441500648943e-03
2.486352185951545661e-03
3.868355148006230506e-03
1.915365608874708501e-03
1.999478036304935900e-03
2.839527622563764540e-03
2.798870304832235152e-03
3.659753582905977791e-03
2.195854240562766877e-03
2.199155592825263652e-03
5.102956836344674577e-03
2.880083219497464771e-03
3.194593230728059834e-03
2.613220777129754511e-03
3.280778671614825639e-03
2.228792832465842193e-03
3.544662095373496500e-03
3.536051325500011618e-03
2.901959215523675258e-03
3.891654030303470704e-03
3.373309178277850064e-03
3.720913885626941746e-03
2.293947752332314675e-03
1.786222908413037571e-03
2.339860820211469954e-03
5.773940420476719390e-03
2.809659257763996720e-03
3.144515474559739232e-03
2.254654309945181099e-03
1.914631499676033811e-03
3.761641919845715252e-03
2.750823006499558600e-03
2.243771078065037814e-03
1.141489404835738155e-03
2.399876876734196966e-03
1.904225093312561512e-03
2.369413833366707141e-03
2.722712641116231680e-03
2.269491204060614109e-03
4.051844769855960857e-03
1.664490741677582221e-03
2.121208599419333041e-03
3.338962281122803862e-03
2.881314128171652382e-03
3.410209482535719698e-03
2.848813612945378000e-03
1.475677441339939746e-03
2.245335665065795183e-03
2.321218914585187858e-03
1.741697505349293395e-03
2.833610860398039135e-03
2.336451626615598624e-03
3.864682733546942299e-03
1.785231419489718974e-03
3.527914109872653994e-03
3.472703986335545952e-03
2.119266783120110718e-03
2.680683718062937346e-03
2.222816698485985485e-03
3.035473683848976915e-03
1.722534204600378914e-03
2.252184317330829973e-03
1.708069717278704091e-03
1.509956072550267024e-03
1.875905576162040147e-03
1.761095906840637370e-03
2.584365342045202851e-03
2.323928702389821497e-03
3.148266102652996605e-03
2.773945516673848120e-03
1.620570931117981759e-03
2.002460503717884421e-03
1.723233438679017170e-03
1.528012883500195996e-03
1.864014676539227410e-03
2.161573676858097315e-03
2.386389649473130703e-03
1.628146565053611994e-03
1.751530927140265660e-03
2.878835852607153443e-03
1.777035553823225287e-03
2.711091958917677576e-03
1.582943720859475477e-03
2.074044028995558706e-03
1.694721245439723177e-03
2.089389669708907778e-03
1.662225602194666776e-03
2.307789603946730494e-03
1.526431815000250849e-03
1.834036147920414892e-03
3.589624393498525023e-03
3.265608416404575023e-03
2.387900539906695398e-03
1.991092221578583035e-03
2.062903330079279927e-03
2.946811477886513049e-03
3.464272554265335029e-03
1.487535802880302072e-03
3.463744337204843846e-03
2.520554821239784447e-03
2.597204464836977596e-03
1.739419624209404078e-03
1.553302328102290674e-03
1.162948098499327855e-03
1.456527406116947575e-03
1.869382112636230799e-03
1.637723020394332707e-03
1.659370691049843940e-03
1.653526260633953002e-03
2.216684367158450360e-03
2.107111329678446054e-03
2.071374771185219375e-03
2.058912679785862565e-03
1.444271788932382974e-03
2.409998379880562338e-03
2.314122166717425075e-03
3.021972693386487489e-03
1.483830303186550736e-03
1.711270771920681000e-03
2.493566149496473372e-03
2.566397568443790078e-03
1.704776109545491679e-03
2.719611662905663339e-03
2.132154430728405888e-03
1.523163303500041409e-03
2.380273520248010928e-03
2.532062958925962361e-03
1.878355228109285322e-03
1.585386320948600856e-03
1.819185918429866520e-03
1.966384839033707803e-03
1.405802799854427533e-03
2.165867283474654046e-03
1.568101992597803560e-03
1.978584597236476665e-03
2.373994994559325451e-03
1.806020241929218173e-03
1.282828790135681673e-03
1.065989973722025795e-03
2.228226288571022364e-03
2.187918085837736726e-03
1.981864156550727958e-03
2.653334414935670706e-03
1.512307958910241636e-03
3.899982347502372985e-03
3.050503224949352530e-03
1.584405003814026670e-03
2.370265510398894462e-03
2.027273224666714495e-03
1.654509059153497176e-03
2.599780503078364009e-03
1.458675638423301193e-03
3.475203015841543848e-03
3.304636542452499270e-03
1.750586496200412512e-03
2.415196446236222982e-03
2.905474463477730925e-03
2.786160210962407464e-03
2.047131792642176065e-03
1.310282500344328539e-03
2.573938370915129781e-03
1.648222838412038982e-03
2.133281674468889919e-03
1.650944125140085903e-03
1.269741012947633862e-03
2.319980278844013984e-03
1.450069644488394304e-03
2.600790740689262921e-03
1.503432978643104347e-03
2.194890895043499941e-03
2.611820015590638096e-03
2.289645263226702896e-03
1.670788603951223108e-03
3.321764606516808185e-03
1.790548459393903656e-03
1.421484784805215808e-03
1.430347200948745056e-03
1.987525491858832712e-03
1.640482226503081663e-03
1.507964608026668386e-03
2.077570627443492499e-03
2.382711757672950452e-03
1.450965361436829058e-03
2.000481251161545689e-03
2.816470107063651085e-03
1.468028937233612028e-03
1.886781724169850306e-03
1.963418361265212384e-03
2.667049213778227654e-03
1.637729929643683092e-03
1.762570184655487494e-03
1.362747099483385595e-03
2.940926823066547600e-03
3.525183192687109199e-03
2.320469319238327530e-03
2.727488602977245959e-03
1.518982031848281709e-03
1.823067973600700541e-03
1.726052261074073656e-03
2.230783767299726432e-03
1.497770339483395219e-03
1.938501774566247973e-03
1.399722573114559011e-03
1.775154651841148691e-03
1.396302148350514472e-03
3.042947661015205085e-03
1.473900474957190541e-03
1.528059752308763477e-03
1.557881472399458202e-03
2.346488233888521704e-03
2.886426332406699484e-03
2.619350809254683554e-03
1.345860309083946093e-03
1.794150733621790918e-03
2.261695897323079320e-03
1.634834334254264832e-03
2.179104581591673109e-03
1.957661224878393114e-03
1.363309973385185003e-03
1.740268364665098575e-03
3.410760380211286160e-03
1.659917039796710101e-03
2.210508388816379184e-03
1.689440727932378606e-03
1.928355434210971085e-03
1.729062030790373683e-03
1.636162056820467201e-03
1.562143408227711829e-03
1.633419303107075350e-03
1.534314843593165322e-03
2.020512628951109859e-03
1.132884091930463910e-03
1.442217477597296325e-03
1.737069862429052591e-03
1.289880022522993429e-03
1.180018816376104864e-03
8.547090925276279666e-04
1.564092520857229742e-03
1.574663160135969606e-03
2.551737322937697085e-03
2.558801139821298507e-03
1.714362687198445158e-03
1.746093673864379438e-03
1.546120812417939349e-03
1.241156962350942194e-03
2.001876896247267897e-03
1.673992996802553491e-03
2.068222418893128720e-03
2.794935842393897387e-03
2.279695999459363347e-03
2.994204155402258212e-03
2.095470490166917357e-03
2.840835961978882725e-03
1.196470260038040622e-03
6.707553751766681454e-04
1.817108492832630829e-03
2.224610705161467108e-03
2.111196072655730036e-03
1.611670534475706474e-03
1.965368818491697485e-03
1.387307094410061750e-03
2.192574518267065200e-03
2.343329330324195412e-03
1.651077927090227647e-03
2.114100602921098297e-03
2.732400337117724207e-03
1.936635002493858337e-03
1.291442196816205978e-03
1.284614601172506853e-03
1.656701535102911207e-03
2.477525529684498906e-03
1.810111984377726999e-03
2.121359953889623284e-03
2.167369506787508813e-03
1.716595661127939734e-03
2.199220575857907360e-03
1.891237596282735467e-03
2.462759678019210783e-03
1.693272989359684245e-03
1.530138688394799829e-03
9.911223052768037157e-04
2.206574205774814064e-03
1.381851045880466656e-03
2.060724288458004767e-03
2.215530836838297719e-03
3.554676892235875130e-03
1.585506281116977334e-03
2.479816533741541120e-03
1.011501322500407609e-03
1.972569449571892706e-03
1.727811631280928894e-03
1.366565231001004490e-03
1.626492309151217428e-03
3.649065038189291954e-03
2.506067184731364163e-03
2.536660846089944243e-03
1.232062216149643020e-03
1.885785101330839184e-03
1.586928108008578463e-03
1.895594029338099019e-03
2.680537058040499687e-03
1.498154859291389585e-03
1.356686913641169624e-03
1.861008876585401638e-03
1.984607640770263883e-03
1.338059868430718780e-03
1.611658415640704334e-03
1.532285762368701355e-03
2.111284580314531836e-03
1.206554836244322360e-03
9.613748377887531681e-04
1.461019198177382307e-03
2.459170372458174651e-03
1.796553941676393108e-03
2.260349976131692442e-03
1.440442277817055496e-03
1.320386893348768440e-03
1.080824568634852724e-03
2.217129030032083566e-03
1.584100950276479212e-03
1.638574368553236170e-03
1.825153327081352386e-03
1.538266582065261814e-03
2.052095829276367935e-03
1.890237326733767986e-03
2.372215167270042002e-03
2.310739681706763977e-03
1.811938767787069082e-03
1.095829048426821785e-03
1.452263008104637265e-03
1.447727988124825017e-03
2.480331592960282987e-03
2.107751218136400158e-03
1.621592618175782307e-03
1.197997375857084946e-03
2.226742077618837443e-03
1.846998778637498530e-03
4.608085739891976292e-03
1.119636732619255868e-03
1.954915135866030877e-03
1.302248254069127056e-03
1.535408364725299266e-03
2.349799036164767867e-03
1.668792316922917919e-03
1.791250426322221756e-03
1.022555626695975575e-03
1.551234998623840598e-03
1.561417488846927838e-03
2.735422435216605750e-03
1.868846509023569568e-03
1.455628883559256835e-03
1.446734499768353955e-03
1.815740251913666725e-03
2.414106781361624772e-03
1.507107622455805583e-03
2.771669632056728179e-03
1.664379419526085214e-03
2.607092651305720384e-03
1.772656009416095999e-03
1.431587483966723041e-03
1.654261950170621189e-03
1.784289535135030790e-03
3.205540394992567512e-03
1.190160098485648675e-03
1.786536292638629718e-03
2.248298795893788511e-03
1.766312902327627030e-03
2.347574560553766874e-03
1.900968051631934897e-03
1.588139799423515797e-03
1.174082441139034927e-03
1.273092365590855523e-03
1.234595064306631641e-03
1.199630761402659162e-03
1.389238736010156572e-03
1.710975068272091535e-03
1.495886195334605786e-03
1.801897076074965342e-03
1.724527607439085798e-03
1.227163759176619438e-03
1.403596147429197983e-03
2.073140189168043435e-03
1.504055052646435841e-03
1.693484984571114182e-03
1.542300585424527569e-03
1.126950132311321882e-03
1.553129576495848553e-03
2.675698662642389536e-03
1.191655040020123081e-03
2.774780720937996929e-03
3.618244337849318894e-03
1.980235264636576002e-03
3.200088982703164307e-03
2.184644716908224100e-03
1.672182491165585773e-03
1.602049308712594254e-03
1.143879303708672567e-03
1.553055344265885564e-03
1.783831164357252462e-03
1.811460833414457652e-03
2.371404049335979012e-03
1.370862330077216029e-03
2.477547663147561252e-03
1.400897148414514959e-03
1.987827237462624821e-03
1.844248420093208638e-03
1.428759697591885881e-03
1.884401717688888311e-03
1.686610389151610521e-03
2.246163139352574858e-03
2.723135094856843526e-03
2.349404298001900315e-03
1.340127925504930274e-03
2.540054265409708023e-03
2.052835203357972205e-03
1.728636995540000455e-03
1.158547162776812868e-03
1.368404013919644014e-03
1.863812049850821452e-03
1.733193499967455951e-03
3.757657285314053384e-03
2.491800655843689864e-03
1.501399755943566474e-03
1.487220128183253109e-03
9.541745937895029350e-04
2.457940718159079552e-03
1.339911003015004098e-03
2.343701358768157661e-03
1.520243100821971980e-03
1.817351189674809532e-03
2.012890166952274740e-03
2.344988018739968452e-03
1.965137664228677750e-03
1.440363106667064130e-03
1.803401071811094880e-03
1.462588080903515133e-03
1.956484024412930098e-03
2.231540769571438432e-03
2.305094857001677242e-03
2.304073720006272284e-03
1.548844779608771162e-03
1.755886030150577469e-03
3.517970460234209722e-03
1.627820995054207742e-03
1.360849966295063409e-03
9.426495467778295495e-04
1.248818289604969409e-03
1.911671680863946590e-03
1.459974641329608944e-03
1.349507665145210835e-03
2.195616607787087646e-03
1.587771679623983800e-03
1.600497044273652223e-03
1.607889359002001670e-03
2.157935895957052621e-03
1.884189055999740958e-03
2.545426771393977279e-03
1.741789956577122298e-03
1.257603339035995391e-03
1.679712961777113335e-03
2.084288327023386782e-03
2.923850616207346407e-03
1.492415089160203934e-03
1.759049989050254182e-03
8.482217206619679494e-04
2.055462176213040774e-03
1.107012390275485857e-03
1.404484972590580669e-03
1.125365289044566409e-03
2.567813874338753695e-03
2.223273285198956901e-03
2.990114863496273929e-03
1.621993654407560869e-03
2.354171482147649017e-03
1.672567229252308564e-03
1.856975039117969573e-03
1.607137243263423530e-03
1.374375235172919929e-03
2.670412592124193907e-03
1.363932155072689056e-03
2.280138392234220927e-03
1.467203116044402209e-03
1.718346076086163564e-03
2.433867676882073110e-03
1.503603177843615326e-03
2.532546990551054478e-03
2.021888221497647378e-03
1.815903920214623256e-03
1.700043139862827957e-03
2.404207116342149675e-03
2.285171730909496459e-03
1.163518682005815208e-03
1.380054355831816836e-03
1.541587826795875983e-03
1.224040932720527140e-03
1.597600296372547832e-03
1.635593807441182348e-03
2.658046508440747684e-03
2.443999869865365153e-03
1.416223606793209954e-03
1.391112088458612518e-03
1.962299039587378328e-03
1.924060450983233837e-03
2.267742867115884846e-03
2.831088853417895648e-03
2.738472496275790036e-03
1.167504960903897882e-03
2.241614315425977284e-03
1.773636753205209884e-03
1.767434895737096711e-03
1.830960874212905808e-03
1.638346174149773972e-03
1.392352441325783773e-03
1.567311261896975295e-03
1.903538411715999159e-03
1.958596822805702860e-03
1.560089783743023786e-03
2.246855612611398101e-03
1.036882676999084651e-03
1.609946385724470063e-03
1.349691842915490313e-03
1.244893489638343497e-03
1.761784841073677031e-03
1.809695793781429529e-03
2.207724077743478206e-03
2.571986426482908514e-03
1.215296407463029070e-03
1.905188692035153508e-03
1.987783220829442317e-03
1.090532765374518931e-03
1.340346876531839371e-03
2.252173147280700331e-03
1.147670997306704608e-03
1.876933762105181813e-03
2.479099205811507826e-03
1.275544287636876106e-03
1.412495228578336537e-03
1.559200230985879898e-03
3.052185534033924515e-03
1.892008830327540593e-03
1.201322916313074573e-03
1.507855296949855983e-03
1.531006197910755829e-03
1.518920843955129298e-03
2.811873430619016463e-03
1.198123276117257687e-03
1.366508810315281239e-03
1.979086099890991872e-03
1.578803441952914086e-03
2.148309579933993345e-03
1.963342636008746835e-03
1.522122992901131424e-03
1.129675883566960606e-03
1.960643098573200578e-03
2.271719221607781773e-03
1.810038177063688723e-03
9.872878639725969109e-04
3.135246364399790677e-03
1.369059487478807482e-03
1.329045652528293387e-03
1.347751042339950887e-03
2.143776256707496854e-03
1.405721611808985385e-03
2.882489812327548775e-03
1.661696450901217672e-03
1.567869301652535796e-03
1.959372728015296074e-03
2.427008008817210880e-03
2.366638794774189505e-03
1.312767731724306854e-03
1.524123828858137131e-03
1.192821635049767705e-03
1.715087401680648284e-03
1.588890713173896161e-03
