1.533321363585335773e+00
9.499122074672153859e-01
7.159796570028577334e-02
8.518935633557182807e-02
4.855400004557201138e-02
8.712609644447054380e-02
5.486746504902839661e-02
9.902895933815411555e-02
4.660426559192793611e-02
4.774901270866394043e-02
4.407610105616705659e-02
5.234187043138912449e-02
5.674186455351965669e-02
5.616247494305882937e-02
5.374455824494361877e-02
3.935749030538967380e-02
7.227007938282829780e-02
1.105928394411291454e-01
3.936692646571567783e-02
3.616395486252648589e-02
4.982168972492218018e-02
9.009394794702529907e-02
4.781056568026542664e-02
3.746322542428970337e-02
3.442723463688578123e-02
4.001829028129577637e-02
3.563397590603147036e-02
4.440108527030263430e-02
1.179854060922350262e-01
1.100810542702674866e-01
5.459054825561387297e-02
6.533971694963318366e-02
4.862363796148981565e-02
4.955224958913666961e-02
1.672502042991774462e-01
3.470022444214139468e-02
4.582136230809347871e-02
3.305279809449400419e-02
3.752883470484188327e-02
4.659368949277060273e-02
4.032943983163152224e-02
5.039303270833832976e-02
5.324460353170122617e-02
4.168228751846721897e-02
4.734184273651668301e-02
4.415340029767581692e-02
7.182922852890831489e-02
1.188775098749569464e-01
7.795452752283640874e-02
5.565602279135158786e-02
6.476982842598642820e-02
4.283167794346809387e-02
4.570955783128738403e-02
4.412826948932239285e-02
4.391844091670853850e-02
4.426792370421545747e-02
4.807383992842265835e-02
9.181640084300722593e-02
4.849005064793995151e-02
5.012678993599755523e-02
5.537011101841926575e-02
4.479231685400009155e-02
4.239991573350770232e-02
4.601411787526948211e-02
4.371328864778790957e-02
5.564383044838905334e-02
1.054781654051372003e-01
5.168949386903217563e-02
4.986782744526863098e-02
7.906695242438997739e-02
4.907152429223060608e-02
5.157486455781119111e-02
5.391284929854529145e-02
6.365474366715975774e-02
6.295546623212951165e-02
1.415783464908599854e-01
6.140368857554027310e-02
6.859318060534340400e-02
9.980793297290802002e-02
4.950207258973803037e-02
9.483536332845687866e-02
6.697203165718487727e-02
5.988384251083646304e-02
5.638840901000159028e-02
5.596564869795526975e-02
5.907299635665757415e-02
6.837733409234456050e-02
5.597193964890071621e-02
7.589548081159591675e-02
5.978864431381225586e-02
5.990475416183471680e-02
6.820298624890190620e-02
5.563175731471606961e-02
7.662807830742426884e-02
5.998779780098369846e-02
5.645996066076414827e-02
5.807515606284141541e-02
5.787076907498495820e-02
6.698104845626014214e-02
6.412569433450698853e-02
5.552860242979867217e-02
6.050854123064449558e-02
5.589674626077924258e-02
5.889039380209786650e-02
5.455050670674869290e-02
7.244957557746342647e-02
5.786537379026412964e-02
6.420457948531423098e-02
5.464434197970798740e-02
5.528845265507698059e-02
5.537472824965204710e-02
7.455903291702270508e-02
5.917809903621673584e-02
6.339447892137936580e-02
6.539585760661534297e-02
5.190301526870046145e-02
5.198541017515318635e-02
5.931699967810085544e-02
5.818915313908031711e-02
5.361702186720711943e-02
6.129052915743419400e-02
5.633762319173131472e-02
5.384421348571777344e-02
6.363661693675178033e-02
5.713991128972598782e-02
5.766938626766204834e-02
5.519374353545052764e-02
5.638429203203746548e-02
5.226549080439975986e-02
5.714203523738043550e-02
6.501541286706924438e-02
5.823471184287752622e-02
5.945688805409839878e-02
5.710030559982572085e-02
5.436894350818225613e-02
6.191069632768630981e-02
5.338318912046296355e-02
5.837902586374964231e-02
6.120529930506433958e-02
5.981551483273506165e-02
5.984617610062871462e-02
5.510114346231732851e-02
5.656250566244125366e-02
5.595273418085915801e-02
5.715286252754075286e-02
6.148267111607959995e-02
5.655089286821229216e-02
5.415707400866916904e-02
7.660147760595593935e-02
5.980382167867252102e-02
5.928775721362659207e-02
5.990747096283095124e-02
5.916498388562883848e-02
5.970657723290579560e-02
5.463789882404463533e-02
5.685630334275109526e-02
5.950065170015607363e-02
5.486757361463138333e-02
5.619834150586809629e-02
5.447626646075930112e-02
6.582292648298400384e-02
5.328925166811261660e-02
6.536771889243807310e-02
5.962092003652027378e-02
5.766536348632404080e-02
5.141379364899226895e-02
6.512525251933506953e-02
5.421478620597294101e-02
7.745601662567683232e-02
5.881036126187869778e-02
5.658691642539841887e-02
5.454335627811295745e-02
5.124501777546746489e-02
5.565415748528072110e-02
6.686248949595860469e-02
5.628703428166253325e-02
5.492993231330599302e-02
5.668129292981965300e-02
6.514814708914075381e-02
5.604146208081926817e-02
7.093509978481701839e-02
5.657815613916942349e-02
5.463851456131253725e-02
5.358346711312021726e-02
5.426020068781716582e-02
6.594456732273101807e-02
5.414723551699093113e-02
5.514043888875416050e-02
5.603370283331189639e-02
6.339006658111299986e-02
5.723953619599342346e-02
6.063838728836604824e-02
5.245670782668249849e-02
5.352523763264928347e-02
6.590429001620837224e-02
5.459252904568399900e-02
5.607734567352703342e-02
5.408054749880518430e-02
5.291730005826268679e-02
5.120821722916194668e-02
7.707695237227848994e-02
5.588423620377268308e-02
5.545014941266605130e-02
5.316625056522233245e-02
5.560187463249478823e-02
5.884214171341487637e-02
5.222111674291746858e-02
5.329969312463488096e-02
5.350953979151589629e-02
5.588351349745478147e-02
5.593806824513843784e-02
5.332840606570243835e-02
5.296525731682777405e-02
5.258518883160182705e-02
5.655252454536301848e-02
5.435532012156078091e-02
5.419789467539105898e-02
5.693263241222926846e-02
5.644830209868294951e-02
5.171093131814684385e-02
5.843596958688327542e-02
5.530480934040887114e-02
5.105240217276981601e-02
5.705972441605159512e-02
5.019394201891762969e-02
5.119833935584340578e-02
4.953511485031673184e-02
5.142983102372714749e-02
4.909447261265346280e-02
5.683156794735363254e-02
5.987110361456871033e-02
5.245703671659741885e-02
6.154691161853926423e-02
5.263080075383186340e-02
5.108708781855447051e-02
5.533018335700035095e-02
5.331439471670559177e-02
5.565584823489189148e-02
5.412831423538071868e-02
5.245878440993172881e-02
5.177306011319160461e-02
4.895094782114028931e-02
5.262708025319235566e-02
5.447581091097423306e-02
5.107492048825536257e-02
5.088920678411211485e-02
5.416944090809140688e-02
4.892167502215930691e-02
5.009637187634195798e-02
4.871837794780731201e-02
4.761483786361558196e-02
6.180107380662645811e-02
5.119203350373676548e-02
5.138234528047697786e-02
4.864132351108959446e-02
5.146397756678717378e-02
4.954436527831213716e-02
4.623940533825329074e-02
4.669841219271932131e-02
4.975458500640733001e-02
5.556809423225266692e-02
4.828138010842459443e-02
5.103377359254019502e-02
4.806327340858323333e-02
4.666320287755557766e-02
5.911262173737798220e-02
4.809085545795304534e-02
4.925620715532984251e-02
5.192615517548152676e-02
4.638519989592688325e-02
5.330886745027133694e-02
4.616330191493034363e-02
5.197070166468620300e-02
4.610951777015413755e-02
5.689823574253490696e-02
4.510490223765373230e-02
5.608776424612317568e-02
4.763677237289292571e-02
4.428350765790257937e-02
4.602372486676488406e-02
4.817370910729680544e-02
4.532027670315334072e-02
5.325633926051003691e-02
4.664294421672821045e-02
4.826285104666437620e-02
4.707334243825504055e-02
4.625373972313744780e-02
5.982657042997224089e-02
4.838404059410095215e-02
4.946167341300419101e-02
4.620437590139252898e-02
5.511013471654483548e-02
4.566199545349393374e-02
4.650780931115150452e-02
4.530815886599676851e-02
4.381824284791946411e-02
4.939596780708858242e-02
4.335880279541015625e-02
4.843320484672274107e-02
4.721635047878537661e-02
4.847201066357748750e-02
4.576674210173743013e-02
4.873227860246386045e-02
4.541470642600740903e-02
4.481392513428415769e-02
4.916232664670262820e-02
4.388540929981640110e-02
4.795112460851669312e-02
4.837123517479215151e-02
4.622421360441616306e-02
4.395625101668493989e-02
4.586654795067651030e-02
4.926038799541337249e-02
4.510977065988949070e-02
4.462774949414389375e-02
4.638966651899473909e-02
5.158023908734321594e-02
4.960375758154051545e-02
4.398873767682483921e-02
4.557070455380848178e-02
4.749426511781556365e-02
4.358531108924320469e-02
4.787204414606094360e-02
4.589813415493283755e-02
4.286262978400502688e-02
4.772717452475002536e-02
4.370701951639992949e-02
4.901454065527234560e-02
4.558363077895982024e-02
4.255852582199232820e-02
4.727889650634357205e-02
5.484339488404137847e-02
4.478795932871954683e-02
4.379861322896821257e-02
4.688326961227825412e-02
4.507241025567054749e-02
4.370795988610812893e-02
4.317215297903333193e-02
4.916440003684589138e-02
4.463423575673784727e-02
4.164754599332809448e-02
4.146549478173255920e-02
4.362436916146959776e-02
4.329967605216162446e-02
4.659947220768247134e-02
4.218527195709092376e-02
4.355280899575778714e-02
4.426910674997738132e-02
4.520360646503312346e-02
4.195225185581615696e-02
4.445654473134449253e-02
4.344624653458595276e-02
4.367098531552723178e-02
4.257563129067420959e-02
4.466969200542995205e-02
4.123711532780102024e-02
4.462666649903569704e-02
4.443089823637690061e-02
4.217842913099697361e-02
4.077576739447457549e-02
4.316174079264913088e-02
4.689354449510574341e-02
4.255262176905359739e-02
4.126169798629624602e-02
4.525430181196758023e-02
4.422150392617497927e-02
4.286664884005274290e-02
4.645021100129399783e-02
4.051085561513900757e-02
4.402210350547518247e-02
4.108733683824539185e-02
4.177103404487882143e-02
4.471567007047789338e-02
4.153133715902056211e-02
4.266685779605593198e-02
4.084786666291100737e-02
4.129255829112870452e-02
4.117366405470030549e-02
4.065752934132303709e-02
4.242934765560286287e-02
4.205476971609251741e-02
4.062658920884132385e-02
3.984850698283740750e-02
3.933620878628322354e-02
4.614715384585516694e-02
4.177277428763253447e-02
4.196083705340113157e-02
4.298786872199603787e-02
3.900813896741185671e-02
4.552489519119262695e-02
4.064651472227914092e-02
4.083183248128209597e-02
4.175669220941407439e-02
3.925650886126926670e-02
4.051290292825017458e-02
4.397945531776973477e-02
3.942765827689852232e-02
4.234701341816356907e-02
4.189290159514972439e-02
4.002115981919424775e-02
4.009105371577399018e-02
3.952666052750179043e-02
4.273257351347378025e-02
3.996218687721660862e-02
3.835269383021763095e-02
3.858002700975963345e-02
4.206370349441256040e-02
3.924300734485898501e-02
4.011424364788191560e-02
4.328772053122520447e-02
3.960090662751879209e-02
3.804874952350344175e-02
4.092496793184961790e-02
4.348545734371457583e-02
3.956925815769603977e-02
3.860614076256752014e-02
4.297449067234992981e-02
4.141384097082274202e-02
3.919982803719384429e-02
4.183069563337734470e-02
4.047276771494320163e-02
3.846005084259169343e-02
4.006809102637427095e-02
4.046767790402684695e-02
3.996482970459120515e-02
3.982070248041834348e-02
4.111627542546817532e-02
3.800996233310018069e-02
3.782916973744120115e-02
3.908842642392430788e-02
3.916661228452410215e-02
3.957014211586543789e-02
3.929845030818666929e-02
3.858517057129314670e-02
4.009919826473508364e-02
3.793371575219290498e-02
4.115424092326845640e-02
3.881279272692544219e-02
3.708006069064140320e-02
3.815258400780813935e-02
3.860236864004816526e-02
3.920483908482959995e-02
4.152143480522291902e-02
3.912319296172687283e-02
3.956459622297968381e-02
3.951006648795945403e-02
3.781265765428543091e-02
3.864833180393491274e-02
4.096937445657593962e-02
3.874861236129488462e-02
3.739693388342857361e-02
3.969914519361087551e-02
3.985843488148280850e-02
3.845976186650140044e-02
3.926521858998707065e-02
3.926957771182060242e-02
3.749990995441164487e-02
3.901273757219314575e-02
3.861439494150025603e-02
4.024748504161834717e-02
3.914671976651463992e-02
3.692426213196346035e-02
3.734908678701946011e-02
3.806554153561592102e-02
3.761690801807811985e-02
3.688914807779448274e-02
4.034099568213735110e-02
3.874260293585913423e-02
3.657441799129758364e-02
3.626546396740844974e-02
3.786371914403779265e-02
3.964054957032203674e-02
3.949685341545513401e-02
3.642545534031731841e-02
3.584514744579792023e-02
3.864722273179462680e-02
4.046780083860669619e-02
3.663377783128193149e-02
3.615070773022515532e-02
3.888842782803943882e-02
4.047421791723796597e-02
3.830439544149807224e-02
4.036216491035053006e-02
3.704162687063217163e-02
3.717822794403348452e-02
3.997583314776420593e-02
4.033501339810235259e-02
3.727589281541960481e-02
3.828269988298416138e-02
3.995268738695553074e-02
3.854118606873920688e-02
3.746696827667100188e-02
3.732058884842055085e-02
3.886432626417705288e-02
3.893562406301498413e-02
3.607158682176044712e-02
3.763420188001224270e-02
3.803433850407600403e-02
3.659243003598281613e-02
3.943358627813203093e-02
3.995444678834506741e-02
3.815530825938497073e-02
3.613247908651828766e-02
3.675007075071334839e-02
3.783408126660755405e-02
3.797936652387891299e-02
3.835860214063099155e-02
3.859639167785644531e-02
3.675086290708610287e-02
3.665294019239289519e-02
3.795436237539563662e-02
3.849188557692936191e-02
3.656772550727639681e-02
3.607379751546042207e-02
3.701868653297424316e-02
3.756319518600191587e-02
3.749805263110569248e-02
3.703694364854267368e-02
3.676280938088893890e-02
3.701264624084744936e-02
3.969659922378403899e-02
3.838427630918366668e-02
3.689762045230184084e-02
3.771884845835821870e-02
3.749567536371094939e-02
3.707902346338544375e-02
3.646945979978356844e-02
3.625409172049590817e-02
3.674147677208695895e-02
3.674598783254623413e-02
3.777099666850907561e-02
3.638151873435292727e-02
3.591002976255757567e-02
3.713798150420188904e-02
3.809290751814842224e-02
3.729329045329775327e-02
3.703462332487106323e-02
3.705657912152154204e-02
3.705073680196489805e-02
3.799160090940339324e-02
3.726957738399505615e-02
3.619733506015369168e-02
3.566189881946359164e-02
3.602997453085014096e-02
3.522317696894917971e-02
3.657631443015166989e-02
3.610319750649588350e-02
3.613601199218204746e-02
3.518324850925377140e-02
3.513465369386332277e-02
3.702319785952568054e-02
3.689058071800640354e-02
3.650690242648124695e-02
3.669259803635733369e-02
3.613520413637161255e-02
3.716186966214861387e-02
3.564314597419330349e-02
3.569376495267663485e-02
3.559655297015394682e-02
3.622414836926119569e-02
3.556862739580018279e-02
3.570291000817503446e-02
3.543561058385031465e-02
3.722373662250382659e-02
3.701337480119296780e-02
3.513839707842895260e-02
3.471687888460499999e-02
3.500476160219737759e-02
3.679900110832282772e-02
3.562045789190700779e-02
3.664996794291904697e-02
3.623861766287258396e-02
3.606855230672018769e-02
3.500294312834739685e-02
3.548298164137771854e-02
3.486434184014797211e-02
3.734118172100612393e-02
3.789240813681057224e-02
3.669273587209837678e-02
3.623567282089164981e-02
3.735353105834552517e-02
3.680436153497014529e-02
3.690446274621145967e-02
3.567615071577685121e-02
3.537980280816555023e-02
3.606044713939939028e-02
3.551398004804338926e-02
3.473942221275398007e-02
3.375700781387942079e-02
3.549878166190215817e-02
3.713707945176532993e-02
3.682166098483970890e-02
3.595504377569470889e-02
3.532964789441653958e-02
3.760186423148427493e-02
3.564990977091448549e-02
3.495746451829161161e-02
3.574251356933798307e-02
3.481206324483666903e-02
3.511704025524003264e-02
3.456828370690345764e-02
3.481969130890710112e-02
3.649230540863105526e-02
3.679413002516541964e-02
3.639164034809384829e-02
3.653183233525071627e-02
3.472354183239596132e-02
3.469875933868544343e-02
3.499396730746541506e-02
3.396116516419819126e-02
3.478143417409488430e-02
3.506704313414437529e-02
3.504951883639607912e-02
3.581403861088412049e-02
3.495350639734949583e-02
3.458444108920438048e-02
3.410028958959238771e-02
3.484952742499964479e-02
3.588534678731646055e-02
3.488603872912270781e-02
3.460063519222395662e-02
3.439065521316869017e-02
3.606423575963292605e-02
3.603390444602284914e-02
3.566651578460421079e-02
3.659706642585141417e-02
3.642183568860803133e-02
3.570949632142271513e-02
3.504087722727230320e-02
3.425294613199574706e-02
3.494116717151233426e-02
3.500928809600217101e-02
3.477940282651355991e-02
3.468823246657848358e-02
3.444698719041688201e-02
3.447336144745349884e-02
3.420097913060869688e-02
3.410019219986030331e-02
3.569996303745678196e-02
3.486264523650918490e-02
3.540538171572344545e-02
3.613714953618390319e-02
3.571261385721819642e-02
3.622848301061561832e-02
3.632191967751298434e-02
3.514418059161731472e-02
3.389604150184562931e-02
3.391309907393796202e-02
3.514723692621503359e-02
3.508469728486878630e-02
3.448506045554365629e-02
3.547718721841063017e-02
3.607010814760412687e-02
3.597283123859337101e-02
3.549646666007382628e-02
3.468125819095543155e-02
3.488240151533058414e-02
3.479483537375926971e-02
3.482848432447228915e-02
3.476853216333048585e-02
3.547227143176964054e-02
3.540810437074729672e-02
3.566761155213628298e-02
3.591772089047091249e-02
3.552429404641900546e-02
3.511714270072324034e-02
3.496114856430462131e-02
3.402113675006798038e-02
3.423718176782131195e-02
3.491387782352311370e-02
3.510273939796856174e-02
3.443769072847707030e-02
3.461112161832196471e-02
3.458989970386028290e-02
3.585286917431013826e-02
3.625200050217764619e-02
3.693931097430842164e-02
3.555794938334396610e-02
3.513887817306177858e-02
3.479692499552454465e-02
3.529852096523557192e-02
3.524874789374215361e-02
3.425228542515209446e-02
3.364792971738746891e-02
3.415731021336147061e-02
3.421569562384060154e-02
3.490373385804040191e-02
3.440733972404684538e-02
3.408958177481379026e-02
3.439169723008360380e-02
3.671014681458473206e-02
3.621214229081358427e-02
3.535268668617520815e-02
3.421564825943538418e-02
3.438069777829306367e-02
3.517819754779338837e-02
3.440191756401743406e-02
3.418803481119019744e-02
3.325236854808671233e-02
3.285410175366060975e-02
3.333475440740585327e-02
3.334546674575124270e-02
3.336699972195284608e-02
3.334228774266583678e-02
3.329628014138766995e-02
3.363281940775258300e-02
3.417511231132915744e-02
3.490129538944789639e-02
3.437525459698268643e-02
3.370755937482629305e-02
3.313689865171909332e-02
3.292271202164036986e-02
3.365010848002774474e-02
3.400222398340702057e-02
3.460948887680258268e-02
3.470534565193312410e-02
3.461292386054992676e-02
3.436090131955487487e-02
3.441769070923328400e-02
3.452103585004806519e-02
3.442548135561602357e-02
3.365875567708696836e-02
3.368189159248556608e-02
3.426503257027694455e-02
3.480842124138559812e-02
3.427894040942192078e-02
3.430677684290068391e-02
3.512481573436941618e-02
3.431523085704871884e-02
3.443762899509498349e-02
3.413994636918817049e-02
3.457350736217839476e-02
3.505019497658524996e-02
3.522202319332531223e-02
3.493257478943893185e-02
3.527591004967689514e-02
3.528094477951526642e-02
3.599967089082513338e-02
3.500019359801496976e-02
3.469904512166976929e-02
3.388023775603089816e-02
3.481201135686465969e-02
3.453839623502322903e-02
3.396527256284441465e-02
3.490327351859637967e-02
3.432348716471876615e-02
3.461710070925099608e-02
3.482876478561332950e-02
3.461900725960731506e-02
3.493361547589302063e-02
3.455792261021477935e-02
3.434204656098570341e-02
3.405447783214705232e-02
3.371552510985306034e-02
3.441273500876767394e-02
3.504844275968415496e-02
3.526737061994416472e-02
3.412617157612528318e-02
3.437709010073116550e-02
3.407250078661101106e-02
3.396747287894998080e-02
3.431678962494645602e-02
3.401723211365086791e-02
3.330707869359424839e-02
3.422164650900023225e-02
3.390142773943288085e-02
3.449597183082785123e-02
3.529412006693227050e-02
3.552132924752576110e-02
3.527814655431679020e-02
3.539828556988920683e-02
3.460278521691050047e-02
3.412126962627683169e-02
3.404693624802997837e-02
3.443861087518079039e-02
3.368044804249491209e-02
3.409144362168652770e-02
3.386120817490986118e-02
3.400440673742975706e-02
3.455391606049878356e-02
3.479323828858988527e-02
3.511298793767179960e-02
3.504555299878120422e-02
3.442914464644023648e-02
3.453073677207742220e-02
3.448809204357011077e-02
3.492209395127637145e-02
3.467807972005435696e-02
3.455090336501598358e-02
3.446259695504393095e-02
3.453415259718894958e-02
3.370013433907713407e-02
3.404909585203443056e-02
3.420408522444112059e-02
3.377307099955422637e-02
3.410818481019565335e-02
3.362516047699110749e-02
3.372704876320702788e-02
3.378582985273429623e-02
3.482710011303424835e-02
3.460454435220786801e-02
3.497938971434320921e-02
3.439625033310481778e-02
3.435960784554481506e-02
3.451065160334110260e-02
3.428198716470173130e-02
3.442136996558734646e-02
3.416276936020169741e-02
3.472029071833405978e-02
3.453031927347183228e-02
3.446233911173684356e-02
3.442633258444922212e-02
3.442172919000897890e-02
3.418742226702826265e-02
3.431727364659309387e-02
3.471064407910619265e-02
3.347835849438395017e-02
3.417120102260794157e-02
3.434303589165210724e-02
3.373419227344649080e-02
3.386430894689900634e-02
3.377006708511284122e-02
3.409847430884838104e-02
3.414507449737617245e-02
3.420489999864782804e-02
3.414639644324779510e-02
3.390411340764590969e-02
3.409344809395926240e-02
3.394440162394728178e-02
3.384501912764140835e-02
3.404003035809312350e-02
3.445414107825074679e-02
3.395810350775718689e-02
3.434212612254278901e-02
3.411703743040561676e-02
3.399141851280416959e-02
3.367195863808904177e-02
3.390761704317161312e-02
3.451215103268623352e-02
3.416811036212103608e-02
3.426482874367918485e-02
3.405554539390972385e-02
3.489252552390098572e-02
3.467900997826030979e-02
3.488905036023685208e-02
3.401999920606613159e-02
3.384646560464586729e-02
3.431235280420098788e-02
3.367020349417414182e-02
3.364337368735244999e-02
3.413839345531804320e-02
3.456205049795763734e-02
3.405250688748700377e-02
3.467353167278425935e-02
3.453098051249980927e-02
3.422799067837851289e-02
3.439050833029406312e-02
3.411696026367800477e-02
3.349707382065909150e-02
3.420497876192842013e-02
3.406692269657339567e-02
3.398547960179192778e-02
3.402056545019149780e-02
3.425036051443645230e-02
3.369118832051753998e-02
3.393061006707804445e-02
3.391908189015729186e-02
3.356108761259487400e-02
3.335627434509141204e-02
3.347189751054559237e-02
3.338909947446414700e-02
3.350674174726009369e-02
3.367536807698862794e-02
3.385584668389388791e-02
3.417217837912695649e-02
3.412847141070025209e-02
3.440214640327862033e-02
3.451358181025300509e-02
3.424372098275593052e-02
3.343470554266657346e-02
3.398897631892135868e-02
3.369970034275736326e-02
3.375238020505223757e-02
3.352760922695909029e-02
3.304138912686279544e-02
3.339969286961214784e-02
3.290612516658646819e-02
3.303594594555241820e-02
3.339827592883791441e-02
3.326749615371227264e-02
3.364807260887963530e-02
3.369604370423725376e-02
3.368756813662392852e-02
3.362832750592913145e-02
3.350808498050485140e-02
3.399175378893103117e-02
3.446040196078164336e-02
3.432572792683329099e-02
3.411367296108177433e-02
3.386071404176099059e-02
3.333269591842379087e-02
3.343648463487625122e-02
3.354104235768318176e-02
3.397548651056630370e-02
3.434989095798560849e-02
3.398836430694375521e-02
3.430731780827045441e-02
3.384058709655489439e-02
3.370745639715876096e-02
3.410060357834611422e-02
3.367951459118297824e-02
3.395648779613631013e-02
3.466734157076904049e-02
3.422199642019612548e-02
3.442870719092232940e-02
3.412650046604020354e-02
3.384006795074258334e-02
3.378156732235636228e-02
3.417037959609713071e-02
3.408912702330520877e-02
3.356032552463667634e-02
3.335415917847837919e-02
3.417109112654413694e-02
3.361578471958637238e-02
3.332632966339588165e-02
3.302652974213872439e-02
3.313610250396387819e-02
3.349738062492439022e-02
3.334347238498074767e-02
3.369908407330513000e-02
3.349401163203375581e-02
3.365643588559968230e-02
3.357057645916938782e-02
3.372205421328544617e-02
3.381458004670483825e-02
3.339440295738833192e-02
3.360971941479614505e-02
3.386487279619489199e-02
3.385265224746295681e-02
3.408090344497135410e-02
3.377917222678661346e-02
3.359482916338103059e-02
3.350062189357621428e-02
3.343460043626172301e-02
3.386810714645045045e-02
3.388833015092781314e-02
3.371581115892955532e-02
3.400793458734240049e-02
3.383056127599307766e-02
3.342669004840510133e-02
3.365179257733481172e-02
3.382477829498903993e-02
3.378561804337160829e-02
3.386600129306316376e-02
3.382689319550991058e-02
3.404838112848145720e-02
3.403497274432863706e-02
3.378577423947198149e-02
3.405276393251759764e-02
3.437387677175657991e-02
3.461951895483902225e-02
3.406728990375995636e-02
3.373734706214496365e-02
3.404513852936880830e-02
3.350077596093926913e-02
3.352643496223858127e-02
3.356886681701455599e-02
3.338191738086087462e-02
3.373236501855509523e-02
3.355958765106541869e-02
3.343426356358187440e-02
3.362792969814368954e-02
3.364230293248381132e-02
3.321422130933830014e-02
3.387164856706346983e-02
3.348986618220806122e-02
3.334975136177880523e-02
3.374236848737512118e-02
3.387388906308582553e-02
3.414076486868517640e-02
3.412738016673496494e-02
3.374872117170265445e-02
3.360573894211223850e-02
3.404589210237775332e-02
3.389355699930872434e-02
3.389580015625272280e-02
3.399490644889218566e-02
3.382277648363794798e-02
3.358653773154531008e-02
3.382661486310618165e-02
3.361939825117588043e-02
3.355327142136437651e-02
3.353553424988474363e-02
3.384454335485186094e-02
3.311233116047723052e-02
3.325272750641618258e-02
3.380391374230384827e-02
3.388375389788832182e-02
3.377024563295500520e-02
3.383743124348776582e-02
