1.716193090166364499e+01
1.357175813402448306e+01
2.895619835172380530e+00
3.856084721429007267e+00
2.700390066419328772e+00
3.806941679545811308e+00
2.631818532943725586e+00
4.313744374683925464e+00
2.207640494619096838e+00
2.163861921855381620e+00
2.316058192934308924e+00
2.590189286640712130e+00
2.926939828055245663e+00
2.722519227436610567e+00
3.025778021131242834e+00
1.977020331791468966e+00
3.071885313306535803e+00
4.601491791861398006e+00
2.318320001874651037e+00
1.862034269741603243e+00
2.890097124235970760e+00
3.586903878620692598e+00
2.803184781755720056e+00
2.017476831163679041e+00
2.125411595617021643e+00
2.009507332529340662e+00
2.069065724100385584e+00
2.522192682538713537e+00
4.306708301816668083e+00
4.558555126190185547e+00
2.388205834797450411e+00
3.299475363322666777e+00
2.289022513798304903e+00
2.623674409730093693e+00
5.758063282285418083e+00
1.802938171795436251e+00
2.698137657982962345e+00
1.811840295791625977e+00
1.959879551615033799e+00
2.196366446358816837e+00
2.192107336861746525e+00
2.219534192766462244e+00
2.797767911638532556e+00
2.060709578650338436e+00
2.021553141730172420e+00
2.455787335123334802e+00
2.886237178530012049e+00
4.840259756360735466e+00
2.975675140108381189e+00
2.415182965142386173e+00
3.234929680824279785e+00
1.889544640268598252e+00
2.437886868204389490e+00
1.987494996615818632e+00
2.126099041530064238e+00
1.948401485170636827e+00
2.561883892331804358e+00
3.454319953918457031e+00
2.364737851279122616e+00
2.111286469868251192e+00
3.004685946873256075e+00
1.925120166369846952e+00
2.072090182985578455e+00
2.109049762998308264e+00
2.218995468957083439e+00
2.873646037919180607e+00
3.742816005434308924e+00
2.333408117294311523e+00
2.566164442471095430e+00
3.181277377264840389e+00
2.396818399429321289e+00
2.516919101987566076e+00
2.142901829310825956e+00
2.506717920303344727e+00
3.139061740466526640e+00
4.445011275155203556e+00
3.028180871691022791e+00
2.509821517126900936e+00
4.286915676934378361e+00
2.277289152145385742e+00
3.490009614399501192e+00
2.705277511051722872e+00
2.863017627171107637e+00
2.385211978639875330e+00
2.177777154105050350e+00
2.770397901535034180e+00
2.606938362121582031e+00
2.693464738982064510e+00
2.660369566508701933e+00
2.767136624881199491e+00
2.290045567921229708e+00
2.428336075374058378e+00
2.434832947594778751e+00
2.730640241077967989e+00
2.772487606321062170e+00
2.096663236618041992e+00
2.496263469968523108e+00
2.658255628177097929e+00
2.381923539297921444e+00
3.142391102654593205e+00
2.404142039162771916e+00
2.201473781040736544e+00
2.344129289899553381e+00
2.180178471973964083e+00
2.487120492117745663e+00
2.512021643774850155e+00
2.479804311479841150e+00
2.281057732445852970e+00
2.314610617501394962e+00
2.499731029782976233e+00
2.689399310520717012e+00
2.597244569233485567e+00
2.269211121967860567e+00
2.296510457992553711e+00
3.087631327765328670e+00
2.233036654336111759e+00
2.530419826507568359e+00
2.143971681594848633e+00
2.213820593697684025e+00
2.300296476909092558e+00
2.194195611136300350e+00
2.469727124486650549e+00
2.299526316779000545e+00
2.221519299915858614e+00
2.108081477028982853e+00
2.171256201607840275e+00
2.088886192866734159e+00
2.611331139292035974e+00
2.054157904216221464e+00
2.163663455418177950e+00
3.075832196644374239e+00
2.109204087938581385e+00
2.132675920213972010e+00
2.323094027382986759e+00
2.293187277657644962e+00
2.217998334339686739e+00
2.249209778649466251e+00
2.133466822760445858e+00
2.185531582151140295e+00
2.787519454956054688e+00
2.146246092660086369e+00
2.199915068490164494e+00
2.242036002022879337e+00
2.129128660474504553e+00
2.730358702795846249e+00
2.206840583256312716e+00
2.294373137610299374e+00
2.389017701148986816e+00
2.723325116293771053e+00
2.776725087847028650e+00
2.436019454683576502e+00
2.142990759440830839e+00
2.361416203635079647e+00
2.191084589276994787e+00
2.199897493634904944e+00
2.110139914921351778e+00
2.142582791192190861e+00
2.185738086700439453e+00
2.223766156605311739e+00
2.359406181744166719e+00
2.303344317844935762e+00
2.360706142016819609e+00
2.396497317722865450e+00
2.508917433874947811e+00
2.328984533037458338e+00
2.329099689211164392e+00
2.361072949000767363e+00
2.261581216539655603e+00
2.721764326095581055e+00
2.139825548444475256e+00
2.598094344139099121e+00
2.108158145632062830e+00
2.107785293034144747e+00
2.326477766036987305e+00
2.360889400754655920e+00
2.493706039019993437e+00
2.134495667048863066e+00
2.679061412811279297e+00
2.266158138002668299e+00
2.548593146460397030e+00
2.514319794518606876e+00
2.150088003703526152e+00
2.129917178835187830e+00
2.122317518506731115e+00
2.261128698076520838e+00
2.357103892735072481e+00
2.296014206750052189e+00
2.058295726776123047e+00
2.450522048132760311e+00
2.272858313151768339e+00
2.750005143029349064e+00
2.128931079592023767e+00
2.224064997264317167e+00
2.125306606292724609e+00
2.368533577237810217e+00
2.498940825462341309e+00
2.263620001929147030e+00
2.084265572684151913e+00
2.328172598566327967e+00
2.523139902523585665e+00
2.773883070264543615e+00
2.105131558009556425e+00
2.070670706885201717e+00
2.260422570364815975e+00
2.084170409611293184e+00
2.120271853038242948e+00
2.115430865968976892e+00
2.177773714065551758e+00
2.028806175504411780e+00
2.055536440440586698e+00
2.788561838013785099e+00
2.014451844351632381e+00
2.040461029325212561e+00
2.488351549421037756e+00
2.061154331479753576e+00
2.070140838623046875e+00
2.595810753958565975e+00
2.092953681945800781e+00
2.056833437510899198e+00
2.358536754335676111e+00
2.123994350433349609e+00
2.096944229943411564e+00
2.285100221633911133e+00
2.089758259909493709e+00
2.239591734749930119e+00
2.112069368362426758e+00
2.094235283987862850e+00
2.072916609900338436e+00
2.161012070519583439e+00
2.066085151263645781e+00
2.169249602726527559e+00
2.514402389526367188e+00
2.257813147136143339e+00
2.079771689006260527e+00
2.027401702744620060e+00
2.048548494066511072e+00
2.068680558885847010e+00
2.082478523254394531e+00
2.070428643907819666e+00
2.046780381883893885e+00
2.081420489719935762e+00
2.171031662396022188e+00
2.016954353877476347e+00
2.047667537416730799e+00
2.124323402132306970e+00
2.013618418148585665e+00
2.022572108677455294e+00
2.089742302894592285e+00
2.078017302921840059e+00
2.061397450310843205e+00
2.159246240343366541e+00
2.305554900850568689e+00
2.079737629209245764e+00
1.980921983718872070e+00
1.989480614662170410e+00
1.976996336664472276e+00
1.987719740186418838e+00
2.187972886221749569e+00
1.932527933801923448e+00
1.955717410360063857e+00
2.089228289467947697e+00
2.045451641082763672e+00
1.981793488774980849e+00
2.008419684001377714e+00
2.070989268166678166e+00
2.255748135702950741e+00
2.039614609309605253e+00
1.951191306114196777e+00
1.997912406921386719e+00
2.081717508179800724e+00
2.015441877501351620e+00
1.990398321832929307e+00
1.994312541825430829e+00
2.001569458416530001e+00
2.147591522761753691e+00
2.122542415346418299e+00
2.143274852207728731e+00
1.973290375300816191e+00
2.087545582226344454e+00
1.963783519608633954e+00
1.923186489513942110e+00
1.999338337353297579e+00
2.036752070699419104e+00
2.016768302236284338e+00
1.954463924680437392e+00
1.913338473864964140e+00
2.429829529353550566e+00
2.334188767841884005e+00
1.957037261554173124e+00
1.948606405939374620e+00
1.934826016426086426e+00
2.126212358474731445e+00
1.992867401668003691e+00
1.891868114471435547e+00
2.029674564089094080e+00
1.958118183272225421e+00
1.937019790921892470e+00
2.070880481175013887e+00
1.926848752158028644e+00
1.900320291519165039e+00
1.951077631541660917e+00
1.909763336181640625e+00
1.925422736576625216e+00
2.016431638172694552e+00
1.885372349194117891e+00
1.932255472455705947e+00
2.090631995882306970e+00
1.909345711980547255e+00
1.919430766786847764e+00
1.922337157385689776e+00
1.981090562684195477e+00
1.877918805394853896e+00
1.929025139127458877e+00
1.946155548095703125e+00
1.908851129668099444e+00
1.873927950859069824e+00
2.014050875391279138e+00
1.954319255692618329e+00
2.011228459221976017e+00
1.870962483542305987e+00
1.900565198489597929e+00
2.027370367731367029e+00
1.912761347634451825e+00
1.884357844080243760e+00
1.903326511383056641e+00
1.909276042665754014e+00
1.987395439829145127e+00
1.960053086280822754e+00
1.921264937945774687e+00
1.921725766999381024e+00
1.905624117170061416e+00
2.174184117998395838e+00
1.966372762407575303e+00
1.902567829404558486e+00
1.897270372935703886e+00
1.866753476006644208e+00
1.917863317898341524e+00
1.861125826835632324e+00
1.966115576880318683e+00
1.877422758511134493e+00
2.014959403446742403e+00
1.895421743392944336e+00
1.846837026732308429e+00
1.884456855910164874e+00
1.891503640583583223e+00
1.876457691192626953e+00
1.837064794131687773e+00
1.848492877823965985e+00
1.859529716627938312e+00
1.890666518892560655e+00
1.839004533631461102e+00
1.866983379636492080e+00
1.839339477675301593e+00
1.862495950290135038e+00
1.843077455248151475e+00
2.007571050098964083e+00
1.858794501849583281e+00
1.846877251352582627e+00
1.870940804481506348e+00
2.056857177189418184e+00
1.830082075936453778e+00
1.903440407344273222e+00
1.852032031331743545e+00
1.853937966482979816e+00
1.861075145857674640e+00
1.846995472908020020e+00
1.824475918497358018e+00
1.896918109485081327e+00
1.894726685115269316e+00
1.833862321717398602e+00
1.833028486796787870e+00
1.804696168218340224e+00
1.846730061939784395e+00
1.863709603037152940e+00
1.826686654772077256e+00
1.857577971049717558e+00
1.797980172293526691e+00
1.829261251858302462e+00
1.798737968717302627e+00
1.828254665647234267e+00
1.804176688194274902e+00
1.843571884291512530e+00
1.841049824442182237e+00
1.839048419679914170e+00
1.906531878880092012e+00
1.832167676516941679e+00
1.796450052942548448e+00
1.812747665813990938e+00
1.958692686898367841e+00
1.893418857029506075e+00
1.819787144660949707e+00
1.783570289611816406e+00
1.787654467991420137e+00
1.814235942704337079e+00
1.771814448492867511e+00
1.839313370840889972e+00
1.944864443370274198e+00
1.809276257242475205e+00
1.794063295636858291e+00
1.832217982837132109e+00
1.806187357221330947e+00
1.798024586268833769e+00
1.811492579323904950e+00
1.802821210452488554e+00
1.893241252217974013e+00
1.804361973490033799e+00
1.789310080664498370e+00
1.820951138223920518e+00
1.767135569027491915e+00
1.818992325237819063e+00
1.860933559281485516e+00
1.953469208308628691e+00
1.768287863050188369e+00
1.823901891708374023e+00
1.805162038121904677e+00
1.788672838892255479e+00
1.813240374837602920e+00
1.774607692446027452e+00
1.786464827401297528e+00
1.783378056117466581e+00
1.781847051211765898e+00
1.810784339904785156e+00
1.760829653058733291e+00
1.762066483497619629e+00
1.766197545187813800e+00
1.768619690622602159e+00
1.774495618683951337e+00
1.815062284469604492e+00
1.787221057074410480e+00
1.760832122394016874e+00
1.754221388271876680e+00
1.759950876235961914e+00
1.774320653506687773e+00
1.788811223847525556e+00
1.764374375343322754e+00
1.796098113059997559e+00
1.770093219620840985e+00
1.776336124965122831e+00
1.881181955337524414e+00
1.744513647896902997e+00
1.735148106302533799e+00
1.744725670133318252e+00
1.778940388134547579e+00
1.750128711972917861e+00
1.746273943356105196e+00
1.749703134809221572e+00
1.757076501846313477e+00
1.742489031382969511e+00
1.774204952376229327e+00
1.745353596551077802e+00
1.782693811825343477e+00
1.740788238389151532e+00
1.741986530167715985e+00
1.752791251455034560e+00
1.736817240715026855e+00
1.739597065108162921e+00
1.738206267356872559e+00
1.729568992342267686e+00
1.731978416442871094e+00
1.752363341195242841e+00
1.734638265201023710e+00
1.746524402073451387e+00
1.771856563431876141e+00
1.718881590025765460e+00
1.731804507119315106e+00
1.759569270270211261e+00
1.759538701602390898e+00
1.732770238603864366e+00
1.768184304237365723e+00
1.772714648927961045e+00
1.711354272706168134e+00
1.739099264144897461e+00
1.737850836345127714e+00
1.821579950196402509e+00
1.781080842018127441e+00
1.727657249995640409e+00
1.763518520763942110e+00
1.797017693519592285e+00
1.745812535285949707e+00
1.722057870456150663e+00
1.756956764629908907e+00
1.737577932221548993e+00
1.762809821537562716e+00
1.735547372273036348e+00
1.722633770533970488e+00
1.746798276901245117e+00
1.754508188792637480e+00
1.751781923430306476e+00
1.733499050140380859e+00
1.782652735710144043e+00
1.728680593626839679e+00
1.730195062501090009e+00
1.711283700806754071e+00
1.726469993591308594e+00
1.727844715118408203e+00
1.770977939878191298e+00
1.708872335297720868e+00
1.712849310466221464e+00
1.711141228675842285e+00
1.743639077459062880e+00
1.755696603230067598e+00
1.716478466987609863e+00
1.743201511246817548e+00
1.714125122342790908e+00
1.707088913236345595e+00
1.708569288253784180e+00
1.714568614959716797e+00
1.719075151852198946e+00
1.718524336814880371e+00
1.711760657174246747e+00
1.710834418024335557e+00
1.718187979289463652e+00
1.717387539999825519e+00
1.716780628476824111e+00
1.697205696787152940e+00
1.699538367135184247e+00
1.698039242199488985e+00
1.701929909842354816e+00
1.698055982589721680e+00
1.694661787578037870e+00
1.749728679656982422e+00
1.716247473444257432e+00
1.718759093965802842e+00
1.705064960888453829e+00
1.702968972069876630e+00
1.701287899698529893e+00
1.703807064465113985e+00
1.706061261040823895e+00
1.692898000989641494e+00
1.687402963638305664e+00
1.700833729335240019e+00
1.704654080527169269e+00
1.698313065937587130e+00
1.691752587045942002e+00
1.709646259035382920e+00
1.699125102588108671e+00
1.704615541866847384e+00
1.705638783318655927e+00
1.696568080357142794e+00
1.707179767744881671e+00
1.698217357907976455e+00
1.694283519472394639e+00
1.697570800781250000e+00
1.685646006039210665e+00
1.697429094995771104e+00
1.685197404452732695e+00
1.686496002333504718e+00
1.686389310019356769e+00
1.701208915029253310e+00
1.692945003509521484e+00
1.681970562253679580e+00
1.681043829236711806e+00
1.682592085429600370e+00
1.688103812081473309e+00
1.678675498281206435e+00
1.688583254814147949e+00
1.682889665876116103e+00
1.680868489401680987e+00
1.677904418536594999e+00
1.678113477570670087e+00
1.681868961879185331e+00
1.674073100090026855e+00
1.675980925559997559e+00
1.689097693988255156e+00
1.686360154833112412e+00
1.702369247164045030e+00
1.701726845332554472e+00
1.673655952726091689e+00
1.683518937655857695e+00
1.687241741589137423e+00
1.679744260651724774e+00
1.675787397793361055e+00
1.677082521574837726e+00
1.692921178681509931e+00
1.677588360650198895e+00
1.682894059589930880e+00
1.692149877548217773e+00
1.705145018441336591e+00
1.683620946747916181e+00
1.679186718804495770e+00
1.693418639046805341e+00
1.681848389761788409e+00
1.684113809040614473e+00
1.671131389481680829e+00
1.670636125973292696e+00
1.670366474560328829e+00
1.669249943324497831e+00
1.686100517000470811e+00
1.697352409362792969e+00
1.660882796560015029e+00
1.687565394810267794e+00
1.683207562991551054e+00
1.675595794405255967e+00
1.668786883354187012e+00
1.703213572502136230e+00
1.666553786822727812e+00
1.669015237263270723e+00
1.660880991390773165e+00
1.666480984006609267e+00
1.660747272627694171e+00
1.670420186860220868e+00
1.653741444860185927e+00
1.671165091650826495e+00
1.679143241473606718e+00
1.673784238951546710e+00
1.676725285393851239e+00
1.669050744601658476e+00
1.668026600565229112e+00
1.670974816594805068e+00
1.700637102127075195e+00
1.680127382278442383e+00
1.664659040314810712e+00
1.660180466515677411e+00
1.665630681174141925e+00
1.673222541809082031e+00
1.670219523566109698e+00
1.668122325624738389e+00
1.652164271899632109e+00
1.661946773529052734e+00
1.664386493819100421e+00
1.668318918773106230e+00
1.660836560385567706e+00
1.665069120270865399e+00
1.666393024580819171e+00
1.663056356566292804e+00
1.676986013139997178e+00
1.671856437410627061e+00
1.665144290242876357e+00
1.666559423719133681e+00
1.668983408382960665e+00
1.657243217740740127e+00
1.656128048896789551e+00
1.658185413905552519e+00
1.655063952718462295e+00
1.663063815661839140e+00
1.653737510953630752e+00
1.644955635070800781e+00
1.648513078689575195e+00
1.657396997724260634e+00
1.654113037245614093e+00
1.655437724930899579e+00
1.664568713733128202e+00
1.657651458467755967e+00
1.665936112403869629e+00
1.668147376605442656e+00
1.656985776765006024e+00
1.673389571053641278e+00
1.663713863917759550e+00
1.651329108646937716e+00
1.650617395128522569e+00
1.652109214237758028e+00
1.654436605317252118e+00
1.664016246795654297e+00
1.662978274481637042e+00
1.655866537775312120e+00
1.658305355480738985e+00
1.656737412725176162e+00
1.651385545730590820e+00
1.659976618630545575e+00
1.654878956930977862e+00
1.654715691293988877e+00
1.654471005712236709e+00
1.657370941979544599e+00
1.659897054944719619e+00
1.655644399779183429e+00
1.653744612421308213e+00
1.655886598995753634e+00
1.661903704915727920e+00
1.656415803091866534e+00
1.651965584073747939e+00
1.653160503932407988e+00
1.655892235892159503e+00
1.650552409035819013e+00
1.644759007862635958e+00
1.658780200140816730e+00
1.668624264853341144e+00
1.689063634191240615e+00
1.658752713884626084e+00
1.656916192599705351e+00
1.651751620428902667e+00
1.650653873171125108e+00
1.647365893636431045e+00
1.645423242024012911e+00
1.659009013857160264e+00
1.651703034128461534e+00
1.646205544471740723e+00
1.650411486625671387e+00
1.655536958149501192e+00
1.651719195502144855e+00
1.640307750020708388e+00
1.685024670192173613e+00
1.666831851005554199e+00
1.655771987778799970e+00
1.655585714748927462e+00
1.649480445044381183e+00
1.652592556817191083e+00
1.649577072688511503e+00
1.654059665543692548e+00
1.663345115525382001e+00
1.682896733283996582e+00
1.668096440179007489e+00
1.665788446153913194e+00
1.660327996526445693e+00
1.657935176576886827e+00
1.652997817311968154e+00
1.645140426499503095e+00
1.639895984104701387e+00
1.642325758934020996e+00
1.640654887471880263e+00
1.645902327128819120e+00
1.653660859380449599e+00
1.661627735410417861e+00
1.646380986486162490e+00
1.640855738094874727e+00
1.639317291123526532e+00
1.637922951153346407e+00
1.636322787829807890e+00
1.635118859154837567e+00
1.636688283511570585e+00
1.640476720673697431e+00
1.643350226538521808e+00
1.648803131920950849e+00
1.642387134688241046e+00
1.636128170149666827e+00
1.638322319303240127e+00
1.631340691021510469e+00
1.632210731506347656e+00
1.642901829310825956e+00
1.634954350335257489e+00
1.637507557868957520e+00
1.639367563383919757e+00
1.638758863721575088e+00
1.644760949271065753e+00
1.647934164319719619e+00
1.644512755530221026e+00
1.648957031113760907e+00
1.646896055766514433e+00
1.663282190050397569e+00
1.641334686960492784e+00
1.638895153999328613e+00
1.639265860830034560e+00
1.643628988947187120e+00
1.640263983181544649e+00
1.635857888630458223e+00
1.642999972615923232e+00
1.635888866015843046e+00
1.636464851243155438e+00
1.638225419180733722e+00
1.636710183961050946e+00
1.643289072172982257e+00
1.638138651847839355e+00
1.639320049967084580e+00
1.638543878282819444e+00
1.635223695210048067e+00
1.632755824497767794e+00
1.641572185925074923e+00
1.646053075790405273e+00
1.637173005512782442e+00
1.640340362276349717e+00
1.639102612222943955e+00
1.639109339032854384e+00
1.638475877898079913e+00
1.634410449436732637e+00
1.636387075696672744e+00
1.635313561984470976e+00
1.631129452160426485e+00
1.633958612169538194e+00
1.645513245037623751e+00
1.650135704449244844e+00
1.645571231842041016e+00
1.648860965456281358e+00
1.639315451894487685e+00
1.638017245701381075e+00
1.639366524560111005e+00
1.641665322440011066e+00
1.640738623482840497e+00
1.635630709784371417e+00
1.630717924662998808e+00
1.633500746318272245e+00
1.637829439980643231e+00
1.639927080699375761e+00
1.643539718219212187e+00
1.643312777791704482e+00
1.634721602712358779e+00
1.637263723782130587e+00
1.637086289269583661e+00
1.641088145119803388e+00
1.636377590043204266e+00
1.636643477848597872e+00
1.635215640068054199e+00
1.635477338518415147e+00
1.633206333432878798e+00
1.631274955613272626e+00
1.630567107881818467e+00
1.632444058145795518e+00
1.635099274771554034e+00
1.635035889489310224e+00
1.634859357561383897e+00
1.630998015403747559e+00
1.638706173215593642e+00
1.635707855224609375e+00
1.640556948525565106e+00
1.631528224263872451e+00
1.631614787237984698e+00
1.634462594985961914e+00
1.632156269890921552e+00
1.634073904582432402e+00
1.630397183554513019e+00
1.637250287192208331e+00
1.635516711643763887e+00
1.634135637964521104e+00
1.633138452257428819e+00
1.632944107055664062e+00
1.630182317325047148e+00
1.632018429892403644e+00
1.637758357184273761e+00
1.628838743482317275e+00
1.633456536701747286e+00
1.634880406515938800e+00
1.633672867502484971e+00
1.634639944349016494e+00
1.633226547922406846e+00
1.632919345583234483e+00
1.632506115095955890e+00
1.632512160709925997e+00
1.632226143564496690e+00
1.630591971533638995e+00
1.631594334329877549e+00
1.631485887936183321e+00
1.631357976368495333e+00
1.632908940315246582e+00
1.635371906416756671e+00
1.632215755326407391e+00
1.634075471333094942e+00
1.630723595619201660e+00
1.628545812198094023e+00
1.624495523316519696e+00
1.625793695449829102e+00
1.632483601570129395e+00
1.629395110266549151e+00
1.630333236285618437e+00
1.627431852476937335e+00
1.638597999300275498e+00
1.634043046406337130e+00
1.638280647141592938e+00
1.628358568464006728e+00
1.628667610032217938e+00
1.632744329316275556e+00
1.629465239388602216e+00
1.627030202320643770e+00
1.629324061529976886e+00
1.635197894913809735e+00
1.630297269139971084e+00
1.636011089597429580e+00
1.632637296404157334e+00
1.628401092120579374e+00
1.630595411573137588e+00
1.628962618964058917e+00
1.626718333789280546e+00
1.629987818854195636e+00
1.628970197268894804e+00
1.627220000539507216e+00
1.628240977014814073e+00
1.630204030445643770e+00
1.628106611115591962e+00
1.631095034735543292e+00
1.630273682730538409e+00
1.627649681908743817e+00
1.627786346844264376e+00
1.628676789147513349e+00
1.630127770560128253e+00
1.628168821334838867e+00
1.625117472239903105e+00
1.625351463045392686e+00
1.627090011324201280e+00
1.626267279897417373e+00
1.628760525158473360e+00
1.631384900638035429e+00
1.628487638064793241e+00
1.625462515013558429e+00
1.629988074302673340e+00
1.630363140787397080e+00
1.633215478488377226e+00
1.635081802095685655e+00
1.635418312890189130e+00
1.630856786455426866e+00
1.629848446164812392e+00
1.627912044525146484e+00
1.625337941305977862e+00
1.624281202043805772e+00
1.622813923018319171e+00
1.622896756444658584e+00
1.623362575258527452e+00
1.624501177242823946e+00
1.625650269644600909e+00
1.627980726105826337e+00
1.633042199271065753e+00
1.631492733955383301e+00
1.628929989678519208e+00
1.627204741750444716e+00
1.624870896339416504e+00
1.624215211187090224e+00
1.624139053480965655e+00
1.626586011477879179e+00
1.631105848721095430e+00
1.626081773212977755e+00
1.628930994442530977e+00
1.623118332454136503e+00
1.621229290962219238e+00
1.625183565276009601e+00
1.620153001376560820e+00
1.623482295445033419e+00
1.633102451051984483e+00
1.626459326062883681e+00
1.629738501140049589e+00
1.625468373298645020e+00
1.623213904244559247e+00
1.623613817351204913e+00
1.627781305994306260e+00
1.626986333302089083e+00
1.623219711439950030e+00
1.621834141867501300e+00
1.627737471035548555e+00
1.623761415481567383e+00
1.623777713094438857e+00
1.623838186264038086e+00
1.623589941433497774e+00
1.623138121196201933e+00
1.622167229652404785e+00
1.624185511044093477e+00
1.623409305300031358e+00
1.623380541801452637e+00
1.621898838451930391e+00
1.622655051095145184e+00
1.623019473893301923e+00
1.620406832013811416e+00
1.621697459902082139e+00
1.623614106859479600e+00
1.623108761651175458e+00
1.624631030218941730e+00
1.620832817895071942e+00
1.620318889617919922e+00
1.619407194001334149e+00
1.620273538998195040e+00
1.623049838202340167e+00
1.623691354479108506e+00
1.621524044445582735e+00
1.624112027032034833e+00
1.621910708291190106e+00
1.619168009076799697e+00
1.620971594538007432e+00
1.623077937534877169e+00
1.622009243283953017e+00
1.622702002525329590e+00
1.621859976223536837e+00
1.624511991228376084e+00
1.623755506106785429e+00
1.621286800929478300e+00
1.624264631952558213e+00
1.628799847194126738e+00
1.632603338786533964e+00
1.625201072011675185e+00
1.622818061283656466e+00
1.626088006155831378e+00
1.623033625738961261e+00
1.623886329787117999e+00
1.624095831598554307e+00
1.622431925364903105e+00
1.623773268290928495e+00
1.622210945401872939e+00
1.621113385472978896e+00
1.621512617383684463e+00
1.621582593236650771e+00
1.619525347437177354e+00
1.623452935900006944e+00
1.620166982923235244e+00
1.618799975940159452e+00
1.620557052748543780e+00
1.620985678264073027e+00
1.624423980712890625e+00
1.624338269233703613e+00
1.619963118008204805e+00
1.619775261197771377e+00
1.624222108295985567e+00
1.622984460421970976e+00
1.623069320406232530e+00
1.624602113451276475e+00
1.624137503760201495e+00
1.623013343129839248e+00
1.624657869338989258e+00
1.624182207243783038e+00
1.623539975711277616e+00
1.622552905763898545e+00
1.623995201928275067e+00
1.619837914194379502e+00
1.620101639202662813e+00
1.623287371226719511e+00
1.624051008905683213e+00
1.623683639935084688e+00
1.624255708285740507e+00
