7.475590399932116270e+00
2.604852927848696709e+00
3.085597329307347536e+00
3.094737502280622721e+00
3.199872098863124847e+00
2.949278729967772961e+00
3.381067947018891573e+00
3.379403453785926104e+00
2.967269644141197205e+00
3.305875367950648069e+00
3.262258361093699932e+00
3.625678598415106535e+00
2.945884915068745613e+00
3.667664751876145601e+00
3.041465322021394968e+00
3.513928172178566456e+00
3.866060941945761442e+00
3.571406986098736525e+00
3.050405584275722504e+00
3.533787126652896404e+00
2.658705907873809338e+00
2.801263606175780296e+00
2.641765356063842773e+00
2.904853772837668657e+00
3.177919649984687567e+00
3.754807116929441690e+00
3.144065325614064932e+00
3.629746052902191877e+00
3.213627097196877003e+00
3.415313501842319965e+00
3.630861694924533367e+00
3.855534279253333807e+00
2.956861000042408705e+00
2.990185483824461699e+00
3.655946407001465559e+00
3.138633748982101679e+00
3.215805899817496538e+00
2.731594244949519634e+00
3.135971545241773129e+00
3.170873690862208605e+00
3.190219205804169178e+00
2.980595371220260859e+00
3.513025519903749228e+00
3.176194088067859411e+00
3.432924264110624790e+00
4.658197161741554737e+00
4.250217078253626823e+00
3.543264139909297228e+00
4.007140327710658312e+00
3.747922577895224094e+00
3.589511371217668056e+00
3.322132878936827183e+00
3.661998866125941277e+00
3.283485088031738997e+00
3.188207644037902355e+00
3.813251704443246126e+00
3.696301575750112534e+00
3.053519430104643106e+00
2.885935474652796984e+00
3.549985963385552168e+00
3.532159528695046902e+00
3.106313519179821014e+00
3.038286827970296144e+00
2.890291193034499884e+00
3.115370011888444424e+00
3.210182688198983669e+00
2.935496831778436899e+00
2.951725163031369448e+00
3.935504108201712370e+00
3.560929557308554649e+00
3.850433473940938711e+00
3.742012839298695326e+00
3.491173584014177322e+00
3.288639583624899387e+00
3.362798451911658049e+00
3.244798525236546993e+00
3.157239458058029413e+00
3.789569602813571692e+00
3.151044900063425303e+00
3.991644962225109339e+00
2.952681054826825857e+00
3.842701653949916363e+00
3.364221774041652679e+00
3.311210755258798599e+00
3.866057464387267828e+00
3.926760715898126364e+00
3.752681043930351734e+00
3.593213810119777918e+00
3.282482254784554243e+00
3.323799769859761000e+00
3.431505375076085329e+00
3.219945421908050776e+00
3.247688848990947008e+00
3.018712702207267284e+00
4.178680472075939178e+00
3.564611742272973061e+00
3.062248609960079193e+00
3.167803880758583546e+00
3.218656660057604313e+00
2.947693147230893373e+00
2.963903398718684912e+00
3.110963266808539629e+00
2.992463908158242702e+00
3.578500561416149139e+00
3.099550641141831875e+00
3.691797552164644003e+00
3.648918655235320330e+00
4.415959360077977180e+00
4.244535658974200487e+00
3.748998147901147604e+00
3.451554011087864637e+00
3.443729040212929249e+00
4.308035725727677345e+00
3.686945695895701647e+00
3.420928640291094780e+00
4.053471474908292294e+00
3.668760470580309629e+00
3.919083565939217806e+00
3.785550627391785383e+00
3.232035337947309017e+00
2.842957607936114073e+00
3.327765916008502245e+00
3.614771008957177401e+00
4.018041638191789389e+00
2.907791945151984692e+00
3.539249477908015251e+00
5.245310207828879356e+00
2.970402977894991636e+00
3.238694626837968826e+00
2.578587085008621216e+00
2.239242761861532927e+00
2.781192805152386427e+00
2.643284281250089407e+00
2.730353196617215872e+00
2.640994209330528975e+00
2.824082933366298676e+00
3.000903099309653044e+00
4.030403485056012869e+00
3.049371813889592886e+00
2.429156435187906027e+00
3.725081466138362885e+00
2.631079055368900299e+00
2.065852760337293148e+00
2.108317857142537832e+00
2.495110122952610254e+00
2.176254567224532366e+00
1.856269230134785175e+00
1.468191541265696287e+00
1.613693016115576029e+00
1.948813812807202339e+00
2.387604139745235443e+00
2.912588200997561216e+00
2.068376122973859310e+00
1.719140626955777407e+00
3.747215647250413895e+00
3.545372955966740847e+00
2.831847622990608215e+00
3.285821218974888325e+00
3.146298342850059271e+00
2.329227921087294817e+00
2.976925767958164215e+00
3.118786556180566549e+00
4.094869070220738649e+00
4.091610905714333057e+00
3.033789903856813908e+00
2.849548345897346735e+00
2.785998722072690725e+00
2.933407898992300034e+00
3.016800910234451294e+00
3.495749230030924082e+00
3.061166069936007261e+00
3.231294297147542238e+00
3.243102402891963720e+00
3.972899851854890585e+00
4.602096118964254856e+00
4.043905742932111025e+00
3.921554469037801027e+00
5.175863775890320539e+00
3.683533092029392719e+00
4.852667053230106831e+00
3.981798298656940460e+00
5.223700099159032106e+00
3.507519836071878672e+00
3.104339987039566040e+00
3.131337203085422516e+00
2.774766136892139912e+00
5.655350465793162584e+00
4.418358522001653910e+00
6.364775154273957014e+00
3.975109910126775503e+00
2.911059508100152016e+00
2.163277870044112206e+00
1.933270582929253578e+00
1.979356783907860518e+00
2.234141353983432055e+00
2.197122065816074610e+00
3.301249970216304064e+00
2.875505791977047920e+00
2.784767690114676952e+00
3.151707401033490896e+00
3.894920933060348034e+00
8.546278177760541439e+00
7.199955849908292294e+00
3.829340626019984484e+00
2.889570690225809813e+00
2.207906439900398254e+00
2.157048081979155540e+00
2.066012349911034107e+00
3.010863181669265032e+00
3.481280391104519367e+00
3.509439307730644941e+00
2.369208164978772402e+00
2.376416014041751623e+00
2.681732472032308578e+00
3.515106486156582832e+00
3.407863001804798841e+00
2.600654724985361099e+00
2.440828589722514153e+00
2.527103686239570379e+00
2.229213578626513481e+00
1.689201415982097387e+00
2.088384269736707211e+00
2.092946005985140800e+00
2.238049829844385386e+00
2.329012542031705379e+00
2.278654204215854406e+00
2.212842706590890884e+00
2.315860773902386427e+00
2.178251909092068672e+00
1.905528355855494738e+00
2.010857935994863510e+00
1.892419619020074606e+00
1.914442917332053185e+00
1.582918034866452217e+00
1.712303876876831055e+00
1.600095038302242756e+00
1.542192379012703896e+00
1.740441414993256330e+00
1.467882321216166019e+00
1.619464384391903877e+00
1.613032185006886721e+00
1.660931328777223825e+00
1.927297604735940695e+00
1.608774309046566486e+00
1.529645743779838085e+00
1.545971435029059649e+00
1.627340334933251143e+00
1.845118205063045025e+00
1.873212193138897419e+00
1.847436537034809589e+00
1.915910110343247652e+00
1.529742463026195765e+00
1.567870565224438906e+00
1.359773895703256130e+00
1.568420335650444031e+00
3.195515239145606756e+00
2.012583029922097921e+00
1.642053013201802969e+00
1.407571000978350639e+00
1.369344328995794058e+00
1.507973405066877604e+00
1.666206485126167536e+00
1.562752078287303448e+00
1.468123862054198980e+00
1.543672231957316399e+00
1.756649467162787914e+00
1.812537461053580046e+00
2.172031602822244167e+00
2.106143872719258070e+00
2.469883169047534466e+00
1.733476096298545599e+00
1.313661734107881784e+00
1.467716720886528492e+00
1.659304287284612656e+00
1.449709965847432613e+00
1.811920600943267345e+00
1.545765943825244904e+00
1.622704438865184784e+00
1.647108569741249084e+00
1.563606698997318745e+00
1.504302610177546740e+00
1.638822939246892929e+00
1.518913168925791979e+00
1.725847384892404079e+00
1.483496412169188261e+00
1.357410622760653496e+00
1.679454294033348560e+00
1.473976109176874161e+00
1.547085836995393038e+00
1.861057056114077568e+00
1.605898716021329165e+00
1.608236079104244709e+00
1.532949167769402266e+00
1.506916862912476063e+00
1.463590683881193399e+00
1.897850956302136183e+00
1.707178570795804262e+00
1.772542627993971109e+00
1.772026205901056528e+00
1.536009353119879961e+00
1.599296106025576591e+00
1.907319908961653709e+00
1.480755637865513563e+00
1.602405331097543240e+00
1.532825898379087448e+00
1.615124378353357315e+00
1.874732885044068098e+00
1.927333294413983822e+00
2.170748480129987001e+00
2.049581299070268869e+00
2.062287894543260336e+00
1.806525943800806999e+00
1.909215779975056648e+00
1.750478629022836685e+00
1.662225009873509407e+00
1.728649699129164219e+00
1.694825913757085800e+00
1.833510950207710266e+00
2.111016700044274330e+00
1.682609939016401768e+00
1.760931151919066906e+00
1.761843364220112562e+00
1.649638613685965538e+00
1.890427555888891220e+00
2.233852914068847895e+00
2.118972381111234426e+00
1.918820302933454514e+00
1.847553018014878035e+00
1.981382546946406364e+00
1.788099728059023619e+00
1.615602218080312014e+00
1.888833522796630859e+00
1.586914510000497103e+00
2.027429177891463041e+00
2.208280250895768404e+00
1.784740493632853031e+00
1.931722501292824745e+00
1.610035299789160490e+00
1.903627054300159216e+00
1.786453246138989925e+00
1.576778526883572340e+00
1.972528954967856407e+00
1.627919164951890707e+00
1.848797849845141172e+00
1.796962991356849670e+00
2.275640379637479782e+00
1.890453695785254240e+00
1.990999870002269745e+00
1.956659574061632156e+00
2.019720118027180433e+00
1.658513335976749659e+00
1.556683490052819252e+00
1.560321945231407881e+00
1.508683815132826567e+00
1.568977206014096737e+00
1.641862682998180389e+00
1.564054940361529589e+00
1.490257091820240021e+00
1.505468260031193495e+00
1.610735163092613220e+00
1.629071625880897045e+00
1.767934902105480433e+00
1.573276611976325512e+00
1.413226988166570663e+00
1.760728352237492800e+00
1.840716920327395201e+00
2.102005236782133579e+00
1.873450892977416515e+00
1.936548667028546333e+00
1.540796719025820494e+00
2.192763599101454020e+00
2.018914648331701756e+00
1.634475543163716793e+00
1.820082042366266251e+00
1.820673282258212566e+00
1.887247452046722174e+00
1.749511897098273039e+00
1.829821384977549314e+00
1.728474969044327736e+00
1.589890313800424337e+00
1.542244220152497292e+00
1.966448828112334013e+00
3.079765324015170336e+00
3.207480075303465128e+00
2.349122468382120132e+00
1.844552445225417614e+00
1.927471475210040808e+00
1.912031084764748812e+00
2.137987335678189993e+00
2.847960373852401972e+00
2.888963351026177406e+00
2.121411093045026064e+00
2.356961137615144253e+00
1.824893348850309849e+00
1.838192555122077465e+00
1.952646119054406881e+00
2.193648400250822306e+00
2.052039431873708963e+00
2.085631816182285547e+00
1.930640329141169786e+00
2.235154786612838507e+00
2.284408400766551495e+00
2.536909378599375486e+00
2.280421507079154253e+00
2.672460839617997408e+00
2.946116704959422350e+00
2.466509415768086910e+00
3.340784443076699972e+00
2.676812476012855768e+00
2.962668057065457106e+00
2.590766499750316143e+00
2.845071719959378242e+00
2.419277272652834654e+00
2.253751541022211313e+00
2.668850595131516457e+00
1.976934222038835287e+00
3.034060463309288025e+00
2.385856376960873604e+00
2.073892571963369846e+00
2.099908235017210245e+00
2.278026693966239691e+00
2.745176047086715698e+00
2.352318882010877132e+00
2.398114723153412342e+00
2.673490521963685751e+00
3.133296264801174402e+00
2.127681951969861984e+00
3.172139446716755629e+00
3.156842097174376249e+00
3.573512334376573563e+00
3.927856768015772104e+00
3.942802426870912313e+00
3.476096163969486952e+00
3.713647841941565275e+00
2.429007974918931723e+00
1.997017006855458021e+00
2.034120867028832436e+00
2.394790370017290115e+00
2.335368209984153509e+00
2.279945706948637962e+00
2.645954683888703585e+00
1.926457883324474096e+00
1.887151361908763647e+00
2.035228537861257792e+00
2.020330379717051983e+00
3.066318105906248093e+00
2.775548026897013187e+00
2.608357174322009087e+00
2.966287103015929461e+00
2.417289040051400661e+00
2.945014853961765766e+00
2.679600370116531849e+00
2.619427248835563660e+00
2.274238379206508398e+00
2.721675005741417408e+00
2.579774577170610428e+00
2.179642782080918550e+00
2.061549543868750334e+00
1.738087292760610580e+00
1.628287134692072868e+00
2.181190393865108490e+00
2.132720577996224165e+00
2.076057302765548229e+00
2.330637133680284023e+00
2.394997018855065107e+00
2.472382651641964912e+00
2.815082252025604248e+00
2.656977119855582714e+00
2.427886259276419878e+00
2.291715225204825401e+00
2.144678232260048389e+00
2.424318816047161818e+00
2.576504296157509089e+00
1.767738450784236193e+00
2.664421118795871735e+00
2.488379681017249823e+00
2.128966572228819132e+00
2.372328657656908035e+00
2.468628765083849430e+00
2.382759521715342999e+00
2.771594988182187080e+00
2.741373038850724697e+00
2.390172803308814764e+00
2.517869108356535435e+00
2.365982610266655684e+00
2.530974566936492920e+00
2.552162533160299063e+00
2.056230527348816395e+00
2.117580397054553032e+00
2.662425416056066751e+00
2.521606692578643560e+00
2.911075030919164419e+00
2.360044402070343494e+00
2.818689620122313499e+00
2.909057797864079475e+00
3.211949341930449009e+00
3.012943324167281389e+00
3.062520786654204130e+00
2.111508098896592855e+00
1.687405168078839779e+00
1.943385969847440720e+00
2.489676161203533411e+00
2.633088249247521162e+00
2.596374340355396271e+00
2.783385983202606440e+00
2.142529780045151711e+00
1.764512527268379927e+00
2.093511755112558603e+00
2.448702068999409676e+00
2.194119486957788467e+00
2.840559428092092276e+00
1.919653830118477345e+00
2.224522956181317568e+00
2.256007949355989695e+00
2.075585131999105215e+00
2.569369845092296600e+00
2.444956344086676836e+00
2.333384028170257807e+00
1.809392916038632393e+00
1.945232562720775604e+00
2.785010286141186953e+00
2.900068095885217190e+00
2.326735391281545162e+00
2.010650587268173695e+00
2.227659600786864758e+00
2.341462259180843830e+00
2.361607684288173914e+00
1.989590040873736143e+00
1.930312293116003275e+00
2.023335215169936419e+00
2.237482912838459015e+00
2.329746962990611792e+00
2.362345496658235788e+00
2.116534984670579433e+00
1.864056366030126810e+00
1.755418366286903620e+00
1.677453245036303997e+00
1.471631974913179874e+00
1.420917910058051348e+00
1.633720867335796356e+00
1.892041173763573170e+00
1.877718663774430752e+00
2.153575594071298838e+00
1.866254169959574938e+00
2.267605221830308437e+00
2.004229709971696138e+00
1.941232587676495314e+00
2.149406708776950836e+00
2.499392214231193066e+00
2.422336194198578596e+00
1.923648665193468332e+00
2.064151238184422255e+00
2.270426127128303051e+00
2.317800096701830626e+00
1.822903293184936047e+00
2.285882167052477598e+00
2.191949452739208937e+00
2.040390578098595142e+00
1.926257596816867590e+00
2.145822113845497370e+00
1.894995556678622961e+00
2.054738754872232676e+00
1.781738380901515484e+00
1.733838316984474659e+00
1.754467545077204704e+00
1.764501106925308704e+00
2.307204065378755331e+00
2.243221010081470013e+00
2.035684972070157528e+00
2.321252942085266113e+00
2.029827582184225321e+00
2.038512524217367172e+00
2.187470367643982172e+00
1.875774872954934835e+00
2.574037791695445776e+00
1.770574994850903749e+00
2.017213386949151754e+00
2.006434801965951920e+00
1.557106847874820232e+00
1.697656249627470970e+00
1.812679290771484375e+00
1.496994968969374895e+00
1.656859037000685930e+00
1.705215081106871367e+00
1.495180525816977024e+00
1.617467296309769154e+00
1.823272264096885920e+00
1.794272516854107380e+00
1.938537273090332747e+00
2.180469499900937080e+00
2.637905324809253216e+00
2.873997012153267860e+00
2.354673644993454218e+00
2.162289015948772430e+00
2.342468788847327232e+00
1.980406299233436584e+00
2.076108431909233332e+00
1.955759065691381693e+00
2.623456266708672047e+00
1.918241707142442465e+00
1.836666412185877562e+00
2.154749904759228230e+00
1.841171287000179291e+00
1.590763751883059740e+00
1.828827961813658476e+00
1.630836173426359892e+00
2.267086981330066919e+00
1.667605370748788118e+00
1.519572549033910036e+00
1.421704459935426712e+00
1.521172191016376019e+00
1.732367325108498335e+00
1.304543998092412949e+00
1.402152596972882748e+00
1.453049880918115377e+00
1.491227662190794945e+00
1.682164980098605156e+00
1.914455892983824015e+00
1.631371043156832457e+00
1.751368541270494461e+00
1.839482415001839399e+00
1.837842943146824837e+00
2.074141580145806074e+00
2.088712190277874470e+00
1.833063766360282898e+00
1.865658998955041170e+00
2.214296182151883841e+00
2.208047165069729090e+00
1.757608129177242517e+00
1.755138624925166368e+00
1.587215176783502102e+00
1.730069702025502920e+00
2.117075836751610041e+00
1.679732316639274359e+00
1.574523729737848043e+00
1.427984488662332296e+00
1.511336517985910177e+00
1.743390569929033518e+00
1.581123157870024443e+00
1.747479965910315514e+00
1.549141507130116224e+00
1.652731571812182665e+00
1.525269555859267712e+00
1.484651263337582350e+00
1.424293534364551306e+00
1.379036425147205591e+00
1.413209729827940464e+00
1.734659508336335421e+00
1.460004732012748718e+00
1.774740380235016346e+00
1.554319025017321110e+00
1.503570187371224165e+00
1.778905966784805059e+00
1.708893404342234135e+00
1.453932593110948801e+00
1.454941734671592712e+00
1.313612460158765316e+00
1.409170055296272039e+00
1.368567301891744137e+00
1.347341913729906082e+00
1.261822262778878212e+00
1.361873693298548460e+00
1.328908431343734264e+00
1.589951001107692719e+00
1.782158059999346733e+00
1.694021105766296387e+00
1.584696582984179258e+00
1.473212479148060083e+00
1.292222982272505760e+00
1.340161635074764490e+00
1.487745997961610556e+00
1.546301123220473528e+00
1.392368252854794264e+00
1.357751527335494757e+00
1.450359538197517395e+00
1.513334899675101042e+00
1.382909089792519808e+00
1.247139183804392815e+00
1.301801154855638742e+00
1.421815901063382626e+00
1.647766116075217724e+00
1.359517280012369156e+00
1.240998795721679926e+00
1.368632263038307428e+00
1.704394317697733641e+00
1.618434237316250801e+00
1.359245399944484234e+00
1.578972375951707363e+00
1.455389025155454874e+00
1.389670489355921745e+00
1.752539562061429024e+00
1.786015294957906008e+00
1.778530405834317207e+00
1.281788459047675133e+00
1.342353788204491138e+00
1.505234599113464355e+00
1.419102298095822334e+00
1.440736495889723301e+00
1.239145482890307903e+00
1.329223240725696087e+00
1.494894856121391058e+00
1.813794312998652458e+00
1.727572418749332428e+00
1.998971413355320692e+00
1.691514431964606047e+00
1.824246505741029978e+00
1.579554136376827955e+00
1.717826346866786480e+00
1.512747160159051418e+00
1.718591136857867241e+00
1.672034347895532846e+00
1.488251606933772564e+00
1.505214629694819450e+00
1.390888430178165436e+00
1.715991924982517958e+00
1.399355673231184483e+00
1.303025805857032537e+00
1.664414156693965197e+00
1.376417452003806829e+00
1.481871480122208595e+00
1.509864714927971363e+00
1.306033340282738209e+00
1.399290381930768490e+00
1.294043364003300667e+00
1.267284840811043978e+00
1.200262602884322405e+00
1.261616962030529976e+00
1.222039652056992054e+00
1.433586907107383013e+00
1.231175952591001987e+00
1.282928020227700472e+00
1.278953053988516331e+00
1.325701646972447634e+00
1.418262067250907421e+00
1.552126990165561438e+00
1.524901845026761293e+00
1.609863555058836937e+00
1.810569797642529011e+00
1.462081843987107277e+00
1.329273261129856110e+00
1.357706397771835327e+00
1.366396598983556032e+00
1.625948576722294092e+00
1.318564257118850946e+00
1.349375436082482338e+00
1.388632259331643581e+00
1.349546955898404121e+00
1.238324243109673262e+00
1.167084990069270134e+00
1.288096636999398470e+00
1.440650925971567631e+00
1.819430308882147074e+00
1.434774449095129967e+00
1.517878886312246323e+00
1.481212287675589323e+00
1.428999270778149366e+00
1.383852251339703798e+00
1.382476291153579950e+00
1.906346261966973543e+00
1.849359378218650818e+00
1.732975136954337358e+00
1.948106485884636641e+00
1.762261045165359974e+00
1.998872503172606230e+00
1.915307863149791956e+00
2.151452921796590090e+00
1.988268628250807524e+00
2.001362686045467854e+00
1.809486694633960724e+00
2.246415605768561363e+00
1.957027737982571125e+00
2.271788537036627531e+00
1.600595694966614246e+00
1.388129168190062046e+00
1.189985109027475119e+00
1.398299920838326216e+00
1.353413582313805819e+00
1.396082527935504913e+00
1.397366140037775040e+00
1.456071404740214348e+00
1.439428484998643398e+00
1.488086597062647343e+00
1.528424170799553394e+00
1.358259199187159538e+00
1.474384699016809464e+00
1.762377424631267786e+00
1.665273027960211039e+00
1.584499784279614687e+00
1.480555427260696888e+00
1.384215242695063353e+00
1.421274670865386724e+00
1.346864993218332529e+00
1.503210717346519232e+00
1.430050862021744251e+00
1.461304272990673780e+00
1.473762119188904762e+00
1.213421098887920380e+00
1.320159698836505413e+00
1.232573616318404675e+00
1.234578796196728945e+00
1.373593028169125319e+00
1.283823590725660324e+00
1.434777217917144299e+00
1.575717522297054529e+00
1.572872156742960215e+00
1.798793822992593050e+00
1.635669479146599770e+00
1.711805179249495268e+00
2.097062790300697088e+00
1.832985497079789639e+00
1.774410600308328867e+00
1.790790852159261703e+00
1.710078815929591656e+00
1.723355845082551241e+00
1.454033513087779284e+00
1.513369300868362188e+00
1.617284854874014854e+00
1.857394788879901171e+00
2.040618397295475006e+00
1.851780881173908710e+00
1.435162858106195927e+00
1.543327029794454575e+00
1.585357394069433212e+00
1.693850455339998007e+00
1.474638469982892275e+00
1.371473514940589666e+00
1.581040099263191223e+00
1.675292210653424263e+00
1.575725932139903307e+00
1.670211224351078272e+00
1.734738688915967941e+00
2.019946780055761337e+00
1.503691697958856821e+00
1.694248036015778780e+00
1.706462631933391094e+00
1.664487278088927269e+00
1.594638616312295198e+00
2.367748741991817951e+00
2.028013591188937426e+00
1.615320223383605480e+00
1.519772089086472988e+00
1.472528798040002584e+00
1.567195190116763115e+00
1.492768923752009869e+00
1.630638793110847473e+00
1.578684356063604355e+00
1.449591127224266529e+00
1.709236425813287497e+00
1.781010939273983240e+00
1.410171535797417164e+00
1.434055617079138756e+00
1.404466607607901096e+00
1.394506677053868771e+00
1.400600903201848269e+00
1.752019281033426523e+00
1.761631682980805635e+00
1.572053247131407261e+00
1.625042566563934088e+00
1.515115442220121622e+00
1.494940627366304398e+00
1.498900600709021091e+00
1.490837732329964638e+00
1.908083654008805752e+00
1.632511945907026529e+00
1.463962117210030556e+00
1.613467989955097437e+00
1.634322558995336294e+00
1.785380964167416096e+00
1.489453669637441635e+00
1.503471686970442533e+00
1.870941367000341415e+00
1.747616624925285578e+00
2.034803340211510658e+00
1.669692263007164001e+00
2.119182959198951721e+00
2.659682122059166431e+00
1.849987518973648548e+00
1.613826310727745295e+00
1.663347595371305943e+00
1.525877266656607389e+00
1.687170737888664007e+00
1.671430354937911034e+00
1.566644530277699232e+00
1.716764685232192278e+00
1.796072098892182112e+00
1.373188606929033995e+00
1.562518865335732698e+00
1.635100258979946375e+00
1.419924139045178890e+00
1.428620371036231518e+00
1.628369559999555349e+00
1.566902859602123499e+00
1.549465165939182043e+00
1.519544188864529133e+00
1.850051797926425934e+00
1.761098084039986134e+00
1.623460363131016493e+00
1.551531360950320959e+00
1.384418122936040163e+00
1.461002591997385025e+00
1.662532434798777103e+00
1.691750111989676952e+00
1.691245983354747295e+00
1.807770404033362865e+00
1.773850929923355579e+00
1.379075255244970322e+00
1.396478319074958563e+00
1.651061229873448610e+00
1.699510812759399414e+00
1.475514080841094255e+00
1.619010796770453453e+00
1.920779962092638016e+00
2.654161024838685989e+00
1.696675878949463367e+00
1.838373204227536917e+00
1.587360216770321131e+00
1.450926809106022120e+00
1.432534154970198870e+00
1.472632206976413727e+00
1.445564493071287870e+00
1.433874376118183136e+00
1.381387569010257721e+00
1.324730435851961374e+00
1.416705223731696606e+00
1.405364650301635265e+00
1.677503583952784538e+00
1.589945211075246334e+00
1.675859911832958460e+00
1.791628922801464796e+00
1.498167941346764565e+00
1.490873391274362803e+00
1.524624874815344810e+00
1.511654518079012632e+00
1.685937816277146339e+00
1.496557377744466066e+00
1.453329672571271658e+00
1.410256057046353817e+00
1.385950373951345682e+00
1.432727405801415443e+00
1.496626327745616436e+00
1.405316799879074097e+00
1.203037215862423182e+00
1.241073035635054111e+00
1.281880808994174004e+00
1.371537337079644203e+00
1.358298557810485363e+00
1.467250220943242311e+00
1.512842068914324045e+00
1.356102505698800087e+00
1.329594292212277651e+00
1.333205854985862970e+00
1.326990138273686171e+00
1.603720356710255146e+00
1.450271227862685919e+00
1.956435128115117550e+00
1.479509346187114716e+00
1.314178711734712124e+00
1.245139221195131540e+00
1.229900761041790247e+00
1.264217127114534378e+00
1.301220713183283806e+00
1.216982164885848761e+00
1.192371153272688389e+00
1.314145250711590052e+00
1.333862717263400555e+00
1.444599361158907413e+00
1.361066191922873259e+00
1.436524621210992336e+00
1.263909664936363697e+00
1.450267889071255922e+00
1.270251923706382513e+00
1.416717073880136013e+00
1.358713118825107813e+00
1.366469298955053091e+00
1.271079214755445719e+00
1.432685366366058588e+00
1.471440466120839119e+00
1.313566530123353004e+00
1.338611953891813755e+00
1.507625562138855457e+00
1.301325954962521791e+00
1.413655309937894344e+00
1.253108520992100239e+00
1.261543491855263710e+00
1.354846943169832230e+00
1.367606771178543568e+00
1.282166529912501574e+00
1.427231637760996819e+00
1.445026401896029711e+00
1.356662695761770010e+00
1.309561824891716242e+00
1.409917216282337904e+00
1.389659939333796501e+00
1.451308459974825382e+00
1.325947545934468508e+00
1.418980828020721674e+00
1.329858081880956888e+00
1.321388500276952982e+00
1.275883641093969345e+00
1.172751807142049074e+00
