9.289328083395957669e-02
8.859637789428234655e-02
8.705547302961350042e-02
8.736353963613510687e-02
8.492275439202785769e-02
8.735056743025779169e-02
8.431272581219673157e-02
8.201463744044304449e-02
7.675173915922642309e-02
7.393738776445388239e-02
7.571436315774918158e-02
7.432771883904934485e-02
7.368483692407608310e-02
7.556841187179089148e-02
7.811955809593200406e-02
7.912927754223346433e-02
7.851107753813266199e-02
7.630838267505168915e-02
7.367011457681656161e-02
7.357453368604183197e-02
7.343386709690094549e-02
7.204357646405697146e-02
7.240988165140152533e-02
7.302180901169777472e-02
7.287808097898959558e-02
7.271910980343818109e-02
7.182111293077468595e-02
7.189674712717533667e-02
7.142332717776297968e-02
7.128014937043189447e-02
7.101153768599033356e-02
7.118896506726742068e-02
7.178901471197604578e-02
7.180930599570274631e-02
7.219521664083003443e-02
7.092947773635387143e-02
7.078015878796577176e-02
7.072176225483417511e-02
7.023626714944838922e-02
7.027085833251475733e-02
7.027283236384392062e-02
7.168947048485278806e-02
7.547248564660549719e-02
7.462896145880222598e-02
7.438065633177756708e-02
7.177246734499931335e-02
7.114074937999248505e-02
7.070960775017738620e-02
6.977038532495498380e-02
7.032242119312286099e-02
7.115692682564259131e-02
7.144122049212456305e-02
7.393359839916228970e-02
7.233255133032798212e-02
7.265561223030089777e-02
7.158887982368469793e-02
7.308371961116791327e-02
7.219871692359447479e-02
7.248861342668533325e-02
7.089559547603130341e-02
6.978978030383586884e-02
6.971561573445797522e-02
6.931940652430057526e-02
6.999725773930549899e-02
6.882900670170784274e-02
6.946565322577953616e-02
6.913702450692653378e-02
6.913850568234920779e-02
6.836631111800670069e-02
6.832280978560448248e-02
6.841548830270767489e-02
6.834326796233654300e-02
6.882694475352764407e-02
6.942914091050625403e-02
7.027975618839263361e-02
7.206124849617481787e-02
7.072952203452587128e-02
7.125648967921734134e-02
7.089445926249027252e-02
7.115442417562008182e-02
7.011657878756523410e-02
7.034495361149310788e-02
6.903937570750713626e-02
6.957948580384254456e-02
6.835242100059986392e-02
6.812998764216900149e-02
6.860262528061866760e-02
6.854254826903342923e-02
6.830480918288231451e-02
6.934981122612952908e-02
6.826127171516419012e-02
6.824524290859698694e-02
6.882628276944161017e-02
6.932778507471085150e-02
6.946457438170909604e-02
6.925234533846377771e-02
6.956639625132084170e-02
6.919983886182308475e-02
6.854081973433494290e-02
6.830097362399101257e-02
6.870582997798919955e-02
6.908917650580406744e-02
6.884377934038639346e-02
6.745042763650417605e-02
6.841902732849121371e-02
6.880426555871962946e-02
6.807268410921096802e-02
6.858047395944595614e-02
7.001388445496559143e-02
6.967855654656887610e-02
7.381847612559795657e-02
7.133300118148326596e-02
7.099801637232303064e-02
6.940076574683189115e-02
6.900751292705535611e-02
6.813679039478301447e-02
6.775374673306941431e-02
6.800293475389480868e-02
6.792807988822460730e-02
6.720934025943278711e-02
6.788670346140861234e-02
6.805999800562859137e-02
6.740738265216350555e-02
6.755846925079822540e-02
6.990934237837791165e-02
6.833011433482169550e-02
6.709876507520676214e-02
6.785637438297272006e-02
6.731447167694568079e-02
6.963384114205836695e-02
7.201708629727363031e-02
7.299299947917461950e-02
7.029559351503848752e-02
6.829750314354895990e-02
7.001545950770378390e-02
6.930802240967751104e-02
6.970023550093173981e-02
6.804747618734836856e-02
6.849193237721920569e-02
6.944208778440952301e-02
7.246453054249286929e-02
7.109162844717502316e-02
7.112065441906452457e-02
6.983121186494826993e-02
6.734251752495765131e-02
6.825727298855781278e-02
6.929538436233997900e-02
6.985320746898651678e-02
6.970409639179706018e-02
7.196979373693465631e-02
6.889962740242480677e-02
6.783404275774955472e-02
6.838005036115646362e-02
6.787610687315463742e-02
6.752329468727111261e-02
6.697955206036568243e-02
6.770429871976375857e-02
6.761976331472396851e-02
6.778528615832328519e-02
6.722853966057300290e-02
6.788771077990532476e-02
6.736485622823237818e-02
6.657675392925739566e-02
6.799160651862620752e-02
6.704925447702407559e-02
6.758052818477153223e-02
6.799777224659919739e-02
6.735593006014824191e-02
6.853079162538051883e-02
6.810580454766750058e-02
6.907938942313193720e-02
6.854409687221049707e-02
6.875778362154960632e-02
6.836656294763088226e-02
6.893024109303950986e-02
6.674349904060364325e-02
6.723472289741039276e-02
6.799018606543541510e-02
6.931339241564274389e-02
6.880650222301483432e-02
6.826882287859917242e-02
6.756760776042938788e-02
6.746543347835540216e-02
6.970769427716731748e-02
6.724323146045207977e-02
6.799152866005897522e-02
6.773769035935402194e-02
6.750346794724464139e-02
6.691256202757359106e-02
6.772880777716636103e-02
6.894542090594768524e-02
6.699962951242924292e-02
6.726673021912574213e-02
6.725239716470240992e-02
6.710770763456821997e-02
6.812192350625992376e-02
7.040417492389679233e-02
6.940657757222652713e-02
7.096491754055023193e-02
6.811967492103576660e-02
6.738467477262019556e-02
6.740119829773902338e-02
6.716907992959023077e-02
6.726319193840027411e-02
6.677308864891529083e-02
6.713416576385497492e-02
6.672138758003712256e-02
6.722809709608554285e-02
6.648462973535060327e-02
6.651956737041472834e-02
6.715890951454639435e-02
6.622749567031860352e-02
6.736463420093059817e-02
6.785902157425879877e-02
6.678045392036438543e-02
6.867078505456447601e-02
6.836742274463177005e-02
6.714871190488339026e-02
6.724565587937832156e-02
6.747992895543575287e-02
6.657327376306057531e-02
6.627505496144295294e-02
6.609510369598865787e-02
6.702941767871380130e-02
6.705635935068129938e-02
6.858123652637004852e-02
6.877270974218845090e-02
7.056950591504573822e-02
6.926258653402328491e-02
6.718045957386493960e-02
6.729011498391627988e-02
6.683956645429134369e-02
6.676864661276341040e-02
6.725997813045977991e-02
6.726421639323235113e-02
6.911702826619148254e-02
6.910088472068309784e-02
6.923792101442813318e-02
6.819022819399833679e-02
6.724098883569240570e-02
6.743746399879455011e-02
6.719055734574794214e-02
6.697756275534630377e-02
6.625031307339668274e-02
6.581288054585457403e-02
6.554191038012505133e-02
6.774118840694427768e-02
6.621055901050568182e-02
6.660561151802539548e-02
6.629707776010036746e-02
6.612718030810356418e-02
6.704645082354546148e-02
6.598701551556587774e-02
6.573046594858170111e-02
6.619053483009337824e-02
6.574000753462314051e-02
6.651702858507632654e-02
6.727982871234416962e-02
6.654748171567917425e-02
6.824486888945102692e-02
7.157298028469086248e-02
6.908129453659057895e-02
6.757700741291046420e-02
6.748738922178745825e-02
6.657519340515136164e-02
6.681704968214034757e-02
6.625011116266250888e-02
6.605378910899162292e-02
6.592763811349869330e-02
6.603092066943645755e-02
6.651694439351558963e-02
6.687523350119591037e-02
6.660152301192283353e-02
6.675995513796806335e-02
6.704984270036221106e-02
6.594426780939102728e-02
6.742991656064986628e-02
6.597899422049521845e-02
6.813494563102721890e-02
6.616307757794856470e-02
6.755479834973812658e-02
6.705233380198478976e-02
6.734077110886574347e-02
6.674237027764320929e-02
6.694568432867527286e-02
6.851540319621562958e-02
6.635716855525970737e-02
6.653042770922183713e-02
6.676967479288578589e-02
6.731614172458648404e-02
6.686672382056713104e-02
6.626098863780498227e-02
6.596636995673180182e-02
6.739730313420295993e-02
6.579416394233703058e-02
6.598099358379841406e-02
6.679145507514476499e-02
6.774624139070510587e-02
6.723273247480392178e-02
6.705831028521061499e-02
6.780980937182903845e-02
6.825849413871765137e-02
6.692793816328049261e-02
6.613884828984736841e-02
6.614318937063216886e-02
6.708120927214622498e-02
6.666395068168640137e-02
6.599260792136192599e-02
6.680032052099704742e-02
6.620537862181663513e-02
6.693986877799033841e-02
6.613913923501968384e-02
6.644882559776306430e-02
6.614803783595561704e-02
6.628582663834095556e-02
6.767047606408596594e-02
6.635669320821761807e-02
6.791416220366955359e-02
6.641203425824641904e-02
6.587604321539401731e-02
6.640043668448925018e-02
6.740281619131564816e-02
6.666941046714783270e-02
6.589804254472256262e-02
6.662018895149231235e-02
6.605343371629715521e-02
6.784961521625518244e-02
6.662453189492226202e-02
6.607626155018805902e-02
6.786293908953666687e-02
6.643018275499343317e-02
6.591827161610126773e-02
6.610438637435436804e-02
6.713408455252647955e-02
6.669186241924762726e-02
6.550572589039801996e-02
6.625451818108558932e-02
6.595651656389237005e-02
6.609428562223911008e-02
6.584795899689196985e-02
6.596049554646014890e-02
6.578029841184615534e-02
6.618542373180388849e-02
6.751605458557605188e-02
6.760372705757618228e-02
6.675005964934825620e-02
6.733414717018604279e-02
6.609978713095188141e-02
6.681124418973923007e-02
6.619788780808448514e-02
6.715457178652287085e-02
6.674798764288425446e-02
6.642495617270469110e-02
6.623093336820602695e-02
6.600252203643322546e-02
6.638244315981864374e-02
6.552698165178298673e-02
6.599777229130268652e-02
6.609485708177090246e-02
6.589176282286643427e-02
6.672637239098548612e-02
6.562657020986080447e-02
6.593041494488716125e-02
6.591746993362904150e-02
6.664318591356277466e-02
6.507932543754577082e-02
6.544396467506885529e-02
6.610876545310021002e-02
6.614228561520577032e-02
6.873228102922439298e-02
6.736537627875804901e-02
6.626245416700840551e-02
6.616852730512619296e-02
6.614899002015590945e-02
6.675842441618443091e-02
6.682961918413639346e-02
6.672801226377486628e-02
6.661239601671695154e-02
6.647446453571319303e-02
6.561742797493934354e-02
6.566070392727851868e-02
6.609310656785964688e-02
6.608173884451389035e-02
6.615073755383490961e-02
6.576032862067222873e-02
6.539933271706104001e-02
6.646913737058639249e-02
6.641756370663642883e-02
6.673038005828857422e-02
6.608466021716594141e-02
6.591110229492187778e-02
6.573820896446705420e-02
6.578282527625560483e-02
6.693453043699264249e-02
6.595251746475697119e-02
6.601948589086532870e-02
6.580797508358955661e-02
6.577815264463424128e-02
6.515158526599407196e-02
6.542779505252838135e-02
6.722098141908645907e-02
6.640934348106383722e-02
6.564176380634308139e-02
6.629656329751014432e-02
6.477000154554843347e-02
6.489692330360412320e-02
6.614372618496418277e-02
6.676742993295192719e-02
6.626551263034344275e-02
6.520758196711540222e-02
6.542665250599384585e-02
6.609341390430926999e-02
6.538005843758583346e-02
6.550657264888286313e-02
6.582553945481776914e-02
6.501466296613216123e-02
6.552076414227485379e-02
6.577049829065799436e-02
6.562662720680237372e-02
6.644758209586143494e-02
6.725443676114081781e-02
6.579327769577503204e-02
6.622540466487407407e-02
6.593321897089481076e-02
6.666786074638367254e-02
6.680374853312968930e-02
6.554193384945392054e-02
6.603881940245628912e-02
6.618935093283653814e-02
6.596897505223750513e-02
6.574093773961067755e-02
6.488168984651565552e-02
6.616076789796351831e-02
6.577331870794296542e-02
6.583577245473862249e-02
6.442699581384658813e-02
6.556081697344780246e-02
6.545168720185756683e-02
6.591995209455489557e-02
6.707414574921130579e-02
6.563193947076798040e-02
6.639189124107361395e-02
6.557725779712200720e-02
6.535777002573013583e-02
6.559319011867045801e-02
6.536469273269177038e-02
6.480481810867785852e-02
6.505229696631431580e-02
6.498457305133342743e-02
6.607567779719829282e-02
6.589372456073760986e-02
6.505878418684005182e-02
6.551501974463462552e-02
6.670489758253098089e-02
6.702862679958343506e-02
6.654349863529204767e-02
6.581268757581711093e-02
6.519606411457061490e-02
6.614322848618030271e-02
6.493935137987136286e-02
6.606955826282501221e-02
6.533039435744285306e-02
6.617562323808670599e-02
6.529997363686561307e-02
6.515715196728706637e-02
6.584630496799945276e-02
6.508817709982395172e-02
6.531814634799956720e-02
6.505137160420418341e-02
6.599821932613850195e-02
6.499759741127490720e-02
6.587755940854549130e-02
6.533722095191478452e-02
6.515410691499709528e-02
6.731755733489989957e-02
6.560671143233776093e-02
6.640190593898295801e-02
6.521644555032253543e-02
6.542552523314952573e-02
6.582111753523349484e-02
6.491771303117274683e-02
6.562328003346920569e-02
6.478588059544562738e-02
6.503282971680164615e-02
6.586140841245650968e-02
6.463986784219741266e-02
6.607987657189369479e-02
6.492876559495926181e-02
6.533867977559566775e-02
6.483180299401283819e-02
6.581354364752770025e-02
6.432993300259112757e-02
6.497684195637702664e-02
6.521981321275234500e-02
6.569462344050407132e-02
6.580924838781357367e-02
6.586136035621166507e-02
6.598626859486103613e-02
6.507652960717677515e-02
6.464114896953106204e-02
6.511507071554660520e-02
6.511657573282718381e-02
6.509688273072242182e-02
6.628840938210486811e-02
6.568475924432277957e-02
6.447968035936355036e-02
6.509509421885013858e-02
6.575302407145500183e-02
6.499919146299362738e-02
6.472596190869808752e-02
6.481025889515876215e-02
6.447748392820358554e-02
6.516973972320556918e-02
6.485011875629424771e-02
6.469912379980087558e-02
6.535483710467815399e-02
6.429556086659431180e-02
6.798897795379162112e-02
6.539203114807605466e-02
6.545747630298137665e-02
6.596015840768813809e-02
6.544909067451953888e-02
6.539556346833705347e-02
6.618571504950523932e-02
6.548875458538531980e-02
6.576341539621352594e-02
6.637107953429222107e-02
6.523047797381878454e-02
6.516122482717037756e-02
6.548348218202590387e-02
6.519380956888198853e-02
6.548274829983710688e-02
6.495039090514183322e-02
6.462335623800755102e-02
6.456017121672630310e-02
6.544225774705410281e-02
6.611292250454425812e-02
6.462400928139686029e-02
6.425753682851791104e-02
6.491651833057403287e-02
6.523701660335064212e-02
6.517809703946113309e-02
6.477083750069141665e-02
6.429948583245277682e-02
6.478171870112418851e-02
6.538651436567306796e-02
6.516079753637313288e-02
6.502946540713309964e-02
6.489912010729312342e-02
6.455537937581538876e-02
6.450383104383945743e-02
6.564058475196361819e-02
6.475732624530791681e-02
6.573643013834953863e-02
6.461127214133739749e-02
6.427279524505138952e-02
6.464013867080212195e-02
6.445220112800598145e-02
6.462617143988609592e-02
6.501864604651927393e-02
6.447268426418303888e-02
6.480493210256099701e-02
6.479253098368645269e-02
6.516267694532870691e-02
6.452938392758370001e-02
6.425779052078724185e-02
6.463633105158805847e-02
6.531651467084884088e-02
6.486730724573135098e-02
6.559066437184810083e-02
6.419139094650745669e-02
6.457380093634128293e-02
6.464526392519473474e-02
6.484398543834686557e-02
6.416935026645660678e-02
6.548588760197163183e-02
6.450380571186542511e-02
6.420797854661941528e-02
6.515063196420670111e-02
6.427687034010887146e-02
6.471536234021187106e-02
6.467455215752124231e-02
6.409941539168358127e-02
6.394575051963329038e-02
6.701432280242443362e-02
6.578525118529796045e-02
6.585636176168918610e-02
6.530756652355193537e-02
6.395755819976330081e-02
6.470918580889702121e-02
6.431959383189678192e-02
6.466373316943645200e-02
6.381431706249714175e-02
6.413076072931289673e-02
6.340992040932177942e-02
6.376399956643581668e-02
6.462105773389340002e-02
6.441210024058818817e-02
6.545315980911255160e-02
6.457651220262050629e-02
6.394301205873489935e-02
6.403225772082805911e-02
6.418522745370865146e-02
6.370770707726478022e-02
6.480712220072745722e-02
6.431162431836127957e-02
6.460474878549575528e-02
6.571946106851100922e-02
6.429095268249511441e-02
6.518317908048629206e-02
6.466432139277458746e-02
6.454194299876689356e-02
6.499774716794490259e-02
6.418609358370304385e-02
6.434455625712871829e-02
6.435388885438442230e-02
6.359807625412941534e-02
6.559321917593478879e-02
6.413162834942340296e-02
6.480513177812100012e-02
6.563915498554706573e-02
6.402414999902247827e-02
6.510873883962631226e-02
6.412051469087601263e-02
6.381031200289725980e-02
6.427556052803992670e-02
6.393527351319790164e-02
6.434942446649075110e-02
6.548429839313030243e-02
6.466015912592411319e-02
6.470070742070674341e-02
6.382222883403301794e-02
6.397616788744926730e-02
6.433367021381855566e-02
6.398060321807860773e-02
6.384460851550102789e-02
6.368497572839260101e-02
6.465201042592524927e-02
6.394064798951148987e-02
6.417106762528419772e-02
6.445210725069046298e-02
6.432413160800934393e-02
6.430078782141208926e-02
6.490151397883892059e-02
6.391432955861091336e-02
6.471114270389080603e-02
6.421972438693046570e-02
6.513310670852660855e-02
6.420063525438308993e-02
6.436217203736305237e-02
6.480109840631484430e-02
6.452646441757678430e-02
6.385642215609550754e-02
6.441499181091785153e-02
6.442055962979793826e-02
6.421854160726070404e-02
6.381158977746963223e-02
6.420996300876140317e-02
6.448545828461646479e-02
6.531957723200321198e-02
6.477966159582138062e-02
6.437687277793884000e-02
6.384044438600540439e-02
6.507445722818375189e-02
6.491274312138557712e-02
6.440948136150836945e-02
6.482266411185264032e-02
6.377129293978214819e-02
6.412750072777270716e-02
6.384234502911567688e-02
6.369630321860313138e-02
6.497651934623718817e-02
6.435158215463161746e-02
6.614779643714427393e-02
6.412501111626625616e-02
6.353084035217762549e-02
6.491342857480049411e-02
6.477080844342708588e-02
6.465897299349307459e-02
6.474507115781306943e-02
6.383985430002211969e-02
6.365607753396033963e-02
6.329725570976733884e-02
6.386222764849662503e-02
6.381139233708381375e-02
6.533700898289680759e-02
6.442615166306495111e-02
6.386361643671989441e-02
6.430087275803089697e-02
6.378611214458942968e-02
6.412909403443337042e-02
6.398438401520252505e-02
6.406430751085281927e-02
6.561140194535255987e-02
6.437223292887210568e-02
6.351400539278984070e-02
6.326166428625583371e-02
6.459639891982078830e-02
6.343538053333759585e-02
6.365621797740458887e-02
6.365868411958217066e-02
6.448330953717232306e-02
6.404961086809635162e-02
6.367019377648830414e-02
6.404212750494479856e-02
6.465537883341312964e-02
6.384055651724337976e-02
6.322402656078338068e-02
6.422802768647670191e-02
6.431770361959934790e-02
6.349979266524315158e-02
6.345122233033180514e-02
6.385618858039379675e-02
6.376283727586269656e-02
6.417745463550091067e-02
6.367693059146403711e-02
6.394737809896469671e-02
6.406270004808903296e-02
6.436909809708594998e-02
6.384123750030994138e-02
6.338395699858664911e-02
6.356997452676296789e-02
6.433029770851135531e-02
6.410355605185032168e-02
6.451947651803494055e-02
6.436831727623940069e-02
6.424939632415771484e-02
6.365512460470199030e-02
6.463505066931247989e-02
6.372973509132862091e-02
6.338512375950813849e-02
6.360350213944912512e-02
6.350397020578384122e-02
6.350275129079818726e-02
6.409042105078696649e-02
6.391008645296096524e-02
6.387481428682803553e-02
6.491941809654236395e-02
6.399745605885982791e-02
6.424542702734470367e-02
6.450024209916591089e-02
6.376262381672859192e-02
6.379104331135750094e-02
6.356157436966895780e-02
6.399104036390781958e-02
6.369300484657287875e-02
6.396636217832565863e-02
6.488285847008228024e-02
6.387221291661263067e-02
6.463353112339972895e-02
6.372660920023917597e-02
6.337750963866710385e-02
6.357942558825016577e-02
6.361796744167805273e-02
6.365215145051479617e-02
6.408375203609466275e-02
6.327051557600497922e-02
6.342057809233665744e-02
6.338622570037841242e-02
6.283212527632713040e-02
6.351225897669791898e-02
6.340414211153984347e-02
6.337614841759205142e-02
6.407988332211971005e-02
6.424365602433682043e-02
6.414466388523579199e-02
6.362154893577098846e-02
6.407710798084735593e-02
6.401113085448742468e-02
6.353491432964801511e-02
6.364263333380222598e-02
6.351927071809768122e-02
6.420342624187469482e-02
6.392267942428589422e-02
6.335405297577381689e-02
6.315934024751186648e-02
6.373068764805793485e-02
6.451615281403064173e-02
6.366626806557178220e-02
6.332032270729541501e-02
6.347155757248401642e-02
6.358024142682552893e-02
6.447193138301372806e-02
6.353229731321334561e-02
6.385085992515086850e-02
6.384038440883159360e-02
6.349416598677634638e-02
6.386267878115177432e-02
6.387165710330008905e-02
6.331370510160923282e-02
6.301407143473625183e-02
6.313308589160442075e-02
6.286045238375663480e-02
6.338562294840813238e-02
6.435933336615562439e-02
6.349773034453391751e-02
6.376925669610500336e-02
6.460590586066246310e-02
6.321618631482124606e-02
6.351064220070838651e-02
6.356801912188529691e-02
6.385302804410457334e-02
6.316691078245639801e-02
6.383187584578990659e-02
6.364767886698245725e-02
6.335866264998912811e-02
6.343563161790370664e-02
6.434750780463219244e-02
6.463084965944290716e-02
6.407230347394943237e-02
6.389059200882911405e-02
6.342455446720123013e-02
6.342920698225498755e-02
6.379769444465636929e-02
6.381887793540955145e-02
6.345673389732837955e-02
6.305518113076687137e-02
6.330271027982234400e-02
6.348426379263401309e-02
6.404166035354137698e-02
6.381647102534770966e-02
6.365461535751819333e-02
6.463065631687640866e-02
6.308247670531272333e-02
6.317874342203140536e-02
6.329185999929905215e-02
6.364466287195683081e-02
6.357806436717509946e-02
6.330602020025252741e-02
6.356013044714928228e-02
6.402126923203468878e-02
6.328214854001998346e-02
6.386654451489448547e-02
6.325576342642307004e-02
6.393007710576056879e-02
6.297142356634140292e-02
6.306041814386845190e-02
6.401913352310657779e-02
6.359705403447150907e-02
6.353565640747546595e-02
6.401758193969726840e-02
6.353761516511440000e-02
6.304552443325520117e-02
6.386334113776684362e-02
6.355277933180332461e-02
6.313183531165122986e-02
6.336134523153305609e-02
6.403473094105720242e-02
6.302648708224296847e-02
6.400333158671855927e-02
6.346944794058799466e-02
6.306674517691135406e-02
6.306189037859440127e-02
6.319352462887764532e-02
6.310205645859241763e-02
6.387124210596084595e-02
6.301141045987605771e-02
6.295758597552776614e-02
6.381524316966533106e-02
6.380533277988434393e-02
6.341424211859703064e-02
6.387466229498386938e-02
6.354231499135494510e-02
6.346091814339160919e-02
6.307501420378684720e-02
6.296115778386593420e-02
6.283159255981445035e-02
6.287306025624275763e-02
6.324277073144912720e-02
6.323781460523605902e-02
6.349095553159714300e-02
6.368923336267470758e-02
6.324362009763717651e-02
6.345191784203052521e-02
6.450004503130912781e-02
6.277313306927681524e-02
6.430895887315273007e-02
6.338000893592835028e-02
6.389952227473258417e-02
6.310099214315414984e-02
6.364428065717220306e-02
6.398577056825160980e-02
6.431649699807166776e-02
6.344147510826587955e-02
6.425864771008490961e-02
6.357465274631976526e-02
6.275472827255726416e-02
6.303807422518729886e-02
6.278748922049999515e-02
6.316319853067398071e-02
6.362115330994129458e-02
6.286956369876861572e-02
6.533117778599262238e-02
6.353536918759346286e-02
6.375818178057671148e-02
6.360999494791030884e-02
6.471653208136558810e-02
6.292259171605110724e-02
6.298711448907852450e-02
6.316223144531249445e-02
6.454611644148826322e-02
6.413787268102169592e-02
6.327329054474831183e-02
6.469932645559310636e-02
6.323965787887572687e-02
6.368922814726829529e-02
6.313436925411224088e-02
6.348670572042465488e-02
6.359345093369483948e-02
6.320470310747623721e-02
6.340174525976180475e-02
6.379014886915683469e-02
6.372006870806216916e-02
6.426470018923283178e-02
6.361430771648883542e-02
6.277512460947036466e-02
6.313395500183105469e-02
6.338044852018356878e-02
6.368604153394699652e-02
6.336266733705997467e-02
6.321723647415637692e-02
6.331430748105049133e-02
6.292088404297828397e-02
6.333458982408046722e-02
6.384322084486485083e-02
6.317901238799095154e-02
6.374476365745067319e-02
6.330214813351631165e-02
6.370326764881610593e-02
6.285870410501956385e-02
6.333206743001937311e-02
6.296570152044296542e-02
6.400552317500114718e-02
6.346801109611988068e-02
6.344626843929290771e-02
6.278087981045246679e-02
6.321928873658180792e-02
6.303146332502365667e-02
6.307694241404533664e-02
6.288108527660370151e-02
6.420442797243594568e-02
6.302183233201504031e-02
6.300994008779525757e-02
6.288778632879257757e-02
6.313686519861221036e-02
6.349315196275710782e-02
6.345429457724094391e-02
6.319679804146290103e-02
6.287287510931491297e-02
6.346429139375686646e-02
6.316355541348457614e-02
6.413432732224463861e-02
6.398877874016761780e-02
6.345526836812495630e-02
6.386549621820450384e-02
6.362981013953686316e-02
6.292917765676975250e-02
6.344795003533362787e-02
6.306545063853263855e-02
6.352385878562927246e-02
6.367223970592021665e-02
6.306973919272422513e-02
6.400734372437000275e-02
6.329146996140480597e-02
6.313294358551502228e-02
6.352008618414402286e-02
6.366717629134654999e-02
6.336116604506969452e-02
6.340314745903015414e-02
6.394621990621089658e-02
6.311743445694446841e-02
6.329010277986527044e-02
6.396133340895175656e-02
6.338532678782940466e-02
6.285170800983905237e-02
6.298626214265823364e-02
6.310260742902755460e-02
6.369885914027691165e-02
6.309434399008750916e-02
6.367780379951000491e-02
6.297637075185776034e-02
6.406072303652762812e-02
6.298933103680610934e-02
6.533934138715266626e-02
6.333634704351424893e-02
6.338318474590778906e-02
6.305096745491027554e-02
6.310294084250926694e-02
6.355591863393783569e-02
6.313266307115554532e-02
6.292609311640262604e-02
6.302960105240344724e-02
6.307159401476383764e-02
6.331113800406455716e-02
6.326790340244770050e-02
6.388432495296000879e-02
6.398731544613837918e-02
6.341576129198074618e-02
6.429930254817009527e-02
6.301989443600178320e-02
