1.001491320133209184e+00
9.098228812217712402e-01
9.442126512527465598e-01
9.487233161926269531e-01
8.848714590072631614e-01
9.129732787609100564e-01
8.953789710998535378e-01
8.276096701622008833e-01
8.367935419082641602e-01
8.197643339633942094e-01
8.182565331459045188e-01
8.415129005908965620e-01
8.045689880847930464e-01
8.999144494533538596e-01
8.781115114688873291e-01
9.180792391300200972e-01
8.642351627349853516e-01
8.194407403469086137e-01
8.066246330738067183e-01
8.110203444957733154e-01
8.150114238262176070e-01
7.786262214183807817e-01
8.082567811012267844e-01
8.241308927536010742e-01
7.882842719554901123e-01
7.819662153720855491e-01
7.853392243385315385e-01
7.716925919055939165e-01
7.911042392253875288e-01
7.698925077915191872e-01
7.803876698017120361e-01
7.920670449733734353e-01
8.242338001728057861e-01
8.433542251586914062e-01
7.747010886669158936e-01
7.839072763919829878e-01
7.709691584110259788e-01
7.701294183731078880e-01
7.639360964298248513e-01
7.612842142581939253e-01
7.959237456321716087e-01
8.324373900890350564e-01
8.745846331119537798e-01
8.337225794792175737e-01
8.023850917816162109e-01
7.757767677307129128e-01
7.711927354335784690e-01
7.656225442886352983e-01
7.887678623199463335e-01
7.844346225261688010e-01
7.901739180088043213e-01
8.248684465885162131e-01
8.500893831253051314e-01
8.216239929199218306e-01
8.165724635124206321e-01
8.061791539192200151e-01
8.228694021701812300e-01
8.048363387584686057e-01
7.789326965808868186e-01
7.974199116230010764e-01
7.816585481166840044e-01
7.729156911373138428e-01
8.006548166275024858e-01
7.723905086517334206e-01
7.642076492309570757e-01
7.755357027053833008e-01
7.700611412525176780e-01
7.764387965202331765e-01
7.827835083007812500e-01
7.615321099758147749e-01
7.562064945697783980e-01
7.575528025627136230e-01
7.589417755603790061e-01
7.815676391124725120e-01
8.469605386257171853e-01
8.237174093723297341e-01
8.293865382671355979e-01
7.974344432353973611e-01
8.085691869258880837e-01
7.965184867382049116e-01
7.948227286338805930e-01
7.797949016094207764e-01
7.678819000720977783e-01
7.846370041370391846e-01
7.694258213043212447e-01
7.717914402484893355e-01
7.711422502994537131e-01
7.615491569042205366e-01
7.631327450275421365e-01
7.978715777397156206e-01
7.625235974788665549e-01
7.811236202716826948e-01
7.793721079826354536e-01
7.806527674198150413e-01
7.682862222194671853e-01
7.656706213951111062e-01
7.648041367530822310e-01
7.615320920944214089e-01
7.626823842525481956e-01
7.626318097114562766e-01
7.840912878513336404e-01
8.066908419132232666e-01
7.618150770664214866e-01
7.629176795482635054e-01
7.656123280525207742e-01
7.665861845016479492e-01
7.633381128311157449e-01
7.897283434867858887e-01
8.028820514678954856e-01
8.286363005638122115e-01
8.496049821376800981e-01
8.238928258419037087e-01
7.765754401683807595e-01
7.655288338661193626e-01
7.639049530029297097e-01
7.642188787460326704e-01
7.615339279174804243e-01
7.574385643005371316e-01
7.615640461444854736e-01
7.938679516315459983e-01
7.680340528488158736e-01
7.616051197052001731e-01
7.561204016208649126e-01
7.575449407100677268e-01
7.688470184803009033e-01
7.786166846752167192e-01
7.588787496089934859e-01
7.582747042179107666e-01
7.844087958335876909e-01
8.170052170753479004e-01
8.362057566642761008e-01
8.110818326473235862e-01
8.230455100536346880e-01
7.863905251026153120e-01
7.951684355735778587e-01
7.939188241958617942e-01
7.813190758228302224e-01
7.793431758880615678e-01
8.019316077232361284e-01
8.226204514503479004e-01
8.515028834342956987e-01
7.866955459117889182e-01
7.725910902023315208e-01
7.726477622985840066e-01
7.779770433902740701e-01
8.109034121036529097e-01
8.330917537212372270e-01
8.036332190036773460e-01
8.559177637100219282e-01
8.174709737300872581e-01
7.759664714336395042e-01
7.644095778465270774e-01
7.814034700393677202e-01
7.728405296802520752e-01
7.679931998252869096e-01
7.541134715080261008e-01
7.645980298519134966e-01
7.586658477783203569e-01
7.586894512176514116e-01
7.622259974479674849e-01
7.653930604457854781e-01
7.736263155937195268e-01
7.572490632534026878e-01
7.726820707321166992e-01
7.565405964851379395e-01
7.634112715721130815e-01
7.638616681098937544e-01
7.739579439163207786e-01
7.823192477226257324e-01
8.017494380474090576e-01
8.021513879299163596e-01
7.828620314598083718e-01
7.680453658103942871e-01
7.709532439708709495e-01
7.871325254440307839e-01
7.569191157817840576e-01
7.696096897125244141e-01
7.661245942115784135e-01
8.003693819046020508e-01
7.938598513603210005e-01
7.653011262416840044e-01
7.742699861526489702e-01
7.948651492595673052e-01
7.875531852245331033e-01
7.735280513763427290e-01
7.748871088027954324e-01
7.843695521354675515e-01
7.844739973545074019e-01
7.632903933525085893e-01
7.724903166294098122e-01
7.701927483081817405e-01
7.732887029647826926e-01
7.719949424266815408e-01
7.799157381057739702e-01
7.565310537815094216e-01
7.680308938026427779e-01
8.020301520824432151e-01
8.197349309921264648e-01
8.099527001380920632e-01
7.876588284969330278e-01
7.783962428569793923e-01
7.582020580768584761e-01
7.618010878562927468e-01
7.609990715980530229e-01
7.672731816768646462e-01
7.640437781810760498e-01
7.612060248851776345e-01
7.663593649864196555e-01
7.589652240276336670e-01
7.680714190006255881e-01
7.606976509094238725e-01
7.582299172878265159e-01
7.590328872203826460e-01
7.650229275226593240e-01
7.631335496902466042e-01
7.725059390068054199e-01
7.965420246124267356e-01
7.687069892883300337e-01
7.733270525932312012e-01
7.753882467746734397e-01
7.586793243885040505e-01
7.552765250205993874e-01
7.543103694915771484e-01
7.771413445472716841e-01
7.948110044002533181e-01
7.941144168376922385e-01
7.945761620998382790e-01
7.760216236114502175e-01
7.834545552730560747e-01
7.668045580387115034e-01
7.724449276924133523e-01
7.611572027206421343e-01
7.650266647338866965e-01
7.662941813468933105e-01
8.069299519062042014e-01
8.048812627792358843e-01
8.024165511131287065e-01
8.004811227321624312e-01
7.798786759376525879e-01
7.596820592880249023e-01
7.678914070129394531e-01
7.576339364051818404e-01
7.533416926860809770e-01
7.532345950603485107e-01
7.593299388885498269e-01
7.508548557758331077e-01
7.570624530315399614e-01
7.552854657173156960e-01
7.621320068836212602e-01
7.546166121959686501e-01
7.548459708690643533e-01
7.551251828670502153e-01
7.510480523109436257e-01
7.512919306755065918e-01
7.578876554965973122e-01
7.533893942832946555e-01
7.565227210521697776e-01
7.765695452690124512e-01
7.728189826011657715e-01
8.100095987319946289e-01
7.875361502170562522e-01
7.751057326793671098e-01
7.629320681095123069e-01
7.563273072242736594e-01
7.540555953979491965e-01
7.572393894195557085e-01
7.516079306602477805e-01
7.567961990833282915e-01
7.493930160999298096e-01
7.500448584556579368e-01
7.521603584289551225e-01
7.533528089523315874e-01
7.554212570190429465e-01
7.654498577117919700e-01
7.577165782451629195e-01
7.550237298011779341e-01
7.754805505275725874e-01
7.624291896820067915e-01
7.700494229793548584e-01
7.561345458030700462e-01
7.666070759296417236e-01
7.615188241004944292e-01
7.669121384620666282e-01
7.635710775852203591e-01
7.577400803565979004e-01
7.631221950054168923e-01
7.589287936687469927e-01
7.592019557952880415e-01
7.604786098003387673e-01
7.577979624271392600e-01
7.567753732204437478e-01
7.500809729099273682e-01
7.520931303501129372e-01
7.556078553199767622e-01
7.564435124397277388e-01
7.608614206314087136e-01
7.696541011333465354e-01
7.890388667583465576e-01
7.649977803230285645e-01
7.596145451068878618e-01
7.626649081707000954e-01
7.663985073566437212e-01
7.557915925979614702e-01
7.512914180755615456e-01
7.515113949775695801e-01
7.578651726245879683e-01
7.706365942955016868e-01
7.527855515480041948e-01
7.579286932945251687e-01
7.562807977199554887e-01
7.569517374038696733e-01
7.658734560012817605e-01
7.728863954544067383e-01
7.604731321334838867e-01
7.534696519374847190e-01
7.605136692523956077e-01
7.666786849498749001e-01
7.619681239128113237e-01
7.619591891765594704e-01
7.507427990436553733e-01
7.529731452465057151e-01
7.577678620815276878e-01
7.528075754642487016e-01
7.535117983818053755e-01
7.570906221866607888e-01
7.665578544139861616e-01
7.642330825328826904e-01
7.693618535995483398e-01
7.620657384395599365e-01
7.595504581928252952e-01
7.531069874763488547e-01
7.554430365562438965e-01
7.586489379405975120e-01
7.658962547779083474e-01
7.536247968673706055e-01
7.494084417819977251e-01
7.498589873313903365e-01
7.533554494380950706e-01
7.542187988758086714e-01
7.559395909309387651e-01
7.509018063545227495e-01
7.603651762008667436e-01
7.558358252048492654e-01
7.635673344135284202e-01
7.627784371376037376e-01
7.639226853847503884e-01
7.595145463943481223e-01
7.647137522697449175e-01
7.674915373325348344e-01
7.590845882892608421e-01
7.587845623493194580e-01
7.536534190177917036e-01
7.517210662364959273e-01
7.510420739650726096e-01
7.509456694126128706e-01
7.542724072933196799e-01
7.477216184139251487e-01
7.487262845039367454e-01
7.496085524559020774e-01
7.484719157218933105e-01
7.550960421562195046e-01
7.546930968761443870e-01
7.597822010517120139e-01
7.540858030319214089e-01
7.542851805686950906e-01
7.584895849227905051e-01
7.609453737735748513e-01
7.646778643131255659e-01
7.641493797302245650e-01
7.682315528392791304e-01
7.677046418190002219e-01
7.673069000244140403e-01
7.645056486129760964e-01
7.653760552406311257e-01
7.656922996044158714e-01
7.582690775394439475e-01
7.596791028976440652e-01
7.535058021545409934e-01
7.530813336372375044e-01
7.531192541122436745e-01
7.604454159736633301e-01
7.627174794673919900e-01
7.568509578704833984e-01
7.512618780136108843e-01
7.500178575515746848e-01
7.541591584682464378e-01
7.767047226428985818e-01
7.576654851436614990e-01
7.519971132278442383e-01
7.538560271263122781e-01
7.498047947883605957e-01
7.519424200057983620e-01
7.601551234722137007e-01
7.633672118186950462e-01
7.582262814044952171e-01
7.585554718971252441e-01
7.538441002368927446e-01
7.541695117950439897e-01
7.542191445827484131e-01
7.519075870513916016e-01
7.609315574169158714e-01
7.602784156799315962e-01
7.542023479938506636e-01
7.502552866935729980e-01
7.479382038116455522e-01
7.494918584823608843e-01
7.529710054397582564e-01
7.517398536205291970e-01
7.541971147060394509e-01
7.510139584541321023e-01
7.470766067504882590e-01
7.528854072093963401e-01
7.505094170570373313e-01
7.519563972949981911e-01
7.500255644321441872e-01
7.494745194911957009e-01
7.548916995525359885e-01
7.500496864318847434e-01
7.530192553997039351e-01
7.597990810871124712e-01
7.742042243480682373e-01
7.679119586944580522e-01
7.536780178546905740e-01
7.710906445980072466e-01
7.709624588489532027e-01
7.870939671993255615e-01
7.665284097194671187e-01
7.612830698490142822e-01
7.665951907634734885e-01
7.638730227947234663e-01
7.544419884681701216e-01
7.533772826194763406e-01
7.553128063678741233e-01
7.566856384277343972e-01
7.503401398658752219e-01
7.474533796310425249e-01
7.563476204872131570e-01
7.512851417064666526e-01
7.544714987277985063e-01
7.657061517238616943e-01
7.488020122051238792e-01
7.543836832046508789e-01
7.466432631015778032e-01
7.463817894458770752e-01
7.498313665390015093e-01
7.496694922447204590e-01
7.462094187736511008e-01
7.477347075939178023e-01
7.494066774845122847e-01
7.522486507892608421e-01
7.529706478118896040e-01
7.522347509860992654e-01
7.504830062389373779e-01
7.615977585315704124e-01
7.554002344608307107e-01
7.512051284313201460e-01
7.526887655258178711e-01
7.489853262901305930e-01
7.487296342849731889e-01
7.456784963607787642e-01
7.501276791095733421e-01
7.473195672035217729e-01
7.515617728233336958e-01
7.480913341045379861e-01
7.505010724067687766e-01
7.557313024997711626e-01
7.495545983314514382e-01
7.531325936317443404e-01
7.511360943317413330e-01
7.479004263877868652e-01
7.507812261581421343e-01
7.534943222999572754e-01
7.505023598670959029e-01
7.481731891632079634e-01
7.534723460674286333e-01
7.510767281055450439e-01
7.542285084724426047e-01
7.495511949062347856e-01
7.579790949821472168e-01
7.534792661666870339e-01
7.501786887645721658e-01
7.501112401485443559e-01
7.477658987045288086e-01
7.481408119201660156e-01
7.568940520286560059e-01
7.508209943771362305e-01
7.478033125400542769e-01
7.455545961856842041e-01
7.465610325336455855e-01
7.475771486759186235e-01
7.502949655055999312e-01
7.435580492019653320e-01
7.491635382175445557e-01
7.539787173271179643e-01
7.522751510143279585e-01
7.555724263191223589e-01
7.517700493335723877e-01
7.553980469703673872e-01
7.518438041210174783e-01
7.459603786468506081e-01
7.468361318111419456e-01
7.470786809921264870e-01
7.463093757629394309e-01
7.510916948318481223e-01
7.483011603355407271e-01
7.428295969963073508e-01
7.445537388324737771e-01
7.459471642971038374e-01
7.463455557823180930e-01
7.461807548999785933e-01
7.456498682498932107e-01
7.449767470359802690e-01
7.511229813098907471e-01
7.506469488143920898e-01
7.452655911445618120e-01
7.453407287597656472e-01
7.416436016559601052e-01
7.526628911495208962e-01
7.463166356086731179e-01
7.511340558528900591e-01
7.474871933460235374e-01
7.489952325820923296e-01
7.450267910957336648e-01
7.535641372203827348e-01
7.483402073383331743e-01
7.468251645565032737e-01
7.512765169143676980e-01
7.468156099319458452e-01
7.500648558139800803e-01
7.537469327449798362e-01
7.457170963287353960e-01
7.462789356708526833e-01
7.437264978885650413e-01
7.426452815532684770e-01
7.427065432071685569e-01
7.519281685352325884e-01
7.484421670436859353e-01
7.430000603199005127e-01
7.422088325023651345e-01
7.445561468601227251e-01
7.445091366767883079e-01
7.460927248001099077e-01
7.434828281402587891e-01
7.444129347801208274e-01
7.471395194530486839e-01
7.479055166244507058e-01
7.469743371009827104e-01
7.440666973590850386e-01
7.428299009799956831e-01
7.417649030685424805e-01
7.428747117519378662e-01
7.462706804275512917e-01
7.448397696018218550e-01
7.504219830036162886e-01
7.473173320293426958e-01
7.483849644660949263e-01
7.464823305606842485e-01
7.457129001617431863e-01
7.494588196277618408e-01
7.473002910614013894e-01
7.435394227504730225e-01
7.454955220222473367e-01
7.429353356361388938e-01
7.449012935161590798e-01
7.461847424507140891e-01
7.441047370433807595e-01
7.426766633987427202e-01
7.454336345195770042e-01
7.425208985805511475e-01
7.485152840614318626e-01
7.430610299110412820e-01
7.438462376594543457e-01
7.431701242923736128e-01
7.459456205368042436e-01
7.405786633491515669e-01
7.474448323249817117e-01
7.451889753341675027e-01
7.476125955581665039e-01
7.488400459289550337e-01
7.415379583835601807e-01
7.475921094417572466e-01
7.502777218818664773e-01
7.513975918292998823e-01
7.526278376579285112e-01
7.574027776718139648e-01
7.556863367557525857e-01
7.515867888927459939e-01
7.449569106101989746e-01
7.410987198352814165e-01
7.436483204364776611e-01
7.439175963401793990e-01
7.462522804737090620e-01
7.402367770671844927e-01
7.418788373470306396e-01
7.383571326732635276e-01
7.404754161834716797e-01
7.434724748134613481e-01
7.494025766849518044e-01
7.454591214656829390e-01
7.420353829860687478e-01
7.429626286029815674e-01
7.438685774803162065e-01
7.444472968578338401e-01
7.405650258064270242e-01
7.447769999504089133e-01
7.416948437690734641e-01
7.433064520359039529e-01
7.490693509578705278e-01
7.429047703742981401e-01
7.486047089099884255e-01
7.476355433464050293e-01
7.431769311428070290e-01
7.440891563892364502e-01
7.409323751926422119e-01
7.415353238582611528e-01
7.432214021682739258e-01
7.400017261505127397e-01
7.465239763259887695e-01
7.430735945701598677e-01
7.409168004989623579e-01
7.473470211029052956e-01
7.412207782268523948e-01
7.436450004577637163e-01
7.397589564323425737e-01
7.377568185329437256e-01
7.399288177490234153e-01
7.392575502395629661e-01
7.447181820869446245e-01
7.475001394748688188e-01
7.470172941684722900e-01
7.455315589904785156e-01
7.402520239353179710e-01
7.394243121147155984e-01
7.410292744636535200e-01
7.412513136863708718e-01
7.406615674495696799e-01
7.402296185493468794e-01
7.426422953605651411e-01
7.401522755622863547e-01
7.399713218212127241e-01
7.436546802520751509e-01
7.498268067836761919e-01
7.480126738548278365e-01
7.448394775390625444e-01
7.392272055149078369e-01
7.411154747009277566e-01
7.420463144779205766e-01
7.465273797512054221e-01
7.402021706104278120e-01
7.416119396686553511e-01
7.437502801418304221e-01
7.401160418987273726e-01
7.381647050380706343e-01
7.397889792919158936e-01
7.416032314300536887e-01
7.432826161384582520e-01
7.404200792312621848e-01
7.440736711025237593e-01
7.429578959941863792e-01
7.429934084415436013e-01
7.437193930149078591e-01
7.451523244380950928e-01
7.409099400043487327e-01
7.478059113025665727e-01
7.439903318881988525e-01
7.438079655170440896e-01
7.430765688419341819e-01
7.385692179203033891e-01
7.411976933479309526e-01
7.388478815555572510e-01
7.382087171077728049e-01
7.454692006111145464e-01
7.470206081867217796e-01
7.575416743755341020e-01
7.413676977157592773e-01
7.389726579189300759e-01
7.429177939891815630e-01
7.449537813663482666e-01
7.420025706291198953e-01
7.439528167247771995e-01
7.389936864376067671e-01
7.405964076519012673e-01
7.386239826679229514e-01
7.391912102699279563e-01
7.406440258026123491e-01
7.535629689693450484e-01
7.474934816360473411e-01
7.390499413013458252e-01
7.408909738063812478e-01
7.398165702819824441e-01
7.393561065196990745e-01
7.382527709007262740e-01
7.401769161224365234e-01
7.443521201610565630e-01
7.435431361198425737e-01
7.429038166999817339e-01
7.402899980545043501e-01
7.414276182651520219e-01
7.370052218437195268e-01
7.381441295146942139e-01
7.403938472270965576e-01
7.401390492916106734e-01
7.389680087566375954e-01
7.380613565444946733e-01
7.389552354812621848e-01
7.443589448928833452e-01
7.394651949405670610e-01
7.370688199996948686e-01
7.406674802303314653e-01
7.404520153999328835e-01
7.361847400665283425e-01
7.373410880565642866e-01
7.399523198604583962e-01
7.403103172779083030e-01
7.430788516998291238e-01
7.413347005844116433e-01
7.381625056266785112e-01
7.386242508888244407e-01
7.393783271312713845e-01
7.391725897789001021e-01
7.365934312343597190e-01
7.404257118701934592e-01
7.404913306236267090e-01
7.394663631916046365e-01
7.467609167098998579e-01
7.426288247108459029e-01
7.399365842342376931e-01
7.397743284702300581e-01
7.420791268348694292e-01
7.368550002574920654e-01
7.356451392173767312e-01
7.366183161735534446e-01
7.380589187145233376e-01
7.393498361110687478e-01
7.411297082901000532e-01
7.419312417507171187e-01
7.408385634422302024e-01
7.442579090595244917e-01
7.386835634708404097e-01
7.397295773029327615e-01
7.435287177562713845e-01
7.389811933040618674e-01
7.397374331951140913e-01
7.364406466484070268e-01
7.390348255634308083e-01
7.378993093967437522e-01
7.392752408981323464e-01
7.443352997303008811e-01
7.376995563507080522e-01
7.430006206035614236e-01
7.388872563838958518e-01
7.367373466491698997e-01
7.368781566619873047e-01
7.397528171539307085e-01
7.370589792728423628e-01
7.385706126689910445e-01
7.363013029098510742e-01
7.369339287281035933e-01
7.382172822952270952e-01
7.351495862007141335e-01
7.363379836082458718e-01
7.374664604663848655e-01
7.364562273025512251e-01
7.380167186260223611e-01
7.402866065502167192e-01
7.408842980861664040e-01
7.383847892284393089e-01
7.393785417079925537e-01
7.380811572074890137e-01
7.357182204723358154e-01
7.372783839702605757e-01
7.370163381099701372e-01
7.408875763416290505e-01
7.406231880187987837e-01
7.358633637428283469e-01
7.360552668571471724e-01
7.372837603092193826e-01
7.407935798168182595e-01
7.368263542652130349e-01
7.383515834808349609e-01
7.376346647739410178e-01
7.374318897724151389e-01
7.390493750572204590e-01
7.367447376251220481e-01
7.392844438552856889e-01
7.372423112392425537e-01
7.365939617156982422e-01
7.382963895797729492e-01
7.375250220298766868e-01
7.359127879142761675e-01
7.349976420402526411e-01
7.354547679424285889e-01
7.343968987464905007e-01
7.372025907039642112e-01
7.417176783084868941e-01
7.413027822971344216e-01
7.373050451278686523e-01
7.417774617671966109e-01
7.364513456821442094e-01
7.378141999244689497e-01
7.381597638130188432e-01
7.370730876922607644e-01
7.352034866809844527e-01
7.377974748611449973e-01
7.368899881839752197e-01
7.383635580539703591e-01
7.357408761978149192e-01
7.430929422378540483e-01
7.402988553047180620e-01
7.435193061828613281e-01
7.375236570835113081e-01
7.355628430843352827e-01
7.361732780933379905e-01
7.379403710365295410e-01
7.380024969577789751e-01
7.366159915924072044e-01
7.363565087318419966e-01
7.354033768177032915e-01
7.364650964736938477e-01
7.395783245563507524e-01
7.393563985824584961e-01
7.371363461017608198e-01
7.396295905113220437e-01
7.348888218402862549e-01
7.357721507549286333e-01
7.367088794708251953e-01
7.365919709205627219e-01
7.370523393154144731e-01
7.356748104095458540e-01
7.366487741470336692e-01
7.380227982997894509e-01
7.358048439025879350e-01
7.405010700225830300e-01
7.352375090122222900e-01
7.416941285133361594e-01
7.354992389678954856e-01
7.344050288200378862e-01
7.404210031032562034e-01
7.372442424297332986e-01
7.383847236633300781e-01
7.407977581024169922e-01
7.394556760787963645e-01
7.349563300609588401e-01
7.378763675689696822e-01
7.389757752418517622e-01
7.348286509513854980e-01
7.363083302974701150e-01
7.384936451911926492e-01
7.358394205570221169e-01
7.378406882286071555e-01
7.373048007488250954e-01
7.355410695075988992e-01
7.354266226291656938e-01
7.359074652194976807e-01
7.359741270542144997e-01
7.376838028430938721e-01
7.351903796195984331e-01
7.337994575500488281e-01
7.375892162322997825e-01
7.376785933971404807e-01
7.363543987274170366e-01
7.398597359657287376e-01
7.368918061256408691e-01
7.362889230251312700e-01
7.345476031303406206e-01
7.356714904308319092e-01
7.342839896678924339e-01
7.345542550086975320e-01
7.354183495044708252e-01
7.365237116813659890e-01
7.366046011447906494e-01
7.372421979904174583e-01
7.360981285572052446e-01
7.388096928596497026e-01
7.397902905941009521e-01
7.352411806583404319e-01
7.398126244544982466e-01
7.355491399765015093e-01
7.390262484550476074e-01
7.353906393051147239e-01
7.373781383037567583e-01
7.426239848136901855e-01
7.405130863189697266e-01
7.364414811134338823e-01
7.407014191150664839e-01
7.368738532066345659e-01
7.336279034614563432e-01
7.355493366718292014e-01
7.342467427253722700e-01
7.356189072132111040e-01
7.371441602706909624e-01
7.344131767749786377e-01
7.496030747890471968e-01
7.356358408927917703e-01
7.370175242424010786e-01
7.360004186630249023e-01
7.458957254886626753e-01
7.348367691040038618e-01
7.344199836254119429e-01
7.355802118778228538e-01
7.402324438095092551e-01
7.408725380897521751e-01
7.353479504585266335e-01
7.423527538776397705e-01
7.344674766063690186e-01
7.380411684513091819e-01
7.344748437404632346e-01
7.357756316661834273e-01
7.375765919685364214e-01
7.348597526550293413e-01
7.353091716766357866e-01
7.373410463333129883e-01
7.375068306922912820e-01
7.385293006896972434e-01
7.368177771568298340e-01
7.338627278804779053e-01
7.360677242279052290e-01
7.362853169441223589e-01
7.365278303623199463e-01
7.362828969955443892e-01
7.342901527881622314e-01
7.355240106582641157e-01
7.339294135570526567e-01
7.375723540782928023e-01
7.370147347450256570e-01
7.348641335964203325e-01
7.368577122688293457e-01
7.357237160205840620e-01
7.364680290222167525e-01
7.336475312709808128e-01
7.352642595767975298e-01
7.348631560802459939e-01
7.388517618179321067e-01
7.366260111331939253e-01
7.374068558216094749e-01
7.335508942604065385e-01
7.346855938434601052e-01
7.345076382160187212e-01
7.355332136154174583e-01
7.334980785846709761e-01
7.377835035324096236e-01
7.341561436653136763e-01
7.348986923694610374e-01
7.347344994544983132e-01
7.344462275505065918e-01
7.363981127738952193e-01
7.371971309185028076e-01
7.352503955364226851e-01
7.342132568359375222e-01
7.361353278160095437e-01
7.354320526123047097e-01
7.419711351394653320e-01
7.380516231060028076e-01
7.364938914775848167e-01
7.394234776496887429e-01
7.384762287139892134e-01
7.339430332183838335e-01
7.356223523616790549e-01
7.347791314125060591e-01
7.373516738414764848e-01
7.373352348804473877e-01
7.351270675659179465e-01
7.399891495704651323e-01
7.361363291740417036e-01
7.346400320529937744e-01
7.370717048645019087e-01
7.374139368534088357e-01
7.353861927986145020e-01
7.360357344150543213e-01
7.386471271514892800e-01
7.357735335826873779e-01
7.351989448070526123e-01
7.377880930900573286e-01
7.361281812191009521e-01
7.338130354881287065e-01
7.344515025615692139e-01
7.352541923522949441e-01
7.375340700149536355e-01
7.348745942115784135e-01
7.376263141632080078e-01
7.335251390933990034e-01
7.376653850078582764e-01
7.345762968063354048e-01
7.478351056575774924e-01
7.364597380161285178e-01
7.360087215900421587e-01
7.340380012989043967e-01
7.346314013004302534e-01
7.373455941677093950e-01
7.362029254436492920e-01
7.337342619895934615e-01
7.348697602748870406e-01
7.341675460338592529e-01
7.355916678905487505e-01
7.348809540271759033e-01
7.384077608585357666e-01
7.405901074409484419e-01
7.367402791976929155e-01
7.390791356563568559e-01
7.347268581390380415e-01
