7.014516741037368774e-02
8.085232228040695190e-02
7.701133067409197952e-02
6.741907820105552673e-02
6.770449504256248474e-02
7.078312089045842026e-02
6.798411160707473755e-02
5.894276996453603340e-02
5.681905647118886543e-02
6.019310280680656433e-02
5.404017368952433037e-02
5.358261366685231758e-02
6.018266454339027405e-02
5.112402389446894097e-02
6.387581179539363052e-02
5.318481226762136055e-02
5.890186006824175285e-02
5.294366305073102547e-02
5.021902918815612793e-02
5.372767274578412605e-02
5.343056966861089302e-02
4.967355355620384216e-02
5.435188983877500130e-02
5.044077585140863823e-02
5.739261209964752197e-02
5.591239656011263298e-02
5.063469087084134651e-02
5.191980426510175300e-02
5.112221464514732361e-02
5.066949004928270744e-02
5.253580833474794792e-02
4.837123677134513855e-02
5.202162017424901558e-02
5.454600850741068291e-02
5.433616538842519356e-02
4.824818298220634460e-02
5.085483938455581665e-02
5.220486720403035713e-02
5.144935846328735352e-02
4.931674276789029671e-02
5.451622605323791504e-02
5.850244561831156181e-02
5.558730413516362739e-02
5.800774445136388374e-02
5.041714881857236458e-02
5.145482098062833382e-02
5.008096992969512939e-02
4.965261369943618774e-02
4.724013867477575707e-02
5.053744837641716003e-02
5.620486661791801453e-02
5.149543037017186714e-02
5.854135503371556831e-02
5.041372527678807808e-02
5.478371058901151253e-02
5.585401877760887146e-02
5.420956139763196541e-02
5.273758744200070930e-02
5.099083731571833061e-02
5.050606156388918327e-02
4.902711386481920647e-02
5.251284192005793022e-02
5.246615782380104065e-02
4.863420377175012993e-02
5.101989209651947021e-02
5.109000330169995857e-02
4.645707582434018684e-02
5.049676572283109260e-02
4.980885237455368042e-02
5.367578690250714851e-02
5.242131402095159126e-02
5.183025201161702705e-02
5.381606643398603035e-02
5.571913222471872734e-02
5.282780776421228813e-02
5.067079514265060425e-02
5.133326599995294975e-02
4.762571180860201286e-02
5.079381540417671204e-02
4.510710015892982483e-02
5.891700709859529900e-02
5.083205675085385872e-02
4.984531924128532410e-02
5.025527998805046082e-02
5.365755284825960564e-02
5.272641902168592049e-02
4.687754809856414795e-02
5.182857935627301765e-02
4.514001247783502174e-02
5.274368450045585632e-02
4.885441437363624573e-02
5.217600613832473755e-02
5.215119694670041633e-02
5.002470687031745911e-02
4.845052336653073860e-02
5.038719624280929565e-02
4.742537749310334755e-02
4.333883554985126091e-02
5.297752842307090759e-02
4.911676794290542603e-02
4.986655091245969368e-02
4.891092454393704964e-02
4.342624265700578690e-02
5.073933055003484321e-02
4.953169946869214607e-02
5.258479590217272209e-02
5.189335346221923828e-02
4.987210532029470039e-02
5.156403407454490662e-02
4.835217073559761047e-02
5.380350227157274651e-02
5.098319674531618523e-02
5.122861514488855766e-02
5.075404917200406624e-02
4.775096103549003601e-02
4.795898869633674622e-02
4.753056044379869866e-02
4.864058395226796699e-02
4.838123917579650879e-02
5.009572456280390190e-02
4.847559953729311394e-02
4.898024474581082893e-02
4.837901641925176216e-02
5.094951391220092773e-02
5.080188065767288208e-02
5.222127586603164673e-02
4.528965055942535400e-02
5.026483287413915230e-02
5.095137283205986023e-02
4.873058820764223503e-02
4.802068695425987244e-02
4.699438189466794563e-02
4.796203225851058960e-02
5.027022709449132515e-02
4.901430755853652954e-02
4.551747937997182442e-02
5.307848130663236214e-02
4.721954402824243141e-02
4.633855695525804924e-02
5.700955415765444206e-02
4.658429076274236275e-02
4.881153752406438423e-02
4.692968291540940834e-02
4.948374256491661072e-02
5.622317517797151970e-02
4.695763314763704704e-02
5.648395791649818420e-02
5.271044994393984245e-02
5.733526373902956413e-02
5.138838912049929070e-02
4.575683797399202751e-02
4.699742173155149055e-02
4.865491886933644844e-02
5.226289729277292656e-02
4.889536524812380242e-02
4.774711653590202332e-02
4.931863645712534355e-02
5.043192704518636299e-02
5.138190711537996697e-02
4.673900703589121269e-02
5.114361022909482551e-02
5.041400343179702759e-02
4.736479744315147400e-02
5.087960635622342659e-02
4.771197338898976875e-02
4.830857242147127556e-02
5.001224080721537041e-02
4.735448708136876655e-02
5.427995945016542839e-02
4.937903210520744324e-02
5.514758949478467537e-02
4.699849461515744758e-02
5.241581797599792480e-02
5.224111924568811821e-02
5.298801138997077942e-02
4.922251527508100105e-02
4.467175714671611786e-02
4.998694856961568428e-02
5.305214598774909973e-02
5.009142557779947685e-02
4.999191934863726067e-02
4.956022898356119560e-02
4.584525277217229439e-02
5.058620000878969597e-02
4.952400177717208862e-02
5.106524253884951042e-02
4.939973975221315788e-02
4.962560782829920220e-02
5.247177556157112122e-02
4.774960502982139587e-02
5.194675301512082649e-02
4.826206589738527702e-02
4.985557248195012642e-02
4.944503058989842964e-02
5.025153234601020813e-02
4.872846355040868355e-02
5.098392814397811890e-02
5.052082613110542297e-02
5.369098111987113953e-02
4.477946708599726128e-02
4.676561305920282768e-02
4.483035020530223846e-02
4.652497793237368034e-02
5.212211857239405083e-02
4.863493144512176514e-02
4.897646233439445496e-02
4.927014186978340149e-02
4.895425215363502502e-02
5.334264785051345825e-02
4.998638232549031807e-02
5.012090131640434265e-02
4.913007343808809685e-02
4.861324528853098320e-02
4.984754075606664253e-02
4.899288217226663994e-02
5.353233094016710686e-02
4.797236248850822449e-02
5.468019843101501465e-02
4.563540468613306450e-02
5.235563715298970772e-02
4.636259128650029732e-02
5.014037837584813667e-02
4.485905232528845238e-02
4.982798174023628235e-02
4.534200330575307442e-02
5.201452349623044563e-02
5.132704973220825195e-02
5.435003216067949700e-02
4.722188413143157959e-02
4.759550963838895393e-02
4.887045423189798760e-02
5.025576303402582573e-02
4.792478183905283379e-02
5.099103723963101936e-02
4.745848104357719421e-02
5.357309555013974739e-02
4.877321297923723625e-02
5.462919175624847412e-02
4.674457013607025146e-02
4.836466660102208687e-02
4.792567715048789978e-02
4.953944186369577812e-02
4.515038741131623817e-02
4.917691275477409363e-02
4.915480688214302063e-02
4.795444384217262268e-02
4.788047075271606445e-02
4.610557233293851448e-02
5.174580961465835571e-02
4.959988221526145935e-02
4.571402693788210320e-02
4.570658753315607475e-02
4.848542933662732674e-02
4.703025519847869873e-02
4.692653194069862366e-02
4.987710341811180115e-02
4.980901318291822838e-02
5.147075528899828362e-02
4.611552009979883598e-02
4.849303265412648750e-02
4.659523690740267204e-02
5.029265210032463074e-02
5.284578725695610046e-02
5.153639614582061768e-02
4.891831427812576294e-02
5.113525316119194031e-02
4.475324290494123863e-02
4.970892642935117317e-02
4.639708995819091797e-02
4.460362531244754791e-02
4.501172093053659035e-02
5.053409809867540764e-02
5.005695174137751030e-02
4.572474025189876556e-02
4.595034196972846985e-02
4.832614585757255554e-02
5.069601535797119141e-02
4.596654077370961738e-02
5.345285187164942192e-02
5.162548894683519768e-02
5.373441427946090698e-02
4.697557662924130989e-02
4.919658725460370613e-02
5.362735688686370850e-02
4.875893890857696533e-02
4.869864756862322258e-02
4.488082292179266380e-02
4.683216164509455132e-02
4.642318437496820854e-02
4.688138390580812859e-02
4.865642637014389038e-02
4.606054723262786865e-02
4.693795492251714302e-02
5.236006528139114380e-02
4.859128842751184868e-02
5.243085573116938042e-02
4.724649464090665413e-02
4.873822505275408196e-02
4.385956997672716545e-02
5.049064382910728455e-02
4.564595222473144531e-02
4.847303032875061035e-02
4.742497081557909416e-02
4.705948134263356758e-02
5.315177018443743157e-02
4.635789617896080017e-02
5.305434266726175713e-02
5.014510204394658638e-02
5.126992737253507210e-02
4.763663808504740166e-02
5.344493562976519035e-02
4.654730608065923286e-02
5.114168425401052070e-02
4.530324166019757820e-02
4.375988120834032463e-02
4.926574354370435310e-02
4.314587637782096863e-02
4.997845614949861931e-02
4.792518417040506767e-02
5.010410522421201301e-02
4.620308304826418327e-02
5.010282620787620544e-02
4.541389519969622063e-02
4.506269159416357445e-02
4.636540946861108375e-02
4.794102410475412773e-02
5.132484932740529610e-02
4.717904205123583244e-02
5.014952396353086067e-02
4.490772634744644165e-02
4.767508928974469734e-02
5.105500854551792145e-02
4.896892731388410164e-02
4.924625282486280037e-02
4.794883355498313904e-02
4.973889390627542900e-02
4.950895781318346428e-02
4.945968215664228035e-02
5.157283196846643852e-02
4.636736959218978882e-02
4.591934879620870186e-02
4.582463266948858666e-02
4.659867162505785393e-02
4.791263366738954949e-02
5.318724115689595772e-02
4.723467553655306267e-02
4.949075480302175117e-02
4.873751103878021240e-02
5.307009071111679077e-02
4.942347233494123054e-02
4.999283949534098076e-02
5.221714327732721733e-02
5.111727118492126465e-02
4.743811984856923653e-02
4.947691038250923157e-02
4.687660808364550041e-02
4.953306665023168159e-02
4.912280291318893433e-02
5.047135551770528389e-02
4.814644282062848640e-02
4.728635524710019661e-02
4.591539377967516350e-02
4.564452668031056953e-02
4.993213713169097900e-02
4.429547923306623863e-02
4.901307945450147224e-02
4.510999843478202820e-02
4.645080802341302467e-02
4.547223076224327087e-02
5.637284616629282402e-02
4.473925381898880005e-02
5.088106915354728699e-02
4.968771028021971153e-02
4.753002524375915527e-02
4.558352629343668388e-02
4.866719121734301018e-02
4.902281612157821655e-02
4.882526770234107971e-02
5.122344816724459099e-02
4.888493567705154419e-02
5.069305251042047905e-02
4.801343008875846863e-02
4.848320409655570984e-02
4.631745442748069763e-02
5.268156404296556877e-02
4.797765115896860527e-02
4.539388914903005195e-02
4.982384542624155449e-02
4.829327265421549248e-02
4.523204639554023743e-02
4.695193593700727058e-02
5.151946221788724495e-02
4.779975612958272529e-02
4.962690547108650208e-02
4.697304964065551758e-02
4.962566619118054939e-02
4.468963791926702095e-02
5.507573112845420837e-02
4.566512008508046699e-02
4.807790865500768257e-02
4.621021201213201118e-02
4.921861862142880989e-02
5.030249431729316711e-02
4.567439605792363716e-02
4.488649219274520874e-02
4.984474803010622429e-02
4.584313866992791725e-02
4.612958431243896484e-02
4.836324850718180107e-02
4.581939180692037178e-02
4.922888179620107246e-02
4.888849332928657532e-02
4.999114697178205086e-02
4.789322366317113472e-02
4.758072644472122192e-02
4.590974748134613037e-02
4.635821655392646790e-02
4.799152041474977898e-02
4.867554083466529846e-02
4.568412651618321968e-02
4.850517958402633667e-02
5.210355296730995178e-02
4.975673183798789978e-02
4.741644983490308357e-02
4.808517172932624817e-02
4.640407363573709892e-02
4.948395987351735664e-02
4.808259879549344612e-02
4.566270361344019341e-02
4.509901007016500069e-02
4.764886076251665520e-02
4.685404275854428841e-02
4.999064778288205696e-02
5.142454554637273384e-02
5.029716218511263298e-02
5.066027740637461113e-02
5.331705386439958977e-02
4.716610535979270935e-02
4.884241273005803657e-02
4.659244790673255920e-02
4.675001899401346611e-02
5.013497670491536690e-02
4.992984235286712646e-02
4.940862208604812622e-02
4.653566206494966911e-02
4.665522153178850578e-02
5.011006444692611694e-02
5.278745666146278381e-02
4.671548803647359444e-02
4.715258131424585747e-02
4.577205454309781624e-02
4.548183456063270569e-02
4.735876371463140083e-02
5.108118057250976562e-02
4.813862467805544304e-02
4.879000162084897591e-02
4.885685195525487495e-02
4.765223587552706169e-02
4.809787683188915253e-02
4.817636683583259583e-02
4.633899653951326775e-02
4.665940751632054878e-02
4.674964211881160736e-02
4.363323748111724854e-02
4.811109602451324463e-02
4.725499078631401062e-02
4.639543096224466728e-02
4.870232194662094116e-02
4.839969550569852424e-02
4.571208109458287788e-02
5.036045859257379936e-02
4.948846374948819710e-02
4.811645795901616646e-02
4.518448437253633904e-02
4.710213591655095650e-02
4.756374160448709892e-02
4.593363155921300484e-02
4.697594170769055916e-02
4.447456573446591926e-02
4.796971753239631653e-02
4.961845899621645378e-02
4.716520135601361824e-02
4.515216375390688347e-02
4.536540930469831062e-02
4.583687211076418327e-02
5.158379922310511040e-02
4.537488147616386414e-02
4.460422011713186669e-02
4.826575517654418945e-02
4.717922831575075554e-02
4.786170894900957512e-02
4.578592628240585327e-02
4.895830899477005005e-02
4.415335630377133919e-02
4.745930060744285583e-02
4.869688798983892036e-02
4.981726780533790588e-02
4.559348896145820618e-02
4.897065336505571770e-02
4.919470101594924927e-02
4.867342859506607056e-02
4.844224701325098442e-02
4.448322889705499245e-02
4.670551295081774162e-02
4.667219022909799980e-02
4.416472092270851135e-02
4.389493105312188698e-02
4.697304467360178398e-02
4.797931388020515442e-02
4.453751258552074432e-02
4.870855435729026794e-02
4.793601979811986519e-02
4.825313637653986382e-02
4.980745166540145874e-02
4.657478382190068794e-02
4.723395283023516106e-02
4.403395516177018715e-02
5.252910653750101494e-02
4.736455157399177551e-02
4.448580617705980705e-02
4.630092779795328545e-02
4.644062618414560722e-02
4.726713523268699646e-02
5.319303274154663086e-02
4.883557558059692383e-02
4.781859864791234566e-02
4.729443664352098869e-02
4.729874183734258247e-02
4.485156014561653137e-02
5.154046788811683655e-02
4.595854257543881966e-02
4.791844139496485161e-02
4.668970033526420593e-02
4.598842188715934753e-02
4.948543508847554756e-02
5.425498882929483818e-02
4.787958413362503052e-02
4.677505667010942864e-02
4.578765481710433960e-02
4.906422520677248406e-02
4.602023959159851074e-02
4.439055298765500618e-02
4.868588099877039360e-02
4.656127840280532837e-02
4.626403376460075378e-02
5.071785176793734001e-02
5.008716757098833489e-02
4.465554902950922417e-02
4.663872097929318977e-02
4.810696840286254883e-02
4.654669513305028511e-02
4.969809701045354439e-02
4.543775816758473945e-02
4.614585762222608162e-02
4.474296793341636658e-02
4.390005767345428467e-02
5.269216870268186165e-02
5.055984730521837639e-02
5.023833488424619270e-02
4.659301166733106209e-02
5.105152539908885956e-02
4.668900246421495842e-02
4.762805129090944695e-02
4.695145289103189873e-02
4.486815383036931587e-02
4.741794491807619499e-02
4.824862256646156311e-02
4.459916055202484131e-02
4.759033645192781853e-02
4.875865827004114555e-02
4.348264882961908745e-02
4.634562879800796509e-02
4.856275270382563042e-02
4.837479939063390327e-02
4.806478073199590278e-02
4.641044512391090393e-02
4.599863663315773010e-02
4.897452021638552117e-02
4.879909008741378784e-02
4.628760243455568718e-02
4.690577959020932747e-02
4.864835118254026008e-02
4.579179733991622925e-02
4.998917505145072937e-02
4.651330659786859917e-02
4.647010688980420662e-02
5.386034026741981506e-02
4.489322751760482788e-02
4.865611096223195625e-02
4.110805286715427803e-02
4.843966662883758545e-02
4.606202368934949470e-02
4.552962258458137512e-02
4.609995211164156365e-02
4.648314664761225151e-02
4.547389472524324822e-02
4.454137633244196343e-02
4.749826962749163078e-02
4.845038056373596191e-02
4.475288093090057373e-02
4.345509037375450134e-02
4.988014698028564453e-02
4.896274705727895332e-02
4.724421476324399544e-02
4.850711176792780327e-02
4.948104297121366096e-02
4.430645642181237770e-02
4.662878066301345825e-02
4.418588181336721016e-02
5.114854251344998909e-02
4.443301136295000481e-02
4.884220287203788757e-02
4.747795437773068977e-02
4.798493658502896858e-02
4.821478575468063354e-02
4.824054613709449768e-02
4.805190488696098328e-02
5.132459352413813042e-02
4.549612415333589149e-02
4.378953886528810097e-02
4.376439998547235893e-02
5.039555827776590752e-02
4.839521460235118866e-02
4.679760461052259041e-02
4.614259178439775871e-02
4.923735558986663818e-02
4.554719726244608330e-02
4.392544614772001671e-02
4.648675272862116264e-02
4.813354338208834099e-02
4.600342363119125366e-02
4.914526517192522453e-02
4.541871200005213188e-02
4.282266832888126373e-02
4.924366747339566780e-02
4.594636335968971252e-02
4.588393867015838623e-02
4.470077839990457130e-02
4.742326463262239861e-02
4.596628124515215325e-02
4.563504457473754883e-02
4.673699537913004326e-02
4.808110495408376289e-02
4.183187646170457435e-02
4.720611497759819031e-02
4.450319086511930061e-02
4.646199569106101990e-02
4.796378935376802849e-02
4.685180758436521126e-02
4.846094176173210144e-02
4.645191008845964836e-02
4.694442575176557136e-02
4.372081843515237404e-02
4.638266687591870857e-02
4.535920545458793640e-02
5.070882663130760193e-02
4.699408262968063354e-02
4.275212995707988739e-02
4.918580874800682068e-02
5.054276436567306519e-02
4.700103526314099861e-02
4.956395427385965752e-02
4.577727491656938957e-02
4.978772128621736931e-02
4.795034229755401611e-02
4.823615153630574776e-02
4.538952559232711792e-02
4.637755826115608215e-02
4.704951743284861015e-02
5.056815842787424492e-02
4.514188319444656372e-02
4.561409726738929749e-02
4.764385521411895752e-02
5.130577956636746956e-02
4.578435545166333748e-02
4.692357530196508003e-02
4.804311816891034675e-02
4.948847989241281914e-02
4.808694000045458244e-02
4.816733424862226082e-02
4.731600110729535652e-02
4.674426962931951118e-02
4.504040752847989632e-02
5.016604438424110413e-02
4.693936184048652649e-02
4.719199612736701965e-02
5.076960598429044319e-02
5.072049610316753387e-02
4.429119701186815666e-02
4.623936923841635155e-02
4.540932675202687813e-02
4.815915599465370178e-02
5.047990381717681885e-02
4.429471244414647652e-02
4.545582334200540947e-02
4.728605970740318298e-02
4.794363429148992134e-02
4.587764541308084892e-02
4.753638803958892822e-02
5.082488805055618286e-02
4.978443061312039924e-02
4.597961902618408203e-02
4.708630157013734413e-02
4.851563026507695747e-02
4.295001489420732094e-02
4.709690685073534416e-02
4.537180562814076973e-02
4.288790623346964287e-02
4.682671278715133667e-02
4.661295190453529358e-02
4.751158878207206726e-02
4.558509712417920662e-02
4.230594572921594215e-02
4.877321794629096985e-02
4.732152943809827400e-02
4.736111437280973030e-02
4.524062325557073189e-02
4.415248706936836243e-02
4.464713856577873230e-02
4.936629533767700195e-02
4.668841138482093811e-02
5.200307319561640190e-02
5.109691868225733208e-02
4.920911168058713508e-02
4.501900138954321312e-02
4.755289107561111450e-02
4.870598763227462769e-02
4.474234829346338677e-02
4.493179917335510254e-02
4.453248903155326843e-02
4.920834054549535347e-02
4.871476565798123909e-02
4.693237443765004707e-02
4.457844421267509460e-02
4.635205119848251343e-02
4.834759856263796257e-02
4.894500225782394409e-02
4.845925172170003487e-02
4.708597436547279358e-02
4.730089878042539192e-02
4.627082248528798653e-02
4.811221609512964653e-02
4.657167568802833557e-02
4.427904511491457390e-02
4.487926637132962776e-02
4.740409056345621513e-02
4.796792442599932121e-02
4.443856266637643410e-02
4.356486722826957703e-02
4.774574687083562446e-02
4.369958179692427086e-02
4.640197878082593513e-02
4.305350904663404060e-02
4.516471549868583679e-02
4.596297442913055420e-02
4.558679585655530525e-02
5.048143863677978516e-02
4.829429835081100464e-02
4.454936583836873604e-02
4.934386909008026123e-02
4.335507129629453255e-02
4.724263151486714912e-02
4.920402479668458534e-02
5.073602994283040596e-02
4.504495983322461677e-02
4.298095715542634560e-02
4.718441640337308479e-02
4.619294156630834175e-02
4.691263909141222405e-02
5.003464221954345703e-02
5.374922230839729309e-02
4.467442755897840095e-02
4.486330226063728333e-02
5.058280254403749870e-02
4.564891383051872253e-02
4.464761540293693542e-02
4.797976215680440498e-02
5.284698183337847160e-02
4.592240850130716728e-02
4.955776905020078255e-02
4.494303713242212700e-02
4.780345037579536438e-02
4.880051811536153389e-02
4.448728387554486824e-02
5.052851016322771477e-02
4.751346632838249207e-02
4.680792366464932991e-02
4.551967605948448181e-02
4.536099111040433479e-02
4.284960962831974030e-02
4.755959783991178108e-02
4.842075084646543098e-02
4.506966347495714592e-02
4.548838486274083687e-02
4.501923546195030212e-02
4.586281503240267204e-02
4.554476837317148613e-02
4.984759911894798279e-02
4.503620291749636101e-02
4.999453946948051453e-02
5.096390967567761970e-02
4.687179004152616096e-02
4.942149544755617546e-02
4.897289226452509331e-02
4.418358579277992249e-02
4.922810569405555725e-02
4.921462511022885872e-02
4.715176050861676765e-02
4.669624815384546684e-02
4.665191844105720520e-02
4.946588476498921944e-02
4.824995373686154915e-02
4.836889977256456780e-02
4.542413105567296577e-02
4.822003841400146484e-02
5.007658898830413818e-02
4.467225323120752739e-02
5.070443451404571533e-02
4.764543970425923897e-02
4.957642902930577827e-02
4.596405103802680969e-02
4.308299161493778229e-02
4.661846905946731567e-02
4.432152708371480537e-02
4.791609073678652214e-02
4.947030420104662346e-02
4.843413581450780464e-02
4.790766909718513489e-02
4.738638922572135925e-02
4.865679393212000298e-02
4.784429197510083748e-02
4.948573311169942451e-02
4.879797995090484619e-02
4.597902049620946480e-02
4.423821717500686646e-02
5.013887584209442139e-02
4.527435824275016785e-02
4.832803582151731087e-02
4.762922599911689758e-02
4.479096705714861321e-02
4.578081021706262993e-02
4.753649855653444695e-02
4.856550445159276558e-02
5.174005404114723206e-02
4.605417450269063545e-02
4.735528305172920227e-02
4.703663910428682732e-02
4.734739288687705994e-02
4.344205185770988464e-02
4.984736815094947815e-02
4.820289214452107979e-02
4.834321141242980957e-02
4.494257147113481926e-02
4.486502955357233452e-02
4.741683850685755180e-02
4.829556619127591682e-02
4.339911602437496185e-02
5.132392793893814087e-02
4.313834135731061531e-02
4.581847662727037834e-02
4.726446171601613594e-02
4.774342849850654602e-02
4.718477278947830200e-02
4.624703526496887207e-02
4.340394151707490517e-02
4.862131799260775017e-02
4.495907326539357735e-02
4.963148881991704536e-02
4.900465160608291626e-02
4.567219689488410950e-02
4.475967710216840340e-02
4.564825569589932991e-02
4.841970652341842651e-02
4.950185492634773254e-02
4.599229370554288460e-02
4.750306283434232307e-02
4.833813880880673958e-02
4.481599107384681702e-02
4.904325554768244194e-02
4.836423943440119194e-02
4.609518870711326599e-02
4.887385914723078179e-02
4.217129324873288704e-02
4.677839577198028564e-02
4.939240093032518791e-02
4.799979055921236443e-02
4.567581787705421448e-02
4.453586041927337646e-02
4.602517311771710945e-02
4.442100847760836052e-02
4.436780263980229927e-02
4.709502185384432243e-02
4.604170595606168342e-02
4.894452542066574097e-02
4.781211415926615166e-02
4.873936995863914490e-02
4.536590725183486938e-02
4.689304903149604797e-02
4.970451941092809273e-02
4.455648362636566162e-02
4.800930619239807129e-02
4.631448412934938835e-02
4.616552342971166206e-02
4.607508331537246704e-02
5.053903907537460327e-02
4.833185176054636406e-02
4.664939517776171135e-02
4.411348327994346619e-02
4.366962797939777374e-02
4.606215779980023933e-02
4.784984514117240906e-02
4.739469041426976753e-02
4.452318698167800903e-02
4.848884294430414604e-02
4.367763673265775276e-02
4.603951548536618782e-02
4.644910494486490654e-02
4.500584552685419487e-02
4.530648762981096672e-02
4.609413072466850281e-02
4.489284008741378784e-02
4.862099885940551758e-02
4.512026285131772591e-02
4.427335535486539436e-02
4.860947529474893974e-02
5.037006735801696777e-02
4.514611636598905159e-02
4.621522252758344246e-02
4.599153871337572502e-02
4.884338130553563667e-02
4.836606855193773674e-02
4.612175499399503303e-02
4.745944713552793098e-02
5.026917035380999016e-02
4.435465609033902717e-02
4.546071216464042664e-02
4.435744012395540642e-02
4.886192952593167854e-02
4.857656856377919746e-02
4.775234435995420051e-02
4.478886785606542992e-02
4.626241326332092285e-02
4.895108193159103394e-02
4.900855571031570435e-02
4.730920121073722839e-02
4.568847144643465447e-02
4.600890850027402473e-02
4.151169210672378540e-02
4.572660600145658089e-02
4.964538663625717163e-02
4.938748851418495178e-02
4.642115533351898193e-02
4.377859147886434960e-02
4.737689221898714470e-02
4.410037149985631538e-02
4.790543640653292107e-02
4.648304606477419304e-02
4.565982148051261902e-02
4.518815254171689583e-02
4.928457612792650627e-02
4.687549173831939697e-02
4.373811930418014526e-02
4.817124828696250916e-02
4.535357405742009712e-02
4.815526927510897087e-02
4.863580564657846855e-02
5.067344009876251221e-02
4.453330114483833313e-02
4.727766166130701470e-02
4.619367917378743721e-02
4.502849529186884331e-02
4.927438497543334961e-02
4.368572433789571358e-02
4.504273210962613655e-02
4.924067606528600288e-02
4.935708766182263924e-02
4.549623653292655945e-02
4.576079423228899407e-02
4.964526742696762085e-02
4.614630093177159859e-02
4.991695284843444824e-02
4.861385251084963249e-02
4.577626784642537666e-02
4.858471329013506340e-02
4.741321752468744682e-02
4.286990500986576080e-02
4.681489492456118034e-02
4.509509851535161568e-02
4.843616858124732971e-02
4.676802704731623100e-02
5.018069595098495483e-02
4.828646282354990410e-02
4.797795290748278069e-02
4.780077685912450386e-02
4.805849865078926086e-02
4.542482147614160942e-02
4.670394087831179070e-02
4.794778178135553764e-02
4.479533682266870903e-02
4.978234320878982544e-02
