1.080091536045074463e+00
9.617702166239420203e-01
9.138004382451375696e-01
9.677292505900064734e-01
8.936344385147094727e-01
8.655078411102294922e-01
8.916372656822204590e-01
8.620721896489461633e-01
8.024375041325887414e-01
7.858062982559204102e-01
8.287227352460225793e-01
7.732733885447183875e-01
7.999361753463745117e-01
8.999213774998983117e-01
8.584292729695638391e-01
8.742070992787679407e-01
8.310212492942810059e-01
7.920665939648946496e-01
7.858776648839315149e-01
8.854034940401712683e-01
7.717854380607604980e-01
8.239028453826904297e-01
7.883765300114949914e-01
7.847716808319091797e-01
7.774813572565714148e-01
7.828870018323262903e-01
8.009628256162008020e-01
7.819551825523376465e-01
7.740914225578308105e-01
7.690549492835998535e-01
7.977473934491475793e-01
8.311893542607625696e-01
7.879589994748433801e-01
8.178882797559102746e-01
7.855444153149923059e-01
7.632944981257120398e-01
7.619483272234598425e-01
7.685368458429971961e-01
7.690266768137613562e-01
7.707079251607259485e-01
7.710983554522196082e-01
9.105037252108255652e-01
7.823394536972045898e-01
8.124504288037618371e-01
7.626721064249674109e-01
7.665522297223409387e-01
7.707708080609639856e-01
7.552040219306945801e-01
7.680975596110025672e-01
7.922060887018839148e-01
7.899187604586282996e-01
8.682589928309122351e-01
7.985966205596923828e-01
8.118734757105509070e-01
8.161150813102722168e-01
8.793676495552062988e-01
7.938942710558573035e-01
7.906033595403035852e-01
7.690764864285787317e-01
7.880124648412069055e-01
7.706175843874613074e-01
7.648313840230306360e-01
7.809020678202310828e-01
7.727370460828145715e-01
7.774845361709594727e-01
7.700197100639343262e-01
7.630621592203775672e-01
7.800003886222839355e-01
7.691497802734375000e-01
7.720923622449239465e-01
7.632972002029418945e-01
7.658311724662780762e-01
7.755472461382547644e-01
7.972210645675659180e-01
7.939176360766092566e-01
8.325602610905965539e-01
8.138995965321859094e-01
7.762414614359537390e-01
7.959814866383870813e-01
7.888054052988687781e-01
7.795871694882711145e-01
7.679458657900491980e-01
8.120832641919454309e-01
7.527524034182230261e-01
7.665070891380310059e-01
7.826480666796366004e-01
7.625845869382222864e-01
7.641580502192178992e-01
7.989068229993184778e-01
7.676283121109008789e-01
7.614196936289469031e-01
8.054012060165405273e-01
7.600353360176086426e-01
7.827836076418558386e-01
7.663887540499368933e-01
7.616328398386637000e-01
7.607958515485128137e-01
7.491000493367513391e-01
7.782593170801798133e-01
7.765108744303385047e-01
8.287425637245178223e-01
7.660200993220011023e-01
7.694562077522277832e-01
7.631255388259887695e-01
7.885020971298217773e-01
7.630680402119954797e-01
7.656968037287393836e-01
8.023499449094136926e-01
8.940173188845316199e-01
8.315597573916116980e-01
8.275866309801737097e-01
7.864129344622293738e-01
7.690825859705606726e-01
7.699322899182637903e-01
7.675444086392720910e-01
7.704472740491231653e-01
7.640113234519958496e-01
7.740915218989053992e-01
7.824884057044982910e-01
8.484621842702230188e-01
7.773534258206685754e-01
7.583257555961608887e-01
7.596031228701273230e-01
7.642955780029296875e-01
7.821448644002279016e-01
7.579429149627685547e-01
7.636926770210266113e-01
7.969419360160827637e-01
7.564260562260946008e-01
7.689662575721740723e-01
8.328100641568502160e-01
7.920529842376708984e-01
7.690235972404479980e-01
7.865484555562337610e-01
7.823451757431030273e-01
8.845495184262593957e-01
7.677126725514730188e-01
7.860653003056844446e-01
8.622345328330993652e-01
7.786093950271606445e-01
7.963978052139282227e-01
7.649471362431844446e-01
7.828061978022257117e-01
7.711199522018432617e-01
8.007787068684896203e-01
8.020853400230407715e-01
7.815580169359842566e-01
8.589115341504415246e-01
7.855206330617269250e-01
7.669327855110168457e-01
7.517246007919311523e-01
8.406065503756204871e-01
7.553446888923645020e-01
7.635623017946878699e-01
7.625401814778646203e-01
7.492433786392211914e-01
7.617687980333963660e-01
7.751874128977457312e-01
7.566653092702230188e-01
7.529998222986856726e-01
7.827119628588358191e-01
7.578369975090026855e-01
7.575107614199320105e-01
7.617073257764180871e-01
7.555668552716573450e-01
7.754215002059936523e-01
7.571479678153991699e-01
7.991118232409158972e-01
7.744778792063394812e-01
8.172182639439901086e-01
7.787562012672424316e-01
7.665547529856363562e-01
7.633325060208638879e-01
7.869005799293518066e-01
7.623836199442545203e-01
7.563984394073486328e-01
7.709913055102030066e-01
7.935811877250671387e-01
7.692458430926004675e-01
7.682452003161112097e-01
7.731179992357889441e-01
7.645478645960489539e-01
7.850936651229858398e-01
7.764468193054199219e-01
8.042180339495340613e-01
7.612103223800659180e-01
7.822242776552835730e-01
7.486709753672281531e-01
7.588966290156046179e-01
8.083467284838358191e-01
7.610224088033040735e-01
7.728116909662882117e-01
7.600457469622293738e-01
7.813837130864461633e-01
7.528211077054342004e-01
7.661848266919454309e-01
7.666871150334676477e-01
8.368217150370279578e-01
7.697357734044393274e-01
7.577970822652181360e-01
7.527095278104146692e-01
7.624407013257344934e-01
7.604920069376627234e-01
7.600386540095011023e-01
7.745685974756876258e-01
7.556337515513101843e-01
7.626637021700540808e-01
7.721972862879434851e-01
7.585908174514770508e-01
7.758742173512777063e-01
7.553211847941080359e-01
7.530893683433532715e-01
7.622352242469787598e-01
7.560154596964517859e-01
7.657853166262308386e-01
7.661172946294149133e-01
8.039393822352091101e-01
7.648993333180745813e-01
7.669577598571777344e-01
7.587053974469503137e-01
7.490055561065673828e-01
7.611104647318521765e-01
7.796277602513631555e-01
7.590334216753641394e-01
7.986445824305216101e-01
7.641095519065856934e-01
7.753296494483947754e-01
7.690234978993734094e-01
7.777353127797445032e-01
7.819395661354064941e-01
7.688059012095133093e-01
7.646988431612650183e-01
8.104701439539591101e-01
7.631455262502034875e-01
7.814401586850484582e-01
7.700932423273721961e-01
7.822720607121785852e-01
7.753830154736837121e-01
7.672702868779500696e-01
7.603007753690084192e-01
7.870435118675231934e-01
7.576164801915487024e-01
7.540299097696939734e-01
7.601041793823242188e-01
7.539000511169433594e-01
7.572558323542276648e-01
7.606873909632364539e-01
7.625586390495300293e-01
7.534879247347513465e-01
7.559973200162252160e-01
7.598937153816223145e-01
7.625160813331604004e-01
7.525898218154907227e-01
7.575618028640747070e-01
7.473728656768798828e-01
7.564845681190490723e-01
7.663981517155965539e-01
7.710409561793009070e-01
7.567022244135538367e-01
7.770687540372213098e-01
7.558818260828653601e-01
7.573831478754678992e-01
7.640508214632669715e-01
7.601791818936666223e-01
7.592610716819763184e-01
7.576358318328857422e-01
7.587781548500061035e-01
7.555513183275858191e-01
7.535914182662963867e-01
7.536191145579019812e-01
7.546761631965637207e-01
7.546947201093038293e-01
7.664371927579244348e-01
7.501121362050374719e-01
7.453494270642598840e-01
7.845252354939779016e-01
7.628778815269470215e-01
7.913849155108133582e-01
7.603635191917419434e-01
7.556573351224263879e-01
7.687584161758422852e-01
7.517175873120626184e-01
7.560989856719970703e-01
7.698169549306234094e-01
7.535711725552877160e-01
7.647794485092163086e-01
7.540292342503865930e-01
7.528823415438333777e-01
7.668903867403665808e-01
7.500236034393310547e-01
7.543551325798034668e-01
7.512373725573221472e-01
7.653324802716573450e-01
7.611560821533203125e-01
7.497867743174234656e-01
7.556926210721334192e-01
7.816684643427530554e-01
7.504795988400777551e-01
7.513955036799112586e-01
7.594211498896280554e-01
7.632107138633728027e-01
7.551184296607971191e-01
7.591851154963175086e-01
7.597457567850748328e-01
7.570196191469827918e-01
7.841885089874267578e-01
7.540929118792215613e-01
7.494580745697021484e-01
7.524796525637308386e-01
7.728121081988016394e-01
7.576934496561685828e-01
7.716533541679382324e-01
7.639431754748026160e-01
7.521804372469583777e-01
7.615387439727783203e-01
7.535686095555623742e-01
7.649105588595072058e-01
7.591954072316488000e-01
7.581043640772501258e-01
7.565959493319193152e-01
7.453879515329996375e-01
7.586360971132913855e-01
7.473118702570596961e-01
7.615319291750589636e-01
7.468540271123250696e-01
7.669016917546590539e-01
7.574644088745117188e-01
7.531532446543375281e-01
7.577352722485860559e-01
7.529720067977905273e-01
7.461548646291097375e-01
7.585626244544982910e-01
7.523431777954101562e-01
7.510233124097188684e-01
7.513697743415832520e-01
7.542676329612731934e-01
7.548775275548299524e-01
7.493358254432678223e-01
7.539439598719278601e-01
7.519117196400960657e-01
7.468105554580688477e-01
7.632636626561483117e-01
7.504725456237792969e-01
7.626595099767049524e-01
7.569833795229593543e-01
7.716691692670186731e-01
7.638237078984578821e-01
7.720225652058919641e-01
7.557725310325622559e-01
7.923899690310159949e-01
7.491840521494547156e-01
7.576349377632141113e-01
7.566114068031311035e-01
7.503929535547891883e-01
7.522734006245931360e-01
7.497928142547607422e-01
7.551531593004862097e-01
7.534159819285074500e-01
7.565523584683736535e-01
7.548236846923828125e-01
7.468294501304626465e-01
7.610735495885213586e-01
7.432316144307454797e-01
7.515406012535095215e-01
7.562308510144551965e-01
7.498062054316202429e-01
7.715014020601907996e-01
7.458243767420450476e-01
7.527190844217935828e-01
7.600638866424560547e-01
7.636136412620544434e-01
7.526956995328267785e-01
7.731907367706298828e-01
7.578196525573730469e-01
7.665779987970987586e-01
7.503688534100850793e-01
7.585050463676452637e-01
7.505206465721130371e-01
7.528639038403829309e-01
7.589764595031738281e-01
7.511528333028157922e-01
7.582489450772603723e-01
7.541813850402832031e-01
7.496622204780578613e-01
7.587559819221496582e-01
7.485976616541544226e-01
7.478648821512857703e-01
7.529354095458984375e-01
7.544742623964945105e-01
7.432542244593302039e-01
7.524130145708719519e-01
7.538742621739705774e-01
7.872097492218017578e-01
7.498350739479064941e-01
7.615651488304138184e-01
7.500728170077005652e-01
7.582031687100728723e-01
7.570340832074483606e-01
7.518215974171956750e-01
7.517786820729573938e-01
7.753601272900899621e-01
7.501536011695861816e-01
7.693267265955606726e-01
7.437220414479573938e-01
7.492582400639852258e-01
7.491825819015502930e-01
7.601733009020487097e-01
7.488845388094583777e-01
7.453183730443319055e-01
7.632212042808532715e-01
7.475984692573547363e-01
7.557341257731119422e-01
7.499945759773254395e-01
7.581247488657633093e-01
7.443572084108988074e-01
7.504720489184061316e-01
7.562740246454874304e-01
7.490334113438924524e-01
7.825682957967122766e-01
7.422356208165487024e-01
7.516416907310485840e-01
7.631272077560424805e-01
7.502946257591247559e-01
7.507734298706054688e-01
7.903339862823486328e-01
7.423188487688699988e-01
7.549990216890970496e-01
7.731718420982360840e-01
7.448019584019979211e-01
7.529849410057067871e-01
7.479521433512369422e-01
7.572941581408182410e-01
7.510671416918436316e-01
7.593835592269897461e-01
7.466017802556356164e-01
7.563534776369730261e-01
7.531060179074605676e-01
7.558938463528951379e-01
7.501858870188394812e-01
7.523707548777262000e-01
7.583526968955993652e-01
7.561435302098592492e-01
7.520229419072469446e-01
7.482324242591857910e-01
7.593464255332946777e-01
7.411404848098754883e-01
7.507822712262471887e-01
7.548815011978149414e-01
7.468746304512023926e-01
7.455245256423950195e-01
7.563289403915405273e-01
7.447047034899393347e-01
7.790368199348449707e-01
7.564451098442077637e-01
7.522536714871724817e-01
7.517381509145101282e-01
7.510312596956888465e-01
7.475938002268472937e-01
7.493759791056314734e-01
7.510726253191629675e-01
7.385938763618469238e-01
7.532594005266824988e-01
7.551675836245218543e-01
7.386345465977987024e-01
7.561451792716979980e-01
7.426632841428121301e-01
7.532909711201986047e-01
7.464949091275533410e-01
7.535066008567810059e-01
7.433847586313883093e-01
7.567539612452188758e-01
7.471706867218017578e-01
7.480651537577310828e-01
7.472296953201293945e-01
7.581455906232198450e-01
7.428533037503560754e-01
7.553933461507161828e-01
7.406460642814636230e-01
7.532787720362345008e-01
7.471583684285482141e-01
7.554268042246500281e-01
7.456392049789428711e-01
7.515427867571512488e-01
7.469620505968729285e-01
7.448807358741760254e-01
7.508448163668314246e-01
7.456967631975809363e-01
7.456817030906677246e-01
7.473841905593872070e-01
7.488521536191304895e-01
7.447379628817240027e-01
7.512126564979553223e-01
7.450989882151285437e-01
7.539914250373840332e-01
7.459976474444071082e-01
7.640472451845804480e-01
7.459254860877990723e-01
7.563022772471109656e-01
7.446138262748718262e-01
7.591098348299661902e-01
7.440856496493021277e-01
7.489061554272969934e-01
7.412895957628885535e-01
7.513166467348734168e-01
7.487562497456868860e-01
7.428931395212808875e-01
7.522605856259664270e-01
7.449232935905456543e-01
7.482813596725463867e-01
7.404834230740865442e-01
7.499800523122152063e-01
7.488754987716674805e-01
7.581525246302286414e-01
7.448139190673828125e-01
7.455746928850809363e-01
7.461484074592590332e-01
7.441211938858032227e-01
7.492523392041524621e-01
7.448146541913350793e-01
7.429108421007791785e-01
7.434113423029581336e-01
7.464169661204019812e-01
7.453343073527017859e-01
7.541326681772867468e-01
7.513091166814168664e-01
7.432067394256591797e-01
7.511936426162719727e-01
7.416970332463582727e-01
7.653400897979736328e-01
7.485136389732360840e-01
7.429175376892089844e-01
7.451768120129903528e-01
7.459779580434163782e-01
7.462079326311746863e-01
7.453732887903848914e-01
7.574762105941772461e-01
7.458898027737935754e-01
7.415345708529154090e-01
7.454827626546224328e-01
7.483686804771423340e-01
7.421046495437622070e-01
7.455735802650451660e-01
7.467282414436340332e-01
7.453116575876871375e-01
7.423039476076761511e-01
7.499785820643106726e-01
7.464560270309448242e-01
7.420996427536010742e-01
7.422198653221130371e-01
7.435342272122701379e-01
7.427858908971151086e-01
7.473323543866475793e-01
7.390362620353698730e-01
7.536854346593221399e-01
7.388040026028951379e-01
7.449610431989034387e-01
7.491823434829711914e-01
7.550783554712930945e-01
7.452061374982198450e-01
7.501670122146606445e-01
7.461371223131815222e-01
7.444043159484863281e-01
7.443989316622415808e-01
7.471096118291219446e-01
7.342941164970397949e-01
7.479119102160135535e-01
7.426508069038391113e-01
7.405696113904317590e-01
7.483519911766052246e-01
7.480764389038085938e-01
7.318955262502034875e-01
7.460151910781860352e-01
7.440693974494934082e-01
7.450250387191772461e-01
7.493248780568441125e-01
7.428452968597412109e-01
7.539565761884053918e-01
7.460495432217916223e-01
7.537027994791666297e-01
7.388376792271932336e-01
7.490221063295999793e-01
7.434118191401163367e-01
7.422911127408345910e-01
7.611792683601379395e-01
7.404522895812988281e-01
7.527060906092325476e-01
7.530146042505899695e-01
7.410319248835245398e-01
7.433832486470540735e-01
7.390400966008504602e-01
7.443471352259317664e-01
7.405845522880554199e-01
7.442580461502075195e-01
7.415173053741455078e-01
7.418575882911682129e-01
7.473258773485819129e-01
7.433754205703735352e-01
7.440628806749979285e-01
7.444419066111246375e-01
7.380416790644327429e-01
7.475956479708353308e-01
7.437098224957784387e-01
7.479336261749267578e-01
7.429457505544027063e-01
7.461183071136474609e-01
7.434382041295369836e-01
7.430748939514160156e-01
7.440992991129556922e-01
7.511691649754842492e-01
7.477326790491739539e-01
7.436230977376302453e-01
7.429846525192260742e-01
7.442539731661478308e-01
7.443256974220275879e-01
7.466640671094258996e-01
7.428360780080159875e-01
7.467536330223083496e-01
7.451918125152587891e-01
7.471699317296346399e-01
7.390421430269876746e-01
7.409682472546895715e-01
7.455712556838989258e-01
7.426206469535827637e-01
7.426829934120178223e-01
7.414926687876383093e-01
7.436808943748474121e-01
7.472774187723795203e-01
7.425171136856079102e-01
7.411818901697794226e-01
7.469785809516906738e-01
7.391938567161560059e-01
7.480801145235697058e-01
7.414024472236633301e-01
7.425632278124491004e-01
7.442309260368347168e-01
7.412547071774800989e-01
7.530638575553894043e-01
7.391686240832010535e-01
7.466606100400289270e-01
7.426509261131286621e-01
7.398233612378438684e-01
7.453192472457885742e-01
7.443244655927022668e-01
7.340800563494364050e-01
7.446795900662740442e-01
7.396598656972249719e-01
7.436589002609252930e-01
7.455451488494873047e-01
7.475496927897135047e-01
7.425405383110046387e-01
7.469239433606466028e-01
7.431465188662210730e-01
7.413068016370137903e-01
7.408087650934854773e-01
7.425367434819539758e-01
7.435725132624307898e-01
7.356222669283548621e-01
7.505841056505838660e-01
7.427635788917541504e-01
7.451057036717733117e-01
7.478875716527303430e-01
7.418239712715148926e-01
7.442156275113424035e-01
7.417214711507161828e-01
7.461835344632467004e-01
7.403304974238077429e-01
7.436172167460123328e-01
7.406272689501444129e-01
7.411285042762756348e-01
7.470786770184835168e-01
7.424722909927368164e-01
7.353760202725728723e-01
7.509468992551168176e-01
7.456040183703104285e-01
7.451113263765970496e-01
7.410394152005513879e-01
7.440121173858642578e-01
7.462437152862548828e-01
7.430200576782226562e-01
7.466068466504415246e-01
7.409331599871317175e-01
7.507889668146768836e-01
7.399933338165283203e-01
7.454255024592081336e-01
7.457624475161234168e-01
7.423018018404642371e-01
7.462623516718546179e-01
7.458925445874532434e-01
7.393341461817423133e-01
7.434959411621093750e-01
7.454364697138468054e-01
7.420633236567178992e-01
7.467859983444213867e-01
7.442121108373006555e-01
7.392794092496236535e-01
7.440889080365499231e-01
7.503153880437215539e-01
7.418070236841837195e-01
7.425835529963175086e-01
7.441418369611104700e-01
7.455055713653564453e-01
7.394197384516397742e-01
7.416553695996602746e-01
7.464236418406168250e-01
7.361900011698404578e-01
7.503384749094644812e-01
7.379254698753356934e-01
7.374970912933349609e-01
7.425490021705627441e-01
7.400442163149515418e-01
7.458188931147257117e-01
7.398087978363037109e-01
7.445530494054158899e-01
7.399822274843851355e-01
7.450189789136251184e-01
7.402393619219461707e-01
7.408097982406616211e-01
7.405150930086771277e-01
7.388645013173421594e-01
7.431743343671163293e-01
7.434006134668985633e-01
7.493031819661458703e-01
7.452745437622070312e-01
7.405632932980855676e-01
7.472527424494425086e-01
7.424930930137634277e-01
7.460015018781026575e-01
7.399265170097351074e-01
7.409379680951436731e-01
7.406061887741088867e-01
7.431366642316182825e-01
7.423589030901590613e-01
7.463888128598531457e-01
7.378039757410684851e-01
7.402359247207641602e-01
7.468042771021524695e-01
7.419196168581644324e-01
7.486916979153951379e-01
7.408615946769714355e-01
7.423693339029947547e-01
7.393612662951151160e-01
7.457311948140462610e-01
7.418801188468933105e-01
7.391192515691121789e-01
7.404253880182901648e-01
7.431726058324178430e-01
7.420795758565267297e-01
7.407756845156351355e-01
7.421484390894571570e-01
7.426578203837076453e-01
7.374866803487142297e-01
7.412114739418029785e-01
7.391921877861022949e-01
7.426740725835164758e-01
7.440535624821981164e-01
7.378366192181905481e-01
7.451459964116414758e-01
7.419022917747497559e-01
7.434375286102294922e-01
7.446253299713134766e-01
7.384384075800577429e-01
7.449710170427957800e-01
7.454460064570108679e-01
7.443793813387552527e-01
7.407378753026326867e-01
7.419942418734232215e-01
7.411635319391886023e-01
7.405117948849996301e-01
7.419510682423909875e-01
7.431654334068298340e-01
7.476567625999450684e-01
7.402507265408834192e-01
7.425755461057027551e-01
7.440733114878336218e-01
7.416925827662149695e-01
7.410056988398233679e-01
7.434576153755187988e-01
7.467980980873107910e-01
7.408487598101297644e-01
7.425455451011657715e-01
7.374133268992105750e-01
7.450483640034993860e-01
7.429969112078348425e-01
7.391425569852193567e-01
7.453360557556152344e-01
7.418598930040994910e-01
7.436257799466451379e-01
7.398570775985717773e-01
7.397604783376058313e-01
7.384525736172994348e-01
7.423696517944335938e-01
7.425571084022521973e-01
7.440487742424011230e-01
7.380936741828918457e-01
7.388939460118612024e-01
7.447244723637899133e-01
7.413520614306131629e-01
7.425505320231119422e-01
7.411366701126098633e-01
7.439124584197998047e-01
7.440218329429626465e-01
7.418807943662008020e-01
7.432494163513183594e-01
7.431511680285135535e-01
7.432728012402852746e-01
7.430702447891235352e-01
7.416705489158630371e-01
7.422252893447875977e-01
7.410475413004556922e-01
7.403297225634256629e-01
7.430618604024251672e-01
7.408648928006490442e-01
7.424546281496683386e-01
7.407538096110025672e-01
7.441041866938272742e-01
7.431884010632833215e-01
7.396997014681497840e-01
7.465272545814514160e-01
7.412616411844888953e-01
7.426555355389913293e-01
7.407099405924478797e-01
7.404736479123433801e-01
7.398054401079813269e-01
7.389382719993591309e-01
7.422377467155456543e-01
7.439162731170654297e-01
7.451254526774088172e-01
7.411160866419473914e-01
7.434399525324503211e-01
7.437195976575216028e-01
7.418403625488281250e-01
7.444431583086649207e-01
7.412791649500528601e-01
7.411600550015767785e-01
7.408263087272644043e-01
7.435192068417867395e-01
7.399189472198486328e-01
7.447952628135681152e-01
7.404955824216207239e-01
7.398174603780111047e-01
7.438640594482421875e-01
7.430405616760253906e-01
7.412817676862081262e-01
7.455752889315286902e-01
7.427389025688171387e-01
7.410328388214111328e-01
7.415180404980977746e-01
7.423452933629354211e-01
7.407837112744649621e-01
7.427310546239217492e-01
7.412516872088114050e-01
7.419576644897460938e-01
7.388881246248880652e-01
7.371239066123962402e-01
7.422793110211690637e-01
7.430893182754516602e-01
7.391218543052673340e-01
7.449527780214945105e-01
7.380759716033935547e-01
7.397865255673726770e-01
7.426292697588602332e-01
7.426484028498331336e-01
7.415098547935485840e-01
7.391124566396077844e-01
7.390875816345214844e-01
7.427387038866678504e-01
7.384319504102071496e-01
7.430342237154642371e-01
7.416931986808776855e-01
7.410559654235839844e-01
7.441160281499227258e-01
7.402683099110921594e-01
7.415351271629333496e-01
7.439552744229634973e-01
7.426879803339639929e-01
7.424855828285217285e-01
7.416623234748840332e-01
7.407171130180358887e-01
7.421470483144124719e-01
7.418844501177469519e-01
7.391468882560729980e-01
7.455592950185140344e-01
7.386489907900491980e-01
7.397095561027526855e-01
7.425205111503601074e-01
7.424232165018717078e-01
7.441292206446329383e-01
7.381700078646341590e-01
7.397765318552652625e-01
7.401470144589742395e-01
7.392486333847045898e-01
7.420021692911783484e-01
7.394600311915079383e-01
7.434719204902648926e-01
7.428583502769470215e-01
7.435611883799234656e-01
7.399845719337463379e-01
7.401413917541503906e-01
7.437172929445902136e-01
7.381618817647298547e-01
7.436581651369730261e-01
7.419780890146890906e-01
7.428679267565408972e-01
7.400591572125753137e-01
7.451726794242858887e-01
7.423195640246073035e-01
7.402030825614929199e-01
7.382733424504598352e-01
7.404022216796875000e-01
7.414159774780273438e-01
7.412144144376119348e-01
7.416767477989196777e-01
7.393799821535745886e-01
7.422296404838562012e-01
7.404481967290242883e-01
7.423441211382547644e-01
7.392447193463643762e-01
7.392427921295166016e-01
7.397749821345011023e-01
7.406459053357442590e-01
7.400244077046712610e-01
7.436117927233377722e-01
7.392057975133260461e-01
7.415925463040670129e-01
7.446224689483642578e-01
7.435820698738098145e-01
7.389194170633951453e-01
7.408921519915262488e-01
7.416490316390991211e-01
7.444739341735839844e-01
7.448627154032388953e-01
7.401599486668904992e-01
7.421582937240600586e-01
7.448283036549886438e-01
7.389195362726846961e-01
7.400354743003845215e-01
7.415127952893575403e-01
7.461054126421610144e-01
7.425325910250345496e-01
7.419039209683736535e-01
7.399959166844686242e-01
7.399871548016866418e-01
7.432344555854797363e-01
7.416676282882690430e-01
7.418765226999918250e-01
7.402793169021606445e-01
7.433890104293823242e-01
7.399371266365051270e-01
7.416556080182393762e-01
7.436023354530334473e-01
7.435142993927001953e-01
7.424974640210469934e-01
7.388110955556234094e-01
7.410744229952493933e-01
7.380017439524332312e-01
7.424334287643432617e-01
7.408936619758605957e-01
7.405700286229451867e-01
7.382531960805257532e-01
7.441558639208475379e-01
7.417258024215698242e-01
7.381101449330648157e-01
7.427348494529724121e-01
7.406232754389444617e-01
7.413638035456339148e-01
7.440465887387593957e-01
7.452151974042257043e-01
7.392807006835937500e-01
7.418297727902730676e-01
7.429391741752624512e-01
7.395127415657043457e-01
7.433117230733236047e-01
7.390195926030477258e-01
7.402923703193664551e-01
7.439354459444681433e-01
7.420498728752136230e-01
7.405069271723428992e-01
7.394871115684509277e-01
7.432156205177307129e-01
7.424063881238301965e-01
7.437863151232401160e-01
7.429229815800985071e-01
7.401057680447896692e-01
7.420647939046224328e-01
7.414455811182657508e-01
7.373932202657064172e-01
7.405983606974283484e-01
7.401321927706400183e-01
7.427582542101541785e-01
7.398379643758138391e-01
7.439476251602172852e-01
7.421856919924417761e-01
7.413693070411682129e-01
7.431767384211221961e-01
7.424849073092142371e-01
7.410755554835001258e-01
7.410465478897094727e-01
7.432733774185180664e-01
7.397613326708475379e-01
7.424201766649881629e-01
