1.458609700202941895e+00
1.311611016591389900e+00
1.122580806414286370e+00
1.059791326522827148e+00
1.013893067836761475e+00
1.005344072977701897e+00
1.001751661300659180e+00
1.002426942189534431e+00
1.000735739866892571e+00
1.000595510005950928e+00
1.002803643544514900e+00
9.998866518338521692e-01
1.000492533047993904e+00
9.999138712882995605e-01
1.000704149405161614e+00
1.001791437466939216e+00
1.000533461570739746e+00
1.002710183461507087e+00
1.000114639600117927e+00
9.996095299720764160e-01
1.000152647495269775e+00
1.001167714595794678e+00
1.001289685567219978e+00
1.003539204597473145e+00
1.002958059310913086e+00
1.004322210947672600e+00
1.000867446263631111e+00
1.000651240348815918e+00
1.002829949061075920e+00
1.001907467842102051e+00
1.001585741837819343e+00
1.000221769014994377e+00
9.999543031056722375e-01
1.001111268997192383e+00
1.000910003980000740e+00
1.002593040466308594e+00
1.000709533691406250e+00
9.999902447064717981e-01
1.000590384006500244e+00
1.000415682792663574e+00
1.000722964604695564e+00
9.995578130086263391e-01
1.000097473462422615e+00
1.002910693486531502e+00
1.002190192540486580e+00
9.959907333056131629e-01
1.001064976056416755e+00
1.002027710278828865e+00
1.000997384389241462e+00
1.002941807111104255e+00
1.000455021858215332e+00
1.001394907633463616e+00
1.005053202311197991e+00
1.002387126286824470e+00
1.000752667586008782e+00
9.997401038805643347e-01
1.000573178132375007e+00
1.000904818375905281e+00
1.001115798950195312e+00
1.000020563602447510e+00
1.001889864603678459e+00
1.001236438751220703e+00
9.992808500925699500e-01
1.000445127487182617e+00
1.003035128116607666e+00
9.995768268903096887e-01
1.004429976145426506e+00
1.001177509625752693e+00
1.000733077526092529e+00
1.001583178838094002e+00
9.998143315315246582e-01
1.000116368134816414e+00
1.005832910537719727e+00
1.001206517219543457e+00
1.000317513942718506e+00
1.000537276268005371e+00
1.001188198725382561e+00
9.995975891749063758e-01
1.002333561579386467e+00
1.013522664705912346e+00
1.001264770825703865e+00
1.001894235610961914e+00
9.998816649119058875e-01
1.000590244928995842e+00
9.952262043952941895e-01
9.971084396044412879e-01
1.003419836362202888e+00
1.001702626546223884e+00
1.000471631685892815e+00
1.002453525861104255e+00
1.002096692721049065e+00
1.005365490913391113e+00
1.007040480772654290e+00
1.003959496815999275e+00
1.007415374120076423e+00
1.005325833956400627e+00
9.928308526674906043e-01
1.005529661973317390e+00
1.001531799634297615e+00
1.008163134256998772e+00
1.068849762280781990e+00
9.956441124280294153e-01
9.940055807431539270e-01
9.749712546666463586e-01
9.767561356226602820e-01
9.956461985905965539e-01
9.777849912643432617e-01
9.943004449208577844e-01
1.036149064699808831e+00
1.273039182027180916e+00
9.826772212982177734e-01
1.061923722426096672e+00
1.035852154095967537e+00
1.011789004007975334e+00
9.984180728594461707e-01
9.908366600672403601e-01
9.816105763117471961e-01
1.003692289193471199e+00
9.883384505907694129e-01
9.821343223253885535e-01
9.888546069463094446e-01
9.831488132476806641e-01
9.909432927767435340e-01
9.821915229161580774e-01
9.885932803153991699e-01
9.755741159121195105e-01
1.016872247060139900e+00
9.839687744776407508e-01
9.855691989262899133e-01
1.017656743526458740e+00
9.951477448145548133e-01
9.648701548576354980e-01
9.688477714856466028e-01
9.809774359067281457e-01
9.503578941027323035e-01
1.054239511489868164e+00
1.047749300797780281e+00
1.128181993961334229e+00
9.792290131251016883e-01
9.477512637774149207e-01
9.731090863545736047e-01
9.524116118748983117e-01
9.776643514633178711e-01
9.716191490491231653e-01
9.981548984845479700e-01
9.930289189020792273e-01
9.992604653040567664e-01
1.033670147260030037e+00
1.041052063306172615e+00
9.613320231437683105e-01
1.026984731356302971e+00
9.968503316243489953e-01
9.674896597862243652e-01
9.674544731775919226e-01
9.434306820233663293e-01
9.916409254074096680e-01
9.992314974466959265e-01
9.911937514940897254e-01
9.726081490516662598e-01
9.773810108502706262e-01
9.838949441909790039e-01
9.575718045234680176e-01
1.025799989700317383e+00
9.745159149169921875e-01
9.590456684430440637e-01
9.754737416903177527e-01
9.724783102671304968e-01
9.483831723531087610e-01
1.030184268951416016e+00
9.830270608266195032e-01
9.519097208976745605e-01
9.533365368843078613e-01
1.017021814982096428e+00
9.627424677213033410e-01
9.888671239217122766e-01
1.093988815943400139e+00
1.015537798404693604e+00
1.011239091555277581e+00
9.700412154197692871e-01
9.703970551490783691e-01
9.427027106285095215e-01
9.425460298856099817e-01
9.569831093152364465e-01
9.340614080429077148e-01
9.599454005559285852e-01
9.343020915985107422e-01
9.720048904418945312e-01
9.430970748265584680e-01
9.335010647773742676e-01
9.239396651585897180e-01
9.288054108619689941e-01
9.781138896942138672e-01
9.296064178148905066e-01
9.538682103157043457e-01
9.280475576718648645e-01
9.197372992833455774e-01
9.488731424013773230e-01
9.773620168368021277e-01
9.580305218696594238e-01
9.590128262837728235e-01
9.353383183479309082e-01
9.271964033444722864e-01
9.275540908177694055e-01
9.091413021087646484e-01
9.146931171417236328e-01
9.468066692352294922e-01
9.275783896446228027e-01
9.200111230214437219e-01
9.308911760648092004e-01
9.136812090873718262e-01
9.468250473340352746e-01
9.388825297355651855e-01
9.576686620712280273e-01
9.423393408457437781e-01
9.180285334587097168e-01
9.391995469729105261e-01
9.254352847735086707e-01
9.325057466824849817e-01
9.331831137339273718e-01
9.280374844868978235e-01
9.180319309234619141e-01
9.262353976567586633e-01
9.208456873893737793e-01
9.417663812637329102e-01
9.210289518038431433e-01
9.361776312192281457e-01
9.225284457206726074e-01
9.580893516540527344e-01
9.265309770901998254e-01
9.231961965560913086e-01
9.096937576929727820e-01
9.265789389610290527e-01
9.128473997116088867e-01
9.234891732533773157e-01
9.652220209439595910e-01
9.455962379773458215e-01
9.513644576072692871e-01
9.249525268872579309e-01
9.329535961151123047e-01
9.068021575609842566e-01
9.258936047554016113e-01
9.106759826342264441e-01
9.318114717801412317e-01
9.238504370053609582e-01
8.978453278541564941e-01
9.298489292462667200e-01
9.159647425015767785e-01
9.252333045005798340e-01
9.240342775980631140e-01
9.168769915898641321e-01
9.526653289794921875e-01
9.156080683072408410e-01
9.434657494227091101e-01
9.055734276771545410e-01
9.672045906384786340e-01
9.500042796134948730e-01
9.563153584798177453e-01
9.532894094785054895e-01
9.738526741663614539e-01
9.687536756197611121e-01
9.746045271555582312e-01
9.187414050102233887e-01
9.235784411430358887e-01
9.274953206380208703e-01
9.110230008761087683e-01
9.412576357523599890e-01
9.762397805849710730e-01
9.456146359443664551e-01
9.189458489418029785e-01
9.308611750602722168e-01
9.388673504193624231e-01
9.316667715708414343e-01
9.805486599604288367e-01
9.018237988154093054e-01
9.443519314130147668e-01
9.141908486684163782e-01
9.457937479019165039e-01
9.158900181452432898e-01
9.623121023178100586e-01
9.211215774218241004e-01
9.220221439997354773e-01
9.112099806467691687e-01
9.378637075424194336e-01
9.138907988866170617e-01
9.574921528498331336e-01
9.243203600247701379e-01
9.447874029477437707e-01
9.178526798884073523e-01
9.001126090685526160e-01
9.384782711664835242e-01
9.103024999300638465e-01
9.183628757794698450e-01
9.075273672739664343e-01
9.163710474967956543e-01
9.091556866963704797e-01
9.612965981165567664e-01
9.213702678680419922e-01
9.123861193656921387e-01
9.173147877057393762e-01
8.956824938456217078e-01
9.188671708106994629e-01
9.273412227630615234e-01
9.088408946990966797e-01
9.299774169921875000e-01
9.163640538851419715e-01
9.189642667770385742e-01
9.152893622716268274e-01
9.169940352439880371e-01
9.287001887957254675e-01
9.085200826327005652e-01
9.266950090726217004e-01
9.134542743364969519e-01
9.211836258570352820e-01
9.203169345855712891e-01
9.316244125366210938e-01
9.214434822400411340e-01
9.216488798459371301e-01
9.227356910705566406e-01
8.955790599187215539e-01
9.076718091964721680e-01
9.341662128766378137e-01
9.148709575335184363e-01
9.287049969037374231e-01
9.174854159355163574e-01
9.231824676195780066e-01
9.221078157424926758e-01
9.313323299090067175e-01
9.048951069513956336e-01
9.223751823107401160e-01
9.320644934972127649e-01
9.098249475161234168e-01
9.197024106979370117e-01
9.226444363594055176e-01
9.257162610689798621e-01
9.206297198931375769e-01
9.128795464833577844e-01
9.372101624806722375e-01
9.207906921704610559e-01
9.327012300491333008e-01
9.139066735903421668e-01
9.344269633293151855e-01
9.032756288846334192e-01
9.078447620073953894e-01
9.308185776074727746e-01
9.073505997657775879e-01
9.272068341573079797e-01
9.204837282498677942e-01
9.275216857592264441e-01
9.187966187795003625e-01
9.200818936030069617e-01
9.238766034444173547e-01
9.174192150433858606e-01
9.246565103530883789e-01
9.427022337913513184e-01
9.119419256846109656e-01
9.210297266642252234e-01
9.183805982271829871e-01
9.078014095624288293e-01
9.239683349927266809e-01
9.224673708279927942e-01
9.246420661608377722e-01
9.285660386085510254e-01
9.336694876352945593e-01
9.125379920005798340e-01
9.192947546641031531e-01
9.128744999567667273e-01
9.183842142422994348e-01
9.103427926699320105e-01
9.143904844919840125e-01
9.124954342842102051e-01
9.187155763308206824e-01
9.058648149172464636e-01
9.150713880856832239e-01
9.189212520917257043e-01
9.080341458320617676e-01
9.319266478220621375e-01
9.150162935256958008e-01
9.217515786488851282e-01
9.136513074239095422e-01
9.225856463114420203e-01
9.159994522730509070e-01
9.131406545639038086e-01
9.150016109148660925e-01
9.289779861768087121e-01
9.389467040697733191e-01
9.242018858591715125e-01
9.278633197148641321e-01
9.181814789772033691e-01
9.190490047136942175e-01
9.281677603721618652e-01
9.154162009557088586e-01
9.101500908533731726e-01
9.166371424992879602e-01
9.060273567835489539e-01
9.216474692026773718e-01
9.171545902887979773e-01
9.258649547894796106e-01
9.075649976730346680e-01
9.339339534441629675e-01
9.274400075276693078e-01
9.185034434000650672e-01
9.255943298339843750e-01
9.090723594029744836e-01
9.183293183644613000e-01
9.199468493461608887e-01
9.012621243794759485e-01
9.161573251088460657e-01
9.246531327565511438e-01
9.212235212326049805e-01
9.323464035987854004e-01
9.294728040695190430e-01
9.243530233701070520e-01
9.205114444096883508e-01
9.156493345896402625e-01
9.254959026972452429e-01
9.155728022257486609e-01
9.197710752487182617e-01
9.120547771453857422e-01
9.207347432772318152e-01
9.075788259506225586e-01
9.220084945360819129e-01
9.094970822334289551e-01
9.201635122299194336e-01
9.079365730285644531e-01
9.113337397575378418e-01
9.177420735359191895e-01
9.337989886601766321e-01
9.119873444239298133e-01
9.330027898152669641e-01
9.185926914215087891e-01
9.288653930028279992e-01
9.211735129356384277e-01
9.173532923062642785e-01
9.194128314654032019e-01
9.030348062515258789e-01
9.148454864819844934e-01
9.172771970431009558e-01
9.205238223075866699e-01
9.227878053983052942e-01
9.182158509890238074e-01
9.227951169013977051e-01
9.120845198631286621e-01
9.180306792259216309e-01
9.279342691103616980e-01
9.260665973027547571e-01
9.208429654439290735e-01
9.298790494600931433e-01
9.223584532737731934e-01
9.181725581487020227e-01
9.222087661425272254e-01
9.184729854265848425e-01
9.381819764773050574e-01
9.149985114733377722e-01
9.341341455777486535e-01
9.251189629236856726e-01
9.213679830233255652e-01
9.114882747332254675e-01
9.370619058609008789e-01
9.145791133244832727e-01
9.067981839179992676e-01
9.215793609619140625e-01
9.131936430931091309e-01
9.268599549929300574e-01
9.083450237909952429e-01
9.121493101119995117e-01
9.160771568616231653e-01
9.049035509427388879e-01
9.151091376940408972e-01
9.096080660820007324e-01
9.104597369829813269e-01
9.110226233800252649e-01
9.130750497182210657e-01
9.285423358281453821e-01
9.111605087916055945e-01
9.222132762273153039e-01
9.160571893056234094e-01
9.162509242693582800e-01
9.167872865994771692e-01
9.296085635821024207e-01
9.237692554791768762e-01
9.073490301767984656e-01
9.198573629061380652e-01
9.122899174690246582e-01
9.171499808629354211e-01
9.187836448351541785e-01
9.297281106313070032e-01
9.133406678835550574e-01
9.171765446662902832e-01
9.275852441787719727e-01
9.249414006868997840e-01
9.329175949096679688e-01
9.106795787811279297e-01
9.337759017944335938e-01
9.096134503682454797e-01
9.142422676086425781e-01
9.193754196166992188e-01
8.968751033147176477e-01
9.096192717552185059e-01
9.286218285560607910e-01
9.374033013979593543e-01
9.263640244801839563e-01
9.218681454658508301e-01
9.274752537409464148e-01
9.216536879539489746e-01
9.229874213536580774e-01
9.238459865252176550e-01
9.139726758003234863e-01
9.229891896247863770e-01
9.223275780677795410e-01
9.310968716939290735e-01
9.178081552187601355e-01
9.130458434422811242e-01
9.313940405845642090e-01
9.230686227480570105e-01
9.120739102363586426e-01
9.110757112503051758e-01
9.408001701037088660e-01
9.239999055862426758e-01
9.207599560419718054e-01
9.328454136848449707e-01
9.257857799530029297e-01
9.204370180765787390e-01
9.151879549026489258e-01
9.255665342013040808e-01
9.205938378969827918e-01
9.205766518910726282e-01
9.274038275082906457e-01
9.226044813791910437e-01
9.262409806251525879e-01
9.174143671989440918e-01
9.202359318733215332e-01
9.060369531313577918e-01
9.179113109906514856e-01
9.133604168891906738e-01
9.051568905512491492e-01
9.272603193918863562e-01
9.209400216738382605e-01
9.315470457077026367e-01
9.209956725438436242e-01
9.319384495417276648e-01
8.996136387189229700e-01
9.088529348373413086e-01
9.092944860458374023e-01
9.218009312947591516e-01
9.410195748011270789e-01
9.185331066449483606e-01
9.225434462229410437e-01
9.155427217483520508e-01
9.215760827064514160e-01
9.236690600713094446e-01
9.223554134368896484e-01
9.212644100189208984e-01
9.199836254119873047e-01
9.202434619267781946e-01
9.169231653213500977e-01
9.127333164215087891e-01
9.184885819753011438e-01
9.086915850639343262e-01
9.122172594070434570e-01
9.287059307098388672e-01
9.200456738471984863e-01
9.104903340339660645e-01
9.192021886507669715e-01
9.107184211413065222e-01
9.107325673103332520e-01
9.183722337086995813e-01
9.058665633201599121e-01
9.193278948465982703e-01
9.104598561922708777e-01
9.169580539067586633e-01
9.405849178632100793e-01
9.261398315429687500e-01
9.166619181632995605e-01
9.007282058397928504e-01
9.102097352345784875e-01
9.304943283398946496e-01
9.233186244964599609e-01
9.337607224782308313e-01
9.122649828592935828e-01
9.260829687118530273e-01
9.186988671620687219e-01
9.194593230883280066e-01
9.157848755518595008e-01
9.270021716753641394e-01
9.195911089579263953e-01
9.303115010261535645e-01
9.152078429857889441e-01
9.243570963541666297e-01
9.264252980550130578e-01
8.947509924570719031e-01
9.197605252265930176e-01
9.086101651191711426e-01
9.079836606979370117e-01
9.256927967071533203e-01
9.172867536544799805e-01
9.296784202257791785e-01
9.238956967989603308e-01
9.149989287058512000e-01
9.225318034489949914e-01
9.178480108579000207e-01
9.273400306701660156e-01
9.348248640696207312e-01
9.208178718884786340e-01
9.179661472638448450e-01
9.310846527417501184e-01
9.209917585055032996e-01
9.222162961959838867e-01
9.136092066764831543e-01
9.226292173067728308e-01
9.215161005655924109e-01
9.306961496671041223e-01
9.255150159200032922e-01
9.325026671091715125e-01
9.166141549746195105e-01
9.129954775174459192e-01
9.183980226516723633e-01
9.031232396761575965e-01
9.127499461174011230e-01
9.137792388598123816e-01
9.143580595652262000e-01
9.357348084449768066e-01
9.155383110046386719e-01
9.161556959152221680e-01
9.143398801485697058e-01
9.175902406374613074e-01
9.169321060180664062e-01
9.189976851145426062e-01
9.365174770355224609e-01
9.233712355295816687e-01
9.247615734736124304e-01
9.095581968625386926e-01
9.199054042498270300e-01
9.156594475110372278e-01
9.067948261896768836e-01
9.194945096969604492e-01
9.227483669916788367e-01
9.191928704579671594e-01
9.235322475433349609e-01
9.148718516031900672e-01
9.227074782053629187e-01
9.107685883839925500e-01
9.222085078557332727e-01
9.157936970392862586e-01
9.313996632893880578e-01
9.172441959381103516e-01
9.059405525525411340e-01
9.048666954040527344e-01
9.085666139920552942e-01
9.267338514328002930e-01
9.015285571416219446e-01
9.192353884379068640e-01
9.197443127632141113e-01
9.203388293584188196e-01
9.233414729436238977e-01
9.197131594022115442e-01
9.176254868507385254e-01
9.239483277002970008e-01
9.238828818003336218e-01
9.045555790265401575e-01
9.163246750831604004e-01
9.134809176127115515e-01
9.311784704526265832e-01
9.193985859553018836e-01
9.100774725278218957e-01
9.097926815350850793e-01
9.088847239812215539e-01
9.095916549364725379e-01
9.214376409848531457e-01
9.256851275761922571e-01
9.219642082850137976e-01
9.321324626604715613e-01
9.167759815851846961e-01
8.995402654012044641e-01
9.192570050557454797e-01
9.287069042523702356e-01
9.205931822458902625e-01
9.227969050407409668e-01
9.045931696891784668e-01
9.196529984474182129e-01
9.234003822008768347e-01
9.194555282592773438e-01
9.352582693099975586e-01
9.174093802769979211e-01
9.242236614227294922e-01
9.259189565976461145e-01
9.181136687596639367e-01
9.267519513765970496e-01
9.263460636138916016e-01
9.124672214190164832e-01
9.239167173703511926e-01
9.077378312746683386e-01
9.157250523567199707e-01
9.231366912523905066e-01
9.175284107526143762e-01
9.123979409535726282e-01
9.103708664576212195e-01
9.174919128417968750e-01
9.251860578854879114e-01
9.135188857714334754e-01
9.087274869283040735e-01
9.196168581644693640e-01
9.355141321818033484e-01
9.277611772219339636e-01
9.036053816477457312e-01
9.074471394220987586e-01
9.257869919141133996e-01
9.216569264729818078e-01
9.177293777465820312e-01
9.204454024632772180e-01
9.232161839803060266e-01
9.053525726000467566e-01
9.264264504114786414e-01
9.184884826342264441e-01
9.222062627474466590e-01
9.171706438064575195e-01
9.078769683837890625e-01
9.260016878445943567e-01
9.105913837750753137e-01
9.192192157109578821e-01
9.150990645090738562e-01
9.212770859400430945e-01
9.251186052958170203e-01
9.208839138348897668e-01
9.296060403188070032e-01
9.242495298385620117e-01
9.346894224484761926e-01
9.214096268018087121e-01
9.051956733067830774e-01
9.288786053657531738e-01
9.184876680374145508e-01
9.174750049908956262e-01
9.091820915540059778e-01
9.103989402453104285e-01
9.198615749677022668e-01
9.242313106854757043e-01
9.321392178535461426e-01
9.177118142445882532e-01
9.273706078529357910e-01
9.208307266235351562e-01
9.208826224009195593e-01
9.157044688860574988e-01
9.219134251276651648e-01
9.225465655326843262e-01
9.248656233151754114e-01
9.203135967254638672e-01
9.134839574495950965e-01
9.186915159225463867e-01
9.201824665069580078e-01
9.196565548578897742e-01
9.202963113784790039e-01
9.218964775403341028e-01
9.270242055257161828e-01
9.166607658068338660e-01
9.175026615460714075e-01
9.280439217885335657e-01
9.205927054087320593e-01
9.277090827624002722e-01
9.293033083279927942e-01
9.235028425852457312e-01
9.243713021278381348e-01
9.037972688674926758e-01
9.292362928390502930e-01
9.179871082305908203e-01
9.218108455340067175e-01
9.178388913472493860e-01
9.160069425900777551e-01
9.325889150301615027e-01
9.032479325930277136e-01
9.249074459075927734e-01
9.239834944407144812e-01
9.330899516741434363e-01
9.080874721209207800e-01
9.289814631144205359e-01
9.203453858693441125e-01
9.193147420883178711e-01
9.354569315910339355e-01
9.285716414451599121e-01
9.256773988405863074e-01
9.119948744773864746e-01
9.243384003639221191e-01
9.196290969848632812e-01
9.187870820363363000e-01
9.061332543690999719e-01
9.222586949666341516e-01
9.342739780743917200e-01
9.182888269424438477e-01
9.021264115969339636e-01
9.100282589594522742e-01
9.126776059468587610e-01
9.223346312840779992e-01
9.319152633349100379e-01
9.151097536087036133e-01
9.200262029965718957e-01
9.119870662689208984e-01
9.232041239738464355e-01
9.119743704795837402e-01
9.009766578674316406e-01
9.207612474759420129e-01
9.146743814150491980e-01
9.023750225702921179e-01
9.202565550804138184e-01
9.313940008481343957e-01
9.257662892341613770e-01
9.196874101956685754e-01
9.254627426465352746e-01
9.339843392372131348e-01
9.230437676111856726e-01
9.184349775314331055e-01
9.063499768575032922e-01
9.036976496378580359e-01
9.263487855593363074e-01
9.263948996861776086e-01
9.244611263275146484e-01
9.315117001533508301e-01
9.216537475585937500e-01
9.135148525238037109e-01
9.208598931630452844e-01
9.177166620890299109e-01
9.020829200744628906e-01
9.244734247525533410e-01
9.181660016377767297e-01
9.213892221450805664e-01
9.165117740631103516e-01
9.182741244633992883e-01
9.254514575004577637e-01
9.325842658678690222e-01
9.172081152598062781e-01
9.258231918017069129e-01
9.110092520713806152e-01
9.227171738942464563e-01
9.162187178929647180e-01
9.088747302691141394e-01
9.249282280604044226e-01
9.184332092603048059e-01
9.088393449783325195e-01
9.154579043388366699e-01
9.158772428830465051e-01
9.152748187383016321e-01
9.155465960502624512e-01
9.256073832511901855e-01
9.197160998980203894e-01
9.115724563598632812e-01
9.309866031010946008e-01
9.173905849456787109e-01
9.229270418485006067e-01
9.243069291114807129e-01
9.135083754857381555e-01
9.254619479179382324e-01
9.020134210586547852e-01
9.134692549705505371e-01
9.267283280690511438e-01
9.124680956204732629e-01
9.283500313758850098e-01
9.084561467170715332e-01
9.228454430898030969e-01
9.225733280181884766e-01
9.113184611002603797e-01
9.158906340599060059e-01
9.252047936121622351e-01
9.150765339533487586e-01
9.179878036181131629e-01
9.234362840652465820e-01
9.197632670402526855e-01
9.213582078615824011e-01
9.156272411346435547e-01
9.151241978009542200e-01
9.222236474355062219e-01
9.274145364761352539e-01
9.279108842213948938e-01
9.244416753451029090e-01
9.154133001963297156e-01
9.312271078427633020e-01
9.169892668724060059e-01
9.109093745549520227e-01
9.206779599189758301e-01
9.276942412058512000e-01
9.241888920466104773e-01
9.170422355333963660e-01
9.274157285690307617e-01
8.999277551968892785e-01
9.218399326006571082e-01
9.048108259836832312e-01
9.339209397633870813e-01
9.241674343744913367e-01
9.118120670318603516e-01
9.227658112843831750e-01
9.154546459515889856e-01
9.208169579505920410e-01
9.239881237347921106e-01
9.158927599589029578e-01
9.199425379435220984e-01
9.231969316800435754e-01
9.379060467084249231e-01
9.160860776901245117e-01
9.111382365226745605e-01
9.249256054560343054e-01
9.172472159067789343e-01
9.182991385459899902e-01
9.307650725046793250e-01
9.284300605456033972e-01
9.133587678273519250e-01
9.081310629844665527e-01
9.090204238891601562e-01
9.276869893074035645e-01
9.233321150143941614e-01
9.231482942899068567e-01
9.373790423075357703e-01
9.122917056083679199e-01
9.384577870368957520e-01
9.282030065854390832e-01
9.174470106760660437e-01
9.288885196050008508e-01
9.206693967183431360e-01
9.164331555366516113e-01
9.077389041582742957e-01
9.234294493993123742e-01
9.150823752085367468e-01
8.972997268040975305e-01
9.104177951812744141e-01
9.270159403483072547e-01
9.127832452456156043e-01
9.099608858426412317e-01
9.218919674555460242e-01
9.227601488431295129e-01
9.049053390820821496e-01
9.214798609415689734e-01
9.096115231513977051e-01
9.031243721644083289e-01
9.281413952509561804e-01
9.010178049405416223e-01
9.074297547340393066e-01
9.213857849438985559e-01
9.184529185295104980e-01
9.141070644060770300e-01
9.145850340525308875e-01
9.150530298550924035e-01
9.248055617014566687e-01
9.220890204111734656e-01
9.254436492919921875e-01
9.263822436332702637e-01
9.177385767300924035e-01
9.252110520998636511e-01
9.328183929125467566e-01
9.256037274996439246e-01
9.416018923123677942e-01
9.040561914443969727e-01
9.204229315121968957e-01
9.357178608576456336e-01
9.236670335133870813e-01
9.149534106254577637e-01
9.128908912340799597e-01
9.199357231458028528e-01
9.209001859029134485e-01
9.131729602813720703e-01
9.222949544588724402e-01
9.209475318590799597e-01
9.380660057067871094e-01
9.265273412068685266e-01
9.280042052268981934e-01
9.179541865984598425e-01
9.279659787813822058e-01
9.207049608230590820e-01
9.308054844538370398e-01
9.202276269594827918e-01
9.269037644068399695e-01
9.267584085464477539e-01
9.102906783421834680e-01
9.259312351544698450e-01
9.081173340479532508e-01
9.051474531491597864e-01
9.132156173388162879e-01
9.311692913373311731e-01
9.174543221791585657e-01
9.204959869384765625e-01
9.176456729571024207e-01
9.164480566978454590e-01
9.191155433654785156e-01
9.273065129915872840e-01
9.193015098571777344e-01
9.184995094935098914e-01
9.203404188156127930e-01
9.293790856997171668e-01
9.216018319129943848e-01
9.184056321779886511e-01
9.091182748476663855e-01
9.168924887975057336e-01
9.312891364097595215e-01
9.138415455818176270e-01
9.286298155784606934e-01
9.130644400914510461e-01
9.086413780848184851e-01
9.137531121571859094e-01
9.286336898803710938e-01
9.199525912602742883e-01
9.231933951377868652e-01
9.241355657577514648e-01
9.179195960362752649e-01
9.156571825345357629e-01
9.174141685167948035e-01
9.119448065757751465e-01
