6.192171052098274092e-02
4.579994175583124161e-02
4.153164718300104280e-02
4.153147935867309432e-02
3.759437259286642352e-02
3.651669733226299563e-02
3.290066830813884874e-02
3.207806535065173964e-02
3.387940712273120741e-02
2.865595258772373269e-02
2.589321993291377952e-02
2.608990278095007012e-02
1.863119006156921387e-02
1.742737647145986557e-02
1.267851721495389869e-02
1.145532634109258652e-02
1.216160301119089196e-02
1.085245218127965997e-02
1.044199145399033954e-02
1.132928435690700938e-02
1.235576933249831269e-02
1.153511414304375648e-02
1.264656628482043778e-02
1.033636797219514812e-02
9.202026762068271637e-03
9.487416595220565796e-03
9.541923576034606197e-03
8.976469258777796875e-03
9.271509409882128933e-03
9.130095783621072075e-03
9.149098885245621204e-03
1.027894192375242675e-02
9.865751583129167210e-03
1.007359921932220528e-02
9.035735018551349293e-03
8.988892426714301109e-03
9.749796008691191673e-03
9.480979340150953033e-03
8.785624848678707730e-03
9.137750696390866886e-03
8.801561547443270683e-03
9.246540372259914875e-03
9.919917746447026036e-03
9.303990006446837685e-03
1.013549284543842008e-02
1.172604849562048843e-02
1.530417320318520034e-02
1.354013392701744999e-02
1.251071230508387158e-02
9.637316223233938217e-03
8.030848018825054516e-03
8.736157976090907357e-03
9.200581256300211300e-03
9.123678179457783352e-03
8.780627558007837036e-03
9.744954900816083301e-03
8.715217933058738708e-03
8.824670128524303783e-03
8.945992635563015244e-03
9.536036849021911274e-03
9.123539412394165646e-03
9.000949445180594921e-03
9.155616723001002918e-03
9.493023855611681938e-03
1.003730441443622182e-02
1.005076360888779163e-02
8.897203160449862827e-03
9.088760288432241180e-03
9.176550316624343395e-03
9.476048382930457245e-03
8.765316824428737510e-03
8.930274099111557701e-03
9.004214638844132076e-03
9.218030609190464020e-03
9.185268497094511292e-03
1.062980736605823040e-02
1.015641759149730171e-02
8.836511336266995170e-03
8.642977941781282772e-03
9.012567321769892822e-03
9.564103267621248960e-03
9.337399527430534710e-03
8.942129369825125434e-03
9.293459728360176433e-03
8.984292065724730839e-03
9.016042342409491539e-03
9.665788989514112819e-03
9.453110909089446762e-03
9.047322161495684884e-03
8.934112405404448856e-03
9.327912889420985482e-03
9.435696736909448754e-03
1.127743865363299916e-02
9.713913500308989785e-03
1.080170446075499023e-02
9.701117267832159649e-03
1.062064701691269909e-02
9.432198107242583882e-03
8.834445197135210731e-03
8.502965327352285385e-03
8.587218821048736572e-03
8.558859745971859195e-03
9.052935894578695644e-03
9.130321349948644985e-03
8.847858710214494965e-03
9.003114374354481003e-03
8.735657529905438076e-03
9.067072393372654568e-03
8.855423866771161209e-03
8.816576981917022965e-03
8.969823177903891304e-03
9.350936720147728573e-03
9.091036114841698906e-03
8.944431948475540378e-03
8.803351549431681633e-03
9.021862875670194626e-03
9.047110751271247170e-03
9.129800600931048393e-03
9.099401487037538788e-03
8.992645167745649468e-03
9.219383029267192234e-03
9.146363660693167946e-03
9.220445947721599839e-03
9.358073072507976792e-03
9.410035447217524052e-03
9.472457179799675248e-03
8.995568193495274284e-03
9.192718984559178005e-03
9.074420784600079060e-03
9.960810700431466796e-03
9.245535964146256794e-03
9.313743608072400787e-03
8.902742061764001846e-03
9.166188584640622833e-03
8.900469401851296425e-03
9.130159742198884487e-03
9.293782699387520552e-03
9.093820396810770729e-03
9.062996972352266659e-03
9.039100352674722325e-03
9.292930457741021763e-03
9.077894268557429314e-03
9.588920278474688530e-03
9.331151749938726772e-03
1.057870080694556236e-02
9.187404462136328914e-03
9.038499603047967651e-03
8.647688804194331516e-03
9.314076718874275337e-03
9.072587476111948490e-03
9.438210469670593045e-03
8.821375574916601528e-03
9.015890001319349506e-03
9.046908817254006863e-03
8.912618458271025917e-03
9.224224975332618107e-03
9.022068674676119934e-03
8.976724790409206997e-03
8.947102027013898243e-03
9.370358102023601879e-03
9.162383037619292736e-03
9.081864962354302406e-03
9.333227341994643905e-03
9.380797715857624661e-03
9.626299468800425183e-03
9.024023939855397441e-03
8.880238700658082268e-03
9.290992724709212433e-03
9.120828611776233066e-03
8.901544800028204224e-03
8.998844842426478169e-03
9.241833398118615844e-03
8.964628679677844048e-03
9.090035245753825058e-03
9.203436505049466393e-03
9.337792801670730808e-03
8.996206661686300884e-03
9.332291712053120830e-03
9.297867259010671875e-03
9.239583555608988502e-03
9.136647451668977737e-03
9.353754972107709148e-03
9.189853863790630600e-03
9.244886250235140671e-03
9.067287598736584880e-03
9.105120180174708019e-03
9.142551710829139103e-03
9.249335573986171982e-03
9.525972371920942566e-03
9.185956814326346268e-03
9.322091098874807011e-03
9.027010248973964951e-03
8.900395641103387573e-03
8.966949419118463993e-03
9.292438533157110561e-03
9.275298751890658638e-03
9.024424431845545075e-03
9.657338494434952736e-03
9.052346739917994239e-03
9.059420134872198799e-03
8.962321607396007278e-03
9.135466720908879540e-03
9.185600979253649018e-03
9.233013354241847645e-03
9.317685244604944836e-03
8.936997363343834530e-03
9.195217536762357105e-03
9.064795030280948379e-03
9.194418485276401737e-03
9.176726778969168316e-03
9.339356282725929520e-03
9.083799552172422409e-03
9.271662472747266640e-03
8.954568998888134956e-03
9.380624163895845413e-03
8.977510244585573326e-03
9.239016752690076134e-03
9.195038932375609875e-03
9.194854530505836010e-03
9.275673283264040600e-03
9.200659045018256404e-03
9.287680406123400081e-03
9.167118370532989849e-03
9.354552812874316822e-03
9.206859348341821930e-03
9.287384734489024379e-03
9.400896402075887073e-03
9.102290868759155620e-03
9.350664215162396431e-03
9.299286641180515289e-03
9.323909040540456425e-03
9.271965734660625805e-03
9.393239393830299377e-03
9.387884149327873837e-03
9.309207182377576481e-03
9.321454726159573295e-03
9.336566412821411740e-03
9.368465794250369766e-03
9.212387679144739411e-03
9.439584705978632320e-03
9.396824613213538777e-03
9.378653182648123005e-03
9.288708260282874801e-03
9.415116440504790046e-03
9.501840081065892826e-03
9.204841265454889038e-03
9.808875853195786476e-03
9.285391611047088406e-03
9.269456914626061222e-03
9.316786215640604843e-03
9.291439736261963150e-03
9.327594516798853527e-03
9.233501181006431927e-03
9.370399732142686497e-03
9.320155577734112393e-03
9.263760130852460167e-03
9.373217029497027744e-03
9.198284242302179337e-03
9.399308683350681912e-03
9.153691912069916378e-03
9.339901199564338424e-03
9.314122749492526401e-03
9.329252992756664753e-03
9.372761985287070968e-03
9.304330544546246182e-03
9.477669931948184620e-03
9.192135836929082177e-03
9.257343644276262024e-03
9.123962279409170498e-03
9.416933159809560278e-03
9.136640140786767353e-03
9.296356141567230572e-03
9.225851809605955384e-03
9.366619773209095348e-03
9.307649359107017864e-03
9.297974850051104675e-03
9.250043309293687344e-03
9.313677065074443470e-03
9.411729732528328549e-03
9.249410917982458721e-03
9.270201390609144471e-03
9.237514296546577713e-03
9.283045399934053074e-03
9.271018789149820805e-03
9.448488173075021007e-03
9.355917456559836864e-03
9.318145085126161228e-03
9.251258149743080833e-03
9.221170819364488472e-03
9.095831820741296508e-03
9.504411974921822895e-03
9.242774709127843727e-03
9.233022597618401398e-03
9.350363211706281402e-03
9.126370772719383240e-03
9.405510313808918693e-03
9.186677029356360089e-03
9.200171614065767028e-03
9.313861327245830796e-03
9.233957435935736396e-03
9.401847328990697167e-03
9.216802148148416779e-03
9.343516686931252826e-03
9.342743922024965633e-03
9.213274903595447193e-03
9.365334920585156181e-03
9.363511158153415420e-03
9.292824123986066082e-03
9.436875768005847237e-03
9.347854624502360474e-03
9.425080311484635570e-03
9.358217613771558155e-03
9.361962834373117187e-03
9.319478692486882904e-03
9.374392870813607476e-03
9.408748103305697094e-03
9.413731470704077980e-03
9.404682833701372840e-03
9.404795616865158428e-03
9.406731743365526893e-03
9.318450884893535874e-03
9.458091296255587838e-03
9.350199857726693500e-03
9.339740173891187061e-03
9.437545319087803364e-03
9.393052430823445320e-03
9.337694873102009643e-03
9.336141403764486313e-03
9.367560921236871979e-03
9.468492260202765812e-03
9.341346030123532512e-03
9.421685920096933495e-03
9.480104409158229481e-03
9.379379148595035770e-03
9.439327940344809792e-03
9.456503670662641525e-03
9.440969722345472076e-03
9.414147958159447063e-03
9.445060766302049507e-03
9.358235402032732964e-03
9.471991658210754048e-03
9.519309876486659397e-03
9.375610481947660099e-03
9.425731422379613617e-03
9.469929430633784034e-03
9.452562616206704876e-03
9.388431673869490623e-03
9.514807187952101925e-03
9.369612811133265842e-03
9.439807152375578880e-03
9.430469246581196785e-03
9.308215230703353882e-03
9.650122956372797489e-03
9.369768993929028164e-03
9.438578831031918179e-03
9.371314290910958897e-03
9.508095448836684227e-03
9.281398216262459061e-03
9.268084447830915798e-03
9.428231394849717617e-03
9.204728761687874794e-03
9.732459159567951462e-03
9.435737738385796547e-03
9.362957859411834977e-03
9.341498184949160316e-03
9.356844867579639652e-03
9.422588301822543491e-03
9.432001737877726555e-03
9.383838530629873623e-03
9.433218557387591102e-03
9.458990348502994278e-03
9.412894817069172512e-03
9.457001136615872730e-03
9.339826088398695339e-03
9.455179842188955047e-03
9.430775931105018356e-03
9.384017065167426716e-03
9.474868047982453953e-03
9.444468747824430119e-03
9.404338058084249150e-03
9.497451758943498829e-03
9.391811583191156734e-03
9.524566121399402618e-03
9.448258019983769157e-03
9.402660466730595329e-03
9.515907568857073090e-03
9.424484218470752239e-03
9.431117633357643387e-03
9.457045630551875331e-03
9.413638291880488743e-03
9.466183790937065384e-03
9.404997806996107101e-03
9.512225724756717335e-03
9.403561055660248497e-03
9.487669588997960438e-03
9.383549261838198402e-03
9.567123604938387871e-03
9.359128586947918632e-03
9.455369831994176605e-03
9.277767082676292160e-03
9.485862590372562755e-03
9.416610701009631157e-03
9.285922697745262883e-03
9.438106138259173133e-03
9.440041892230511406e-03
9.370772331021726825e-03
9.424172365106642593e-03
9.447635593824088227e-03
9.439451061189174999e-03
9.431805508211255767e-03
9.358647232875227234e-03
9.438272053375839493e-03
9.433911135420202515e-03
9.433316998183727264e-03
9.431956033222377994e-03
9.442791901528834950e-03
9.468040289357304226e-03
9.413408860564232566e-03
9.444728237576782356e-03
9.490391006693243980e-03
9.441703185439109455e-03
9.402910061180592277e-03
9.486126480624079704e-03
9.449949488043785095e-03
9.416557196527720192e-03
9.464338421821594238e-03
9.474202222190798023e-03
9.473589202389120362e-03
9.430414671078324665e-03
9.465510211884974739e-03
9.450865816324949611e-03
9.477498126216232777e-03
9.453577129170298923e-03
9.451797371730208744e-03
9.461894980631768703e-03
9.464268712326884617e-03
9.481129189953207276e-03
9.438679926097393383e-03
9.495117794722318302e-03
9.481146326288580548e-03
9.428302384912967335e-03
9.485289547592401158e-03
9.444685187190771103e-03
9.477494889870286335e-03
9.470384707674384464e-03
9.426058665849269130e-03
9.445558721199630997e-03
9.506521839648484837e-03
9.440861176699399948e-03
9.471251629292964935e-03
9.506969479843974113e-03
9.407582785934209477e-03
9.472891769837588419e-03
9.514281712472438118e-03
9.501186804845929493e-03
9.465518768411129019e-03
9.473562915809452187e-03
9.463070984929799687e-03
9.497960889711975704e-03
9.480947721749543797e-03
9.491298999637364647e-03
9.459547139704227794e-03
9.474167483858764172e-03
9.503151220269501903e-03
9.480491187423467983e-03
9.494039602577686657e-03
9.453455358743667949e-03
9.482229338027536522e-03
9.530694968998432853e-03
9.476621635258197784e-03
9.467419842258096088e-03
9.525209059938788067e-03
9.459545859135687698e-03
9.433349221944808613e-03
9.507681755349040725e-03
9.525576955638825893e-03
9.468313911929726948e-03
9.486056538298726429e-03
9.523779992014170040e-03
9.474014164879918098e-03
9.490265324711800315e-03
9.544933540746569287e-03
9.501303639262914311e-03
9.490593662485479962e-03
9.494199603796004555e-03
9.505684394389391292e-03
9.448507986962794564e-03
9.496699087321758270e-03
9.482176136225461613e-03
9.471535542979836117e-03
9.556240076199174274e-03
9.471648931503295551e-03
9.480889653787016869e-03
9.493289748206734657e-03
9.518785495311021458e-03
9.480977384373544953e-03
9.484527213498950698e-03
9.425245225429534912e-03
9.514686092734337200e-03
9.511426696553826679e-03
9.489159705117345203e-03
9.479990927502512932e-03
9.480620734393596649e-03
9.531030291691422116e-03
9.490412101149559368e-03
9.443403664045035492e-03
9.492744738236070373e-03
9.529534168541431774e-03
9.453183622099459171e-03
9.475744422525167118e-03
9.517919644713402141e-03
9.470140584744513382e-03
9.467334649525583484e-03
9.511545160785317074e-03
9.499071538448334087e-03
9.503411082550882599e-03
9.491380350664258697e-03
9.465189138427376053e-03
9.512931108474731445e-03
9.535200893878936768e-03
9.475529240444303253e-03
9.484714874997735717e-03
9.516763826832174908e-03
9.499882312957197775e-03
9.474643319845200279e-03
9.493739088065921913e-03
9.542750101536512722e-03
9.500879002735019077e-03
9.479848621413110993e-03
9.467020351439713738e-03
9.496451960876584400e-03
9.542303904891014793e-03
9.505885140970348618e-03
9.465821273624896309e-03
9.516840754076837799e-03
9.498673304915428856e-03
9.505258174613118172e-03
9.494593949057161808e-03
9.490275615826248776e-03
9.501305595040320656e-03
9.515491221100092281e-03
9.527295152656734337e-03
9.474592888727784504e-03
9.502832964062690041e-03
9.510720521211624492e-03
9.485840331763029099e-03
9.514431655406951210e-03
9.526516823098064163e-03
9.491596231237053524e-03
9.506386914290487419e-03
9.508597757667302738e-03
9.536510077305137764e-03
9.497297927737236023e-03
9.501829976215958595e-03
9.511401830241083405e-03
9.515074314549565315e-03
9.545635338872671474e-03
9.491214598529040120e-03
9.501950163394213417e-03
9.496676735579967499e-03
9.525012876838444970e-03
9.493503067642451027e-03
9.497098810970782540e-03
9.519828623160720218e-03
9.525283752009273269e-03
9.508493263274431576e-03
9.491513296961785057e-03
9.519258118234574101e-03
9.539268119260669102e-03
9.471987932920455586e-03
9.498545154929160378e-03
9.533318644389509461e-03
9.484119154512882580e-03
9.514495357871055256e-03
9.499637084081769337e-03
9.501581545919179916e-03
9.535401850007474769e-03
9.514178056269884456e-03
9.498839615844190121e-03
9.524949127808213234e-03
9.504820592701435436e-03
9.521678742021321556e-03
9.497798746451735497e-03
9.528028266504406235e-03
9.506956906989216805e-03
9.529748128261416457e-03
9.533911803737282406e-03
9.492303407751024463e-03
9.494387451559305538e-03
9.546153759583831527e-03
9.512283070944250324e-03
9.485114365816116333e-03
9.512059297412634243e-03
9.527930431067943920e-03
9.515024814754724156e-03
9.527153847739101150e-03
9.501710208132863392e-03
9.523826302029192448e-03
9.494712296873330376e-03
9.506832691840827465e-03
9.546669013798237541e-03
9.516986552625894547e-03
9.500675927847623478e-03
9.525878331623971115e-03
9.535205690190196384e-03
9.514551772736013630e-03
9.503166517242788922e-03
9.508128836750983845e-03
9.513196116313338974e-03
9.529219521209598281e-03
9.518861584365368583e-03
9.509669174440205444e-03
9.533428447321056973e-03
9.522604569792748191e-03
9.519838169217110027e-03
9.517145948484540333e-03
9.519104752689600338e-03
9.518576366826892593e-03
9.508365346118808487e-03
9.534403891302644860e-03
9.533538995310664871e-03
9.509925707243382584e-03
9.517660178244114616e-03
9.539465187117457390e-03
9.532966325059533466e-03
9.500707173720002521e-03
9.496280783787369381e-03
9.514918178319930683e-03
9.529764088802039970e-03
9.532275400124490608e-03
9.525294089689851154e-03
9.493903210386633179e-03
9.511444671079515717e-03
9.523609234020114639e-03
9.515635017305613258e-03
9.528498584404587052e-03
9.528655535541474472e-03
9.537389641627669681e-03
9.525595605373382915e-03
9.512538649141788136e-03
9.540148382075130246e-03
9.534772532060743072e-03
9.510567784309387554e-03
9.503959701396525253e-03
9.514060011133551945e-03
9.535286668688058506e-03
9.537024283781647335e-03
9.517912799492479065e-03
9.506331360898911259e-03
9.511408908292651870e-03
9.528245870023965489e-03
9.521859418600796959e-03
9.515241859480738987e-03
9.518564632162451050e-03
9.523543994873762131e-03
9.529752540402114391e-03
9.518930409103631279e-03
9.522953769192099571e-03
9.522818634286523212e-03
9.525037091225384972e-03
9.529497753828764656e-03
9.521290077827870846e-03
9.539240365847944866e-03
9.536751778796315193e-03
9.512019576504826546e-03
9.537786897271870873e-03
9.543269732967018734e-03
9.512934368103742599e-03
9.506606264039874077e-03
9.512683143839240074e-03
9.528095833957195282e-03
9.550297679379583099e-03
9.525351121556013129e-03
9.517581015825272300e-03
9.517843229696154247e-03
9.524066327139734875e-03
9.539917483925819744e-03
9.520940575748681675e-03
9.514695173129439701e-03
9.517452633008360169e-03
9.522995771840214382e-03
9.524353593587876060e-03
9.540897468104958881e-03
9.541254118084907185e-03
9.510607738047838905e-03
9.512359206564725139e-03
9.543329989537597396e-03
9.540335973724722862e-03
9.523632703348994255e-03
9.539421275258063923e-03
9.544631512835622528e-03
9.531186055392026554e-03
9.515236178413034179e-03
9.520487533882260670e-03
9.540160838514565728e-03
9.530238364823162903e-03
9.522012155503033898e-03
9.519672067835927703e-03
9.532870235852896820e-03
9.531220397911965500e-03
9.532936615869402885e-03
9.531853115186094891e-03
9.534435579553246498e-03
9.523588884621857903e-03
9.523940877988934864e-03
9.537924313917756081e-03
9.528074529953300953e-03
9.517780411988497127e-03
9.525630553252995708e-03
9.528336953371763576e-03
9.531341330148278973e-03
9.529661340638994477e-03
9.525230759754777302e-03
9.523952379822731018e-03
9.533735830336809505e-03
9.541903762146830906e-03
9.531941777095199325e-03
9.523582551628351558e-03
9.525165334343910564e-03
9.535754844546318748e-03
9.538867417722940792e-03
9.528261562809347412e-03
9.529485041275620807e-03
9.529247833415865204e-03
9.533576155081390641e-03
9.532776242122054794e-03
9.521882608532905232e-03
9.518790082074702133e-03
9.531931974925101150e-03
9.538114070892333984e-03
9.530408540740609169e-03
9.526683925651013504e-03
9.535638801753520272e-03
9.533919161185622215e-03
9.526213281787931919e-03
9.526581456884741089e-03
9.534359420649706970e-03
9.535667160525918354e-03
9.533662605099380363e-03
9.534945525228977897e-03
9.532814845442771912e-03
9.530067420564591538e-03
9.529773751273751606e-03
9.531902102753519318e-03
9.528131037950516441e-03
9.524956019595265735e-03
9.524500323459505688e-03
9.542473382316530098e-03
9.537354158237577179e-03
9.529730631038546215e-03
9.536169189959763787e-03
9.535544179379939686e-03
9.529590653255582550e-03
9.529428416863083492e-03
9.532011672854423176e-03
9.537289803847669861e-03
9.539129259064794281e-03
9.530763281509280552e-03
9.534031688235699437e-03
9.537328733131289482e-03
9.535969444550573479e-03
9.527538088150322437e-03
9.531860798597335468e-03
9.532297379337251186e-03
9.532677195966243050e-03
9.531392063945532539e-03
9.532662387937308052e-03
9.534945245832204819e-03
9.534761449322104801e-03
9.541640803217888572e-03
9.543553693220019341e-03
9.536860836669802319e-03
9.525529993698000214e-03
9.533249028027056954e-03
9.545733616687358120e-03
9.541575610637665489e-03
9.527276130393147122e-03
9.528999379836023548e-03
9.534433134831488132e-03
9.536735899746417305e-03
9.537719516083597790e-03
9.532211115583777428e-03
9.534950205124913952e-03
9.528982872143387101e-03
9.531524544581771591e-03
9.541513724252581249e-03
9.538118960335850716e-03
9.538403199985622666e-03
9.535676427185535084e-03
9.541300032287836422e-03
9.541474049910902977e-03
9.530796343460679401e-03
9.527284884825348854e-03
9.527755831368268230e-03
9.527770453132688999e-03
9.540009009651840427e-03
9.543380909599363457e-03
9.534918563440441738e-03
9.537805384024978378e-03
9.546624496579170227e-03
9.541498171165585865e-03
9.537629713304341533e-03
9.535707230679691532e-03
9.536111587658524166e-03
9.534881869331001542e-03
9.533768310211599220e-03
9.534945199266075394e-03
9.539723629131913185e-03
9.541909303516149174e-03
9.537671389989555576e-03
9.534713067114352486e-03
9.534257533960043690e-03
9.533518040552736023e-03
9.534344077110290527e-03
9.535911167040467609e-03
9.539798647165299156e-03
9.540266124531626701e-03
9.540270082652568817e-03
9.540450200438499798e-03
9.540983801707625042e-03
9.538812725804746845e-03
9.537743683904410102e-03
9.534640307538210652e-03
9.537587640807032585e-03
9.534728643484414318e-03
9.532082919031381260e-03
9.532581083476543427e-03
9.534174622967839935e-03
9.537871275097132423e-03
9.538933844305574547e-03
9.539340890478342425e-03
9.537674812600016247e-03
9.539168002083897938e-03
9.540086146444082260e-03
9.538568090647459030e-03
9.540544357150793076e-03
9.538999991491436958e-03
9.535202709957956574e-03
9.538497566245496620e-03
9.539100481197238315e-03
9.537416324019432762e-03
9.538100147619844177e-03
9.539383323863148342e-03
9.539266291540116072e-03
9.542113076895475735e-03
9.537787968292832028e-03
9.535903902724384915e-03
9.539881581440567623e-03
9.539600601419806827e-03
9.538268717005849578e-03
9.536864678375422608e-03
9.541088342666625630e-03
9.538545459508895180e-03
9.534155251458287239e-03
9.536036150529980313e-03
9.539491240866481911e-03
9.538030205294489167e-03
9.537742473185062408e-03
9.537016600370406758e-03
9.536643559113145568e-03
9.541793959215283394e-03
9.539200412109493515e-03
9.534565592184662472e-03
9.536023577675223004e-03
9.536847239360213280e-03
9.537164354696869850e-03
9.539983607828617443e-03
9.538774657994509437e-03
9.542502462863922119e-03
9.540832927450537335e-03
9.538614819757641056e-03
9.540121583268047073e-03
9.539820486679673195e-03
9.539726376533507607e-03
9.537534834817052581e-03
9.541224222630262375e-03
9.542446862906218269e-03
9.539339877665042183e-03
9.537896746769547809e-03
9.541123313829303135e-03
9.540760237723589637e-03
9.536933293566108097e-03
9.535415749996899865e-03
9.534846199676394810e-03
9.541263198480009686e-03
9.543858747929335334e-03
9.544275747612119415e-03
9.540199674665928234e-03
9.536369307897984288e-03
9.536508610472083439e-03
9.536193404346703789e-03
9.535906277596950878e-03
9.538824437186121941e-03
9.540690225549042225e-03
9.540567174553871155e-03
9.540549619123340000e-03
9.543405519798398365e-03
9.548121946863830090e-03
9.541604411788284432e-03
9.535423433408140442e-03
9.535358054563403130e-03
9.536279598250985146e-03
9.534950368106365204e-03
9.537675371393560669e-03
9.540215390734374870e-03
9.541774913668633201e-03
9.541027527302504280e-03
9.538927162066102722e-03
9.538864111527800213e-03
9.539335058070719589e-03
9.540364425629378059e-03
9.539157524704933513e-03
9.538075397722422730e-03
9.538671979680658081e-03
9.538217401131986878e-03
9.538985230028629650e-03
9.540499560534954418e-03
9.540168871171771786e-03
9.539931360632181861e-03
9.539894456975162723e-03
9.540492191445083120e-03
9.539567655883729805e-03
9.538022777996956955e-03
9.537500282749532959e-03
9.539011190645397056e-03
9.540060488507150910e-03
9.540047915652393601e-03
9.541639627423137079e-03
9.540284099057317474e-03
9.541021334007382740e-03
9.539055265486240040e-03
9.540692763403057705e-03
9.539401181973517288e-03
9.540033014491199753e-03
9.540812566410750845e-03
9.541678824461996555e-03
9.539798530749977329e-03
9.540326148271559975e-03
9.539269795641302369e-03
9.538760362192987702e-03
9.539736341685057033e-03
9.538190928287804474e-03
9.536794386804103851e-03
9.538885299116372715e-03
9.539882326498628010e-03
9.540154738351703037e-03
9.542614175006746552e-03
9.543190337717532765e-03
9.540408477187156330e-03
9.540158696472645153e-03
9.539067046716809273e-03
9.537955839186906468e-03
9.538638358935713074e-03
9.539055358618497155e-03
9.541442571207880280e-03
9.541167528368532658e-03
9.539517899975180279e-03
9.541378822177648544e-03
9.541838965378700993e-03
9.540192829445005157e-03
9.537057951092720032e-03
9.538659173995257118e-03
9.542133519425987850e-03
9.541632444597780011e-03
9.539710357785224915e-03
9.538350068032741894e-03
9.539579134434461247e-03
9.539752639830112804e-03
9.540010895580052636e-03
9.541689092293382038e-03
9.543310874141753067e-03
9.544154431205242525e-03
9.541897242888808597e-03
9.541493281722069134e-03
9.540526731871067784e-03
9.539668262004852989e-03
9.541556634940207698e-03
9.541126666590571404e-03
9.540291689336299202e-03
9.540488431230186722e-03
9.541285084560513149e-03
9.542539180256427028e-03
9.541517263278365482e-03
9.539956809021532536e-03
9.538111323490739563e-03
9.538599476218222878e-03
9.541652514599263668e-03
9.543106704950333335e-03
9.542425815016030571e-03
9.540856583043932915e-03
9.539301507174968719e-03
9.540269291028380741e-03
9.541889280080794941e-03
9.542072191834449768e-03
9.543694881722330700e-03
9.542326396331190369e-03
9.539922163821757534e-03
9.539434430189430367e-03
9.540176158770919193e-03
9.540672460570932129e-03
