2.660499542951583862e+00
1.363775676116347313e+00
1.480014040134847164e+00
1.849065153859555721e+00
1.294034214224666357e+00
1.572754360735416412e+00
1.794956044293940067e+00
1.606333465315401554e+00
1.643055513966828585e+00
1.565535121131688356e+00
1.511478701140731573e+00
1.551326562650501728e+00
1.475752102211117744e+00
1.461972025223076344e+00
1.501354746986180544e+00
1.331357043236494064e+00
1.350277719087898731e+00
1.617002737708389759e+00
1.450182910077273846e+00
1.189766926225274801e+00
1.470374336000531912e+00
1.513480303809046745e+00
1.559427113272249699e+00
1.362810235004872084e+00
1.402715915814042091e+00
1.383025232236832380e+00
1.391509742010384798e+00
1.405059098731726408e+00
1.370725416112691164e+00
1.508960615843534470e+00
1.563019399065524340e+00
1.463913687970489264e+00
1.288998336996883154e+00
1.418827038258314133e+00
1.220656036399304867e+00
1.265137576963752508e+00
1.393641334958374500e+00
1.486415866762399673e+00
1.370628145057708025e+00
1.248371654190123081e+00
1.214768609032034874e+00
1.315487253013998270e+00
1.453421293292194605e+00
1.564018280245363712e+00
1.506470364052802324e+00
1.538933755829930305e+00
1.467463632114231586e+00
1.325494244694709778e+00
1.349186937324702740e+00
1.378627575933933258e+00
1.372513947077095509e+00
1.313063709065318108e+00
1.436501021031290293e+00
1.418142417911440134e+00
1.626101742032915354e+00
1.532431907020509243e+00
1.595810711849480867e+00
1.517991118133068085e+00
1.504014909733086824e+00
1.400709904264658689e+00
1.537341775372624397e+00
1.708660891279578209e+00
1.383432860951870680e+00
1.445870894007384777e+00
1.319561437238007784e+00
1.369245184119790792e+00
1.340366535354405642e+00
1.452385421842336655e+00
1.379798597190529108e+00
1.243689837865531445e+00
1.187614733353257179e+00
1.278791843913495541e+00
1.548518368043005466e+00
1.419974759686738253e+00
1.588310242164880037e+00
1.578865298070013523e+00
1.360042621847242117e+00
1.646813727915287018e+00
1.548790148925036192e+00
1.512137460056692362e+00
1.269023401662707329e+00
1.377190804108977318e+00
1.382791680283844471e+00
1.359868820756673813e+00
1.386107125785201788e+00
1.338459101971238852e+00
1.501495857257395983e+00
1.427060849033296108e+00
1.364519677124917507e+00
1.419440981000661850e+00
1.470758626703172922e+00
1.442474849987775087e+00
1.456018376629799604e+00
1.250069196801632643e+00
1.191925368737429380e+00
1.292388861067593098e+00
1.484833545051515102e+00
1.275198909919708967e+00
1.502354667987674475e+00
1.552810855209827423e+00
1.369270742870867252e+00
1.569262346718460321e+00
1.677668767981231213e+00
1.656639340799301863e+00
1.618182729929685593e+00
1.454419765621423721e+00
1.279465585015714169e+00
1.321870939806103706e+00
1.204954217188060284e+00
1.220729118213057518e+00
1.277503011282533407e+00
1.269778622779995203e+00
1.265598326921463013e+00
1.416258573997765779e+00
1.459167452063411474e+00
1.280251915100961924e+00
1.388716579414904118e+00
1.291608981322497129e+00
1.290440187789499760e+00
1.408162244129925966e+00
1.574964234139770269e+00
1.440587416756898165e+00
1.378720166161656380e+00
1.296632857061922550e+00
1.699431317858397961e+00
1.431479775346815586e+00
1.356089516077190638e+00
1.290643509943038225e+00
1.517553077079355717e+00
1.498256303835660219e+00
1.458301989827305079e+00
1.405690791085362434e+00
1.818110395222902298e+00
1.653717757202684879e+00
1.471219268161803484e+00
1.459740652237087488e+00
1.527054111007601023e+00
1.423882343806326389e+00
1.527169911190867424e+00
1.411624599248170853e+00
1.793840682134032249e+00
1.387252287007868290e+00
1.361962463241070509e+00
1.533615360036492348e+00
1.497248671948909760e+00
1.262718631885945797e+00
1.364324457012116909e+00
1.523138784803450108e+00
1.218781284987926483e+00
1.270098002161830664e+00
1.313725189771503210e+00
1.280369556043297052e+00
1.344676331151276827e+00
1.373282217886298895e+00
1.604808244388550520e+00
1.430880102794617414e+00
1.478613408282399178e+00
1.618096939753741026e+00
1.385712404735386372e+00
1.298418869730085135e+00
1.511550860013812780e+00
1.296048036776483059e+00
1.246939843054860830e+00
1.336107078939676285e+00
1.358173928223550320e+00
1.172632724046707153e+00
1.212827747222036123e+00
1.415998953860253096e+00
1.535247701220214367e+00
1.243013376835733652e+00
1.272064514923840761e+00
1.395490815863013268e+00
1.521862244233489037e+00
1.411312847863882780e+00
1.352509940974414349e+00
1.307686263229697943e+00
1.331385701894760132e+00
1.331218152772635221e+00
1.578068446833640337e+00
1.599385975860059261e+00
1.833787435200065374e+00
1.630319945979863405e+00
1.846095961052924395e+00
1.361318122129887342e+00
1.303265897091478109e+00
1.240001332014799118e+00
1.262992073781788349e+00
1.324123064056038857e+00
1.377762952819466591e+00
1.458055451046675444e+00
1.453360134270042181e+00
1.446280263829976320e+00
1.255080082919448614e+00
1.435012118890881538e+00
1.295632507186383009e+00
1.224190871696919203e+00
1.273622885812073946e+00
1.172333224210888147e+00
1.447576016187667847e+00
1.383875011932104826e+00
1.290342358872294426e+00
1.374417649116367102e+00
1.352079820819199085e+00
1.519211451057344675e+00
1.527219600044190884e+00
1.406473723240196705e+00
1.361644271761178970e+00
1.425680567976087332e+00
1.762030310928821564e+00
1.742822513915598392e+00
1.717254051938652992e+00
1.376607722137123346e+00
1.351446259766817093e+00
1.234803546220064163e+00
1.541580669116228819e+00
1.407998433802276850e+00
1.374274428933858871e+00
1.570646187756210566e+00
1.419555978849530220e+00
1.563751989975571632e+00
1.337654151022434235e+00
1.439986285287886858e+00
1.515642676036804914e+00
1.694435561075806618e+00
1.442908410448580980e+00
1.274504128377884626e+00
1.260319248773157597e+00
1.485739866737276316e+00
1.301830364391207695e+00
1.320453588850796223e+00
1.287648255936801434e+00
1.514469664078205824e+00
1.576098836027085781e+00
1.514012663159519434e+00
1.914006620645523071e+00
1.463892466854304075e+00
1.317599324975162745e+00
1.407917534932494164e+00
1.288909926079213619e+00
1.338536142837256193e+00
1.735595575999468565e+00
1.631898878607898951e+00
1.612896523904055357e+00
1.382658940274268389e+00
1.306155589874833822e+00
1.298316747881472111e+00
1.469837574753910303e+00
1.202026602812111378e+00
1.273246015887707472e+00
1.289698138367384672e+00
1.277964222710579634e+00
1.219348094891756773e+00
1.303450987208634615e+00
1.498608612921088934e+00
1.527109839953482151e+00
1.360944222193211317e+00
1.526501549873501062e+00
1.324482894036918879e+00
1.596590231638401747e+00
1.587930241134017706e+00
1.776696269866079092e+00
1.471118166111409664e+00
1.830635800957679749e+00
1.437636421993374825e+00
1.293275033123791218e+00
1.198706477880477905e+00
1.275371358264237642e+00
1.247747933957725763e+00
1.208978261798620224e+00
1.200702311005443335e+00
1.189802976790815592e+00
1.241245504003018141e+00
1.298793639987707138e+00
1.275440379977226257e+00
1.241507413797080517e+00
1.201361563056707382e+00
1.302033684682101011e+00
1.281817796640098095e+00
1.273241106886416674e+00
1.378831665962934494e+00
1.417622745968401432e+00
1.277692752890288830e+00
1.295469826087355614e+00
1.515714345965534449e+00
1.341313085984438658e+00
1.371698685921728611e+00
1.254627703223377466e+00
1.134021962992846966e+00
1.256150153931230307e+00
1.310452626086771488e+00
1.509997027926146984e+00
2.558268608059734106e+00
1.476358782965689898e+00
1.623323368374258280e+00
1.457550039049237967e+00
1.544677174184471369e+00
1.339007424190640450e+00
1.304685227107256651e+00
1.306555441115051508e+00
1.370335995219647884e+00
1.257372505031526089e+00
1.540539469104260206e+00
1.471472607459872961e+00
1.461509944871068001e+00
1.414686652831733227e+00
1.411080587655305862e+00
1.363409026060253382e+00
1.468929332681000233e+00
1.500119634903967381e+00
1.812020847108215094e+00
1.322717131115496159e+00
1.525942999869585037e+00
1.507329314015805721e+00
1.357010667677968740e+00
1.399334102869033813e+00
1.555825337767601013e+00
1.384756104089319706e+00
1.163590200711041689e+00
1.395689858123660088e+00
1.524690868332982063e+00
1.410695407073944807e+00
1.293573233298957348e+00
1.333549984730780125e+00
1.448971298057585955e+00
1.459754403214901686e+00
1.457851469051092863e+00
1.512209441978484392e+00
1.740223801229149103e+00
1.780048824381083250e+00
1.726604373194277287e+00
1.473716591019183397e+00
1.328716999851167202e+00
1.721798656973987818e+00
1.524324576836079359e+00
1.933594285976141691e+00
1.318061456084251404e+00
1.326570506207644939e+00
1.428590162191540003e+00
1.522805626038461924e+00
1.330675840843468904e+00
1.352139341179281473e+00
1.408569324761629105e+00
1.811990375630557537e+00
1.391427321825176477e+00
1.284229271113872528e+00
1.292933383025228977e+00
1.330673521850258112e+00
1.352725971024483442e+00
1.399817063007503748e+00
1.333840026054531336e+00
1.495901189744472504e+00
1.771143680904060602e+00
1.837217720225453377e+00
1.560852554626762867e+00
1.450933870859444141e+00
1.320150118321180344e+00
1.305767108220607042e+00
1.355111564975231886e+00
1.372276916634291410e+00
1.355701914988458157e+00
1.414205012843012810e+00
1.557650960050523281e+00
1.411884838715195656e+00
1.292925463058054447e+00
1.143230325076729059e+00
1.277278081979602575e+00
1.233669404871761799e+00
1.229819658678025007e+00
1.140621432103216648e+00
1.289743808098137379e+00
1.307057511992752552e+00
1.660839086864143610e+00
1.550998682156205177e+00
1.313468319829553366e+00
1.688438293058425188e+00
1.552468034904450178e+00
1.305064308922737837e+00
1.265551414806395769e+00
1.266886148136109114e+00
1.264440414961427450e+00
1.238028760068118572e+00
1.278971045278012753e+00
1.522771383635699749e+00
1.412062999792397022e+00
1.590713944751769304e+00
1.636141373775899410e+00
1.257685306947678328e+00
1.538600694853812456e+00
1.525359098799526691e+00
1.913240178953856230e+00
1.529114123899489641e+00
1.625437249895185232e+00
1.446822095662355423e+00
1.511944250669330359e+00
1.790191276930272579e+00
1.692884320393204689e+00
1.635438613127917051e+00
1.424912936054170132e+00
1.668798925820738077e+00
1.336301050148904324e+00
1.301280753221362829e+00
1.210712824016809464e+00
1.466066251043230295e+00
1.699307456612586975e+00
1.553785177413374186e+00
1.407316123135387897e+00
1.550729152280837297e+00
1.846440342254936695e+00
1.565916270948946476e+00
1.281400198116898537e+00
1.212614235933870077e+00
1.431642036419361830e+00
1.413793002255260944e+00
1.385380243882536888e+00
1.286636763717979193e+00
2.070864317007362843e+00
2.355737681966274977e+00
2.066014009993523359e+00
2.145524145103991032e+00
1.671969820745289326e+00
1.571993580088019371e+00
1.356588515918701887e+00
1.371816706843674183e+00
1.349713515955954790e+00
1.603557222057133913e+00
1.447660647332668304e+00
1.435084858909249306e+00
1.305735469795763493e+00
1.309732493944466114e+00
1.415698074735701084e+00
1.692869188729673624e+00
1.476708473172038794e+00
1.343428520020097494e+00
1.631511778105050325e+00
1.624705390073359013e+00
1.837858778890222311e+00
2.193072498776018620e+00
2.159652942791581154e+00
2.413945969194173813e+00
1.902515954338014126e+00
1.569203565828502178e+00
1.447239645291119814e+00
1.368197352159768343e+00
1.468620842788368464e+00
1.765453184954822063e+00
1.792238669935613871e+00
1.550083960872143507e+00
1.595968290697783232e+00
1.741603893693536520e+00
1.461894175969064236e+00
1.487223127856850624e+00
1.338684243150055408e+00
1.250909125898033381e+00
1.220008885953575373e+00
1.586925470270216465e+00
1.345959750935435295e+00
1.308842293918132782e+00
1.493280586786568165e+00
1.785315080080181360e+00
1.677490718662738800e+00
1.682834804989397526e+00
1.916497765108942986e+00
1.308421442285180092e+00
1.390846432186663151e+00
1.316567652858793736e+00
1.615710018202662468e+00
1.532021257560700178e+00
1.699264417402446270e+00
1.715620089787989855e+00
1.534869510214775801e+00
1.263247384224087000e+00
1.256589843891561031e+00
1.505517642945051193e+00
1.471694109030067921e+00
1.961331182159483433e+00
1.805235838051885366e+00
2.320348594803363085e+00
2.344709167256951332e+00
3.100643622688949108e+00
2.415898141451179981e+00
4.504839900881052017e+00
2.693068059626966715e+00
3.218037537764757872e+00
3.079120170325040817e+00
2.437326352111995220e+00
1.801778794731944799e+00
1.923217827919870615e+00
2.201119245029985905e+00
2.172988744918256998e+00
2.203158776275813580e+00
2.482271594926714897e+00
2.033114025834947824e+00
2.374135776888579130e+00
2.393992914818227291e+00
1.796819116920232773e+00
2.048592088278383017e+00
2.273123930208384991e+00
1.916360809002071619e+00
1.508850808255374432e+00
2.121719737071543932e+00
2.869955488014966249e+00
2.148226670920848846e+00
2.233798707835376263e+00
1.830893323291093111e+00
2.482660473790019751e+00
2.376399530563503504e+00
2.240249827038496733e+00
2.076040993910282850e+00
1.659776182845234871e+00
1.883633134886622429e+00
2.599007502198219299e+00
2.001905424054712057e+00
2.333262532949447632e+00
1.790840439032763243e+00
1.718670251779258251e+00
2.124597259797155857e+00
2.261494695208966732e+00
2.660552945919334888e+00
1.741294841747730970e+00
2.195278505329042673e+00
2.257852521259337664e+00
1.984323740005493164e+00
2.505864545702934265e+00
2.526490212883800268e+00
1.954224880319088697e+00
1.863654308021068573e+00
1.988451836165040731e+00
1.591362020000815392e+00
2.084741436410695314e+00
2.232520807068794966e+00
2.687196120154112577e+00
2.309384920168668032e+00
1.858630312141031027e+00
1.942034462932497263e+00
2.013999762013554573e+00
2.352818797808140516e+00
2.399443580769002438e+00
2.123493159655481577e+00
1.820647899061441422e+00
1.867237123195081949e+00
2.044989821966737509e+00
1.740554482210427523e+00
2.354572711046785116e+00
2.156766012776643038e+00
1.735809306148439646e+00
1.379383073188364506e+00
1.478224367834627628e+00
2.213762470055371523e+00
2.198079320136457682e+00
1.989680097904056311e+00
2.145239848643541336e+00
1.756552613340318203e+00
1.943251725751906633e+00
1.823802953120321035e+00
1.831172804813832045e+00
2.203521606046706438e+00
1.838826722931116819e+00
2.221003431826829910e+00
2.057521428912878036e+00
2.097806634847074747e+00
2.110407650936394930e+00
1.750760314986109734e+00
2.283462494146078825e+00
2.104238342959433794e+00
2.381905148737132549e+00
1.847387835849076509e+00
1.541088742669671774e+00
1.916864959057420492e+00
2.180212045088410378e+00
1.933947603218257427e+00
1.817570936400443316e+00
1.697293523233383894e+00
2.048183328006416559e+00
2.065780850127339363e+00
2.107574646826833487e+00
2.089914964046329260e+00
1.564388683065772057e+00
1.671430058311671019e+00
2.089268042240291834e+00
2.135056545957922935e+00
1.673958761151880026e+00
1.461924755014479160e+00
1.479914209339767694e+00
1.620914471335709095e+00
2.349620554130524397e+00
2.394983596168458462e+00
1.457446549087762833e+00
1.632815085817128420e+00
1.772128183860331774e+00
1.846545544918626547e+00
1.908659858163446188e+00
2.082003963179886341e+00
1.871461997739970684e+00
1.648492028005421162e+00
1.932397789787501097e+00
1.549572814255952835e+00
1.677712685894221067e+00
1.642468820326030254e+00
1.569784230086952448e+00
1.749381003901362419e+00
1.496472910977900028e+00
1.426182027906179428e+00
1.769826630130410194e+00
1.956782323773950338e+00
1.738282108679413795e+00
2.284283946733921766e+00
1.955092931166291237e+00
2.194917205721139908e+00
1.976190678775310516e+00
2.615114431828260422e+00
2.383203550707548857e+00
2.809685755055397749e+00
2.575466618873178959e+00
1.951837347354739904e+00
2.220211559906601906e+00
2.298726725392043591e+00
1.999984783120453358e+00
2.500182457268238068e+00
1.862207246012985706e+00
1.792059120256453753e+00
1.947271162178367376e+00
2.276740856003016233e+00
1.958222595043480396e+00
2.451014551799744368e+00
1.920794654637575150e+00
2.058890301734209061e+00
2.011481767054647207e+00
2.053573654033243656e+00
2.213478040881454945e+00
2.390995549969375134e+00
2.352415128145366907e+00
2.375327768735587597e+00
2.430788014084100723e+00
1.753999079577624798e+00
3.058893443085253239e+00
2.385227122344076633e+00
2.065298100933432579e+00
2.653588735032826662e+00
2.138494717888534069e+00
1.982565429061651230e+00
1.907634586095809937e+00
1.915506279096007347e+00
2.502724681049585342e+00
2.745821279007941484e+00
2.322465479373931885e+00
2.363357231952250004e+00
2.063660568092018366e+00
1.627589789219200611e+00
1.596883776132017374e+00
1.555323431268334389e+00
2.263019107282161713e+00
1.488598442170768976e+00
1.597427328117191792e+00
1.436468950938433409e+00
1.370424931868910789e+00
1.542531303130090237e+00
1.559672988019883633e+00
1.579077182803303003e+00
1.790945779997855425e+00
1.479870398994535208e+00
1.473392510786652565e+00
1.644710281863808632e+00
1.561188148334622383e+00
1.698547934647649527e+00
1.744046164676547050e+00
1.649468048941344023e+00
1.658488670829683542e+00
1.434689638204872608e+00
1.569347170181572437e+00
1.891662875656038523e+00
1.739057948812842369e+00
1.912522933911532164e+00
1.734335682820528746e+00
1.623954324051737785e+00
1.894728790037333965e+00
1.479295658878982067e+00
1.492190135642886162e+00
1.675531333312392235e+00
1.658855991903692484e+00
1.489429371897131205e+00
1.572678835131227970e+00
1.597532628104090691e+00
1.540123381186276674e+00
1.691599685233086348e+00
1.936334476806223392e+00
1.245429023168981075e+00
1.400523551274091005e+00
1.750123594421893358e+00
2.359748307149857283e+00
2.254408576060086489e+00
2.228458831086754799e+00
1.745686827693134546e+00
1.604128248058259487e+00
1.681487570982426405e+00
1.568798889871686697e+00
1.760859399102628231e+00
1.458929901011288166e+00
1.470062486827373505e+00
1.704631572123616934e+00
1.859945544041693211e+00
2.061042713932693005e+00
1.589709497988224030e+00
1.602164414245635271e+00
1.524540250189602375e+00
1.593523622956126928e+00
1.706946055870503187e+00
1.589027376845479012e+00
1.698339714668691158e+00
1.501076817046850920e+00
1.557145074009895325e+00
1.628485390916466713e+00
1.717469530180096626e+00
2.149974244181066751e+00
1.769968701992183924e+00
1.720139363780617714e+00
1.662719087209552526e+00
1.833763068076223135e+00
1.965797935146838427e+00
2.039990555960685015e+00
2.079724139999598265e+00
1.710566720925271511e+00
1.992384141776710749e+00
1.734050643164664507e+00
1.945532758720219135e+00
2.070201865863054991e+00
1.953440249897539616e+00
1.691429015249013901e+00
1.530172477010637522e+00
1.535242822952568531e+00
1.468927444890141487e+00
1.374802816659212112e+00
1.989515007939189672e+00
2.114598146174103022e+00
1.682019842788577080e+00
1.450460139196366072e+00
1.552706797607243061e+00
1.741345493122935295e+00
1.391462808940559626e+00
1.481943941675126553e+00
1.499823705293238163e+00
1.821298261173069477e+00
1.787766394205391407e+00
1.849129118956625462e+00
1.679191797971725464e+00
1.484638866037130356e+00
1.604284045752137899e+00
2.036328040994703770e+00
2.002010214608162642e+00
1.736919056624174118e+00
2.200857712887227535e+00
2.150187625084072351e+00
1.813341538887470961e+00
1.749421284068375826e+00
1.757822214625775814e+00
1.899732477031648159e+00
2.339773491024971008e+00
1.874329371843487024e+00
1.926268322858959436e+00
1.958258335012942553e+00
2.200385033152997494e+00
1.862496214918792248e+00
1.749595984816551208e+00
2.192781972233206034e+00
2.812053978908807039e+00
2.015938453841954470e+00
1.465204138774424791e+00
2.029328102245926857e+00
2.002850624732673168e+00
2.183025659993290901e+00
2.346175919286906719e+00
2.218720348086208105e+00
2.417793177068233490e+00
2.003655866719782352e+00
1.875448073726147413e+00
1.815652051940560341e+00
2.038545924238860607e+00
2.080106719862669706e+00
1.825572416186332703e+00
1.864053259138017893e+00
2.413538461085408926e+00
1.849173078313469887e+00
1.529501445125788450e+00
1.433924718294292688e+00
1.634623498190194368e+00
2.172131215222179890e+00
1.700155266560614109e+00
1.591471740044653416e+00
1.649094147607684135e+00
1.645775193814188242e+00
2.008523542899638414e+00
1.893731149379163980e+00
1.911579762119799852e+00
1.975979899987578392e+00
1.547233159188181162e+00
1.825152457226067781e+00
1.851352670695632696e+00
1.917144380044192076e+00
1.683316584210842848e+00
1.920095524750649929e+00
1.801093252841383219e+00
2.899855187162756920e+00
2.561922952067106962e+00
2.504219262860715389e+00
2.392579302191734314e+00
2.550956167280673981e+00
1.922048976179212332e+00
1.411834847647696733e+00
1.981252546422183514e+00
2.379756876267492771e+00
1.671036576852202415e+00
1.385511672124266624e+00
1.538668097928166389e+00
1.529389905743300915e+00
1.319345450960099697e+00
1.456876359414309263e+00
1.381143176928162575e+00
1.393929662182927132e+00
1.643478050827980042e+00
1.480835760012269020e+00
1.351512657012790442e+00
1.452255861833691597e+00
1.308144987095147371e+00
1.419163488317281008e+00
1.401716163381934166e+00
1.519665873143821955e+00
1.555872552096843719e+00
1.585135701112449169e+00
1.466018191073089838e+00
1.724723220337182283e+00
1.920472604688256979e+00
1.678672777954488993e+00
1.600458992179483175e+00
1.425249774008989334e+00
1.443120889831334352e+00
1.456340107601135969e+00
1.524610418826341629e+00
1.676673226058483124e+00
1.444269290193915367e+00
1.822834383230656385e+00
1.685296495910733938e+00
1.583798279985785484e+00
1.727138672024011612e+00
1.658166159875690937e+00
1.576695301104336977e+00
1.759568316861987114e+00
1.629448361694812775e+00
1.604485487099736929e+00
1.733221752103418112e+00
1.546640049200505018e+00
1.568737510126084089e+00
1.570612881332635880e+00
1.407094051130115986e+00
1.492961287032812834e+00
1.483291172888129950e+00
1.653512134216725826e+00
1.370132840704172850e+00
1.489982482977211475e+00
1.501955369021743536e+00
1.653509194031357765e+00
1.502709969878196716e+00
1.487129359040409327e+00
1.602783336304128170e+00
1.554512770380824804e+00
1.449797298759222031e+00
1.731012898031622171e+00
1.648487357888370752e+00
1.866313410922884941e+00
1.904735623858869076e+00
1.767141897231340408e+00
1.621601630933582783e+00
1.734147662296891212e+00
1.653770305216312408e+00
1.877439275849610567e+00
1.430779133923351765e+00
1.415888032875955105e+00
1.418362305965274572e+00
1.382576407864689827e+00
1.533507691230624914e+00
1.530597247648984194e+00
1.542607384268194437e+00
1.325760359875857830e+00
1.758398056030273438e+00
1.547796620987355709e+00
1.368590109050273895e+00
1.282155822962522507e+00
1.322869507130235434e+00
1.283354553859680891e+00
1.382849597837775946e+00
1.489552563056349754e+00
1.551253376062959433e+00
1.514787795953452587e+00
1.448590387124568224e+00
1.559472955763339996e+00
1.679961789865046740e+00
1.412520158104598522e+00
1.725526881869882345e+00
1.560885819140821695e+00
1.842552478890866041e+00
1.626450617797672749e+00
1.687811950221657753e+00
1.583407918922603130e+00
1.352286577224731445e+00
1.455593766644597054e+00
1.390405547805130482e+00
1.543691765982657671e+00
1.555736182257533073e+00
1.625236915890127420e+00
1.470091205555945635e+00
1.593031872063875198e+00
1.861437014769762754e+00
1.468509374186396599e+00
1.915108138229697943e+00
1.796916217077523470e+00
1.668271673843264580e+00
1.624236662872135639e+00
1.396561197936534882e+00
1.914522996172308922e+00
1.646114604081958532e+00
1.489456752780824900e+00
1.395702864974737167e+00
1.381984427571296692e+00
1.615819542203098536e+00
1.671412118710577488e+00
1.696930252015590668e+00
1.447827426716685295e+00
1.380390564911067486e+00
1.504738031886518002e+00
1.847898277919739485e+00
1.581241275183856487e+00
1.648142547812312841e+00
1.842873008921742439e+00
1.599295901134610176e+00
1.605714299250394106e+00
1.712375083938241005e+00
1.780764895956963301e+00
1.648213487118482590e+00
1.517578220926225185e+00
1.581762006040662527e+00
1.560842278879135847e+00
1.613753808662295341e+00
1.472340709995478392e+00
1.797021056991070509e+00
1.644109792076051235e+00
1.739680619910359383e+00
1.452060982119292021e+00
1.347967201843857765e+00
1.491859514731913805e+00
1.780569476075470448e+00
1.615009091328829527e+00
1.604659138247370720e+00
1.794789223931729794e+00
2.882799664977937937e+00
2.215902473777532578e+00
2.721910366788506508e+00
2.266069311182945967e+00
2.103821151889860630e+00
1.906750334892421961e+00
2.163898593746125698e+00
1.826359267346560955e+00
1.824647106230258942e+00
1.726981303188949823e+00
1.795817117206752300e+00
1.696719490922987461e+00
1.959270327351987362e+00
1.755899832118302584e+00
1.514294635970145464e+00
1.812176198232918978e+00
1.749994304962456226e+00
1.779997644014656544e+00
2.053327385336160660e+00
1.558531244751065969e+00
1.645191983319818974e+00
1.745775698218494654e+00
1.630697482731193304e+00
1.498337763827294111e+00
1.875214694067835808e+00
1.632955056149512529e+00
1.816319334320724010e+00
1.615430502220988274e+00
1.853312665130943060e+00
1.487758110277354717e+00
1.745108541101217270e+00
1.495166901964694262e+00
1.405787659808993340e+00
1.283023793715983629e+00
1.614246240817010403e+00
1.661002225242555141e+00
1.537563947960734367e+00
1.601012541912496090e+00
1.721577417105436325e+00
1.937708857003599405e+00
1.733348032925277948e+00
1.441440566908568144e+00
1.484464115928858519e+00
1.490042661782354116e+00
1.595136516261845827e+00
1.487991530913859606e+00
1.591751239728182554e+00
1.663038257043808699e+00
1.615911681670695543e+00
