9.125368058681487815e-01
8.405687212944030762e-01
7.671640455722809060e-01
7.436029195785522905e-01
7.397592902183532937e-01
7.429678320884705034e-01
7.300037980079651101e-01
7.286496400833130105e-01
7.631708204746245894e-01
7.701996088027953657e-01
7.241687476634979248e-01
7.092969119548797607e-01
7.077350795269012895e-01
7.260222792625427024e-01
7.368012666702270508e-01
7.477505564689636008e-01
7.401270747184753862e-01
7.409919083118439165e-01
7.447741866111755593e-01
7.081045567989349143e-01
7.339735984802245872e-01
7.532702744007110374e-01
7.338335990905762163e-01
7.148854017257690874e-01
7.258403956890105979e-01
7.114270031452178955e-01
7.311429738998412864e-01
7.347491204738616499e-01
7.182427704334258811e-01
7.430893599987029585e-01
7.193015396595001665e-01
7.795390725135803445e-01
7.446447074413299339e-01
7.160859644412994607e-01
7.236933767795562522e-01
7.485734403133392778e-01
7.686312377452850786e-01
7.398359298706054243e-01
7.079661846160888450e-01
7.004307985305786577e-01
7.252755701541900857e-01
7.059383213520049605e-01
7.207122802734374778e-01
7.272054195404052956e-01
7.022568523883819802e-01
6.931292116641998291e-01
7.022327899932860884e-01
6.928893327713012695e-01
6.936058402061462402e-01
6.950568079948424849e-01
7.062661588191986306e-01
7.170059084892272949e-01
6.992952048778533491e-01
7.344826579093932661e-01
7.031266927719116433e-01
7.140899837017059548e-01
7.079155206680297630e-01
6.914598882198333962e-01
6.886256873607635720e-01
6.910981714725494829e-01
6.876840531826019509e-01
7.232819855213165061e-01
7.409981787204742432e-01
7.784475743770599143e-01
7.896068930625915749e-01
7.406359910964965820e-01
7.642981708049774170e-01
7.299391329288482666e-01
7.773923158645630327e-01
7.282940983772278054e-01
6.945052862167357954e-01
6.897984147071838379e-01
6.928464591503142866e-01
6.954379737377166526e-01
6.945324838161468506e-01
7.237552225589751753e-01
7.144588172435760720e-01
7.030376493930816650e-01
7.079478383064270464e-01
7.130716025829315630e-01
7.209665000438689741e-01
7.176000535488128440e-01
6.999264776706695113e-01
7.063996493816375732e-01
7.134741425514221635e-01
7.108696043491363747e-01
7.461184024810790794e-01
7.640059292316436768e-01
7.471885740756988303e-01
7.699758172035217063e-01
7.174850106239318848e-01
7.029164969921112283e-01
7.016537845134734885e-01
6.920827865600586160e-01
6.962974369525909424e-01
6.956642627716064231e-01
6.943534135818481001e-01
7.032101333141327348e-01
6.871227502822876421e-01
7.057912707328796165e-01
6.914181053638458474e-01
7.089917242527008501e-01
6.966144740581512451e-01
7.196122348308563454e-01
6.939626634120941162e-01
6.922428667545318381e-01
6.870547115802765337e-01
6.833464443683624490e-01
6.890700161457061768e-01
7.103836297988891380e-01
6.954980611801147017e-01
7.025262534618377241e-01
6.922120332717895952e-01
6.911667287349700928e-01
6.879030227661132590e-01
6.973018944263458252e-01
7.052626013755798340e-01
6.990442752838135210e-01
7.046967744827270508e-01
7.028364419937134233e-01
7.135766565799712691e-01
6.876717269420623557e-01
6.836522340774535689e-01
6.882063388824463113e-01
7.194759368896483931e-01
6.971097707748412642e-01
6.925640583038330522e-01
7.069618403911590576e-01
7.195038139820099099e-01
7.285505890846252219e-01
7.194603562355041948e-01
6.996171414852142556e-01
6.891747355461120828e-01
6.872033834457397239e-01
6.817531228065490945e-01
6.845577418804168479e-01
6.838439881801605669e-01
6.899618685245514360e-01
7.094754397869109663e-01
7.049053311347961426e-01
7.296037137508392112e-01
7.508045434951782227e-01
6.998348474502563699e-01
7.004622280597686546e-01
7.244857788085937722e-01
7.170643508434295654e-01
6.886026859283447266e-01
6.961311161518096702e-01
6.942598521709442139e-01
6.885790884494781272e-01
7.209444701671600120e-01
7.055386185646057573e-01
6.979324162006378396e-01
6.882567405700683594e-01
6.964062750339508057e-01
7.161797225475311501e-01
7.065727233886718306e-01
7.109862148761749712e-01
7.301507472991943803e-01
7.008430898189544900e-01
7.125053286552429643e-01
6.914195954799652322e-01
6.931617975234984907e-01
6.921248972415924294e-01
6.846541345119476762e-01
6.830871105194091797e-01
6.859083175659179688e-01
6.920394122600554976e-01
6.810817718505859375e-01
6.825893998146057573e-01
6.845753848552703635e-01
6.810359895229339822e-01
6.938941121101379617e-01
6.855092823505402055e-01
6.850270390510558860e-01
6.948507845401763472e-01
6.894218444824218306e-01
6.886872828006744829e-01
7.072601318359375000e-01
6.998937904834747759e-01
6.907945692539214644e-01
6.914236843585968018e-01
6.921768963336945024e-01
6.862802147865295632e-01
6.911393344402313454e-01
7.153950452804564986e-01
7.374176979064941406e-01
7.261617541313171165e-01
7.264518380165100320e-01
6.994500279426574263e-01
6.998238027095794456e-01
6.846445143222809060e-01
7.027008056640624556e-01
6.988290965557097945e-01
7.040699720382690430e-01
6.990569889545440452e-01
6.868088841438293457e-01
7.026229023933410200e-01
7.057775199413299783e-01
7.024116754531860574e-01
6.974234402179717573e-01
6.903661131858825906e-01
6.909062922000884788e-01
7.050949752330779585e-01
7.187100589275360329e-01
7.142285287380218950e-01
7.041962862014770064e-01
6.983678221702576128e-01
6.898716092109680176e-01
6.824833810329437034e-01
6.883463978767394575e-01
7.074343204498291238e-01
7.039413094520569070e-01
6.964949905872345193e-01
6.878165543079376443e-01
6.930978655815124290e-01
6.994707822799682839e-01
6.925478041172027366e-01
6.891456723213196245e-01
6.945380508899688943e-01
7.082271575927734375e-01
7.155027627944946511e-01
7.143709123134612815e-01
7.057279288768768533e-01
6.972935259342193381e-01
7.000638723373413530e-01
6.949207067489624468e-01
7.016882658004760520e-01
6.867539405822753462e-01
6.875241100788116455e-01
6.857389867305755393e-01
6.846222877502441406e-01
6.842380762100219727e-01
6.873801827430725542e-01
6.928209960460662842e-01
6.844599306583404319e-01
6.872227489948272705e-01
6.857070505619049516e-01
6.843825459480286089e-01
6.809749603271484375e-01
6.830596625804901123e-01
6.864908039569854736e-01
6.914080023765564187e-01
6.906588852405548540e-01
6.878108859062195268e-01
6.873639583587646262e-01
6.852430880069733110e-01
6.872169375419616699e-01
6.824477732181548628e-01
6.850328385829925759e-01
6.838955283164978027e-01
6.834909141063689741e-01
6.803267896175384521e-01
6.908608198165893111e-01
7.002151787281036821e-01
7.006009161472320779e-01
6.918862998485565408e-01
6.876514732837677446e-01
6.912325799465179887e-01
6.955247700214386430e-01
6.864650964736938032e-01
6.936733782291412131e-01
6.801359057426452637e-01
6.786615550518035889e-01
6.822715222835540327e-01
6.931406497955322488e-01
7.149123132228851762e-01
7.112590193748473677e-01
6.958860993385315163e-01
6.844024121761321799e-01
6.858573794364929421e-01
6.868928134441375510e-01
6.863566160202025923e-01
6.781700193881988747e-01
6.817702353000640869e-01
6.795037686824798584e-01
6.822669923305511031e-01
6.824412286281585915e-01
6.876582562923431174e-01
6.884219408035278098e-01
7.081141829490661399e-01
6.990183293819427490e-01
6.930372536182403120e-01
6.822611391544342041e-01
6.833349466323852539e-01
6.847345292568206565e-01
6.895093858242035134e-01
6.844961106777190940e-01
6.829837620258331077e-01
6.921901702880859375e-01
6.844968557357787864e-01
6.835684716701507790e-01
6.796836018562316672e-01
6.899328410625458208e-01
6.840646743774414507e-01
6.869721353054046853e-01
6.805946350097655806e-01
6.845455467700958252e-01
6.827559053897858110e-01
6.821528434753417747e-01
6.863118290901184526e-01
6.871170759201049583e-01
6.896886289119720237e-01
6.946225702762603982e-01
6.853409588336945024e-01
6.850671708583832009e-01
6.909559249877930132e-01
6.862553536891937700e-01
6.865715146064758079e-01
6.836032807826996072e-01
6.961058259010315385e-01
7.212495863437652366e-01
7.032046258449554665e-01
6.980876564979553445e-01
6.929015994071960893e-01
6.802264571189879927e-01
6.874997437000274214e-01
6.952384769916534202e-01
6.900542199611663374e-01
6.858100652694701926e-01
6.813661754131317139e-01
6.833701968193054421e-01
6.862813115119934526e-01
7.034616708755493386e-01
6.959311485290526900e-01
6.873895823955535889e-01
6.822597384452819824e-01
6.849127888679504839e-01
6.925525486469268355e-01
6.982023537158965620e-01
6.816476643085479514e-01
6.841520369052886963e-01
6.932153761386871116e-01
7.009296834468841109e-01
6.911185383796691895e-01
6.859778881072997603e-01
6.835750222206116167e-01
6.875747859477996382e-01
6.824593544006347656e-01
6.981020450592041460e-01
6.912453174591064453e-01
6.849705278873443604e-01
6.855034947395324263e-01
6.898736059665679932e-01
6.816147089004516157e-01
6.823040246963500977e-01
6.893331289291382280e-01
6.860743045806885210e-01
7.008070230484009233e-01
7.034998059272765669e-01
7.042311012744904009e-01
6.951333105564116988e-01
6.928490221500396284e-01
6.874193668365478072e-01
6.819718897342681441e-01
6.982992351055145042e-01
6.887242317199706587e-01
6.975830018520354781e-01
6.996851384639739546e-01
6.987734556198119673e-01
6.944655776023864746e-01
6.858127534389495406e-01
6.972473680973052534e-01
6.874039769172668457e-01
6.919360995292663796e-01
6.943561017513275591e-01
6.837969303131103960e-01
6.798497855663299116e-01
6.852329492568969282e-01
6.907240748405456543e-01
6.851382970809936079e-01
6.856137752532959206e-01
6.878886997699737993e-01
6.864584326744079812e-01
6.814082264900207520e-01
6.807853043079375999e-01
6.830604612827301247e-01
6.854050397872925027e-01
6.831400036811828835e-01
6.813122868537903054e-01
6.782119929790496604e-01
6.799162805080414262e-01
6.904120445251464844e-01
6.996221601963042991e-01
6.911776244640350786e-01
6.899754047393799050e-01
6.943236291408538818e-01
6.933068215847015825e-01
6.891813814640045388e-01
7.015073597431182861e-01
6.861035287380218284e-01
6.842906951904297319e-01
6.794481396675109419e-01
6.784531295299529585e-01
6.892045021057129350e-01
6.858317553997039795e-01
6.858787834644317627e-01
6.842458426952362505e-01
6.802834510803222878e-01
6.847018122673034224e-01
6.888430416584014893e-01
6.816113352775573508e-01
6.805757641792297141e-01
6.799234330654144731e-01
6.819924294948578325e-01
6.847806870937347412e-01
6.871372878551482710e-01
6.964317977428435835e-01
6.950903594493865745e-01
6.870634078979491743e-01
6.788549363613128884e-01
6.775026917457580566e-01
6.869560360908508745e-01
6.832126021385193093e-01
6.832187533378600852e-01
6.853841841220855713e-01
6.880590558052063210e-01
6.862846732139586958e-01
6.764851272106170432e-01
6.748695313930511697e-01
6.773996055126190186e-01
6.754126787185669167e-01
6.765170812606811079e-01
6.828394770622253640e-01
6.826391398906708208e-01
6.860972702503204124e-01
6.860364913940429910e-01
6.833949148654937522e-01
6.762067735195159690e-01
6.813428878784180132e-01
6.866884887218475120e-01
6.804817497730255571e-01
6.793978273868560569e-01
6.790778219699860063e-01
6.808405041694640669e-01
6.867877006530761497e-01
6.842325568199157937e-01
6.877194285392761453e-01
6.841745316982269509e-01
6.827891230583190696e-01
6.861212372779845747e-01
6.826295495033264382e-01
6.779887676239013672e-01
6.749967515468597856e-01
6.766078829765319602e-01
6.808324933052063432e-01
6.827982246875763384e-01
6.844072520732880083e-01
6.863718450069427046e-01
6.795309543609618919e-01
6.835924386978149414e-01
6.802036225795745628e-01
6.846872150897980180e-01
6.807617723941803423e-01
6.800798118114471658e-01
6.790570259094238503e-01
6.853708922863006592e-01
6.911843061447143777e-01
6.866154670715332031e-01
6.837530434131622314e-01
6.833190739154815230e-01
6.883442461490630881e-01
6.807846784591674583e-01
6.792588889598846214e-01
6.860356092453002708e-01
6.809901773929596391e-01
6.794455885887146218e-01
6.822050094604492632e-01
6.862994015216827837e-01
6.828066229820251021e-01
6.901950418949127641e-01
6.813054919242859109e-01
6.756607651710510032e-01
6.810609698295593262e-01
6.790948510169982910e-01
6.810450613498687522e-01
6.823873221874237061e-01
6.795654594898223877e-01
6.826948583126067893e-01
6.791965901851654275e-01
6.774093925952910933e-01
6.794347047805786577e-01
6.767384231090545210e-01
6.812181591987609419e-01
6.778088092803955522e-01
6.876485645771026611e-01
6.866480708122253418e-01
6.766160309314728227e-01
6.761445701122283936e-01
6.813392341136932373e-01
6.805017352104186790e-01
6.800786375999450240e-01
6.741427421569824441e-01
6.768396437168121560e-01
6.749678254127502441e-01
6.742802679538726363e-01
6.764128684997559038e-01
6.818433403968811035e-01
6.767993628978729026e-01
6.788936674594878706e-01
6.895541071891784224e-01
6.843540966510772705e-01
6.845727264881134033e-01
6.797979056835175005e-01
6.808770120143889937e-01
6.782545745372772217e-01
6.803263545036315474e-01
6.795599102973938210e-01
6.828050196170807329e-01
6.819912493228912354e-01
6.814684569835662842e-01
6.793001115322112593e-01
6.761653780937194602e-01
6.821843087673187256e-01
6.854755520820617898e-01
6.800915300846099854e-01
6.804894566535949485e-01
6.821258187294005904e-01
6.843180716037750022e-01
6.835846126079558882e-01
6.821006298065185325e-01
6.814301252365112527e-01
6.791777133941649947e-01
6.780184566974639671e-01
6.775191009044647661e-01
6.803146481513977495e-01
6.762682795524597168e-01
6.786495268344878706e-01
6.804345250129699707e-01
6.818606197834015115e-01
6.762429773807525635e-01
6.748503804206847922e-01
6.755867719650268111e-01
6.765983819961547407e-01
6.772432625293731689e-01
6.774224042892456055e-01
6.815737962722778764e-01
6.757137238979339378e-01
6.750681579113007036e-01
6.746822834014892800e-01
6.787970721721648948e-01
6.790823161602019820e-01
6.759794771671294722e-01
6.792718887329101118e-01
6.756569564342498335e-01
6.750343501567840354e-01
6.738867938518524614e-01
6.762948930263519287e-01
6.748082339763641357e-01
6.757768034934997781e-01
6.769166171550751177e-01
6.812716126441955566e-01
6.909708261489868608e-01
6.837905704975127952e-01
6.828120470046996626e-01
6.787033796310424361e-01
6.815974235534667525e-01
6.791167676448821577e-01
6.880556821823120561e-01
6.816224813461303489e-01
6.776648044586182085e-01
6.788904607295990212e-01
6.789799153804778609e-01
6.762198746204376443e-01
6.797911226749420166e-01
6.772202312946319358e-01
6.777275383472443071e-01
6.777216911315917525e-01
6.819264352321624534e-01
6.778571724891662154e-01
6.794027924537658913e-01
6.746555984020232710e-01
6.777928113937378152e-01
6.770334780216217263e-01
6.812074124813080056e-01
6.786809265613555908e-01
6.832089543342589888e-01
6.885693907737732156e-01
6.864094078540802224e-01
6.834476947784423606e-01
6.841373860836028609e-01
6.787180662155151145e-01
6.791468620300292747e-01
6.786956191062927246e-01
6.784636974334716797e-01
6.875029444694519265e-01
6.825314939022064653e-01
6.777072966098784956e-01
6.775987565517425093e-01
6.781156420707702415e-01
6.777846217155456543e-01
6.742209076881409135e-01
6.775460541248321533e-01
6.755364060401916060e-01
6.825057685375213179e-01
6.772228658199310747e-01
6.757850944995880127e-01
6.736919760704040971e-01
6.754126548767089844e-01
6.776682734489440918e-01
6.761228084564209206e-01
6.752857863903045654e-01
6.737757444381713423e-01
6.740378797054290549e-01
6.754056394100189653e-01
6.733974516391754150e-01
6.733524262905120628e-01
6.748690426349639448e-01
6.740005552768707497e-01
6.774176537990570512e-01
6.788163542747497337e-01
6.780682981014252153e-01
6.772012412548065186e-01
6.766318857669830766e-01
6.799943685531616433e-01
6.762706518173218218e-01
6.759611189365386519e-01
6.799704253673553023e-01
6.764058589935302290e-01
6.791768789291381392e-01
6.765940427780151589e-01
6.748769879341125488e-01
6.735933721065521240e-01
6.783106088638305442e-01
6.788334369659423384e-01
6.790277659893035889e-01
6.738135635852813277e-01
6.751412570476531538e-01
6.823090732097625288e-01
6.796741008758544478e-01
6.806239068508148637e-01
6.785909414291382280e-01
6.771537005901336892e-01
6.759290337562561257e-01
6.767647266387939453e-01
6.726609706878662331e-01
6.750141739845275657e-01
6.734747648239135520e-01
6.788721740245818870e-01
6.782515108585357444e-01
6.761895298957825151e-01
6.777896523475647195e-01
6.755140960216522439e-01
6.721468329429626243e-01
6.734061181545257790e-01
6.740703046321868674e-01
6.755114078521728960e-01
6.796317040920257790e-01
6.825845301151275413e-01
6.765220522880553977e-01
6.766464471817016380e-01
6.792852401733397993e-01
6.738689541816711426e-01
6.760963797569274902e-01
6.747843444347381148e-01
6.764946937561034934e-01
6.793275117874145730e-01
6.753957211971283181e-01
6.768931865692138228e-01
6.725202202796936035e-01
6.733781099319458008e-01
6.765464305877685325e-01
6.751279234886169434e-01
6.752181649208068848e-01
6.770287692546844704e-01
6.748607873916625532e-01
6.740180015563964622e-01
6.768917024135590044e-01
6.804126739501953347e-01
6.736869752407074197e-01
6.734664320945740190e-01
6.751259565353393555e-01
6.734539687633513960e-01
6.716443359851836936e-01
6.764948368072509766e-01
6.762092411518096924e-01
6.749121248722076416e-01
6.770496845245361772e-01
6.751329839229583962e-01
6.752682745456695113e-01
6.731801807880402055e-01
6.765675783157348855e-01
6.758604824542999712e-01
6.767265200614929199e-01
6.776785254478454590e-01
6.736496388912200928e-01
6.768905460834503396e-01
6.763633191585540771e-01
6.755334496498107688e-01
6.774716019630432351e-01
6.848897993564605491e-01
6.739233613014221635e-01
6.760717332363128662e-01
6.744463860988616499e-01
6.861152172088622603e-01
6.782142162322998269e-01
6.769472718238830344e-01
6.753193020820618120e-01
6.753062605857849121e-01
6.726769626140594038e-01
6.746470987796783225e-01
6.764650166034698042e-01
6.751415729522705078e-01
6.763868749141692671e-01
6.747170329093933328e-01
6.740900456905365434e-01
6.745744347572326660e-01
6.745545804500580056e-01
6.747777640819550005e-01
6.758486270904541238e-01
6.729684650897980180e-01
6.730754554271698442e-01
6.765632450580596480e-01
6.736119449138641135e-01
6.712606012821197288e-01
6.735175371170043501e-01
6.734981417655945268e-01
6.761488616466522217e-01
6.787757694721221480e-01
6.720622599124908003e-01
6.754055678844451682e-01
6.777568161487579346e-01
6.752835333347320113e-01
6.717154145240783469e-01
6.747702598571777566e-01
6.758404195308684859e-01
6.762231171131134477e-01
6.740336477756500022e-01
6.739495873451233354e-01
6.729000568389892356e-01
6.745632648468017356e-01
6.729575991630554199e-01
6.716093420982360840e-01
6.718862652778625488e-01
6.731699585914612260e-01
6.731676161289215088e-01
6.803123056888580322e-01
6.754312276840209739e-01
6.724141776561737283e-01
6.723670840263367143e-01
6.746941566467284934e-01
6.728985786437988725e-01
6.723325252532958984e-01
6.734847128391265869e-01
6.722175478935241699e-01
6.733861982822417769e-01
6.717657506465911643e-01
6.713500738143920454e-01
6.740634262561797652e-01
6.750946402549743430e-01
6.722681164741516335e-01
6.759026169776916060e-01
6.722391247749328613e-01
6.730975866317748801e-01
6.708514392375946045e-01
6.780779957771301270e-01
6.738407909870147705e-01
6.753263652324676958e-01
6.770317912101745383e-01
6.744688808917999046e-01
6.729113280773162398e-01
6.773325204849243164e-01
6.717089891433716264e-01
6.752745091915131059e-01
6.717530608177184615e-01
6.705451548099518044e-01
6.725190758705139604e-01
6.733256101608275923e-01
6.728366196155548540e-01
6.719308912754058394e-01
6.757221519947052002e-01
6.716927051544189231e-01
6.715909063816070113e-01
6.730487525463104692e-01
6.701861023902893066e-01
6.723227143287658913e-01
6.713155448436737283e-01
6.727990865707397239e-01
6.712781488895416260e-01
6.718916177749634233e-01
6.733250081539153831e-01
6.731768131256103960e-01
6.744649887084961382e-01
6.765591561794280784e-01
6.730461835861205611e-01
6.756098866462707520e-01
6.711475253105163574e-01
6.714290976524353027e-01
6.736253499984741211e-01
6.749256610870361106e-01
6.739491283893584983e-01
6.727224946022033469e-01
6.717113792896270974e-01
6.753872275352478249e-01
6.784776270389556441e-01
6.704579710960387740e-01
6.696216106414795144e-01
6.716742277145385520e-01
6.713647425174713579e-01
6.710454940795897993e-01
6.733663856983185259e-01
6.716245055198669656e-01
6.710620045661925825e-01
6.742775857448577437e-01
6.740987181663513628e-01
6.766150176525116411e-01
6.709274709224700706e-01
6.711911261081695557e-01
6.732174634933472124e-01
6.720676183700561301e-01
6.720239937305449995e-01
6.721998631954193559e-01
6.751897394657134788e-01
6.712844371795654297e-01
6.716948091983795388e-01
6.725308299064636230e-01
6.727263748645782027e-01
6.721526145935058372e-01
6.754034578800200972e-01
6.733566164970398171e-01
6.788437187671660933e-01
6.736689269542693870e-01
6.735988140106201616e-01
6.747444868087768555e-01
6.720871925354003906e-01
6.708877027034759744e-01
6.698076486587524192e-01
6.724533736705780029e-01
6.708197236061096413e-01
6.757824540138244185e-01
6.730858087539672852e-01
6.718244850635528564e-01
6.719771742820739302e-01
6.706420183181762695e-01
6.714254975318908469e-01
6.733606398105621560e-01
6.728619515895843950e-01
6.729294657707214355e-01
6.743685245513916238e-01
6.733568072319030540e-01
6.734139740467071089e-01
6.710237920284271018e-01
6.735051333904266135e-01
6.724874198436736616e-01
6.726367533206939475e-01
6.732734382152557595e-01
6.713938713073730469e-01
6.694558799266815408e-01
6.706757247447967529e-01
6.715587377548217773e-01
6.769503653049468994e-01
6.752210080623626265e-01
6.712333261966705322e-01
6.730283319950103316e-01
6.717305302619933638e-01
6.762737810611725298e-01
6.733969330787659135e-01
6.715367674827575906e-01
6.716820895671844482e-01
6.729712545871734397e-01
6.713617324829102007e-01
6.714226901531219482e-01
6.707902193069458230e-01
6.725361347198486328e-01
6.720772922039032204e-01
6.710204243659972922e-01
6.719148635864258257e-01
6.728783249855041504e-01
6.728739678859710915e-01
6.710169136524199995e-01
6.727611422538757324e-01
6.702457726001739280e-01
6.700849175453186257e-01
6.716921448707580122e-01
6.714722871780395286e-01
6.715302467346191406e-01
6.733905673027038574e-01
6.718755066394805908e-01
6.735529363155364768e-01
6.736195027828216775e-01
6.711444437503815141e-01
6.714197397232055664e-01
6.710335254669189675e-01
6.723238289356231467e-01
6.712628781795502153e-01
6.740083456039428489e-01
6.751192927360534224e-01
6.715300619602203591e-01
6.762951195240021196e-01
6.722307503223419189e-01
6.715764522552489790e-01
6.716615200042724831e-01
6.755958557128906028e-01
6.719368636608124001e-01
6.711700379848479781e-01
6.729896545410156694e-01
6.740791797637939453e-01
6.716384291648864746e-01
6.720828413963317871e-01
6.691528499126434548e-01
6.743332982063293679e-01
6.726701021194457786e-01
6.700699865818023904e-01
6.740616381168365034e-01
6.721221745014190896e-01
6.716785848140716109e-01
6.734893918037414551e-01
6.719220459461212602e-01
6.750635206699371338e-01
6.700790107250214067e-01
6.698791980743408203e-01
6.740177333354949729e-01
6.733725249767303911e-01
6.710681796073914018e-01
6.716234326362610085e-01
6.784434258937835915e-01
6.710885286331176314e-01
6.735101044178009033e-01
6.717470347881316917e-01
6.734020233154296431e-01
6.734188616275786909e-01
6.718018531799316850e-01
6.719382286071777788e-01
6.711066663265228271e-01
6.704745054244994895e-01
6.708000123500823531e-01
6.715738415718078835e-01
6.708007037639618364e-01
6.718636512756347434e-01
6.713998079299926536e-01
6.750445306301117165e-01
6.733158588409423606e-01
6.730369627475738525e-01
6.718227624893188255e-01
6.728389501571655495e-01
6.712412655353545698e-01
6.723254144191741499e-01
6.743310332298279031e-01
6.746325194835662842e-01
6.720787584781646729e-01
6.721745133399963379e-01
6.710796058177947998e-01
6.801064968109130637e-01
6.708356857299804243e-01
6.714595019817352073e-01
6.712915360927581565e-01
6.715724110603332742e-01
6.702991127967834473e-01
6.715063631534576860e-01
6.709025621414184126e-01
6.702320158481598344e-01
6.718937039375305620e-01
6.709851562976837380e-01
6.751615285873413530e-01
6.699022054672241211e-01
6.740656435489654763e-01
6.757629692554474321e-01
6.742499649524689165e-01
6.696290671825408936e-01
6.749086678028106689e-01
6.713064074516296165e-01
6.702533423900604026e-01
6.710087418556213157e-01
6.710631668567657027e-01
6.766838312149048296e-01
6.692536950111389604e-01
6.706070542335510476e-01
6.710446119308471902e-01
6.713444232940674050e-01
6.731820046901703103e-01
6.723360598087311235e-01
6.710766017436980979e-01
6.721475839614867720e-01
6.739373028278350386e-01
6.707293152809142844e-01
6.746464908123016579e-01
6.739945173263549583e-01
6.690799236297607644e-01
6.737001180648803933e-01
6.703673422336577925e-01
6.720617949962616189e-01
6.695305109024047852e-01
6.698486328124999556e-01
6.727666974067687544e-01
6.716274201869965044e-01
6.731877744197845015e-01
6.692459940910339133e-01
6.732346773147582786e-01
6.710661470890044722e-01
6.725577592849731889e-01
6.718280494213104692e-01
6.709608078002929910e-01
6.708387434482574463e-01
6.708269059658050759e-01
6.737621009349823442e-01
6.751473248004913330e-01
6.696734845638274702e-01
6.708934009075164795e-01
6.705216169357299805e-01
6.716696679592132346e-01
