4.815813973546027860e-02
4.196436740458011488e-02
3.913427516818046570e-02
3.719949033111333986e-02
3.636952675879001617e-02
3.594437111169099947e-02
3.576500676572322984e-02
3.486342355608940125e-02
3.575503230094909807e-02
3.571658208966255188e-02
3.575725611299276213e-02
3.397601526230573793e-02
3.353610429912805280e-02
3.364904671907424649e-02
3.466729409992694994e-02
3.582497034221887589e-02
3.510055877268314362e-02
3.474817890673875809e-02
3.538977168500423431e-02
3.340311087667942325e-02
3.308230452239513397e-02
3.366056121885776381e-02
3.496565911918878694e-02
3.378987777978181839e-02
3.318477794528007507e-02
3.290308509021997591e-02
3.332651108503341397e-02
3.353370856493711333e-02
3.391695823520422121e-02
3.328277915716171265e-02
3.409923929721116881e-02
3.499981034547090808e-02
3.544496167451142987e-02
3.490308076143264909e-02
3.250125367194414000e-02
3.287877533584833423e-02
3.520120512694120685e-02
3.503893930464983125e-02
3.381656762212514877e-02
3.259950019419192990e-02
3.275209441781044145e-02
3.287974670529365817e-02
3.240541387349367419e-02
3.312622085213660916e-02
3.276926279067993164e-02
3.230224549770355225e-02
3.197756800800562182e-02
3.212456032633781433e-02
3.183925710618495941e-02
3.234382793307304105e-02
3.214341998100280623e-02
3.255782034248113493e-02
3.238404337316751203e-02
3.229807876050472260e-02
3.223824203014373502e-02
3.363322000950574875e-02
3.196898549795150479e-02
3.177993521094322343e-02
3.165740650147199492e-02
3.195164017379283766e-02
3.168852142989635190e-02
3.241751510649919232e-02
3.339010532945394655e-02
3.401536215096712112e-02
3.510262575000524382e-02
3.465461954474449019e-02
3.390634898096323013e-02
3.309274297207594195e-02
3.428242579102516036e-02
3.413087464869022508e-02
3.227862492203712602e-02
3.200574722141027312e-02
3.157695289701223373e-02
3.217755854129791121e-02
3.195259645581245700e-02
3.208097722381353378e-02
3.316835425794124881e-02
3.277636952698230466e-02
3.218140322715044160e-02
3.273581676185131212e-02
3.256264533847570697e-02
3.267709482461213927e-02
3.243524059653282027e-02
3.275219500064849992e-02
3.380036205053329329e-02
3.205955252051353316e-02
3.293017782270908633e-02
3.449893649667501450e-02
3.419508207589387616e-02
3.497532326728105406e-02
3.389742933213710924e-02
3.257142826914787015e-02
3.219589050859213153e-02
3.181520979851484160e-02
3.180826343595981320e-02
3.194560557603835782e-02
3.203731831163168092e-02
3.193751629441976547e-02
3.144487440586089810e-02
3.159482050687074939e-02
3.159744609147310118e-02
3.184026312083006183e-02
3.201207630336284915e-02
3.151948153972625871e-02
3.191338535398244997e-02
3.209021165966987471e-02
3.146300613880157609e-02
3.108916301280260225e-02
3.145152963697910031e-02
3.179826196283101758e-02
3.166994303464889388e-02
3.212215434759855409e-02
3.193315453827381273e-02
3.204305320978164534e-02
3.125716280192136765e-02
3.219771236181259016e-02
3.215957246720790863e-02
3.213505391031503539e-02
3.143625929951667647e-02
3.188662081956863265e-02
3.255542460829019547e-02
3.168742973357439180e-02
3.101021125912666390e-02
3.124718219041824202e-02
3.233361355960369388e-02
3.250055704265832762e-02
3.151368033140897890e-02
3.181334678083658218e-02
3.221296239644289017e-02
3.344290610402822495e-02
3.251236882060766498e-02
3.182575553655624112e-02
3.167726639658212384e-02
3.157839402556419234e-02
3.109244331717491219e-02
3.117578439414501329e-02
3.105398435145616601e-02
3.129394110292196135e-02
3.247435856610536575e-02
3.181645069271325788e-02
3.275343943387269696e-02
3.340421654284000258e-02
3.264509905129671374e-02
3.246062472462653975e-02
3.310982454568147521e-02
3.238948881626128873e-02
3.166091665625572066e-02
3.113993220031261583e-02
3.184929732233286043e-02
3.162718079984187802e-02
3.192278649657964706e-02
3.242640960961580554e-02
3.163755573332309445e-02
3.129368871450424056e-02
3.118050526827573915e-02
3.192337490618228635e-02
3.226807601749896726e-02
3.198294863104820390e-02
3.241032566875219623e-02
3.189386930316686491e-02
3.209246564656496187e-02
3.149643857032060484e-02
3.104461804032325814e-02
3.135659433901309689e-02
3.146055359393358508e-02
3.121019564568996291e-02
3.131393026560545106e-02
3.163609523326158662e-02
3.086552433669566969e-02
3.110999334603548050e-02
3.120126686990261008e-02
3.097517527639865806e-02
3.128308597952127179e-02
3.135762494057416777e-02
3.118358328938484331e-02
3.142242152243852893e-02
3.132120687514543256e-02
3.153248336166143695e-02
3.163816165179014067e-02
3.118896540254354616e-02
3.200666680932044705e-02
3.200969956815243045e-02
3.156559057533740720e-02
3.128284681588411331e-02
3.135401178151368817e-02
3.166663479059934894e-02
3.273998089134692868e-02
3.207484241575002393e-02
3.321834914386272153e-02
3.240845724940299988e-02
3.197343256324529370e-02
3.108656350523233275e-02
3.151204474270343642e-02
3.169570844620465955e-02
3.196811378002166470e-02
3.159473799169063707e-02
3.122422285377979279e-02
3.120087143033743043e-02
3.187203723937272887e-02
3.198438100516796251e-02
3.167811315506696701e-02
3.178750816732645035e-02
3.159239143133163452e-02
3.109007943421602388e-02
3.166457694023847719e-02
3.216533754020929614e-02
3.250748217105865756e-02
3.151264786720275879e-02
3.155453819781541686e-02
3.086557555943727355e-02
3.107991646975278785e-02
3.186553698033094129e-02
3.206120058894157410e-02
3.163311667740344862e-02
3.110775742679834296e-02
3.145991154015063962e-02
3.177504707127809525e-02
3.133601620793342868e-02
3.149585314095020017e-02
3.188368398696184158e-02
3.153502959758043567e-02
3.236336689442396303e-02
3.255884852260351042e-02
3.223070558160543581e-02
3.169995583593845229e-02
3.210246190428733826e-02
3.209700863808393617e-02
3.149757161736488342e-02
3.137470223009586334e-02
3.101942315697669983e-02
3.124528434127569337e-02
3.114582616835832526e-02
3.135439660400152206e-02
3.106656968593597343e-02
3.167993184179067334e-02
3.135924320667982101e-02
3.137950226664543152e-02
3.144744690507650375e-02
3.121960610151290963e-02
3.068665545433759551e-02
3.086669053882360597e-02
3.075695689767599106e-02
3.122188076376914909e-02
3.110923096537589888e-02
3.119649775326251845e-02
3.145163971930742264e-02
3.114670943468809267e-02
3.114498909562826018e-02
3.096270263195037911e-02
3.108227699995040963e-02
3.097885549068450997e-02
3.104661293327808450e-02
3.097264822572469781e-02
3.102715127170085907e-02
3.126159440726041655e-02
3.190947324037551880e-02
3.139516040682792386e-02
3.120226934552192827e-02
3.094426020979881148e-02
3.132846578955650330e-02
3.146043829619884352e-02
3.136985506862401824e-02
3.085717018693685462e-02
3.076435141265392373e-02
3.093364983797073503e-02
3.131666667759418210e-02
3.218925539404153546e-02
3.245634008198976239e-02
3.160010725259780606e-02
3.114674910902976920e-02
3.112557046115398476e-02
3.157346788793802261e-02
3.129514139145612994e-02
3.068753220140934060e-02
3.121814988553523948e-02
3.083616383373737405e-02
3.090656995773315499e-02
3.057579416781663895e-02
3.131742719560861449e-02
3.105697594583034515e-02
3.141542132943868360e-02
3.168912734836339812e-02
3.155528903007507463e-02
3.107442148029804230e-02
3.082541320472955565e-02
3.138141259551048556e-02
3.174718320369720320e-02
3.096521850675344398e-02
3.097557593137025694e-02
3.104768637567758421e-02
3.138413354754447659e-02
3.097389992326498101e-02
3.086341395974159102e-02
3.140081465244293213e-02
3.101181890815496445e-02
3.117778897285461426e-02
3.072256464511156221e-02
3.094991631805896898e-02
3.094335794448852678e-02
3.100055567920207908e-02
3.109458908438682626e-02
3.078129272907972197e-02
3.102892749011516502e-02
3.151426631957292279e-02
3.126619737595319470e-02
3.087298236787319045e-02
3.084090761840343337e-02
3.087136894464492798e-02
3.150462172925472260e-02
3.097620233893394470e-02
3.130514752119779864e-02
3.150403145700693408e-02
3.152578081935644011e-02
3.166604544967412810e-02
3.123737666755914757e-02
3.087595775723457267e-02
3.154094293713569780e-02
3.170037567615509311e-02
3.160955272614955625e-02
3.076851982623338838e-02
3.068887498229742189e-02
3.077633492648601532e-02
3.083113990724086623e-02
3.142738007009029250e-02
3.157243970781564713e-02
3.191159535199403902e-02
3.111488781869411330e-02
3.159145750105381290e-02
3.176206145435571393e-02
3.146248087286949296e-02
3.072449900209903856e-02
3.075358849018812110e-02
3.145651593804359158e-02
3.164031840860843936e-02
3.195604905486106734e-02
3.104578107595443864e-02
3.073074929416179726e-02
3.102930504828691621e-02
3.100193925201892922e-02
3.241746407002210617e-02
3.151389509439468661e-02
3.114434406161308358e-02
3.095607925206422806e-02
3.145941626280546188e-02
3.089231476187705855e-02
3.096367977559566498e-02
3.122512679547071596e-02
3.087541833519935608e-02
3.139859121292829652e-02
3.230219241231679916e-02
3.189221527427434782e-02
3.177471384406090060e-02
3.125307485461235185e-02
3.146369140595197539e-02
3.086257874965667863e-02
3.240901511162519455e-02
3.105589114129543235e-02
3.249723389744758884e-02
3.168922290205955505e-02
3.199932053685188016e-02
3.114508800208568712e-02
3.084637597203254700e-02
3.228452429175376892e-02
3.085187841206788947e-02
3.132499046623706679e-02
3.158787023276090483e-02
3.122164029628038406e-02
3.078792411834001611e-02
3.148258980363607268e-02
3.138681389391421994e-02
3.084382917732000212e-02
3.095880821347236564e-02
3.136304020881652832e-02
3.116290979087352891e-02
3.090229835361242225e-02
3.094725441187620024e-02
3.095973208546638419e-02
3.073601257055997779e-02
3.088008575141430040e-02
3.089259471744298935e-02
3.076644875109195779e-02
3.077849075198173592e-02
3.147008307278156142e-02
3.154947310686111173e-02
3.119357097893953393e-02
3.106225989758968492e-02
3.153514806181192259e-02
3.138263244181871414e-02
3.122627269476652145e-02
3.131502643227577348e-02
3.152334075421094756e-02
3.109648786485195299e-02
3.080485500395297935e-02
3.058859743177890639e-02
3.113665301352739473e-02
3.086414206773042609e-02
3.087523896247148375e-02
3.116499744355678489e-02
3.072478529065847397e-02
3.079630881547927926e-02
3.121372945606708596e-02
3.085923921316862176e-02
3.088581617921590944e-02
3.071858026087283949e-02
3.059571459889411787e-02
3.071721196174621513e-02
3.088295497000217299e-02
3.083192594349384169e-02
3.131387867033481875e-02
3.112347796559333801e-02
3.076520618051290651e-02
3.056868240237236092e-02
3.118338678032159944e-02
3.132466729730367522e-02
3.097874242812394957e-02
3.074759412556886742e-02
3.103515096008777757e-02
3.117293175309896608e-02
3.047322630882263322e-02
3.037932813167571952e-02
3.054173979908227782e-02
3.036654554307460785e-02
3.045846745371818404e-02
3.090599104762077262e-02
3.062925711274146895e-02
3.092279750853776932e-02
3.115491848438978195e-02
3.094170950353145738e-02
3.045074809342622826e-02
3.084191624075174193e-02
3.130510207265615324e-02
3.066170420497655799e-02
3.064556214958429406e-02
3.079381939023733208e-02
3.073950149118900160e-02
3.065619394183159013e-02
3.070942182093858858e-02
3.093639723956585069e-02
3.067093640565872123e-02
3.071976937353610923e-02
3.104771040380000999e-02
3.100479766726493835e-02
3.069181572645902564e-02
3.039526138454675536e-02
3.059534747153520515e-02
3.080137874931097169e-02
3.095194809138774802e-02
3.057086076587438653e-02
3.078393694013357301e-02
3.076757267117500444e-02
3.089943192899227004e-02
3.073768746107816835e-02
3.096193950623273711e-02
3.060140479356050422e-02
3.082535862922668526e-02
3.062697947025299142e-02
3.101835343986749510e-02
3.119746930897236009e-02
3.086638990789651940e-02
3.077686745673418114e-02
3.082876894623041292e-02
3.091709166765212874e-02
3.090553060173988412e-02
3.072048369795083930e-02
3.102136943489313195e-02
3.074341434985399316e-02
3.063458800315856795e-02
3.061875216662883828e-02
3.067561648786067824e-02
3.072116039693355630e-02
3.115626163780689170e-02
3.078109174966812273e-02
3.041250929236411979e-02
3.087604250758886268e-02
3.050833772867917945e-02
3.055939134210348268e-02
3.087257668375969002e-02
3.071726709604263167e-02
3.088646102696657181e-02
3.047062121331691603e-02
3.047974947839975426e-02
3.063422180712222984e-02
3.044800627976656029e-02
3.095315080136060853e-02
3.038801923394203117e-02
3.148001544177532474e-02
3.145574368536472459e-02
3.050113618373870988e-02
3.027968276292085717e-02
3.066379576921463013e-02
3.069034442305564742e-02
3.082383647561073164e-02
3.025254439562559058e-02
3.058681432157754967e-02
3.033545929938554625e-02
3.027935456484556059e-02
3.026331905275583128e-02
3.059983998537063599e-02
3.034715577960014204e-02
3.050808217376470635e-02
3.117198273539543291e-02
3.118984233587980201e-02
3.119980990886688302e-02
3.064777068793773582e-02
3.096619769930839677e-02
3.072229605168104102e-02
3.081943765282630851e-02
3.060315977782011171e-02
3.069651424884796073e-02
3.061303738504648347e-02
3.030518367886543205e-02
3.079220522195100923e-02
3.024006970226764818e-02
3.065823148936033110e-02
3.066205438226461341e-02
3.050453215837478638e-02
3.076157048344612191e-02
3.069993183016777108e-02
3.076908420771360536e-02
3.059719000011682649e-02
3.039451632648706297e-02
3.092352245002984862e-02
3.055030908435583253e-02
3.054675068706274102e-02
3.044542167335748811e-02
3.079557213932275841e-02
3.037226255983114381e-02
3.067359458655118803e-02
3.064189869910478523e-02
3.060467708855867455e-02
3.057802394032478263e-02
3.038929663598537514e-02
3.046916835010051589e-02
3.034513145685195992e-02
3.072065599262714317e-02
3.059852775186300278e-02
3.106124699115753174e-02
3.047814592719078064e-02
3.037235923111438612e-02
3.019895460456609865e-02
3.040044344961643358e-02
3.044779151678085258e-02
3.037847224622964790e-02
3.047150466591119766e-02
3.034392111003398826e-02
3.028165213763713698e-02
3.021674845367670198e-02
3.050322942435741355e-02
3.035871833562851091e-02
3.030278459191322257e-02
3.015203718096017699e-02
3.018723800778388977e-02
3.093741275370121002e-02
3.111005108803510666e-02
3.070079404860735078e-02
3.055875021964311530e-02
3.060896005481481691e-02
3.057175241410732200e-02
3.112364914268255303e-02
3.044036906212568144e-02
3.052770663052797179e-02
3.080069962888955931e-02
3.077652398496866226e-02
3.038770481944084306e-02
3.066912516951560835e-02
3.032064680010080476e-02
3.049634341150522093e-02
3.035537488758564134e-02
3.056083023548126359e-02
3.056717254221439500e-02
3.072333782911300729e-02
3.036991916596889357e-02
3.061727322638034890e-02
3.062901832163333893e-02
3.062838017940521310e-02
3.021507840603589873e-02
3.055378329008817673e-02
3.101753070950508118e-02
3.108069244772195677e-02
3.101733382791280885e-02
3.076966721564531465e-02
3.044662680476904054e-02
3.064411319792270660e-02
3.034980613738298347e-02
3.049116954207420349e-02
3.122568968683481216e-02
3.087945617735386034e-02
3.024308439344167848e-02
3.040524199604988098e-02
3.037784248590469360e-02
3.050250392407178809e-02
3.023222498595714430e-02
3.052260037511587282e-02
3.014658559113740990e-02
3.060293011367321014e-02
3.039370942860841751e-02
3.031975440680980544e-02
3.021479062736034255e-02
3.036107514053583076e-02
3.053407743573188782e-02
3.064804840832948546e-02
3.034770917147398134e-02
3.021673932671547005e-02
3.016066495329141478e-02
3.046754207462072303e-02
3.020174726843833854e-02
3.016333803534507890e-02
3.044063542038202147e-02
3.029026519507169862e-02
3.054093085229396889e-02
3.057507406920194695e-02
3.044090662151575227e-02
3.027295581996440957e-02
3.021449185907840868e-02
3.079088274389505525e-02
3.043803982436656813e-02
3.040928710252046446e-02
3.075457941740751197e-02
3.054204545915126939e-02
3.066915702074766298e-02
3.050517868250608375e-02
3.032387495040893624e-02
3.008018918335437705e-02
3.041320070624351640e-02
3.058743346482515474e-02
3.071850687265396257e-02
3.013306185603141854e-02
3.033129572868347237e-02
3.076526429504156113e-02
3.084123358130454878e-02
3.084005676209926675e-02
3.089161291718483041e-02
3.048524558544158866e-02
3.053985033184290071e-02
3.044765703380107949e-02
3.016185946762561798e-02
3.025550488382577896e-02
3.014987707138061523e-02
3.053268175572156767e-02
3.027437664568424086e-02
3.040033075958490510e-02
3.050794433802366326e-02
3.043915424495935440e-02
2.999430019408464571e-02
3.014912735670804977e-02
3.026036005467176368e-02
3.027742169797420502e-02
3.039598148316145082e-02
3.066220376640558382e-02
3.043234609067440102e-02
3.042712397873401781e-02
3.062648642808198790e-02
3.027173709124326637e-02
3.033965695649385591e-02
3.033626340329647134e-02
3.021196443587541650e-02
3.041294459253549715e-02
3.023772556334734102e-02
3.057495523244142463e-02
3.011752534657716890e-02
3.017907328903675010e-02
3.027655947953462531e-02
3.009815104305744310e-02
3.004059959203004768e-02
3.026809766888618330e-02
3.020389936864376068e-02
3.028986230492591858e-02
3.038496393710374971e-02
3.074523564428090910e-02
3.012769352644682069e-02
3.027359973639249732e-02
3.035150486975908210e-02
3.018513359129428725e-02
2.999074831604957650e-02
3.031828757375478606e-02
3.040089104324579170e-02
3.020566906780004432e-02
3.046711981296539376e-02
3.033492919057607581e-02
3.030538298189639976e-02
3.009770698845386575e-02
3.028707969933748176e-02
3.033548500388860703e-02
3.047622144222259660e-02
3.063161075115203996e-02
3.022560421377420287e-02
3.027048204094171663e-02
3.010881505906581879e-02
3.014928083866834710e-02
3.042281828820705275e-02
3.115626666694879671e-02
3.022061642259359429e-02
3.035202790051698754e-02
3.026196025311946730e-02
3.114054761826991896e-02
3.067110478878021240e-02
3.025358151644468377e-02
3.025012481957673957e-02
3.021902870386838913e-02
3.007076922804117342e-02
3.027007989585399697e-02
3.035267945379018645e-02
3.017879147082567354e-02
3.045478072017431329e-02
3.025252427905798097e-02
3.013893943279981683e-02
3.005017377436160902e-02
3.017944339662790437e-02
3.013112526386976103e-02
3.029392752796411514e-02
3.008592743426561494e-02
3.012711610645055910e-02
3.053704500198364119e-02
3.022856079041957855e-02
3.001492545008659432e-02
3.021412901580333710e-02
3.011909704655408790e-02
3.046316057443618913e-02
3.056782055646180968e-02
3.002013228833675523e-02
3.020792827010154724e-02
3.035257160663604875e-02
3.026204612106084962e-02
2.998043708503246238e-02
3.008684255182743003e-02
3.035213295370340486e-02
3.028712589293718407e-02
3.024293854832649231e-02
3.015159256756305695e-02
3.009556084871291975e-02
3.033116981387138505e-02
3.017826639115810464e-02
3.002219963818788390e-02
3.005902674049138953e-02
3.018126524984836648e-02
3.009441681206226349e-02
3.061586059629917145e-02
3.041936121881008009e-02
3.011704646050929884e-02
3.009874150156974931e-02
3.022267967462539603e-02
3.001003917306661536e-02
3.012169525027275085e-02
3.014461230486631393e-02
3.008629307150840690e-02
3.015668820589780669e-02
3.005729578435421129e-02
2.990620359778404375e-02
3.017805106937885423e-02
3.027580846101045678e-02
3.010038509964942793e-02
3.048284873366356035e-02
3.011097144335508208e-02
3.014752529561519692e-02
2.989100217819213798e-02
3.049857839941978385e-02
3.023796807974576950e-02
3.034990020096301963e-02
3.055807445198297639e-02
3.044894505292177270e-02
3.014468047767877509e-02
3.050656728446483543e-02
3.008895609527826448e-02
3.028651978820562363e-02
2.997967731207609038e-02
2.986118476837873459e-02
3.002173658460378577e-02
3.024150654673576216e-02
3.003784082829952240e-02
3.006835225969552855e-02
3.031693510711193015e-02
3.002458140254020760e-02
3.002189844846725464e-02
3.011543489992618561e-02
2.988919019699096818e-02
3.001790829002857347e-02
3.004353381693363259e-02
3.009951300919055939e-02
2.999833114445209573e-02
3.003405127674341202e-02
3.022566381841897826e-02
3.022356685250997613e-02
3.030441142618656158e-02
3.045903854072094102e-02
3.021080475300550600e-02
3.049245625734329362e-02
3.000069018453359673e-02
2.998550869524478982e-02
3.015573397278785775e-02
3.014769833534956117e-02
3.014471661299467087e-02
2.999279480427503516e-02
3.001954276114702364e-02
3.040073737502098014e-02
3.058084398508071830e-02
2.990623544901609490e-02
2.983702495694160600e-02
2.999560460448265006e-02
2.994787991046905448e-02
2.999678533524274826e-02
3.019667845219373842e-02
3.005644641816616197e-02
2.988844532519579003e-02
3.027924094349145751e-02
3.011980503797530989e-02
3.054274357855319907e-02
2.987894900143146446e-02
2.996598947793245246e-02
3.023242987692355971e-02
3.008750453591346741e-02
3.008890748023986678e-02
3.004579264670610358e-02
3.038224298506975174e-02
3.002468626946210722e-02
3.005479499697685103e-02
3.006422147154808044e-02
3.011865783482790132e-02
3.006188664585351944e-02
3.032041750848293166e-02
3.021898493170738220e-02
3.057324662804603715e-02
3.020775914192199568e-02
3.022111319005489280e-02
3.037574589252471993e-02
3.003281261771917343e-02
2.994738090783357481e-02
2.980900052934885164e-02
3.008223697543144226e-02
3.000744394958019395e-02
3.039581365883350234e-02
3.012358229607343604e-02
3.010437209159135680e-02
3.000965155661106110e-02
2.993489578366279741e-02
3.002729006111621787e-02
3.025796301662921767e-02
3.010824751108884950e-02
3.001303113996982644e-02
3.018929883837699960e-02
3.024138342589139869e-02
3.009746763855218957e-02
2.995459306985139708e-02
3.028900586068630080e-02
3.012596778571605821e-02
3.014058489352464815e-02
3.023081496357917647e-02
2.996538151055574278e-02
2.983412574976682802e-02
2.986022830009460449e-02
2.996780648827552726e-02
3.045724183320999007e-02
3.036385495215654373e-02
3.000549320131540298e-02
3.017735071480274339e-02
3.011707961559295654e-02
3.028871174901724000e-02
3.022051993757486274e-02
2.996779084205627303e-02
3.008302915841341157e-02
3.020424414426088264e-02
3.004656024277210097e-02
3.001539818942546706e-02
2.998622525483369758e-02
3.018819466233253410e-02
2.996932752430438857e-02
3.001773171126842499e-02
3.007731363177299638e-02
3.018161710351705690e-02
3.012579269707203050e-02
2.999150827527046273e-02
3.021197654306888650e-02
2.992628216743469308e-02
2.987260147929191728e-02
3.007327709347009520e-02
2.998079210519790511e-02
3.002425543963909219e-02
3.018718585371971130e-02
3.001649677753448486e-02
3.021171502768993378e-02
3.009443525224924157e-02
2.993106339126825471e-02
3.006008230149746080e-02
2.990294154733419418e-02
3.014040756970643928e-02
3.001955859363079210e-02
3.024003375321626663e-02
3.045797459781169822e-02
3.005586769431829383e-02
3.034347649663686822e-02
3.004036750644445419e-02
2.997183296829462190e-02
2.999194450676441123e-02
3.034794647246599059e-02
3.009311445057392259e-02
2.999038267880678107e-02
3.016546312719583373e-02
3.025694712996482988e-02
3.014080878347158432e-02
3.003883138298988481e-02
2.978736553341150214e-02
3.034382499754428864e-02
3.016577009111642838e-02
2.989242747426033159e-02
3.023396190255880217e-02
3.006051499396562507e-02
3.001883644610643317e-02
3.029706757515669008e-02
3.008654955774545808e-02
3.032856713980436325e-02
2.991547267884015968e-02
2.984965313225984573e-02
3.021490219980478217e-02
3.018032591789960792e-02
2.998451739549636702e-02
3.003949522972106795e-02
3.052433133125305106e-02
2.994463834911584993e-02
3.028610199689864974e-02
3.002178892493247847e-02
3.017907515168189933e-02
3.041181061416864395e-02
3.012068662792444229e-02
3.011761195957660814e-02
2.999885138124227385e-02
2.992805428802967210e-02
2.998999524861574104e-02
2.993108723312616279e-02
2.995943576097488334e-02
3.004456665366888116e-02
2.999132182449102541e-02
3.045579046010971069e-02
3.016007393598556588e-02
3.027974441647529602e-02
3.005820941179990907e-02
3.010993599891662736e-02
2.994493227452039649e-02
3.010893296450376649e-02
3.023218810558319161e-02
3.025784157216548920e-02
3.008031062781810899e-02
3.012419287115335534e-02
2.999014854431152413e-02
3.044316843152046134e-02
2.998046185821294854e-02
3.005399089306592941e-02
3.005182445049285958e-02
3.011010345071554045e-02
2.995397802442312241e-02
3.002390675246715407e-02
2.995956540107726912e-02
2.991712167859077523e-02
3.003537934273481369e-02
2.997534293681382994e-02
3.036574274301528931e-02
2.988591976463794708e-02
3.027174752205610136e-02
3.047275114804506163e-02
3.033141102641821046e-02
2.983188815414905548e-02
3.028167989104986121e-02
3.001580126583576133e-02
2.994402162730693678e-02
3.001104798167943816e-02
3.005619328469038079e-02
3.041675556451082368e-02
2.980922516435384820e-02
2.996302880346774986e-02
2.994864676147699495e-02
3.004084918648004462e-02
3.017577733844518592e-02
3.013298343867063661e-02
2.994329221546649863e-02
3.002045173197984834e-02
3.024929612874984602e-02
2.991965487599372933e-02
3.013668395578861237e-02
3.030083421617746353e-02
2.981819603592157295e-02
3.020698893815278868e-02
2.991931494325399468e-02
3.010534308850765228e-02
2.984451390802860329e-02
2.988188005983829360e-02
3.011209014803171297e-02
3.003503549844026635e-02
3.018651250749826431e-02
2.981869801878929069e-02
3.018268570303916931e-02
2.999055664986371994e-02
3.021759148687124322e-02
3.010675162076949934e-02
2.998150214552879403e-02
2.995346412062644889e-02
2.996562551707029204e-02
3.025882039219141006e-02
3.030206039547920366e-02
2.986212745308875968e-02
2.998015396296977927e-02
2.993310783058404992e-02
3.003824446350335936e-02
