5.105434482296308113e-02
4.161982983350753784e-02
4.164404297868410515e-02
3.487012783686319756e-02
3.468612457315126824e-02
3.477064644296964241e-02
3.297765863438447548e-02
3.329143797357877327e-02
3.180174343287944794e-02
3.260398594041665626e-02
3.241111772755781578e-02
3.473105157415071892e-02
3.225475115080674721e-02
3.199666800598303246e-02
3.382017090916633606e-02
3.206546107927957939e-02
3.539402845005194115e-02
3.345644908646742272e-02
3.205602305630842613e-02
3.216408006846904755e-02
3.188369485239187645e-02
3.380885099371274544e-02
3.255718636016050743e-02
3.104384553929169857e-02
3.044445067644119263e-02
3.438981374104817940e-02
3.200773460169633461e-02
3.202609779934088158e-02
3.411476003626982140e-02
3.385241453846295906e-02
3.398728681107362343e-02
3.705713152885437012e-02
3.219592447082201409e-02
3.478058613836765289e-02
3.190874308347702026e-02
3.148835276563962532e-02
3.095733312269051754e-02
3.129614641269048286e-02
3.292168242235978676e-02
2.986248272160689152e-02
2.908737709124882900e-02
3.128552809357643127e-02
3.047200789054234707e-02
3.219826581577459740e-02
3.244610192875067162e-02
3.065611918767293179e-02
3.133337075511614250e-02
3.249423764646053314e-02
3.137472830712795258e-02
3.052441713710625851e-02
2.963248888651530064e-02
2.975763070086638248e-02
3.180232830345630646e-02
3.034648050864537441e-02
3.120944214363892757e-02
3.149547986686229706e-02
3.075209694604079044e-02
3.242410284777482582e-02
3.170213227470716072e-02
3.216203426321347786e-02
3.096861764788627625e-02
3.182389028370380402e-02
3.184658226867517067e-02
3.391392404834429192e-02
2.921522967517375946e-02
3.189186317225297523e-02
3.183158176640669274e-02
2.889742143452167511e-02
3.548944865663846565e-02
3.171208687126636505e-02
3.109324971834818638e-02
2.973005361855030060e-02
3.268469249208768440e-02
2.936704767247040951e-02
2.950860497852166378e-02
3.344383773704370094e-02
3.158195813496907783e-02
2.965468727052211761e-02
3.046097482244173801e-02
3.182164145012696815e-02
3.085479823251565182e-02
3.099890487889448917e-02
3.104772356649239742e-02
3.001773481567700588e-02
2.783250374098618710e-02
3.080901193122069157e-02
3.075121529400348663e-02
3.178658460577329231e-02
3.430341805020967888e-02
3.373418127497037483e-02
3.277589442829290795e-02
3.196416112283865379e-02
3.189058353503545357e-02
3.110561581949393070e-02
3.175046853721141815e-02
3.109595552086830139e-02
3.050409754117329800e-02
3.203758411109447479e-02
3.044780654211838924e-02
3.100733583172162258e-02
3.094394753376642979e-02
3.150122116009394097e-02
3.071198177834351742e-02
3.139483618239561485e-02
2.946462233861287319e-02
3.031359675029913700e-02
3.033415786921977997e-02
3.028881674011548245e-02
2.935621763269106663e-02
2.976391154030958927e-02
3.106350948413212978e-02
2.992444733778635776e-02
3.068926247457663334e-02
2.993702702224254608e-02
2.944869175553321838e-02
2.869639731943607330e-02
3.037562593817710876e-02
2.941491392751534664e-02
2.873116048673788822e-02
3.084776302178700649e-02
3.187053091824054718e-02
3.198604285717010498e-02
3.196847004195054603e-02
2.970634090403715885e-02
3.313708553711573052e-02
2.961366623640060425e-02
3.048147819936275482e-02
2.781488435963789738e-02
3.081406094133853912e-02
3.043846289316813267e-02
3.164183410505453514e-02
2.946816074351469791e-02
3.082427630821863926e-02
2.939684130251407623e-02
2.934214100241661072e-02
2.863646671175956726e-02
2.842261455953121185e-02
2.944171118239561832e-02
3.010050207376480103e-02
3.124282447000344479e-02
3.224359638988971710e-02
3.185009894271691872e-02
3.372546533743540215e-02
3.066958983739217007e-02
3.158818061153093742e-02
3.116436675190925598e-02
2.961176199217637264e-02
3.109360486268997192e-02
3.010850337644417965e-02
2.943403025468190395e-02
3.124040675659974300e-02
3.069468090931574619e-02
2.918352062503496921e-02
3.071965463459491730e-02
3.106055719157059872e-02
3.035128985842068874e-02
3.084359069665272915e-02
3.181696372727552818e-02
3.247075776259104180e-02
3.160483265916506218e-02
2.993692333499590671e-02
3.193483004967371391e-02
3.037094324827194214e-02
2.856962755322456360e-02
2.971882683535416805e-02
3.166040467719236778e-02
2.929652109742164612e-02
2.879684107999007023e-02
3.007265428702036655e-02
2.929154410958290100e-02
3.046317708988984310e-02
3.108593759437401974e-02
2.992959817250569546e-02
3.064668364822864532e-02
3.122912781933943546e-02
3.010369713107744968e-02
3.056230333944161617e-02
2.851103680829207218e-02
2.956249875326951229e-02
2.894178405404090881e-02
3.044386021792888641e-02
2.798827675481637203e-02
3.077956785758336269e-02
3.165796399116516113e-02
2.975568051139513767e-02
3.111701334516207493e-02
3.244880586862564087e-02
3.023013720909754551e-02
3.350363237162431312e-02
2.947660349309444427e-02
3.133033526440461708e-02
3.270369209349155426e-02
2.854406585295994961e-02
3.043855230013529575e-02
3.035207154850165165e-02
3.131414391100406647e-02
2.857073520620663845e-02
3.040331105391184605e-02
2.868984701732794559e-02
2.943857883413632595e-02
2.982113013664881504e-02
2.815830024580160892e-02
3.250256491204103065e-02
2.949537647267182552e-02
2.927446737885475159e-02
3.052146856983502590e-02
2.912585809826850891e-02
3.247643945117791725e-02
3.028063972791035854e-02
2.852644212543964386e-02
2.784152204791704929e-02
2.893342388172944271e-02
2.822804885605971134e-02
3.206749695042768883e-02
3.005692797402540958e-02
3.096786886453628540e-02
2.841052226722240448e-02
3.012901047865549839e-02
3.042919809619585789e-02
2.931871140996615208e-02
3.170850748817125725e-02
2.991060415903727329e-02
3.082852127651373661e-02
2.961377985775470734e-02
3.157101509471734596e-02
3.229850282271703316e-02
3.062638019522031033e-02
3.113875289758046352e-02
2.885099376241366184e-02
3.126214134196440148e-02
3.168023315568765236e-02
3.008045194049676144e-02
3.140782316525777412e-02
3.005415077010790623e-02
3.078802612920602047e-02
3.269934716324011253e-02
3.069717809557914734e-02
3.210593697925408913e-02
3.043691813945770264e-02
3.220637142658233643e-02
2.986901750167210781e-02
2.983031359811623776e-02
2.953305964668591702e-02
3.117673099040985107e-02
2.939921058714389801e-02
2.746571600437164307e-02
2.870078633228937900e-02
3.163394269843896461e-02
3.032461243371168888e-02
2.982374901572863377e-02
3.015492421885331356e-02
2.992593621214230740e-02
2.825914074977238857e-02
2.897220849990844727e-02
2.852534068127473080e-02
3.079077166815598690e-02
2.960762009024620056e-02
2.976346078018347538e-02
2.976535633206367493e-02
3.160044550895690918e-02
3.099729493260383606e-02
3.050514186422030247e-02
2.908462534348170078e-02
2.871678086618582523e-02
2.941407946248849117e-02
2.953066552678744114e-02
3.134915667275587486e-02
3.064197177688280857e-02
3.112163643042246616e-02
2.983443128565947330e-02
2.969461369017760075e-02
2.832595134774843967e-02
2.865328391393025600e-02
2.929222956299781799e-02
2.881068115433057034e-02
3.052504298587640011e-02
3.036229933301607883e-02
2.955513633787631989e-02
3.073834938307603085e-02
3.000906916956106937e-02
2.899346935252348698e-02
3.004843555390834808e-02
3.140241901079813408e-02
2.971992827951908112e-02
3.082976924876372135e-02
3.222088081141313148e-02
3.160972831149896217e-02
2.954125838975111759e-02
2.984837690989176548e-02
2.899337063233057774e-02
3.066712369521458828e-02
2.969227731227874756e-02
2.769377330938975132e-02
3.120149361590544498e-02
3.108092832068602360e-02
3.002669103443622589e-02
3.062232583761215210e-02
2.816268367071946346e-02
2.973005920648574829e-02
2.920471628506978237e-02
2.863099798560142517e-02
2.887526651223500454e-02
2.908753852049509800e-02
2.899855685730775082e-02
2.844674202303091801e-02
2.971683628857135773e-02
2.888451640804608547e-02
3.021232473353544987e-02
3.009184822440147400e-02
2.966666283706824100e-02
3.128333079318205284e-02
2.982113386193911350e-02
3.133193838099638390e-02
3.076075948774814606e-02
2.977013091246287144e-02
2.773683890700340271e-02
3.212964783112207817e-02
3.051875283320744717e-02
2.930991351604461670e-02
2.950352616608142853e-02
2.857708310087521755e-02
3.041425409416357792e-02
3.073723241686820984e-02
3.033406846225261688e-02
2.962251317997773373e-02
2.907319366931915283e-02
3.180712958176930977e-02
3.018213187654813015e-02
3.190697046617666649e-02
2.769069808224837101e-02
2.834882835547129429e-02
3.006733457247416294e-02
3.135027550160884857e-02
2.815384355684121334e-02
3.008075182636578762e-02
2.822844125330448151e-02
3.096926274398962772e-02
2.828626458843548977e-02
3.128067279855410027e-02
2.964879696567853176e-02
3.045521986981232845e-02
3.088343578080336368e-02
3.096174200375874722e-02
2.884859219193458557e-02
3.001056797802448273e-02
3.128510775665441918e-02
3.072074304024378574e-02
3.085172114272912228e-02
3.005275564889113224e-02
3.086646149555842197e-02
2.971327118575572968e-02
3.008718850711981571e-02
3.027835860848426819e-02
2.743510467310746395e-02
2.953627705574035645e-02
2.910986977318922794e-02
3.028134008248646938e-02
2.741800434887409210e-02
3.173743498822053505e-02
2.916497737169265747e-02
2.905146094659964359e-02
2.918491885066032410e-02
3.145109675824642181e-02
3.007194648186365879e-02
3.055351041257381439e-02
2.916995498041312015e-02
2.885121914247671879e-02
2.871864040692647183e-02
2.946333649257818973e-02
3.039102442562580109e-02
2.978100689748923099e-02
3.179863529900709557e-02
2.806515991687774658e-02
3.038537564376990116e-02
2.958383597433567047e-02
2.942115254700183868e-02
3.168108686804771423e-02
3.087700717151165009e-02
2.773355320096015930e-02
3.008195757865905762e-02
2.981694787740707397e-02
2.879386395215988159e-02
2.984348187843958652e-02
2.983212967713673794e-02
2.814846361676852024e-02
2.883741445839405060e-02
2.901416582365830624e-02
2.956683685382207119e-02
2.841475854317347324e-02
2.969537054498990261e-02
3.054595676561196529e-02
2.904251900811989986e-02
2.781371958553791046e-02
2.915025005737940586e-02
2.939836494624614716e-02
2.873426117002964020e-02
2.828807073334852970e-02
2.820560708642005920e-02
2.911604257921377933e-02
2.991079601148764408e-02
3.103037178516387939e-02
2.887096814811229706e-02
2.912207382420698917e-02
2.796270325779914856e-02
2.981569680074850834e-02
2.924867967764536655e-02
2.941904899974663937e-02
3.014381912847359860e-02
2.896587861080964291e-02
3.030476470788319790e-02
2.985829301178455353e-02
3.019140847027301788e-02
2.868107520043849945e-02
2.906997191409270084e-02
2.896747489770253384e-02
2.883980733652909481e-02
2.971508167684078217e-02
2.909313080211480343e-02
2.899708288411299503e-02
2.792354673147201538e-02
2.821964770555496216e-02
3.007261206706364834e-02
2.898546991248925411e-02
2.893731494744618618e-02
3.068925378223260128e-02
2.886754398544629299e-02
3.124656217793623722e-02
2.886185608804225922e-02
2.914721270402272427e-02
2.786848942438761509e-02
2.968740711609522617e-02
3.001999792953332150e-02
2.775861447056134426e-02
3.078381220499674595e-02
2.708802993098894871e-02
2.987970101336638248e-02
2.815095273156960690e-02
2.920773314932982243e-02
2.924135078986485684e-02
3.011418754855791843e-02
2.996950286130110538e-02
2.997311949729919434e-02
3.148591890931129456e-02
2.786429350574811184e-02
2.936026267707347870e-02
2.981737939019997799e-02
3.149140998721122742e-02
2.981434141596158230e-02
2.903040684759616852e-02
2.941456126670042789e-02
2.781371523936589443e-02
2.795978821814060211e-02
3.052075766026973724e-02
3.004389194150765621e-02
2.983524526158968723e-02
2.923384370903174198e-02
2.908474951982498169e-02
3.009584856530030453e-02
2.935210739572842800e-02
2.915006938079993046e-02
2.923573864003022396e-02
3.036494180560112000e-02
2.893278934061527252e-02
3.056472912430763245e-02
2.857704708973566807e-02
2.795838564634323120e-02
2.980195296307404720e-02
3.029983242352803433e-02
2.844457762936751163e-02
2.917585087319215023e-02
2.977320055166880405e-02
2.799068950116634369e-02
2.955582054952780521e-02
3.094025204579035557e-02
2.909363123277823246e-02
2.921368305881818020e-02
2.739053964614868164e-02
2.931703875462214268e-02
2.988086392482121670e-02
2.816376276314258575e-02
2.976369609435399258e-02
2.772757224738597870e-02
2.921321988105773926e-02
2.935595313707987583e-02
2.942084024349848545e-02
2.870812639594078064e-02
2.815703675150871277e-02
2.808220746616522587e-02
2.742995570103327549e-02
2.963179474075635159e-02
2.939425408840179443e-02
2.861743730803330624e-02
3.064014203846454620e-02
3.089118314286072933e-02
2.855261663595835483e-02
2.898347812394301212e-02
2.992542088031768799e-02
3.129278868436813354e-02
2.949356598158677303e-02
2.874159129957358158e-02
2.903424700101216518e-02
3.078140628834565365e-02
2.981970335046450413e-02
2.790131730337937557e-02
2.884757891297340393e-02
2.993448264896869659e-02
2.906410334010918819e-02
2.893443033099174500e-02
2.873941262563069546e-02
2.988944078485171116e-02
2.926710496346155918e-02
3.099027710656325138e-02
3.006547254820664608e-02
2.874293799201647556e-02
2.700962188343207157e-02
2.980965065459410465e-02
2.965099861224492275e-02
2.962186249593893803e-02
3.035621903836727142e-02
2.957223045329252994e-02
2.811378116408983982e-02
2.948426455259323120e-02
3.090864668289820469e-02
2.872526397307713711e-02
2.871977413694063938e-02
2.879217763741811001e-02
3.010025123755137241e-02
2.726126213868458950e-02
2.957039326429367065e-02
2.814548835158348083e-02
2.804299692312876499e-02
3.072656008104483402e-02
2.953905736406644070e-02
2.859717545409997189e-02
2.880360124011834347e-02
2.943756431341171265e-02
2.944594807922840118e-02
3.122958168387413025e-02
2.838589747746785366e-02
2.834817767143249512e-02
2.847145559887091434e-02
2.879249366621176517e-02
3.063824214041233063e-02
3.159612355132897926e-02
3.049055362741152561e-02
3.093084630866845333e-02
2.740601636469364166e-02
2.878663192192713535e-02
2.659952485313018047e-02
2.921780695517857754e-02
3.000775786737601078e-02
2.843769080936908722e-02
2.926547390719254696e-02
2.917988225817680359e-02
3.036830263833205021e-02
2.955040832360585415e-02
2.824153751134872437e-02
2.897315224011738979e-02
2.927117484311262882e-02
2.889713707069556034e-02
2.850592012206713474e-02
2.712076840301354611e-02
3.100117233892281735e-02
2.699052107830842220e-02
2.854038837055365360e-02
2.947444965442021572e-02
2.856776614983876431e-02
2.950094205637772762e-02
2.862404348949591434e-02
2.895995167394479000e-02
2.795537623266379154e-02
3.016614789764086521e-02
2.878707398970921719e-02
2.861126884818077087e-02
2.964358776807785034e-02
3.113800411423047268e-02
2.852075174450874329e-02
3.025641230245431149e-02
2.701706346124410629e-02
3.052694474657376492e-02
2.904253266751766205e-02
3.079575796922047817e-02
2.809013550480206692e-02
2.814383742709954464e-02
2.893046227594216549e-02
3.060923268397649014e-02
2.788338748117287838e-02
2.838181145489215851e-02
2.816545466581980503e-02
3.037593948344389713e-02
2.834909781813621521e-02
2.946841344237327576e-02
2.896429660419623173e-02
2.920582580069700993e-02
2.821610060830910885e-02
2.820675944288571560e-02
3.039716805020968235e-02
2.740666704873244083e-02
2.871294505894184113e-02
3.043841384351253510e-02
2.706118797262509548e-02
2.836063938836256779e-02
2.837410631279150761e-02
2.883796828488508976e-02
2.953385934233665466e-02
2.963974016408125675e-02
2.848859938482443607e-02
2.993798255920410156e-02
3.028222856422265255e-02
3.113928623497486115e-02
2.740897548695405209e-02
2.849835716187953949e-02
2.982571472724278652e-02
2.858067055543263638e-02
2.891276342173417294e-02
3.006383838752905643e-02
3.028006727496783054e-02
2.973432901004950321e-02
2.752471963564554966e-02
2.885892676810423649e-02
2.828855936725934231e-02
2.875495329499244690e-02
3.116270713508129120e-02
2.904595558842023098e-02
3.005318467815716946e-02
2.796287337938944614e-02
2.899551764130592346e-02
2.732894942164421082e-02
2.863371123870213711e-02
2.866617093483607090e-02
2.943868065873781956e-02
2.836199663579463959e-02
2.876845871408780300e-02
2.855231861273447788e-02
2.794594503939151764e-02
2.910302827755610264e-02
3.002768009901046753e-02
2.991508630414803707e-02
2.903585632642110073e-02
2.835103434820969784e-02
3.136331463853517937e-02
3.078558978935082638e-02
2.973151765763759613e-02
2.985992220540841305e-02
2.859993403156598293e-02
2.884389211734135830e-02
2.980072113374869144e-02
2.976991298298041141e-02
2.828604541718959808e-02
2.915090322494506836e-02
2.967207692563533783e-02
2.780118522544701778e-02
3.055429458618164062e-02
2.993199291328589237e-02
2.970140489439169681e-02
2.681311033666133881e-02
2.700903328756491459e-02
2.749468758702278137e-02
2.765425480902194977e-02
3.028323563436667240e-02
2.949933273096879208e-02
3.018692197899023807e-02
2.975725879271825039e-02
2.781286152700583256e-02
3.055161113540331638e-02
2.731021183232466495e-02
2.813778445124626160e-02
3.092071289817492283e-02
3.165782429277896881e-02
2.813741378486156464e-02
2.958503986398379124e-02
2.932047719756762302e-02
2.835961245000362396e-02
2.849373283485571659e-02
2.940411927799383915e-02
2.713073852161566532e-02
2.784696035087108612e-02
2.852950990200042725e-02
2.879648345212141788e-02
2.831175426642100132e-02
2.837570259968439854e-02
2.793856399754683292e-02
2.806631599863370144e-02
3.017125340799490726e-02
2.845336434741814816e-02
2.985200410087903225e-02
2.901297186811764919e-02
2.848043168584505833e-02
2.799098814527193821e-02
2.791207469999790192e-02
3.014054149389266968e-02
3.068454501529534542e-02
2.965410922964413845e-02
2.948518407841523373e-02
2.872652560472488403e-02
2.719834571083386623e-02
3.018310666084289551e-02
3.053821188708146298e-02
2.958587370812892914e-02
2.905288338661193848e-02
2.822627934316794193e-02
2.698082352677981174e-02
2.908105961978435516e-02
3.083327226340770721e-02
2.967639639973640442e-02
3.007573075592517853e-02
3.039296716451644897e-02
2.886655988792578495e-02
2.807178845008214199e-02
2.794835964838663853e-02
3.153927562137445045e-02
2.891957884033520901e-02
2.808153877655665195e-02
2.855656792720158779e-02
2.958474121987819672e-02
2.853402371207873142e-02
2.761547267436981201e-02
2.754606865346431732e-02
3.028588555753231049e-02
2.873003110289573669e-02
2.892245476444562161e-02
3.000896858672301090e-02
2.859581820666790009e-02
2.815854984025160587e-02
3.047660241524378574e-02
2.828506504495938503e-02
3.014102453986803806e-02
2.846373679737250126e-02
2.872233837842941284e-02
2.968024648725986481e-02
2.946246725817521298e-02
3.000653535127639771e-02
2.947706604997317112e-02
3.032908464471499241e-02
2.839913715918858730e-02
2.963115150729815281e-02
2.883696059385935581e-02
2.775238516430060184e-02
2.781813281277815617e-02
2.882482421894868099e-02
2.777978281180063999e-02
2.869483828544616699e-02
2.999978760878245151e-02
2.852627324561278141e-02
2.862621595462163174e-02
2.961273677647113800e-02
2.884372447927792751e-02
2.923477130631605900e-02
3.001462047298749172e-02
2.911170199513435364e-02
2.939756152530511105e-02
2.855617801348368442e-02
2.897865138947963715e-02
2.889528746406237400e-02
2.860499856372674191e-02
2.847220686574776852e-02
2.941767871379852295e-02
2.851978751520315922e-02
2.832394465804100037e-02
2.958503738045692444e-02
2.899125032126903534e-02
2.924604776004950321e-02
2.887416817247867584e-02
2.956687224407990658e-02
2.871060495575268948e-02
2.824790154894192898e-02
2.776374605794747555e-02
3.059393850465615475e-02
2.897454860309759891e-02
2.919834417601426327e-02
2.718763674298922337e-02
2.885885909199714661e-02
2.939326316118240356e-02
2.904097177088260651e-02
3.001858418186505520e-02
2.734874871869881832e-02
2.834610330561796940e-02
3.031350175539652622e-02
3.048259019851684570e-02
2.818679374953110897e-02
2.734828864534695828e-02
2.833696641027927399e-02
2.915643714368343353e-02
2.939512332280476772e-02
2.887399805088837826e-02
2.945242635905742645e-02
3.008967948456605160e-02
2.689791408677895748e-02
2.825333736836910248e-02
3.020916879177093506e-02
2.885187168916066372e-02
2.823813197513421261e-02
2.831932653983433926e-02
3.063939884305000305e-02
3.057136262456576145e-02
2.683374037345250332e-02
3.001466890176137173e-02
2.845178358256816864e-02
2.873704334100087368e-02
2.893334192534287655e-02
2.775835059583187103e-02
3.075647664566834652e-02
3.076474244395891941e-02
2.893698277572790897e-02
2.626327145844697952e-02
2.954773232340812683e-02
2.962896041572093964e-02
2.961121127009391785e-02
2.981640274326006687e-02
3.071246358255545414e-02
3.029583891232808315e-02
2.875963163872559750e-02
2.998770773410797119e-02
2.867403874794642246e-02
2.873160069187482082e-02
2.798297504583994663e-02
2.806326684852441036e-02
2.698292769491672516e-02
2.924214924375216282e-02
2.917381934821605682e-02
3.004587131241957462e-02
2.727569577594598019e-02
2.877696727712949001e-02
2.844539346794287479e-02
2.796494153638680660e-02
3.052537453671296322e-02
2.822782471776008606e-02
2.919921092689037323e-02
2.749383325378100193e-02
2.889640194674332821e-02
2.999393766125043118e-02
2.772277779877185822e-02
3.059845045208930969e-02
2.882807639737923824e-02
2.753848706682522976e-02
2.650930266827344894e-02
2.754014978806177891e-02
3.024205130835374081e-02
2.808457364638646328e-02
2.806539461016654968e-02
2.783853995303313053e-02
2.914821542799472809e-02
2.956900807718436039e-02
2.758995008965333187e-02
2.857307158410549164e-02
2.756258969505627834e-02
2.915461361408233643e-02
2.727890511353810513e-02
2.783920802175998688e-02
2.957712175945441044e-02
2.869709705313046658e-02
2.939616702497005463e-02
2.711595905323823177e-02
2.905975282192230225e-02
2.961837251981099331e-02
2.802651065091292179e-02
3.029951825737953186e-02
2.851122183104356014e-02
2.965815427402655399e-02
3.019604459404945374e-02
2.801703661680221558e-02
2.861427081127961361e-02
2.944939645628134525e-02
2.830450360973675930e-02
2.768919368584950649e-02
2.711411813894907749e-02
2.820982535680134975e-02
2.874800749123096466e-02
2.798922980825106419e-02
2.895058008531729496e-02
2.962145457665125645e-02
2.831398944060007847e-02
3.049188541869322575e-02
2.946388473113377773e-02
2.995224359134833134e-02
2.834974167247613155e-02
2.954180600742499149e-02
2.942614629864692688e-02
3.118770693739255154e-02
2.893714606761932373e-02
2.992982044816017151e-02
2.905373647809028625e-02
2.803008258342742920e-02
2.731257987519105160e-02
2.907799060146014011e-02
2.796393694976965702e-02
2.897960444291432583e-02
2.973059626917044437e-02
3.000293796261151516e-02
2.886039391160011292e-02
2.861335252722104275e-02
2.908231007556120670e-02
3.028878631691138065e-02
3.056352958083152771e-02
2.727306634187698364e-02
2.999354526400566101e-02
2.763411775231361389e-02
2.863104082643985748e-02
2.986959678431351864e-02
2.951283752918243408e-02
2.848624996840953827e-02
3.000347067912419521e-02
2.752690700193246090e-02
2.922629254559675968e-02
2.960698244472344601e-02
2.827645714084307468e-02
2.668187643090884006e-02
3.064957012732823574e-02
2.868572125832239902e-02
2.841151816149552548e-02
2.898856997489929199e-02
2.810506646831830227e-02
3.008790810902913296e-02
2.853139303624629974e-02
2.936242024103800571e-02
2.866069662074248112e-02
3.044627668956915653e-02
2.867722945908705509e-02
2.871868821481863773e-02
2.726994392772515499e-02
2.778715950747330868e-02
2.794943998257319248e-02
2.769238439699013912e-02
2.968819874028364933e-02
2.861015001932780064e-02
2.864509510497252262e-02
2.915351154903570927e-02
2.902823997040589535e-02
3.079315957923730099e-02
2.943995222449302673e-02
2.899291738867759705e-02
2.879366899530092991e-02
3.048710525035858154e-02
2.953253127634525299e-02
2.994946700831254208e-02
2.893511578440666199e-02
2.695433485011259830e-02
2.912595992286999905e-02
3.012547952433427059e-02
2.870775262514750278e-02
2.923588392635186398e-02
2.802874085803826534e-02
3.018033442397912228e-02
2.815725592275460445e-02
3.012465933958689487e-02
2.826925987998644627e-02
3.068764694035053253e-02
3.015277658899625027e-02
2.698389813303947449e-02
2.901914529502391815e-02
2.918980767329533779e-02
2.804788822929064548e-02
2.812336385250091553e-02
3.020816793044408047e-02
2.813379218180974209e-02
2.903274198373158657e-02
2.763209864497184753e-02
2.895753271877765656e-02
2.942242845892906189e-02
2.844667931397755825e-02
2.934767057498295986e-02
2.851065744956334316e-02
2.862489533921082699e-02
2.902302766839663303e-02
2.878975309431552887e-02
3.003906086087226868e-02
2.919023732344309605e-02
2.993998800714810574e-02
2.901754031578699863e-02
2.792782398561636723e-02
2.991374395787715912e-02
3.012649714946746826e-02
2.861628122627735138e-02
2.987681080897649014e-02
2.868109817306200779e-02
2.929025578002135075e-02
2.923768945038318634e-02
2.734685813387234890e-02
2.745044852296511448e-02
2.802844904363155365e-02
2.920638397336006165e-02
2.837865302960078037e-02
2.798207290470600128e-02
2.844734800358613216e-02
3.144425836702188087e-02
2.994458377361297607e-02
2.735234672824541843e-02
2.577742033948500835e-02
2.919530123472213745e-02
2.775972646971543514e-02
2.826608034471670902e-02
2.860353017846743381e-02
2.960785230000813686e-02
2.970034008224805080e-02
3.059829833606879032e-02
2.836097093919913090e-02
2.787324537833531582e-02
2.809663861989974976e-02
2.863850196202595913e-02
2.744933466116587437e-02
