8.915905356407165527e-01
8.310837348302205774e-01
7.718988060951232910e-01
7.766150434811910364e-01
8.357292215029398230e-01
7.916086316108703613e-01
7.782630125681558875e-01
7.463631828625997278e-01
8.098425467809041711e-01
7.427052259445190430e-01
7.396354079246520996e-01
7.375701069831848145e-01
7.310176889101663855e-01
7.460509737332662317e-01
7.585765918095906946e-01
7.549685835838317871e-01
7.879344026247659949e-01
7.676017880439758301e-01
7.540902296702066687e-01
7.614830136299133301e-01
7.564094662666320801e-01
7.774212161699930457e-01
7.567305167516072961e-01
7.984350124994913367e-01
7.278677622477213172e-01
7.705235083897908899e-01
7.533315221468607215e-01
7.502067287762960168e-01
7.533931533495584754e-01
7.512892484664916992e-01
8.016065955162048340e-01
8.212774991989135742e-01
7.504293521245321008e-01
7.414176265398660925e-01
7.647486527760823938e-01
8.741216659545898438e-01
7.366160353024800989e-01
7.612020969390869141e-01
7.379971742630004883e-01
7.796550790468851355e-01
7.407588958740234375e-01
7.647285262743631629e-01
8.120757341384887695e-01
7.379852135976155969e-01
7.327543497085571289e-01
7.445531686147054407e-01
7.506751616795858117e-01
7.325641512870788574e-01
7.414164344469705847e-01
7.575670679410299035e-01
7.434690395991007117e-01
7.246422966321309778e-01
7.469963630040487024e-01
7.646398941675821570e-01
7.462020119031270715e-01
7.348243395487467078e-01
7.310777306556701660e-01
7.427215774854024621e-01
7.374791105588277551e-01
7.340973416964212683e-01
7.329831520716348914e-01
7.611688375473022461e-01
7.910387913386026648e-01
8.192663590113321570e-01
7.557697296142578125e-01
8.543235460917154578e-01
7.476582328478494910e-01
7.663065393765767785e-01
7.705209255218505859e-01
7.416199048360189172e-01
7.378573417663574219e-01
7.315658728281656531e-01
7.601347366968790320e-01
7.245206038157144812e-01
7.260252038637796668e-01
7.890852689743041992e-01
7.494162122408548621e-01
7.268751263618469238e-01
7.569996913274129602e-01
7.544838190078735352e-01
7.888085643450418738e-01
7.422900994618734094e-01
7.462389866511026648e-01
7.504204312960306433e-01
7.886686325073242188e-01
7.696301539738973352e-01
8.197414278984069824e-01
7.489909927050272254e-01
7.879721522331237793e-01
7.827661037445068359e-01
7.591963013013204309e-01
7.503404219945272180e-01
7.355885306994119910e-01
7.282936771710714075e-01
7.585850159327188758e-01
7.365894714991251258e-01
7.261911630630493164e-01
7.329330444335937500e-01
7.290736635526021692e-01
7.334070404370626184e-01
7.552886207898458215e-01
7.391386230786641809e-01
7.347939014434814453e-01
7.712631026903787879e-01
7.190006971359252930e-01
7.315418124198913574e-01
7.290803591410318640e-01
7.363535364468892785e-01
7.272332509358724328e-01
7.456324497858682898e-01
7.375569542249044153e-01
7.412844300270080566e-01
7.288540800412496301e-01
7.302521268526712683e-01
7.319453159968057898e-01
7.293418645858764648e-01
7.300251324971517297e-01
7.579503655433654785e-01
7.427403132120767859e-01
7.684740622838338586e-01
7.281444668769836426e-01
7.269089619318643836e-01
7.374916275342305871e-01
7.361555695533752441e-01
7.405782540639241907e-01
7.214282155036926270e-01
7.485650976498922082e-01
7.912873625755310059e-01
7.383709549903869629e-01
7.436390717824300500e-01
7.645429968833923340e-01
7.558282613754272461e-01
7.274598479270935059e-01
7.261709570884704590e-01
7.261780103047689172e-01
7.385032176971435547e-01
7.606526215871175500e-01
7.281464536984761926e-01
7.510335644086202356e-01
7.577196160952249793e-01
8.057179848353067664e-01
7.462218801180521277e-01
7.435386776924133301e-01
7.946748733520507812e-01
7.462221980094909668e-01
7.412577867507934570e-01
7.349478403727213172e-01
7.289737860361734656e-01
7.289473613103231164e-01
7.423322995503743860e-01
7.626549800237020227e-01
7.293972174326578406e-01
7.187692523002624512e-01
7.275864481925964355e-01
7.365370392799377441e-01
7.311162352561950684e-01
7.825020949045816687e-01
7.565007805824279785e-01
7.491785089174906043e-01
7.361537416776021692e-01
7.404353221257528039e-01
7.384432752927144739e-01
7.277152140935262414e-01
7.384760578473409387e-01
7.225929299990335730e-01
7.303380568822225305e-01
7.526970108350118371e-01
7.232082088788350793e-01
7.223262985547383996e-01
7.216752966245015832e-01
7.304112315177917480e-01
7.279232343037923547e-01
7.285254398981729773e-01
7.294995387395223352e-01
7.277511755625406531e-01
7.278044422467550012e-01
7.226286729176839563e-01
7.406796018282572058e-01
7.370584408442178992e-01
7.224364280700683594e-01
7.280712723731994629e-01
7.196874221165975305e-01
7.337322036425272254e-01
7.274709343910217285e-01
7.569738229115804407e-01
7.963320612907409668e-01
7.398740649223327637e-01
7.329773704210916785e-01
7.503594756126403809e-01
7.313632567723592492e-01
7.307168841361999512e-01
7.302367091178894043e-01
7.513358791669210168e-01
7.303955952326456336e-01
7.483596603075662879e-01
7.268614172935485840e-01
7.185478607813516883e-01
7.789017756779988977e-01
7.340412139892578125e-01
7.341330846150716516e-01
7.289864619572957727e-01
7.289779583613077429e-01
7.645857334136962891e-01
7.250051498413085938e-01
7.857430577278137207e-01
7.394132415453592566e-01
7.661970456441243860e-01
7.333880861600240442e-01
7.231034636497497559e-01
7.192251284917196008e-01
7.428916295369466516e-01
7.248769402503967285e-01
7.591141064961751672e-01
7.291015585263570520e-01
7.260445356369018555e-01
7.396728396415710449e-01
7.422447601954141883e-01
7.347805897394815711e-01
7.290592590967813758e-01
7.391498088836669922e-01
7.319354414939880371e-01
7.446824510892232629e-01
7.465284466743469238e-01
7.364565332730611535e-01
7.422822117805480957e-01
7.423783739407857629e-01
7.301569779713948938e-01
7.392709255218505859e-01
7.212090094884237024e-01
7.395653724670410156e-01
7.280141711235046387e-01
7.249650756518045691e-01
7.286766171455383301e-01
7.672773599624633789e-01
7.275323271751403809e-01
7.327316800753275183e-01
7.347317934036254883e-01
7.295302748680114746e-01
7.270020643870035437e-01
7.304047147432962683e-01
7.283187309900919226e-01
7.281028827031453821e-01
7.225370208422342566e-01
7.321166992187500000e-01
7.243673602739969519e-01
7.134352922439575195e-01
7.474585572878519324e-01
7.268664836883544922e-01
7.223407030105590820e-01
7.328270673751831055e-01
7.230413357416788367e-01
7.224632302920023230e-01
7.253578702608743933e-01
7.434419989585876465e-01
7.448701262474060059e-01
7.310696840286254883e-01
7.471834818522135047e-01
7.248750726381937293e-01
7.232539852460225793e-01
7.551390329996744422e-01
7.270452181498209265e-01
7.312508026758829383e-01
7.193834582964578894e-01
7.180451353391011926e-01
7.265738248825073242e-01
7.436436216036478308e-01
7.368921438852945593e-01
7.329238255818685266e-01
7.385974327723184851e-01
7.276504238446553918e-01
7.253513733545938758e-01
7.179337143898010254e-01
7.249489625295003625e-01
7.260271708170572547e-01
7.273063262303670617e-01
7.246448993682861328e-01
7.326876719792684289e-01
7.254114151000976562e-01
7.264258662859598425e-01
7.350920637448629114e-01
7.320548693339029578e-01
7.341925303141275672e-01
7.421633601188659668e-01
7.242517272631326941e-01
7.318780223528543738e-01
7.354860305786132812e-01
7.285382946332296106e-01
7.314738432566324500e-01
7.226805488268533972e-01
7.273062864939371375e-01
7.242328325907388953e-01
7.247421344121297571e-01
7.164521416028341028e-01
7.319146593411763879e-01
7.536307374636331824e-01
7.192669908205667761e-01
7.230997085571289062e-01
7.324671149253845215e-01
7.234765489896138879e-01
7.202019095420837402e-01
7.365661660830179480e-01
7.370637655258178711e-01
7.536747058232625696e-01
7.232850988705953332e-01
7.230533758799234656e-01
7.304342587788900110e-01
7.256356875101724890e-01
7.293742100397745398e-01
7.230735619862874719e-01
7.284399072329202918e-01
7.301095724105834961e-01
7.489256858825683594e-01
7.282183369000753137e-01
7.373083631197611121e-01
7.237165768941243860e-01
7.150165637334188196e-01
7.411325176556905481e-01
7.219157218933105469e-01
7.213355700174967078e-01
7.176580429077148438e-01
7.316284179687500000e-01
7.225102980931600305e-01
7.227232853571573523e-01
7.440005540847778320e-01
7.228679855664571496e-01
7.179364959398905066e-01
7.354332208633422852e-01
7.272886435190836218e-01
7.352849443753560754e-01
7.364317774772644043e-01
7.205481727917989465e-01
7.385111848513284949e-01
7.306801676750183105e-01
7.373093565305074426e-01
7.197295626004537317e-01
7.483728329340616492e-01
7.291398843129476282e-01
7.411340872446695593e-01
7.261084516843160364e-01
7.295700112978616980e-01
7.239950895309448242e-01
7.288678884506225586e-01
7.256600260734558105e-01
7.304784059524536133e-01
7.208804289499918250e-01
7.288847764333089563e-01
7.243630488713582727e-01
7.577921152114868164e-01
7.248954375584920617e-01
7.431082725524902344e-01
7.240736484527587891e-01
7.330641150474548340e-01
7.267482678095499304e-01
7.415629227956136438e-01
7.215842604637145996e-01
7.314482728640238074e-01
7.230633298556009558e-01
7.266217470169067383e-01
7.522439559300740930e-01
7.217875917752584192e-01
7.530233462651571008e-01
7.205121119817098352e-01
7.323184609413146973e-01
7.203006347020467492e-01
7.422952055931091309e-01
7.192069689432779578e-01
7.192443211873372766e-01
7.251612345377603797e-01
7.212886015574137000e-01
7.346819241841634485e-01
7.185341914494832727e-01
7.489057183265686035e-01
7.162323792775472375e-01
7.258190910021463660e-01
7.199251651763916016e-01
7.225948770840963098e-01
7.239512999852498742e-01
7.236150503158569336e-01
7.104209065437316895e-01
7.232830325762430457e-01
7.215655048688253137e-01
7.266840934753417969e-01
7.198755939801534387e-01
7.419573863347371789e-01
7.221408089001973840e-01
7.267712950706481934e-01
7.504852612813314172e-01
7.189404964447021484e-01
7.381654381752014160e-01
7.236673831939697266e-01
7.251017689704895020e-01
7.281490763028463098e-01
7.146738966306050989e-01
7.261984149614969519e-01
7.179179588953653601e-01
7.389948964118957520e-01
7.150951226552327844e-01
7.191935181617736816e-01
7.321812113126119348e-01
7.212152481079101562e-01
7.261711955070495605e-01
7.158193190892537805e-01
7.190190354983011511e-01
7.125292619069417688e-01
7.277937332789102820e-01
7.208129366238912317e-01
7.688246766726175574e-01
7.235777179400125769e-01
7.235528628031412390e-01
7.206153670946756629e-01
7.239681680997213098e-01
7.271278897921243933e-01
7.233849763870239258e-01
7.189475297927856445e-01
7.185165683428446082e-01
7.187958757082620886e-01
7.206530173619588586e-01
7.260066270828247070e-01
7.231747110684713098e-01
7.172514398892720910e-01
7.171967824300130578e-01
7.220205863316854211e-01
7.166782220204671594e-01
7.436725099881490442e-01
7.202454209327697754e-01
7.224502364794412879e-01
7.252797683080037805e-01
7.183991471926370886e-01
7.175370852152506140e-01
7.191943526268005371e-01
7.171910603841146203e-01
7.184425989786783484e-01
7.182712554931640625e-01
7.245396574338277551e-01
7.246149381001790735e-01
7.274504303932189941e-01
7.367082834243774414e-01
7.181655565897623328e-01
7.318251132965087891e-01
7.214141686757405969e-01
7.225439747174581262e-01
7.211813926696777344e-01
7.254664897918701172e-01
7.197307745615640906e-01
7.206038832664489746e-01
7.208842833836873742e-01
7.320138017336527136e-01
7.239762544631958008e-01
7.216357787450154992e-01
7.189768155415853235e-01
7.275423804918924597e-01
7.144007285435994836e-01
7.336481412251790735e-01
7.234208981196085242e-01
7.220227519671121863e-01
7.188085714975992468e-01
7.599277695020040246e-01
7.204102079073587683e-01
7.290598352750142785e-01
7.168448567390441895e-01
7.307198047637939453e-01
7.211594780286153528e-01
7.199875911076863977e-01
7.225186427434285852e-01
7.504660089810689660e-01
7.098581790924072266e-01
7.249670624732971191e-01
7.214491168657938269e-01
7.265593608220418664e-01
7.173405090967813758e-01
7.215622266133626672e-01
7.156703472137451172e-01
7.163939476013183594e-01
7.280638615290323523e-01
7.165416479110717773e-01
7.482639749844869348e-01
7.106516758600870398e-01
7.232154210408529016e-01
7.218046188354492188e-01
7.187632918357849121e-01
7.183911601702371863e-01
7.167520125706990930e-01
7.194392085075378418e-01
7.175562977790832520e-01
7.168240149815877649e-01
7.376610438028970984e-01
7.127948403358459473e-01
7.221368948618570593e-01
7.111975749333699914e-01
7.294016083081563684e-01
7.172757387161254883e-01
7.189261714617410925e-01
7.210809588432312012e-01
7.201360265413919715e-01
7.173698743184407922e-01
7.203008731206258508e-01
7.218012412389119836e-01
7.222209970156351355e-01
7.183239658673604700e-01
7.165405154228210449e-01
7.262634237607320520e-01
7.211942871411641809e-01
7.286998232205709192e-01
7.119500637054443359e-01
7.262062033017476770e-01
7.218274871508280066e-01
7.239023844401041297e-01
7.203143835067749023e-01
7.406349380811055871e-01
7.205784519513448450e-01
7.220765749613443640e-01
7.207831343015035364e-01
7.196774681409200403e-01
7.170307636260986328e-01
7.167892654736837121e-01
7.208582560221353797e-01
7.215980092684427527e-01
7.192015051841735840e-01
7.326072255770365027e-01
7.154844601949056360e-01
7.383690277735391883e-01
7.191765308380126953e-01
7.216594417889913293e-01
7.159693241119384766e-01
7.240852912267049524e-01
7.205360333124796179e-01
7.184177041053771973e-01
7.095870574315389367e-01
7.260426878929138184e-01
7.106518745422363281e-01
7.144330143928527832e-01
7.261372407277425500e-01
7.167067726453145715e-01
7.219683329264322547e-01
7.176137169202169153e-01
7.283672094345092773e-01
7.163804968198140832e-01
7.223704854647318152e-01
7.155288855234781531e-01
7.289771437644958496e-01
7.109883427619934082e-01
7.232825954755147668e-01
7.204312086105346680e-01
7.281213402748107910e-01
7.195005615552266809e-01
7.200181484222412109e-01
7.200549642244974402e-01
7.201200524965921668e-01
7.173003554344177246e-01
7.203230659166971472e-01
7.154185771942138672e-01
7.163662115732828406e-01
7.244758605957031250e-01
7.133390307426452637e-01
7.220957676569620398e-01
7.209500074386596680e-01
7.127782702445983887e-01
7.388553818066915246e-01
7.164922753969827918e-01
7.291430632273355750e-01
7.162042657534281043e-01
7.126411596934000281e-01
7.302753329277038574e-01
7.165115475654602051e-01
7.288709680239359168e-01
7.146341403325399133e-01
7.217063307762145996e-01
7.159211436907449988e-01
7.142819762229919434e-01
7.193071842193603516e-01
7.134766181310018274e-01
7.183370987574259070e-01
7.225455244382222864e-01
7.122613191604614258e-01
7.252541383107503625e-01
7.207694848378499719e-01
7.292485237121582031e-01
7.225057681401571008e-01
7.115722298622131348e-01
7.243412335713704797e-01
7.180264790852864953e-01
7.273957331975301477e-01
7.136901815732320520e-01
7.137615482012430457e-01
7.216995159784952429e-01
7.229226231575012207e-01
7.202654878298441199e-01
7.124760349591573450e-01
7.182789643605550500e-01
7.185981273651123047e-01
7.160576581954956055e-01
7.159435550371805457e-01
7.188316384951273230e-01
7.135124007860819129e-01
7.221099336942037317e-01
7.135178446769714355e-01
7.194548447926839563e-01
7.136936187744140625e-01
7.178647518157958984e-01
7.217322587966918945e-01
7.134875456492105750e-01
7.190969387690225867e-01
7.136928041776021692e-01
7.186968525250753137e-01
7.152543266614278528e-01
7.187913656234741211e-01
7.196331620216369629e-01
7.159374157587686804e-01
7.181575894355773926e-01
7.274430592854818078e-01
7.102588812510172156e-01
7.168746193250020715e-01
7.190209428469339636e-01
7.182987531026204797e-01
7.152208089828491211e-01
7.187797625859578821e-01
7.185363570849100379e-01
7.202700177828470496e-01
7.114821473757425574e-01
7.209045290946960449e-01
7.118613918622335168e-01
7.240755955378214148e-01
7.187045415242513391e-01
7.158593734105428430e-01
7.175143559773763391e-01
7.168448567390441895e-01
7.167277733484903601e-01
7.129992445309957239e-01
7.114941279093424109e-01
7.222138047218322754e-01
7.169888814290364953e-01
7.112224499384561804e-01
7.156226833661397668e-01
7.156245907147725793e-01
7.170097231864929199e-01
7.172521154085794715e-01
7.247978647549947473e-01
7.185480793317159387e-01
7.175104618072509766e-01
7.112494707107543945e-01
7.227056622505187988e-01
7.209957242012023926e-01
7.182221213976541785e-01
7.164561549822489050e-01
7.161326209704080847e-01
7.197851141293843957e-01
7.160253723462423059e-01
7.210910916328430176e-01
7.193718751271566125e-01
7.180256446202596399e-01
7.185437083244323730e-01
7.133515079816182825e-01
7.179294824600219727e-01
7.171072959899902344e-01
7.179444630940755578e-01
7.150248885154724121e-01
7.132482131322225305e-01
7.093181808789571496e-01
7.201840877532958984e-01
7.192537387212117883e-01
7.231571475664774207e-01
7.221458156903585168e-01
7.149106860160827637e-01
7.233614325523376465e-01
7.201044758160909387e-01
7.177501122156778601e-01
7.136380076408386230e-01
7.208076914151509973e-01
7.204977869987487793e-01
7.119701107343038293e-01
7.155033151308695105e-01
7.171444694201151160e-01
7.149921059608459473e-01
7.140735189119974402e-01
7.180387576421102258e-01
7.099367181460062293e-01
7.110406160354614258e-01
7.188058296839395789e-01
7.133484880129495886e-01
7.227220535278320312e-01
7.138008872667948035e-01
7.186195055643717078e-01
7.138256033261617395e-01
7.185100714365640906e-01
7.161855300267537805e-01
7.170278827349344519e-01
7.114690939585367468e-01
7.140086491902669641e-01
7.113065322240194055e-01
7.182427843411763879e-01
7.222465674082437781e-01
7.168699701627095910e-01
7.189902464548746375e-01
7.149086594581604004e-01
7.178800900777181360e-01
7.136117617289224890e-01
7.157876491546630859e-01
7.172277768452962610e-01
7.172620892524719238e-01
7.160987059275308875e-01
7.165454427401224402e-01
7.061166365941365930e-01
7.152148286501566199e-01
7.183995445569356653e-01
7.265669306119283410e-01
7.143025398254394531e-01
7.183341185251871375e-01
7.173404494921366004e-01
7.158756653467813758e-01
7.146271467208862305e-01
7.199439803759256629e-01
7.139137387275695801e-01
7.152271270751953125e-01
7.134701212247213098e-01
7.156433860460916785e-01
7.149094541867574426e-01
7.133715550104776648e-01
7.080025474230448035e-01
7.186585267384847375e-01
7.163799405097961426e-01
7.182900905609130859e-01
7.181069850921630859e-01
7.108514110247293738e-01
7.134902477264404297e-01
7.167196075121561316e-01
7.141459186871846887e-01
7.163556019465128211e-01
7.141625086466470984e-01
7.191137274106343957e-01
7.166202863057454797e-01
7.148271401723226282e-01
7.169642051060994836e-01
7.166926264762878418e-01
7.182106375694274902e-01
7.146284381548563269e-01
7.145310441652933386e-01
7.159475485483804968e-01
7.166877587636312219e-01
7.149044473965963098e-01
7.139520446459451941e-01
7.125130097071329383e-01
7.188245256741842004e-01
7.174495259920755652e-01
7.173565427462259558e-01
7.160134911537170410e-01
7.152847448984781531e-01
7.145316998163858679e-01
7.125790516535440711e-01
7.166380882263183594e-01
7.151743769645690918e-01
7.142824729283651086e-01
7.146973411242166785e-01
7.137297789255777625e-01
7.164001464843750000e-01
7.126172383626302453e-01
7.192136247952779504e-01
7.167505224545797082e-01
7.141259511311849328e-01
7.171238660812377930e-01
7.174005707105001184e-01
7.119837204615274695e-01
7.159771720568338660e-01
7.131933371225992468e-01
7.160056034723917273e-01
7.156385978062947961e-01
7.105047702789306641e-01
7.124094168345133093e-01
7.208910783131917688e-01
7.171876033147176477e-01
7.174393733342488977e-01
7.073211272557576867e-01
7.150723338127136230e-01
7.169987956682840613e-01
7.136846979459127160e-01
7.138566573460897180e-01
7.111723423004150391e-01
7.123563687006632117e-01
7.192730108896890906e-01
7.159287333488464355e-01
7.154522140820821496e-01
7.126907706260681152e-01
7.163574894269307825e-01
7.137097517649332312e-01
7.140099604924520227e-01
7.115541696548461914e-01
7.157361507415771484e-01
7.163992722829183313e-01
7.172508239746093750e-01
7.118992805480957031e-01
7.160529692967733117e-01
7.265345056851705285e-01
7.125585277875264856e-01
7.119873762130737305e-01
7.193253238995870325e-01
7.180730501810709265e-01
7.084318399429321289e-01
7.176639437675476074e-01
7.137637734413146973e-01
7.161477605501810340e-01
7.143082022666931152e-01
7.107320427894592285e-01
7.196681499481201172e-01
7.181942661603292200e-01
7.129041155179342004e-01
7.118972341219583777e-01
7.162529627482095984e-01
7.135772903760274621e-01
7.143400112787882117e-01
7.142537037531534461e-01
7.160174846649169922e-01
7.151216864585876465e-01
7.144281665484110144e-01
7.151958346366882324e-01
7.144883473714193078e-01
7.115424474080404016e-01
7.151229977607727051e-01
7.162073850631713867e-01
7.176634867986043664e-01
7.165996829668680457e-01
7.119027376174926758e-01
7.188094258308410645e-01
7.131554683049520227e-01
7.117022474606832239e-01
7.137022018432617188e-01
7.125758926073709754e-01
7.218295335769653320e-01
7.136680483818054199e-01
7.114817500114440918e-01
7.137281099955240515e-01
7.115801572799682617e-01
7.146409153938293457e-01
7.171513438224792480e-01
7.193468213081359863e-01
7.140982945760091516e-01
7.141868869463602332e-01
7.131756146748861047e-01
7.129775484402974817e-01
7.162436246871948242e-01
7.085844874382019043e-01
7.149269580841064453e-01
7.130464911460876465e-01
7.115549246470133093e-01
7.129455804824829102e-01
7.129643162091573450e-01
7.136806448300679895e-01
7.118406295776367188e-01
7.116089661916097375e-01
7.099954287211099890e-01
7.128810485204061242e-01
7.165039777755737305e-01
7.130557696024576453e-01
7.145899732907613489e-01
7.095194856325784949e-01
7.123111685117086145e-01
7.149514357248941687e-01
7.136784990628560754e-01
7.184100747108459473e-01
7.121446927388509485e-01
7.138999700546264648e-01
7.166426579157511023e-01
7.109246452649434778e-01
7.144094705581665039e-01
7.154993017514547082e-01
7.149845361709594727e-01
7.125363945960998535e-01
7.132409811019897461e-01
7.155047257741292688e-01
7.131192684173583984e-01
7.127447923024495813e-01
7.126167019208272668e-01
7.155006130536397668e-01
7.114957571029663086e-01
7.197314898173013953e-01
7.143909335136413574e-01
7.134885191917419434e-01
7.114561796188354492e-01
7.137020627657572058e-01
7.180324792861938477e-01
7.180798649787902832e-01
7.195018529891967773e-01
7.141335010528564453e-01
7.137185533841451379e-01
7.140094439188638953e-01
7.134077548980712891e-01
7.151533762613931922e-01
7.124281326929727820e-01
7.153103152910867957e-01
7.138521671295166016e-01
7.171395818392435340e-01
7.114756703376770020e-01
7.121768395105997351e-01
7.131004929542541504e-01
7.171264290809631348e-01
7.188617587089538574e-01
7.103600502014160156e-01
7.163611650466918945e-01
7.146065433820089075e-01
7.125159104665120813e-01
7.132925192515054968e-01
7.128266890843709680e-01
7.112960815429687500e-01
7.175245682398477820e-01
7.176834146181741980e-01
7.146980166435241699e-01
7.156675855318704871e-01
7.124768892923990515e-01
7.094053228696187707e-01
7.148241599400838586e-01
7.116719086964925500e-01
7.172239621480306360e-01
7.128803332646688196e-01
7.157354752222696570e-01
7.177832325299581262e-01
7.144712209701538086e-01
7.131091157595316199e-01
7.164212465286254883e-01
7.151437600453695032e-01
7.122293710708618164e-01
7.169240713119506836e-01
7.126404047012329102e-01
7.136519948641458777e-01
7.117113868395487097e-01
7.109050949414571496e-01
7.150057554244995117e-01
7.120056549708048133e-01
7.145914038022359582e-01
7.149163683255513879e-01
7.110738952954610559e-01
7.193983793258666992e-01
7.166668772697448730e-01
7.120574911435445520e-01
7.127235929171243933e-01
7.159571846326192590e-01
7.136492133140563965e-01
7.137705485026041297e-01
7.112718820571899414e-01
7.117628256479898718e-01
7.148988445599874231e-01
7.171845634778341028e-01
7.120938897132873535e-01
7.150702675183614465e-01
7.107681433359781531e-01
7.157731850941976282e-01
7.128349542617797852e-01
7.162376244862874719e-01
7.136027216911315918e-01
7.185312906901041297e-01
7.157758275667825965e-01
7.121313015619913367e-01
7.139134208361307410e-01
7.141711314519246789e-01
7.143855094909667969e-01
7.110352317492166785e-01
7.160043915112813684e-01
7.136051456133524207e-01
7.139100631078084680e-01
7.129857540130615234e-01
7.143578131993612024e-01
7.135468522707620886e-01
7.117620706558227539e-01
7.118641932805379602e-01
7.116311589876810340e-01
7.148151993751525879e-01
7.123621106147766113e-01
7.156227429707845422e-01
7.158219615618387488e-01
7.132540543874105188e-01
7.142462134361267090e-01
7.147424817085266113e-01
7.125639915466308594e-01
7.124204238255819055e-01
7.166147629419962195e-01
7.179357012112935754e-01
7.160238027572631836e-01
7.103689511617025110e-01
7.125548919041951867e-01
7.136262257893880578e-01
7.146346569061279297e-01
7.084247668584188196e-01
7.098162372907003137e-01
7.138153115908304480e-01
7.133109172185262414e-01
7.108937899271646765e-01
7.127043604850769043e-01
7.176845471064249304e-01
7.166299223899841309e-01
7.143525878588358191e-01
7.135051488876342773e-01
7.128745118776956824e-01
7.098674774169921875e-01
7.108795245488485071e-01
7.162124911944071082e-01
7.135500907897949219e-01
7.159026265144348145e-01
7.150503396987915039e-01
7.161022027333577844e-01
7.115404605865478516e-01
7.111525535583496094e-01
7.121674815813699988e-01
7.130599220593770715e-01
