1.013242676854133606e-01
8.731252327561378479e-02
9.064051136374473572e-02
7.743660733103752136e-02
7.183950953185558319e-02
6.557466462254524231e-02
6.335585471242666245e-02
5.734168644994497299e-02
5.272962525486946106e-02
4.547382611781358719e-02
4.060931224375963211e-02
3.469545906409621239e-02
2.981340000405907631e-02
2.381875924766063690e-02
2.065383130684494972e-02
1.712187170051038265e-02
1.584481634199619293e-02
1.389864389784634113e-02
1.283782999962568283e-02
1.248577912338078022e-02
1.096535753458738327e-02
1.100930385291576385e-02
9.619907592423260212e-03
1.163641782477498055e-02
8.716002223081886768e-03
8.215995039790868759e-03
7.817095145583152771e-03
7.299577235244214535e-03
7.772371754981577396e-03
1.229368464555591345e-02
7.037244271486997604e-03
6.989842629991471767e-03
6.605811184272170067e-03
6.484247162006795406e-03
6.491429172456264496e-03
6.691288843285292387e-03
8.472978486679494381e-03
5.915294110309332609e-03
6.493609398603439331e-03
5.326829734258353710e-03
5.935590656008571386e-03
5.969170713797211647e-03
5.926697573158890009e-03
6.496042362414300442e-03
5.856282426975667477e-03
6.161550409160554409e-03
6.022017449140548706e-03
5.995156825520098209e-03
6.450091255828738213e-03
6.176690571010112762e-03
5.707813659682869911e-03
4.909460898488759995e-03
5.126513307914137840e-03
4.628675756976008415e-03
4.700514080468565226e-03
5.193109478568658233e-03
4.307517665438354015e-03
4.812599741853773594e-03
4.486643243581056595e-03
4.445340018719434738e-03
4.460247349925339222e-03
4.408278968185186386e-03
4.367479006759822369e-03
4.709572938736528158e-03
3.932120569515973330e-03
4.827282798942178488e-03
3.833320573903620243e-03
4.187341721262782812e-03
4.335098376031965017e-03
4.809963284060359001e-03
4.288092721253633499e-03
4.691824200563132763e-03
4.349045630078762770e-03
3.885740938130766153e-03
4.679370322264730930e-03
3.928335674572736025e-03
3.962943621445447206e-03
3.867641615215688944e-03
3.757003170903772116e-03
3.911300736945122480e-03
3.802423307206481695e-03
3.791278519202023745e-03
3.767874732147902250e-03
3.496781922876834869e-03
3.518834884744137526e-03
3.652560408227145672e-03
3.600258438382297754e-03
3.510237555019557476e-03
3.836659830994904041e-03
3.319597395602613688e-03
3.385474148672074080e-03
3.386532713193446398e-03
3.492765186820179224e-03
3.298942989204078913e-03
3.393877239432185888e-03
3.174977668095380068e-03
3.083526564296334982e-03
3.102710965322330594e-03
3.237401542719453573e-03
3.222910832846537232e-03
3.153222147375345230e-03
3.247760236263275146e-03
3.093030303716659546e-03
3.102166461758315563e-03
3.143973473925143480e-03
3.103739523794502020e-03
3.032304637599736452e-03
3.027740633115172386e-03
3.003678051754832268e-03
3.382054390385746956e-03
2.937564859166741371e-03
2.937727083917707205e-03
2.979026408866047859e-03
3.497577155940234661e-03
2.943691564723849297e-03
3.197467478457838297e-03
3.316084097605198622e-03
3.340872819535434246e-03
2.931707073003053665e-03
2.830514626111835241e-03
2.981457626447081566e-03
2.864533948013558984e-03
3.002789308084174991e-03
3.029257029993459582e-03
2.988522872328758240e-03
3.303222241811454296e-03
2.813118335325270891e-03
2.863987872842699289e-03
2.776253677438944578e-03
2.817028289427980781e-03
2.931428927695378661e-03
2.724633173784241080e-03
2.807056211167946458e-03
2.880417101550847292e-03
2.847250550985336304e-03
2.789558289805427194e-03
2.815283194649964571e-03
2.952748094685375690e-03
2.682821068447083235e-03
2.866493508918210864e-03
2.639948972500860691e-03
2.630712173413485289e-03
2.729743428062647581e-03
2.763297874480485916e-03
3.123829141259193420e-03
2.621129329781979322e-03
3.062792995478957891e-03
3.092221333645284176e-03
2.701246296055614948e-03
2.919658756582066417e-03
2.651927876286208630e-03
2.864848822355270386e-03
2.516741689760237932e-03
2.630427421536296606e-03
2.609237621072679758e-03
2.660589932929724455e-03
2.629205089760944247e-03
2.673289680387824774e-03
2.590984193375334144e-03
2.575866528786718845e-03
2.536923770094290376e-03
2.695026341825723648e-03
2.544025628594681621e-03
2.605677465908229351e-03
2.559357206337153912e-03
2.526566182496026158e-03
2.606060821563005447e-03
2.416539122350513935e-03
2.574898971943184733e-03
2.306311944266781211e-03
2.583886089269071817e-03
2.288048941409215331e-03
2.483731746906414628e-03
2.312839176738634706e-03
2.401323028607293963e-03
2.426261431537568569e-03
2.430673048365861177e-03
2.412021756754256785e-03
2.342238265555351973e-03
2.268823242047801614e-03
2.321276202565059066e-03
2.390734094660729170e-03
2.285821246914565563e-03
2.265547227580100298e-03
2.277833642438054085e-03
2.289135649334639311e-03
2.404723025392740965e-03
2.330565592274069786e-03
2.399631630396470428e-03
2.300627631484530866e-03
2.588596544228494167e-03
2.276805287692695856e-03
2.359288628213107586e-03
2.054339449387043715e-03
2.235110354376956820e-03
2.139574702596291900e-03
2.231562801171094179e-03
2.283031732076779008e-03
2.319371793419122696e-03
2.339235201361589134e-03
2.131232409738004208e-03
2.225531003205105662e-03
2.097497315844520926e-03
2.181998948799446225e-03
2.163555735023692250e-03
2.183720731409266591e-03
2.242562535684555769e-03
2.214627631474286318e-03
2.252898819278925657e-03
2.234960469650104642e-03
2.225287782493978739e-03
2.212468883953988552e-03
2.254321589134633541e-03
2.142588287824764848e-03
2.225789387011900544e-03
2.149915148038417101e-03
2.214518899563699961e-03
2.194775355746969581e-03
2.147582854377105832e-03
2.306129696080461144e-03
2.104608574882149696e-03
2.177420916268602014e-03
2.121536614140495658e-03
2.150086336769163609e-03
2.165361336665228009e-03
2.203535172156989574e-03
2.139462478226050735e-03
2.247753698611631989e-03
2.134017500793561339e-03
2.232142898719757795e-03
2.121745521435514092e-03
2.263010130263864994e-03
2.136884257197380066e-03
2.125341241480782628e-03
2.129199652699753642e-03
2.058875019429251552e-03
2.099866891512647271e-03
2.129619475454092026e-03
2.118444506777450442e-03
2.087197848595678806e-03
2.085109590552747250e-03
2.135375980287790298e-03
2.129680360667407513e-03
2.080914739053696394e-03
2.152766712242737412e-03
2.037627360550686717e-03
2.131383051164448261e-03
2.084650681354105473e-03
2.143507532309740782e-03
2.143542660633102059e-03
2.164876583265140653e-03
2.131372864823788404e-03
2.096363226883113384e-03
2.101492282235994935e-03
2.076564502203837037e-03
2.087263652356341481e-03
2.079230966046452522e-03
2.096088486723601818e-03
2.118215139489620924e-03
2.075165248243138194e-03
2.082690945826470852e-03
2.053582284133881330e-03
2.125918312231078744e-03
2.066170389298349619e-03
2.111880923621356487e-03
2.007421891903504729e-03
2.026774629484862089e-03
2.177026966819539666e-03
2.034199074842035770e-03
2.122555772075429559e-03
2.020075451582670212e-03
2.049544622423127294e-03
2.022754139034077525e-03
2.039832994341850281e-03
2.043281740043312311e-03
2.082244929624721408e-03
2.056451456155627966e-03
2.028293907642364502e-03
2.042952575720846653e-03
2.005163609283044934e-03
2.045779343461617827e-03
1.973469625227153301e-03
2.069798414595425129e-03
1.972871134057641029e-03
2.054777462035417557e-03
2.001860149903222919e-03
2.060163882561028004e-03
2.034339908277615905e-03
2.033076423685997725e-03
2.013373654335737228e-03
2.033583732554689050e-03
1.997161249164491892e-03
2.013355115195736289e-03
2.004826383199542761e-03
2.056682686088606715e-03
1.956946449354290962e-03
2.032478500041179359e-03
1.978029904421418905e-03
2.045847766567021608e-03
2.017602149862796068e-03
2.067282766802236438e-03
2.036241581663489342e-03
1.920056034578010440e-03
1.992801640881225467e-03
2.020346000790596008e-03
1.924073469126597047e-03
1.974792830878868699e-03
1.992615696508437395e-03
1.966561190783977509e-03
2.003446032176725566e-03
1.988820149563252926e-03
1.991050696233287454e-03
1.985406823223456740e-03
2.009181014727801085e-03
1.974364393390715122e-03
1.994951686356216669e-03
1.998891268158331513e-03
1.963844028068706393e-03
2.025209134444594383e-03
1.974419486941769719e-03
1.944004732649773359e-03
2.020201267441734672e-03
1.965724397450685501e-03
1.976486033527180552e-03
2.008802723139524460e-03
1.957694592420011759e-03
1.991472468944266438e-03
1.972733123693615198e-03
1.968571246834471822e-03
1.988797070225700736e-03
1.974966900888830423e-03
1.972265192307531834e-03
1.992270292248576880e-03
1.959424349479377270e-03
1.980925298994407058e-03
1.966858777450397611e-03
1.952311868080869317e-03
1.985416587558574975e-03
1.971238059923052788e-03
1.981707348022609949e-03
1.983447233214974403e-03
1.972186990315094590e-03
1.969197997823357582e-03
1.983580732485279441e-03
1.977208332391455770e-03
1.967991905985400081e-03
1.971556281205266714e-03
1.973020611330866814e-03
1.960783702088519931e-03
1.954629638930782676e-03
1.960873167263343930e-03
1.949671248439699411e-03
1.976188141270540655e-03
1.953676270204596221e-03
1.958335604285821319e-03
1.973170757992193103e-03
1.947858807398006320e-03
1.965090807061642408e-03
1.965905277756974101e-03
1.947244891198351979e-03
1.991075696423649788e-03
1.935561158461496234e-03
1.971331716049462557e-03
1.961048255907371640e-03
1.957957516424357891e-03
1.949527737451717257e-03
1.938573288498446345e-03
1.963706716196611524e-03
1.941535010701045394e-03
1.964767259778454900e-03
1.949298952240496874e-03
1.970289187738671899e-03
1.940385554917156696e-03
1.958231849130243063e-03
1.944706455105915666e-03
1.933748484589159489e-03
1.939578156452625990e-03
1.926664612255990505e-03
1.964473281987011433e-03
1.927551726112142205e-03
1.981418550712987781e-03
1.941830763826146722e-03
1.951576065039262176e-03
1.942791044712066650e-03
1.953103026608005166e-03
1.938757108291611075e-03
1.941774098668247461e-03
1.956567110028117895e-03
1.936961401952430606e-03
1.938119268743321300e-03
1.918765046866610646e-03
1.957617438165470958e-03
1.914711407152935863e-03
1.944915420608595014e-03
1.918815221870318055e-03
1.933163963258266449e-03
1.911580970045179129e-03
1.943406270584091544e-03
1.929096062667667866e-03
1.935754320584237576e-03
1.955226325662806630e-03
1.917939225677400827e-03
1.920925307786092162e-03
1.947165874298661947e-03
1.916703884489834309e-03
1.925843127537518740e-03
1.961196860065683722e-03
1.910634222440421581e-03
1.909640006488189101e-03
1.939418754773214459e-03
1.918564375955611467e-03
1.909402722958475351e-03
1.921306859003379941e-03
1.914062740979716182e-03
1.912035921122878790e-03
1.906483856146223843e-03
1.913035346660763025e-03
1.913244457682594657e-03
1.906829245854169130e-03
1.910518214572221041e-03
1.909854589030146599e-03
1.897542912047356367e-03
1.902600473840720952e-03
1.904857403133064508e-03
1.895822933875024319e-03
1.906845427583903074e-03
1.907698693685233593e-03
1.892136642709374428e-03
1.896608999231830239e-03
1.912641368107870221e-03
1.891598687507212162e-03
1.891865598736330867e-03
1.917816116474568844e-03
1.895753783173859119e-03
1.897968060802668333e-03
1.925250922795385122e-03
1.891417487058788538e-03
1.886216574348509312e-03
1.911981962621212006e-03
1.916696055559441447e-03
1.894894521683454514e-03
1.921776100061833858e-03
1.915030850796028972e-03
1.888097234768792987e-03
1.915048720547929406e-03
1.920824055559933186e-03
1.879070463473908603e-03
1.908261619973927736e-03
1.928419282194226980e-03
1.882359778392128646e-03
1.893552602268755436e-03
1.933495455887168646e-03
1.893154389108531177e-03
1.892638712888583541e-03
1.909735728986561298e-03
1.900906529044732451e-03
1.898320420878008008e-03
1.903764990856871009e-03
1.902610383694991469e-03
1.887760648969560862e-03
1.881725213024765253e-03
1.896647969260811806e-03
1.890159095637500286e-03
1.884200552012771368e-03
1.893835666123777628e-03
1.875996240414679050e-03
1.879633113276213408e-03
1.891797699499875307e-03
1.871698856120929122e-03
1.883371558506041765e-03
1.909647748107090592e-03
1.877789502032101154e-03
1.887245511170476675e-03
1.896030124044045806e-03
1.888400714960880578e-03
1.872844557510688901e-03
1.880725234514102340e-03
1.883903867565095425e-03
1.867259124992415309e-03
1.869901927420869470e-03
1.872281020041555166e-03
1.870192994829267263e-03
1.870052044978365302e-03
1.866828431957401335e-03
1.863882294856011868e-03
1.877584290923550725e-03
1.869278145022690296e-03
1.866261154646053910e-03
1.890440616989508271e-03
1.870908687124028802e-03
1.861816941527649760e-03
1.870094652986153960e-03
1.871803338872268796e-03
1.865589481894858181e-03
1.870992244221270084e-03
1.881053263787180185e-03
1.863415149273350835e-03
1.861374970758333802e-03
1.869644183898344636e-03
1.865309604909271002e-03
1.858057978097349405e-03
1.862973062088713050e-03
1.873069413704797626e-03
1.868239050963893533e-03
1.852679677540436387e-03
1.856374816270545125e-03
1.870714782853610814e-03
1.869476662250235677e-03
1.855482929386198521e-03
1.856012502685189247e-03
1.868169347289949656e-03
1.866017963038757443e-03
1.856046976172365248e-03
1.859364798292517662e-03
1.864770485553890467e-03
1.861158933024853468e-03
1.868401712272316217e-03
1.868395105702802539e-03
1.857895389548502862e-03
1.856659277109429240e-03
1.865980128059163690e-03
1.863392535597085953e-03
1.856379007222130895e-03
1.858112605987116694e-03
1.854964386438950896e-03
1.859628420788794756e-03
1.860824588220566511e-03
1.862691162386909127e-03
1.856335904449224472e-03
1.849542080890387297e-03
1.857151568401604891e-03
1.863878685981035233e-03
1.858652773080393672e-03
1.848460116889327765e-03
1.858242205344140530e-03
1.858826086390763521e-03
1.846825907705351710e-03
1.848703279392793775e-03
1.858065807027742267e-03
1.851606706622987986e-03
1.848078754846937954e-03
1.855873066233471036e-03
1.860349351773038507e-03
1.851379493018612266e-03
1.849348540417850018e-03
1.852612942457199097e-03
1.853985246270895004e-03
1.853177003795281053e-03
1.843131205532699823e-03
1.844264508690685034e-03
1.859911892097443342e-03
1.858346164226531982e-03
1.848755870014429092e-03
1.849576859967783093e-03
1.852855872130021453e-03
1.855151815107092261e-03
1.853501540608704090e-03
1.845906343078240752e-03
1.842568424763157964e-03
1.851984969107434154e-03
1.854165544500574470e-03
1.855191061622463167e-03
1.848337298724800348e-03
1.849147723987698555e-03
1.851438675657846034e-03
1.840689626988023520e-03
1.845206948928534985e-03
1.849916559876874089e-03
1.843403675593435764e-03
1.839212724007666111e-03
1.843745965743437409e-03
1.847666950197890401e-03
1.843086123699322343e-03
1.839294302044436336e-03
1.847584993811324239e-03
1.843879552325233817e-03
1.834798342315480113e-03
1.843091391492635012e-03
1.850913366070017219e-03
1.847653300501406193e-03
1.838711235905066133e-03
1.831241621403023601e-03
1.839600357925519347e-03
1.848758402047678828e-03
1.841123041231185198e-03
1.842406927607953548e-03
1.838151278207078576e-03
1.832299603847786784e-03
1.839984441176056862e-03
1.843067118898034096e-03
1.832004316383972764e-03
1.830075168982148170e-03
1.843660051235929132e-03
1.847855193773284554e-03
1.837545336456969380e-03
1.832766371080651879e-03
1.842627068981528282e-03
1.838326454162597656e-03
1.832539390306919813e-03
1.834988273913040757e-03
1.831401183153502643e-03
1.835877221310511231e-03
1.838956333813257515e-03
1.834646100178360939e-03
1.829804736189544201e-03
1.829940534662455320e-03
1.834525013691745698e-03
1.836551353335380554e-03
1.835596369346603751e-03
1.834053691709414124e-03
1.830315624829381704e-03
1.828336011385545135e-03
1.832438225392252207e-03
1.836116309277713299e-03
1.833531307056546211e-03
1.833996575442142785e-03
1.832519861636683345e-03
1.829710614401847124e-03
1.830367269576527178e-03
1.832032430684193969e-03
1.834395006881095469e-03
1.833398069720715284e-03
1.828963897423818707e-03
1.831438130466267467e-03
1.831111003411933780e-03
1.828448817832395434e-03
1.827083789976313710e-03
1.830767781939357519e-03
1.830769702792167664e-03
1.829428132623434067e-03
1.828252861741930246e-03
1.827555621275678277e-03
1.831046771258115768e-03
1.832211739383637905e-03
1.827559201046824455e-03
1.826535997679457068e-03
1.827914587920531631e-03
1.828917564125731587e-03
1.830463617807254195e-03
1.829354005167260766e-03
1.827299623982980847e-03
1.825603860197588801e-03
1.824127306463196874e-03
1.824611565098166466e-03
1.827794301789253950e-03
1.827822037739679217e-03
1.827760919695720077e-03
1.826161649660207331e-03
1.827675863751210272e-03
1.830773253459483385e-03
1.826499210437759757e-03
1.822001504478976130e-03
1.825393919716589153e-03
1.825610917876474559e-03
1.825161161832511425e-03
1.824438193580135703e-03
1.825171522796154022e-03
1.825533807277679443e-03
1.821734185796231031e-03
1.818416931200772524e-03
1.823877566494047642e-03
1.826933919801376760e-03
1.822669844841584563e-03
1.818360324250534177e-03
1.823251688620075583e-03
1.828252366976812482e-03
1.828200867748819292e-03
1.824447273975238204e-03
1.817928830860182643e-03
1.819325465476140380e-03
1.830315624829381704e-03
1.826614199671894312e-03
1.819212600821629167e-03
1.818866250687278807e-03
1.820140649215318263e-03
1.824376900913193822e-03
1.823852071538567543e-03
1.821674755774438381e-03
1.821036363253369927e-03
1.823285827413201332e-03
1.822137943236157298e-03
1.822113292291760445e-03
1.820370292989537120e-03
1.816545787733048201e-03
1.815697061829268932e-03
1.822850899770855904e-03
1.824600767577067018e-03
1.818248420022428036e-03
1.812760572647675872e-03
1.819936194806359708e-03
1.824520993977785110e-03
1.819524943130090833e-03
1.813672279240563512e-03
1.814380084397271276e-03
1.818742341129109263e-03
1.818487624404951930e-03
1.816008414607495070e-03
1.816272531868889928e-03
1.817469543311744928e-03
1.819847035221755505e-03
1.818303659092634916e-03
1.816599688027054071e-03
1.816631091060116887e-03
1.815604802686721087e-03
1.814872870454564691e-03
1.816540869185701013e-03
1.817344105802476406e-03
1.815553579945117235e-03
1.814200571971014142e-03
1.813202747143805027e-03
1.814664312405511737e-03
1.816028670873492956e-03
1.817239797674119473e-03
1.816628297092393041e-03
1.815834955777972937e-03
1.815326482756063342e-03
1.815015566535294056e-03
1.814188464777544141e-03
1.814219169318675995e-03
1.815691270167008042e-03
1.816038595279678702e-03
1.815461248042993248e-03
1.814887276850640774e-03
1.813808135921135545e-03
1.813144597690552473e-03
1.815704570617526770e-03
1.816764153772965074e-03
1.816662581404671073e-03
1.815295749111101031e-03
1.813627342926338315e-03
1.813527866033837199e-03
1.815016221371479332e-03
1.815388590330258012e-03
1.815612893551588058e-03
1.814272021874785423e-03
1.813330280128866434e-03
1.814660674426704645e-03
1.814176430343650281e-03
1.812026632251217961e-03
1.811548514524474740e-03
1.812553120544180274e-03
1.814164032111875713e-03
1.814767310861498117e-03
1.814272545743733644e-03
1.813826180296018720e-03
1.813721377402544022e-03
1.813335431506857276e-03
1.812383110518567264e-03
1.810204470530152321e-03
1.809724926715716720e-03
1.810001442208886147e-03
1.811022986657917500e-03
1.813437062082812190e-03
1.812769216485321522e-03
1.811621565138921142e-03
1.811675960198044777e-03
1.811171357985585928e-03
1.810679474147036672e-03
1.810550733353011310e-03
1.811677997466176748e-03
1.810532005038112402e-03
1.809286215575411916e-03
1.811167079722508788e-03
1.812353177228942513e-03
1.811330745113082230e-03
1.808983739465475082e-03
1.807948196073994040e-03
1.809932931791990995e-03
1.811739872209727764e-03
1.810298999771475792e-03
1.807413180358707905e-03
1.806634536478668451e-03
1.808740780688822269e-03
1.811107737012207508e-03
1.812139351386576891e-03
1.810835732612758875e-03
1.808072789572179317e-03
1.807663444196805358e-03
1.808169618016108871e-03
1.809356705052778125e-03
1.810760732041671872e-03
1.809831184800714254e-03
1.809415785828605294e-03
1.809170236811041832e-03
1.807908818591386080e-03
1.807065011234954000e-03
1.808924076613038778e-03
1.808156346669420600e-03
1.805711188353598118e-03
1.806542102713137865e-03
1.808285727747716010e-03
1.809172186767682433e-03
1.809299486922100186e-03
1.807504944736137986e-03
1.806485379347577691e-03
1.806521213438827544e-03
1.807421038392931223e-03
1.809392648283392191e-03
1.809366192901507020e-03
1.806734828278422356e-03
1.806672196835279465e-03
1.806005224352702498e-03
1.805043240892700851e-03
1.806019688956439495e-03
1.807665219530463219e-03
1.807397900847718120e-03
1.806638872949406505e-03
1.806387677788734436e-03
1.805841544410213828e-03
1.806181389838457108e-03
1.806660031434148550e-03
1.806617685360834002e-03
1.806238477001897991e-03
1.806469925213605165e-03
1.806191459763795137e-03
1.806160842534154654e-03
1.806343643693253398e-03
1.806563232094049454e-03
1.806233805837109685e-03
1.804783401894383132e-03
1.804690895369276404e-03
1.805686464649625123e-03
1.806457526981830597e-03
1.806081709219142795e-03
1.805183128453791142e-03
1.805093081202358007e-03
1.805212930776178837e-03
1.805542124202474952e-03
1.805815045372582972e-03
1.805656473152339458e-03
1.805226900614798069e-03
1.804178726160898805e-03
1.804046623874455690e-03
1.804212224669754505e-03
1.804189334507100284e-03
1.804580679163336754e-03
1.805047446396201849e-03
1.805449850508011878e-03
1.805918756872415543e-03
1.804777595680207014e-03
1.803884108085185289e-03
1.804328465368598700e-03
1.804201194318011403e-03
1.803886465495452285e-03
1.803999941330403090e-03
1.804693049052730203e-03
1.804982864996418357e-03
1.804698724299669266e-03
1.803929917514324188e-03
1.803151157218962908e-03
1.803488470613956451e-03
1.804956817068159580e-03
1.805513893486931920e-03
1.804818079108372331e-03
1.804708008421584964e-03
1.804514118703082204e-03
1.803536317311227322e-03
1.802353712264448404e-03
1.801658043405041099e-03
1.802378479624167085e-03
1.802321668947115541e-03
1.803267718059942126e-03
1.803889026632532477e-03
1.803413906600326300e-03
1.803602906875312328e-03
1.803700724849477410e-03
1.804192201234400272e-03
1.803480990929529071e-03
1.803563704015687108e-03
1.802628597943112254e-03
1.802460872568190098e-03
1.802936370950192213e-03
1.802476879674941301e-03
1.802176091587170959e-03
1.802652870537713170e-03
1.802211569156497717e-03
1.802276761736720800e-03
1.802720798877999187e-03
1.802891842089593410e-03
1.803121922421269119e-03
1.802958053303882480e-03
1.802920538466423750e-03
1.802197162760421634e-03
1.801418940885923803e-03
1.800921221729367971e-03
1.801022124709561467e-03
1.802282524295151234e-03
1.801816222723573446e-03
1.801416481612250209e-03
1.802098384359851480e-03
1.801887556212022901e-03
1.801880483981221914e-03
1.802039972972124815e-03
1.801623642677441239e-03
1.802191516617313027e-03
1.801791397156193852e-03
1.800893718609586358e-03
1.800726749934256077e-03
1.800617377739399672e-03
1.800977261154912412e-03
1.801138569135218859e-03
1.801349077140912414e-03
1.801490754587575793e-03
1.801383317797444761e-03
1.800982165150344372e-03
1.800711150281131268e-03
1.800504105631262064e-03
1.800502534024417400e-03
1.800487691070884466e-03
1.800271769752725959e-03
1.799918245524168015e-03
1.799730322090908885e-03
1.800174970412626863e-03
1.800722850020974874e-03
1.800926547730341554e-03
1.800802710931748152e-03
1.800337806344032288e-03
1.800226382329128683e-03
1.800555211957544088e-03
1.800109603209421039e-03
1.799400983145460486e-03
1.799386693164706230e-03
1.799861754989251494e-03
1.800365687813609838e-03
1.800541038392111659e-03
1.800986879970878363e-03
1.801177364541217685e-03
1.801125908968970180e-03
1.800935337087139487e-03
1.800690661184489727e-03
1.800056808860972524e-03
1.799703604774549603e-03
1.799625286366790533e-03
1.799739897251129150e-03
1.799621124519035220e-03
1.799744321033358574e-03
1.799419929739087820e-03
1.798741111997514963e-03
1.798902580048888922e-03
1.799617719370871782e-03
1.799640886019915342e-03
1.799683435820043087e-03
1.799949473934248090e-03
1.799782563466578722e-03
1.799649500753730536e-03
1.799798192223533988e-03
1.799487348762340844e-03
1.799078832846134901e-03
1.799308636691421270e-03
1.799351564841344953e-03
1.799612276954576373e-03
1.799626188585534692e-03
1.799648889573290944e-03
1.799507954274304211e-03
1.799347141059115529e-03
1.799669116735458374e-03
1.799381163436919451e-03
1.798926794435828924e-03
1.798633689759299159e-03
1.798597397282719612e-03
1.798731944290921092e-03
1.799130084691569209e-03
1.799214194761589170e-03
1.799008081434294581e-03
1.798964411136694252e-03
1.798801575205288827e-03
1.799024292267858982e-03
1.799429330276325345e-03
1.799243022105656564e-03
1.799031044356524944e-03
1.798785713617689908e-03
1.798469398636370897e-03
1.798435900127515197e-03
1.798019133275374770e-03
1.798381999833509326e-03
1.798478275304660201e-03
1.798179117031395435e-03
1.798304176190868020e-03
1.798367884475737810e-03
1.798684796085581183e-03
1.798507611965760589e-03
1.797972887288779020e-03
1.798005570890381932e-03
1.798599550966173410e-03
1.798803714336827397e-03
1.798755023628473282e-03
1.798853132640942931e-03
1.798716490156948566e-03
1.798475714167580009e-03
1.797839606297202408e-03
1.797338802134618163e-03
1.797357457689940929e-03
1.797305085347034037e-03
1.797297416487708688e-03
1.797586766770109534e-03
1.797927892766892910e-03
1.798188954126089811e-03
1.797979653929360211e-03
1.797499309759587049e-03
1.797149830963462591e-03
1.797216304112225771e-03
1.797493663616478443e-03
1.797756412997841835e-03
1.797779870685189962e-03
1.797746022930368781e-03
1.797815319150686264e-03
1.797638164134696126e-03
1.797638105927035213e-03
1.797692821128293872e-03
1.797818142222240567e-03
1.797748875105753541e-03
1.797738019376993179e-03
1.797961449483409524e-03
1.797885139239951968e-03
1.797599397832527757e-03
1.797205215552821755e-03
1.797229604562744498e-03
1.797310062102042139e-03
1.797381904907524586e-03
1.797363365767523646e-03
1.797315606381744146e-03
1.797475211787968874e-03
1.797664212062954903e-03
1.797591772628948092e-03
1.797368851839564741e-03
1.797267555957660079e-03
1.797251024981960654e-03
1.797118311515077949e-03
1.796954980818554759e-03
1.796874217689037323e-03
1.796929544070735574e-03
1.796935044694691896e-03
1.797055796487256885e-03
1.797312026610597968e-03
1.797565259039402008e-03
1.797656237613409758e-03
1.797752920538187027e-03
1.797760691260918975e-03
1.797565695596858859e-03
1.797271921532228589e-03
1.797033968614414334e-03
1.796815253328531981e-03
1.796840224415063858e-03
1.796654716599732637e-03
1.796718148398213089e-03
1.796793658286333084e-03
1.796870114048942924e-03
1.796853437554091215e-03
1.796889526303857565e-03
1.796876924345269799e-03
1.796923665096983314e-03
1.796773343812674284e-03
1.796594966435804963e-03
1.796745622414164245e-03
1.796938100596889853e-03
1.796907570678740740e-03
1.796784796169959009e-03
1.796706084860488772e-03
1.796630152966827154e-03
1.796491385903209448e-03
1.796491327695548534e-03
1.796628843294456601e-03
1.796736265532672405e-03
1.796717842807993293e-03
1.796590688172727823e-03
1.796464013750664890e-03
1.796371157979592681e-03
1.796163647668436170e-03
1.796216063667088747e-03
1.796316239051520824e-03
1.796462776837870479e-03
1.796538970666006207e-03
1.796499767806380987e-03
1.796548574930056930e-03
1.796487427782267332e-03
1.796661003027111292e-03
1.796673488570377231e-03
1.796376018319278955e-03
1.796185388229787350e-03
1.796270138584077358e-03
1.796362892491742969e-03
1.796447526430711150e-03
1.796393262338824570e-03
1.796211756300181150e-03
1.796290482161566615e-03
1.796275231754407287e-03
1.796304452000185847e-03
1.796579337678849697e-03
1.796573895262554288e-03
1.796860044123604894e-03
1.796866301447153091e-03
1.796633616322651505e-03
1.796231539628934115e-03
1.795881835278123617e-03
1.795720629161223769e-03
1.795304648112505674e-03
1.795416435925289989e-03
1.795787902665324509e-03
1.796110416762530804e-03
1.796327676856890321e-03
1.796439173631370068e-03
1.796411030227318406e-03
1.796367025235667825e-03
1.796433090930804610e-03
1.796352094970643520e-03
1.796236756490543485e-03
1.796129246940836310e-03
1.795952615793794394e-03
1.795930147636681795e-03
1.795967400539666414e-03
1.795926276827231050e-03
1.795888791093602777e-03
1.795963704353198409e-03
1.796021912014111876e-03
1.795927964849397540e-03
1.795858319383114576e-03
1.795900985598564148e-03
1.795937860151752830e-03
1.795809774193912745e-03
1.795597228920087218e-03
1.795613265130668879e-03
1.795822143321856856e-03
1.795929696527309716e-03
1.795963675249367952e-03
1.795854521333239973e-03
1.795748976292088628e-03
1.795821182895451784e-03
1.795882824808359146e-03
1.795876189135015011e-03
1.795890071662142873e-03
1.795752497855573893e-03
1.795717951608821750e-03
1.795680669602006674e-03
1.795707212295383215e-03
1.795715572370681912e-03
1.795799209503456950e-03
1.795759890228509903e-03
1.795707998098805547e-03
1.795736781787127256e-03
1.795692543964833021e-03
1.795649994164705276e-03
1.795647563994862139e-03
1.795621850760653615e-03
1.795485353795811534e-03
1.795497228158637881e-03
1.795572432456538081e-03
1.795581978512927890e-03
1.795572316041216254e-03
1.795563235646113753e-03
1.795536867575719953e-03
1.795419986592605710e-03
1.795417279936373234e-03
1.795515418052673340e-03
1.795574120478704572e-03
1.795565272914245725e-03
1.795541553292423487e-03
1.795441276044584811e-03
1.795398333342745900e-03
1.795494405087083578e-03
1.795486983610317111e-03
1.795387273887172341e-03
1.795430580386891961e-03
1.795419637346640229e-03
1.795460586436092854e-03
1.795370961190201342e-03
1.795434043742716312e-03
1.795542455511167645e-03
1.795458752894774079e-03
1.795260002836585045e-03
1.795346324797719717e-03
1.795492193195968866e-03
1.795516553102061152e-03
1.795396441593766212e-03
1.795391464838758111e-03
1.795401418348774314e-03
1.795472460798919201e-03
1.795479896827600896e-03
1.795505784684792161e-03
1.795471733203157783e-03
1.795284188119694591e-03
1.795082091121003032e-03
1.795032294467091560e-03
1.795119344023987651e-03
1.795172021957114339e-03
1.795229793060570955e-03
1.795246324036270380e-03
1.795186486560851336e-03
1.795246265828609467e-03
1.795314950868487358e-03
1.795284479157999158e-03
1.795131203834898770e-03
1.795033516827970743e-03
1.795059768483042717e-03
1.795241289073601365e-03
1.795321877580136061e-03
1.795338845113292336e-03
1.795269432477653027e-03
1.795263291569426656e-03
1.795194926671683788e-03
1.795057149138301611e-03
