6.850794982910156250e+01
5.838394451141357422e+01
5.188718605041503906e+01
4.625386619567871094e+01
4.079534530639648438e+01
4.322081279754638672e+01
3.931789588928222656e+01
4.024583148956298828e+01
3.527735805511474609e+01
3.180377006530761719e+01
2.960838460922241211e+01
4.201674699783325195e+01
2.780975484848022461e+01
2.461996746063232422e+01
2.550968742370605469e+01
2.632130384445190430e+01
2.587750959396362305e+01
2.654355287551879883e+01
1.846663832664489746e+01
1.721908092498779297e+01
1.858553957939147949e+01
1.546862125396728516e+01
2.863805460929870605e+01
2.545562410354614258e+01
1.298973369598388672e+01
1.301024699211120605e+01
1.227371692657470703e+01
1.337568831443786621e+01
2.017993497848510742e+01
3.473262310028076172e+01
1.249535083770751953e+01
9.647395849227905273e+00
9.984492778778076172e+00
1.201631164550781250e+01
1.865375518798828125e+01
2.339508247375488281e+01
2.563871002197265625e+01
2.626378083229064941e+01
1.569945383071899414e+01
1.246545672416687012e+01
1.238746333122253418e+01
1.506714296340942383e+01
1.335267829895019531e+01
1.175366592407226562e+01
1.087886762619018555e+01
1.318533396720886230e+01
1.573385500907897949e+01
1.509254074096679688e+01
1.661775279045104980e+01
1.621648454666137695e+01
1.129710531234741211e+01
1.101075077056884766e+01
1.211916661262512207e+01
8.693004846572875977e+00
9.445513010025024414e+00
1.113739573955535889e+01
1.472993707656860352e+01
1.309315848350524902e+01
1.340474021434783936e+01
1.257627201080322266e+01
1.140567195415496826e+01
8.609870672225952148e+00
1.123375892639160156e+01
1.115041923522949219e+01
1.479129552841186523e+01
1.346421909332275391e+01
1.255891418457031250e+01
1.139489316940307617e+01
1.847275161743164062e+01
1.577783465385437012e+01
1.541580939292907715e+01
1.400370454788208008e+01
1.093384981155395508e+01
8.821928977966308594e+00
1.289190793037414551e+01
1.832404589653015137e+01
9.455733537673950195e+00
9.493257045745849609e+00
7.496958017349243164e+00
8.420822024345397949e+00
1.055157673358917236e+01
8.365742921829223633e+00
8.936583280563354492e+00
7.782647728919982910e+00
5.727898359298706055e+00
6.368017196655273438e+00
7.347621083259582520e+00
6.634698271751403809e+00
8.973234534263610840e+00
5.701355099678039551e+00
7.350488781929016113e+00
6.666732788085937500e+00
8.682898283004760742e+00
6.739866495132446289e+00
8.641636967658996582e+00
8.131796121597290039e+00
8.838224887847900391e+00
6.821064233779907227e+00
5.729425907135009766e+00
6.959728956222534180e+00
8.326916933059692383e+00
6.933193325996398926e+00
6.704633355140686035e+00
5.864181399345397949e+00
6.611268043518066406e+00
8.644592881202697754e+00
9.514721035957336426e+00
7.555549144744873047e+00
7.540401697158813477e+00
1.187471413612365723e+01
9.619758009910583496e+00
6.040818810462951660e+00
6.560320854187011719e+00
1.268764555454254150e+01
8.852910757064819336e+00
9.017189264297485352e+00
1.366053843498229980e+01
1.653634393215179443e+01
6.938505649566650391e+00
6.936403989791870117e+00
5.439817667007446289e+00
5.271827816963195801e+00
5.517850756645202637e+00
5.178638339042663574e+00
9.077653765678405762e+00
9.665372371673583984e+00
9.152068376541137695e+00
9.403716683387756348e+00
8.493127107620239258e+00
1.024546456336975098e+01
9.890182018280029297e+00
9.375364065170288086e+00
6.405186176300048828e+00
7.157501339912414551e+00
7.470585346221923828e+00
6.456907391548156738e+00
7.643719196319580078e+00
8.779810309410095215e+00
8.247964739799499512e+00
8.392463207244873047e+00
8.418409347534179688e+00
7.164240479469299316e+00
8.974269390106201172e+00
1.298781311511993408e+01
1.346164703369140625e+01
1.239086973667144775e+01
1.201813399791717529e+01
1.279276728630065918e+01
1.062548339366912842e+01
1.059960532188415527e+01
8.361504554748535156e+00
7.000891804695129395e+00
5.517900943756103516e+00
5.021169304847717285e+00
5.594239830970764160e+00
4.971371650695800781e+00
4.578163087368011475e+00
5.176720678806304932e+00
5.315219938755035400e+00
4.627239704132080078e+00
4.615544617176055908e+00
7.195313692092895508e+00
7.194232344627380371e+00
7.779565930366516113e+00
8.605752587318420410e+00
7.782112240791320801e+00
8.068078637123107910e+00
9.318228840827941895e+00
7.256907582283020020e+00
6.351567983627319336e+00
7.475365519523620605e+00
6.826240301132202148e+00
5.382569670677185059e+00
4.800505757331848145e+00
6.431457757949829102e+00
6.731611251831054688e+00
6.366573572158813477e+00
6.343837141990661621e+00
4.913115024566650391e+00
4.623454928398132324e+00
5.496315002441406250e+00
6.911736249923706055e+00
6.951321005821228027e+00
4.683855295181274414e+00
4.164574325084686279e+00
5.498692810535430908e+00
4.983407735824584961e+00
6.601370334625244141e+00
6.737999796867370605e+00
6.896547079086303711e+00
1.119736802577972412e+01
1.129944229125976562e+01
8.064573168754577637e+00
6.473194956779479980e+00
5.574291229248046875e+00
5.753160953521728516e+00
4.388087093830108643e+00
5.072134613990783691e+00
5.513069272041320801e+00
6.807882189750671387e+00
6.477615594863891602e+00
5.483478188514709473e+00
5.492911934852600098e+00
4.187398254871368408e+00
4.327542424201965332e+00
4.523654222488403320e+00
4.527298331260681152e+00
4.303125441074371338e+00
4.192448198795318604e+00
4.325192093849182129e+00
4.235672593116760254e+00
6.674139857292175293e+00
5.736257731914520264e+00
4.432465076446533203e+00
4.666508436203002930e+00
5.224868476390838623e+00
6.019343852996826172e+00
5.253085136413574219e+00
5.114208698272705078e+00
7.532377123832702637e+00
5.327546119689941406e+00
4.154750168323516846e+00
4.618823945522308350e+00
4.249078631401062012e+00
5.968507409095764160e+00
4.878954172134399414e+00
4.885822713375091553e+00
4.985068976879119873e+00
5.810687899589538574e+00
4.826960921287536621e+00
4.969370245933532715e+00
6.126344203948974609e+00
5.432736515998840332e+00
5.905876159667968750e+00
5.499352931976318359e+00
4.920445680618286133e+00
5.148562371730804443e+00
6.040191411972045898e+00
5.043083727359771729e+00
5.570919394493103027e+00
4.595617234706878662e+00
5.623546719551086426e+00
5.135590612888336182e+00
6.423276484012603760e+00
5.484138011932373047e+00
5.549527525901794434e+00
4.285762190818786621e+00
4.308662176132202148e+00
4.116359591484069824e+00
4.783334016799926758e+00
4.600886583328247070e+00
4.494768381118774414e+00
4.106028139591217041e+00
4.158702373504638672e+00
4.289368689060211182e+00
4.366659402847290039e+00
4.189059019088745117e+00
4.691130578517913818e+00
5.416731476783752441e+00
4.780628323554992676e+00
4.602339029312133789e+00
5.685091197490692139e+00
5.213085889816284180e+00
7.678695440292358398e+00
5.484248042106628418e+00
4.661158680915832520e+00
4.967586159706115723e+00
6.476806640625000000e+00
6.681521475315093994e+00
5.434392452239990234e+00
4.964786291122436523e+00
4.240469813346862793e+00
4.180374264717102051e+00
4.327675580978393555e+00
4.429559111595153809e+00
5.177169680595397949e+00
5.387325644493103027e+00
5.832867383956909180e+00
4.988665580749511719e+00
6.774478077888488770e+00
4.811316013336181641e+00
6.319847285747528076e+00
4.980553746223449707e+00
5.292854428291320801e+00
4.209558904170989990e+00
4.590546071529388428e+00
4.099560737609863281e+00
3.911793887615203857e+00
4.026277959346771240e+00
4.024921000003814697e+00
4.171397924423217773e+00
4.790014982223510742e+00
4.374292254447937012e+00
4.943519592285156250e+00
5.799058437347412109e+00
5.454314470291137695e+00
4.687821447849273682e+00
5.695210814476013184e+00
4.712100625038146973e+00
7.596621513366699219e+00
4.677419841289520264e+00
5.820825099945068359e+00
6.115573585033416748e+00
5.013395547866821289e+00
5.358219504356384277e+00
4.381860017776489258e+00
3.866236746311187744e+00
4.144020259380340576e+00
4.173776507377624512e+00
3.963202893733978271e+00
3.859887182712554932e+00
3.897333085536956787e+00
4.203507363796234131e+00
4.192708134651184082e+00
4.083970546722412109e+00
4.175405800342559814e+00
4.180661261081695557e+00
5.005569517612457275e+00
4.662379980087280273e+00
4.419102132320404053e+00
4.522544384002685547e+00
4.818904995918273926e+00
4.277306556701660156e+00
4.151868283748626709e+00
4.284270405769348145e+00
4.145998716354370117e+00
3.895074248313903809e+00
3.896750509738922119e+00
3.897688150405883789e+00
3.890884995460510254e+00
3.826736927032470703e+00
4.045463621616363525e+00
4.087779045104980469e+00
3.972388386726379395e+00
4.050969123840332031e+00
4.181555151939392090e+00
4.185743808746337891e+00
3.826458632946014404e+00
4.170932948589324951e+00
3.784870803356170654e+00
4.219440817832946777e+00
3.884477317333221436e+00
3.890740394592285156e+00
3.832546353340148926e+00
3.833629369735717773e+00
3.908921301364898682e+00
3.910794496536254883e+00
3.949019193649291992e+00
3.838418841361999512e+00
3.949087500572204590e+00
4.099645197391510010e+00
3.988365888595581055e+00
3.875744342803955078e+00
3.865780234336853027e+00
3.985938191413879395e+00
3.839203000068664551e+00
4.181453943252563477e+00
3.922154724597930908e+00
4.152048707008361816e+00
4.457141101360321045e+00
4.217142105102539062e+00
4.235140740871429443e+00
4.104471683502197266e+00
4.087412059307098389e+00
4.140931189060211182e+00
3.825841367244720459e+00
4.142098009586334229e+00
4.021417081356048584e+00
3.891849398612976074e+00
3.765662074089050293e+00
4.213582873344421387e+00
3.911867856979370117e+00
3.762658238410949707e+00
3.954878985881805420e+00
3.766854643821716309e+00
3.840685963630676270e+00
4.011736035346984863e+00
4.214608430862426758e+00
4.096265614032745361e+00
5.221157729625701904e+00
4.149839580059051514e+00
4.677997767925262451e+00
4.285659193992614746e+00
3.859114170074462891e+00
3.979441404342651367e+00
3.816767811775207520e+00
3.851548612117767334e+00
4.016507506370544434e+00
4.026403546333312988e+00
3.684287071228027344e+00
4.472285032272338867e+00
3.978022396564483643e+00
3.958512127399444580e+00
4.019107401371002197e+00
4.659151673316955566e+00
3.811882674694061279e+00
4.009476363658905029e+00
3.987144172191619873e+00
3.838952422142028809e+00
3.795380890369415283e+00
3.932204484939575195e+00
4.170590043067932129e+00
3.786673545837402344e+00
3.978121459484100342e+00
4.538549840450286865e+00
3.979849278926849365e+00
4.279082477092742920e+00
3.945492804050445557e+00
3.939451694488525391e+00
3.797322630882263184e+00
3.811182320117950439e+00
3.820403873920440674e+00
3.757218241691589355e+00
3.784830510616302490e+00
3.801833271980285645e+00
3.826202511787414551e+00
3.752301394939422607e+00
3.786180436611175537e+00
3.825687170028686523e+00
3.712828695774078369e+00
3.750834465026855469e+00
3.811549603939056396e+00
3.800605893135070801e+00
3.909218192100524902e+00
3.773217976093292236e+00
3.750617206096649170e+00
3.762459278106689453e+00
3.796558320522308350e+00
3.749581694602966309e+00
3.870555996894836426e+00
3.935119926929473877e+00
3.755299389362335205e+00
3.841395199298858643e+00
4.176067173480987549e+00
3.835292220115661621e+00
4.016831874847412109e+00
3.684141218662261963e+00
3.878496766090393066e+00
3.686708748340606689e+00
3.814439237117767334e+00
4.143316745758056641e+00
3.973006606101989746e+00
3.632964253425598145e+00
4.263285279273986816e+00
4.077110767364501953e+00
4.116349399089813232e+00
4.446386992931365967e+00
4.152906835079193115e+00
4.257620334625244141e+00
4.349668681621551514e+00
3.892822921276092529e+00
3.974957227706909180e+00
3.858602046966552734e+00
3.901111602783203125e+00
3.785594880580902100e+00
3.793656051158905029e+00
3.901270806789398193e+00
3.782348692417144775e+00
3.748085260391235352e+00
3.685266077518463135e+00
3.803921043872833252e+00
3.843429684638977051e+00
3.824704527854919434e+00
3.745069384574890137e+00
3.817484200000762939e+00
3.697953581809997559e+00
3.841238856315612793e+00
3.746927559375762939e+00
3.940118432044982910e+00
3.797955453395843506e+00
3.891167759895324707e+00
3.850570797920227051e+00
3.831674039363861084e+00
3.784473001956939697e+00
3.815358459949493408e+00
3.817157685756683350e+00
3.975668549537658691e+00
3.873724281787872314e+00
3.682780027389526367e+00
3.726693987846374512e+00
3.698220312595367432e+00
3.705108046531677246e+00
3.727390885353088379e+00
3.701252460479736328e+00
3.886399805545806885e+00
3.898170650005340576e+00
3.699680864810943604e+00
3.791186809539794922e+00
3.978741943836212158e+00
3.709176898002624512e+00
3.784189522266387939e+00
3.775449573993682861e+00
3.698227405548095703e+00
3.699721515178680420e+00
3.687786281108856201e+00
3.795960307121276855e+00
3.838556170463562012e+00
3.700704574584960938e+00
3.685803413391113281e+00
3.673842787742614746e+00
3.713673412799835205e+00
3.704005062580108643e+00
3.837674736976623535e+00
3.694323182106018066e+00
3.770708918571472168e+00
3.817336976528167725e+00
3.687831997871398926e+00
3.688948035240173340e+00
3.690586209297180176e+00
3.672597348690032959e+00
3.734957754611968994e+00
3.694913685321807861e+00
3.712718009948730469e+00
3.728523612022399902e+00
3.707531511783599854e+00
3.707505583763122559e+00
3.722488045692443848e+00
3.711954712867736816e+00
3.683277368545532227e+00
3.711529672145843506e+00
3.715065538883209229e+00
3.736777186393737793e+00
3.707686543464660645e+00
3.666301786899566650e+00
3.696882724761962891e+00
3.692365050315856934e+00
3.672255039215087891e+00
3.701494276523590088e+00
3.662335395812988281e+00
3.727260470390319824e+00
3.665037930011749268e+00
3.682180643081665039e+00
3.770468354225158691e+00
3.709842264652252197e+00
3.729936063289642334e+00
3.668074786663055420e+00
3.716330707073211670e+00
3.671514213085174561e+00
3.732010424137115479e+00
3.698594748973846436e+00
3.683654189109802246e+00
3.690987884998321533e+00
3.691282391548156738e+00
3.736960470676422119e+00
3.710183858871459961e+00
3.656863391399383545e+00
3.660511314868927002e+00
3.660144388675689697e+00
3.809941530227661133e+00
3.675879061222076416e+00
3.651633620262145996e+00
3.671472132205963135e+00
3.678701043128967285e+00
3.670142590999603271e+00
3.667208492755889893e+00
3.652947008609771729e+00
3.685894310474395752e+00
3.654371082782745361e+00
3.693919122219085693e+00
3.667762815952301025e+00
3.661936461925506592e+00
3.678811967372894287e+00
3.663645386695861816e+00
3.689738571643829346e+00
3.690014541149139404e+00
3.714367628097534180e+00
3.651137769222259521e+00
3.650517046451568604e+00
3.704647004604339600e+00
3.650992155075073242e+00
3.630775451660156250e+00
3.659224033355712891e+00
3.688063383102416992e+00
3.666866898536682129e+00
3.767398059368133545e+00
3.781100630760192871e+00
3.759526133537292480e+00
3.723221540451049805e+00
3.703015744686126709e+00
3.676017522811889648e+00
3.627487778663635254e+00
3.765490412712097168e+00
3.690613567829132080e+00
3.664240658283233643e+00
3.646907627582550049e+00
3.730579376220703125e+00
3.735492944717407227e+00
3.664830982685089111e+00
3.648528814315795898e+00
3.679567992687225342e+00
3.733743667602539062e+00
3.670479297637939453e+00
3.615221381187438965e+00
3.677889525890350342e+00
3.641758561134338379e+00
3.682999134063720703e+00
3.737124443054199219e+00
3.782816588878631592e+00
3.704798579216003418e+00
3.724698781967163086e+00
3.646753609180450439e+00
3.706986725330352783e+00
3.657943725585937500e+00
3.621079266071319580e+00
3.652204096317291260e+00
3.656121790409088135e+00
3.631883621215820312e+00
3.630301773548126221e+00
3.627996444702148438e+00
3.626154184341430664e+00
3.639410674571990967e+00
3.637733399868011475e+00
3.653059244155883789e+00
3.640349686145782471e+00
3.635286629199981689e+00
3.647759735584259033e+00
3.636465966701507568e+00
3.632122516632080078e+00
3.621023237705230713e+00
3.633887231349945068e+00
3.657667875289916992e+00
3.665438354015350342e+00
3.634531915187835693e+00
3.633030831813812256e+00
3.621727228164672852e+00
3.639795839786529541e+00
3.647911131381988525e+00
3.639099955558776855e+00
3.649757742881774902e+00
3.628850936889648438e+00
3.650249958038330078e+00
3.623111128807067871e+00
3.628813326358795166e+00
3.638179481029510498e+00
3.670316338539123535e+00
3.652409851551055908e+00
3.644319415092468262e+00
3.629809975624084473e+00
3.632964134216308594e+00
3.633126378059387207e+00
3.633919060230255127e+00
3.618216276168823242e+00
3.632348954677581787e+00
3.636546969413757324e+00
3.629866540431976318e+00
3.622197628021240234e+00
3.624500215053558350e+00
3.644175052642822266e+00
3.607642292976379395e+00
3.638265967369079590e+00
3.651629090309143066e+00
3.625397026538848877e+00
3.621580362319946289e+00
3.621372282505035400e+00
3.625597298145294189e+00
3.622889220714569092e+00
3.632525861263275146e+00
3.623175740242004395e+00
3.638039052486419678e+00
3.647126436233520508e+00
3.691662311553955078e+00
3.627240240573883057e+00
3.635225355625152588e+00
3.664804399013519287e+00
3.636081337928771973e+00
3.611358582973480225e+00
3.641147375106811523e+00
3.612101376056671143e+00
3.704906761646270752e+00
3.668923079967498779e+00
3.699187099933624268e+00
3.654438972473144531e+00
3.617369890213012695e+00
3.622778773307800293e+00
3.616248011589050293e+00
3.672683179378509521e+00
3.622107207775115967e+00
3.606574177742004395e+00
3.613265514373779297e+00
3.622789144515991211e+00
3.613879501819610596e+00
3.662394285202026367e+00
3.617253720760345459e+00
3.702550947666168213e+00
3.614842057228088379e+00
3.605088651180267334e+00
3.640917181968688965e+00
3.675373792648315430e+00
3.655128240585327148e+00
3.704248607158660889e+00
3.636176168918609619e+00
3.607348024845123291e+00
3.635744512081146240e+00
3.631526827812194824e+00
3.637075364589691162e+00
3.626645922660827637e+00
3.615506231784820557e+00
3.617124438285827637e+00
3.608200967311859131e+00
3.633251428604125977e+00
3.610788345336914062e+00
3.622518062591552734e+00
3.623097479343414307e+00
3.615761637687683105e+00
3.611647546291351318e+00
3.627545416355133057e+00
3.610572993755340576e+00
3.613297760486602783e+00
3.623980462551116943e+00
3.608491241931915283e+00
3.610157668590545654e+00
3.613328635692596436e+00
3.627494633197784424e+00
3.614301204681396484e+00
3.605041086673736572e+00
3.609327733516693115e+00
3.604345738887786865e+00
3.608538925647735596e+00
3.606459558010101318e+00
3.620870947837829590e+00
3.606880486011505127e+00
3.608220696449279785e+00
3.604959607124328613e+00
3.623346269130706787e+00
3.602025032043457031e+00
3.611945390701293945e+00
3.612182617187500000e+00
3.608494400978088379e+00
3.603583812713623047e+00
3.633523762226104736e+00
3.609347403049468994e+00
3.609941124916076660e+00
3.610046148300170898e+00
3.606702923774719238e+00
3.603688418865203857e+00
3.604138255119323730e+00
3.624465107917785645e+00
3.605708003044128418e+00
3.607295632362365723e+00
3.607057332992553711e+00
3.602346241474151611e+00
3.614503860473632812e+00
3.612105190753936768e+00
3.604326963424682617e+00
3.604645729064941406e+00
3.608961701393127441e+00
3.603489995002746582e+00
3.598686933517456055e+00
3.605061709880828857e+00
3.604903876781463623e+00
3.604533135890960693e+00
3.605992853641510010e+00
3.605394780635833740e+00
3.607613503932952881e+00
3.603895187377929688e+00
3.599608421325683594e+00
3.600749433040618896e+00
3.602677285671234131e+00
3.602465748786926270e+00
3.601852715015411377e+00
3.630847454071044922e+00
3.609513819217681885e+00
3.610316932201385498e+00
3.608138382434844971e+00
3.601605415344238281e+00
3.611624181270599365e+00
3.613412678241729736e+00
3.615219175815582275e+00
3.608725428581237793e+00
3.608372867107391357e+00
3.604479551315307617e+00
3.605357289314270020e+00
3.600966393947601318e+00
3.612627685070037842e+00
3.601340532302856445e+00
3.601899862289428711e+00
3.608775258064270020e+00
3.605252683162689209e+00
3.601650714874267578e+00
3.602265417575836182e+00
3.602658927440643311e+00
3.599910199642181396e+00
3.595988690853118896e+00
3.598210394382476807e+00
3.621261596679687500e+00
3.600867271423339844e+00
3.604279458522796631e+00
3.604022204875946045e+00
3.600306749343872070e+00
3.601815700531005859e+00
3.596765697002410889e+00
3.609837710857391357e+00
3.595977067947387695e+00
3.597692608833312988e+00
3.615580916404724121e+00
3.603372573852539062e+00
3.595025658607482910e+00
3.608545184135437012e+00
3.603177487850189209e+00
3.592238605022430420e+00
3.598534166812896729e+00
3.599626302719116211e+00
3.597648978233337402e+00
3.612975656986236572e+00
3.601368665695190430e+00
3.600184559822082520e+00
3.596970260143280029e+00
3.601439237594604492e+00
3.594253838062286377e+00
3.594847619533538818e+00
3.597287535667419434e+00
3.593586742877960205e+00
3.594393849372863770e+00
3.591812312602996826e+00
3.597097933292388916e+00
3.595065653324127197e+00
3.592640340328216553e+00
3.597496688365936279e+00
3.593683362007141113e+00
3.605596244335174561e+00
3.593320071697235107e+00
3.598340153694152832e+00
3.593124568462371826e+00
3.592501819133758545e+00
3.592774212360382080e+00
3.591953158378601074e+00
3.598158001899719238e+00
3.600037157535552979e+00
3.592354476451873779e+00
3.596521198749542236e+00
3.589791953563690186e+00
3.591670989990234375e+00
3.596803128719329834e+00
3.594445168972015381e+00
3.595462799072265625e+00
3.594230473041534424e+00
3.591740310192108154e+00
3.602429509162902832e+00
3.594082534313201904e+00
3.599483191967010498e+00
3.592947185039520264e+00
3.591057956218719482e+00
3.592469990253448486e+00
3.590324997901916504e+00
3.595198273658752441e+00
3.590615093708038330e+00
3.591110885143280029e+00
3.595718145370483398e+00
3.604078292846679688e+00
3.600164055824279785e+00
3.593070149421691895e+00
3.600303590297698975e+00
3.595880150794982910e+00
3.592369437217712402e+00
3.590334951877593994e+00
3.592932462692260742e+00
3.588791310787200928e+00
3.590333819389343262e+00
3.596712470054626465e+00
3.591872870922088623e+00
3.595492362976074219e+00
3.609971106052398682e+00
3.588960528373718262e+00
3.592588722705841064e+00
3.597395002841949463e+00
3.595627605915069580e+00
3.592602014541625977e+00
3.591357648372650146e+00
3.589701533317565918e+00
3.601561665534973145e+00
3.598670542240142822e+00
3.593098819255828857e+00
3.598709523677825928e+00
3.592863142490386963e+00
3.590325534343719482e+00
3.589663028717041016e+00
3.588685333728790283e+00
3.589241385459899902e+00
3.589271247386932373e+00
3.595565378665924072e+00
3.590374946594238281e+00
3.589025557041168213e+00
3.588264048099517822e+00
3.592223703861236572e+00
3.591470897197723389e+00
3.594826161861419678e+00
3.596896052360534668e+00
3.594774842262268066e+00
3.590653419494628906e+00
3.591211020946502686e+00
3.590262413024902344e+00
3.590372264385223389e+00
3.588300526142120361e+00
3.588066279888153076e+00
3.587331771850585938e+00
3.589473366737365723e+00
3.587977468967437744e+00
3.592132568359375000e+00
3.589643478393554688e+00
3.587815999984741211e+00
3.586880743503570557e+00
3.586452603340148926e+00
3.588823199272155762e+00
3.586575150489807129e+00
3.587530672550201416e+00
3.586516916751861572e+00
3.588008284568786621e+00
3.589320540428161621e+00
3.590578079223632812e+00
3.588593423366546631e+00
3.589759469032287598e+00
3.586302220821380615e+00
3.589327931404113770e+00
3.591638743877410889e+00
3.586829841136932373e+00
3.585917115211486816e+00
3.587925672531127930e+00
3.588319301605224609e+00
3.585408627986907959e+00
3.592183232307434082e+00
3.590005934238433838e+00
3.588294148445129395e+00
3.586946904659271240e+00
3.586362183094024658e+00
3.585935771465301514e+00
3.587417244911193848e+00
3.586432337760925293e+00
3.588963985443115234e+00
3.586175620555877686e+00
3.586160719394683838e+00
3.589780330657958984e+00
3.585914194583892822e+00
3.588086903095245361e+00
3.585520982742309570e+00
3.587134301662445068e+00
3.585862219333648682e+00
3.591201543807983398e+00
3.589888870716094971e+00
3.592442572116851807e+00
3.588592052459716797e+00
3.589772224426269531e+00
3.589194536209106445e+00
3.586150407791137695e+00
3.587017893791198730e+00
3.585150718688964844e+00
3.588320195674896240e+00
3.585554063320159912e+00
3.585714817047119141e+00
3.586049079895019531e+00
3.584792137145996094e+00
3.590196013450622559e+00
3.584918200969696045e+00
3.585119724273681641e+00
3.584488391876220703e+00
3.586723387241363525e+00
3.586446821689605713e+00
3.585873365402221680e+00
3.584306478500366211e+00
3.586499810218811035e+00
3.585993647575378418e+00
3.592881023883819580e+00
3.592932939529418945e+00
3.585933864116668701e+00
3.591189205646514893e+00
3.591425597667694092e+00
3.589125752449035645e+00
3.586032807826995850e+00
3.587952971458435059e+00
3.583725273609161377e+00
3.584590554237365723e+00
3.583154916763305664e+00
3.584180176258087158e+00
3.586395561695098877e+00
3.587569296360015869e+00
3.587493002414703369e+00
3.583747267723083496e+00
3.585131406784057617e+00
3.583976268768310547e+00
3.584457278251647949e+00
3.584873259067535400e+00
3.589632272720336914e+00
3.584230601787567139e+00
3.584430515766143799e+00
3.586206853389739990e+00
3.585435748100280762e+00
3.590809106826782227e+00
3.584259986877441406e+00
3.583585560321807861e+00
3.582711398601531982e+00
3.585194945335388184e+00
3.583300173282623291e+00
3.587286889553070068e+00
3.587276697158813477e+00
3.585518896579742432e+00
3.583736658096313477e+00
3.584521889686584473e+00
3.582984626293182373e+00
3.583042263984680176e+00
3.586881577968597412e+00
3.583790063858032227e+00
3.583564519882202148e+00
3.583177864551544189e+00
3.585676372051239014e+00
3.586325407028198242e+00
3.584713160991668701e+00
3.582960903644561768e+00
3.583030939102172852e+00
3.583097636699676514e+00
3.582641899585723877e+00
3.584853529930114746e+00
3.582960247993469238e+00
3.582413733005523682e+00
3.583954989910125732e+00
3.582507789134979248e+00
3.584354937076568604e+00
3.584067821502685547e+00
3.585636556148529053e+00
3.582242846488952637e+00
3.582850754261016846e+00
3.584249973297119141e+00
3.582585036754608154e+00
3.585663974285125732e+00
3.583600521087646484e+00
3.582544505596160889e+00
3.583072245121002197e+00
3.582032859325408936e+00
3.582458257675170898e+00
3.582818388938903809e+00
3.582392930984497070e+00
3.583664298057556152e+00
3.581689655780792236e+00
3.583147227764129639e+00
3.582037389278411865e+00
3.583962082862854004e+00
3.583570539951324463e+00
3.582387983798980713e+00
3.582311749458312988e+00
3.582803249359130859e+00
3.581940472126007080e+00
3.583086967468261719e+00
3.582148253917694092e+00
3.582436740398406982e+00
3.585421204566955566e+00
3.583414673805236816e+00
3.581980764865875244e+00
3.582229137420654297e+00
3.581853091716766357e+00
3.581993877887725830e+00
3.582950830459594727e+00
3.582489430904388428e+00
3.581841111183166504e+00
3.583029150962829590e+00
3.581933975219726562e+00
3.583456695079803467e+00
3.581583559513092041e+00
3.583559989929199219e+00
3.582021772861480713e+00
3.582150995731353760e+00
3.581418156623840332e+00
3.581542074680328369e+00
3.581431150436401367e+00
3.582765638828277588e+00
3.581653475761413574e+00
3.581214129924774170e+00
3.581356704235076904e+00
3.582420468330383301e+00
3.583227574825286865e+00
3.581855952739715576e+00
3.581849038600921631e+00
3.581991434097290039e+00
3.581661224365234375e+00
3.582376539707183838e+00
3.580967128276824951e+00
3.581124007701873779e+00
3.581094145774841309e+00
3.584585130214691162e+00
3.581832706928253174e+00
3.585122168064117432e+00
3.581026196479797363e+00
3.582353293895721436e+00
3.582014679908752441e+00
3.582794487476348877e+00
3.581936717033386230e+00
3.581517159938812256e+00
3.580775439739227295e+00
3.580902993679046631e+00
3.581799924373626709e+00
3.581851840019226074e+00
3.581946790218353271e+00
3.584393024444580078e+00
3.581048905849456787e+00
3.580399930477142334e+00
3.582516431808471680e+00
3.581659317016601562e+00
3.585550725460052490e+00
3.583399653434753418e+00
3.581642568111419678e+00
3.580827772617340088e+00
3.581832587718963623e+00
3.580790400505065918e+00
3.581821262836456299e+00
3.580448985099792480e+00
3.580581128597259521e+00
3.581428110599517822e+00
3.580997467041015625e+00
3.580676078796386719e+00
3.580550670623779297e+00
3.581501126289367676e+00
3.580873966217041016e+00
3.581185996532440186e+00
3.580810308456420898e+00
3.580620825290679932e+00
3.580982685089111328e+00
3.580360591411590576e+00
3.580404818058013916e+00
3.580404639244079590e+00
3.580324649810791016e+00
3.580693840980529785e+00
3.581397056579589844e+00
3.580592393875122070e+00
3.581106245517730713e+00
3.580119132995605469e+00
3.580330014228820801e+00
3.580928683280944824e+00
3.580448746681213379e+00
3.580293655395507812e+00
3.580585181713104248e+00
3.580240130424499512e+00
3.580771207809448242e+00
3.580216884613037109e+00
3.580451071262359619e+00
3.580293059349060059e+00
3.580220282077789307e+00
3.580120086669921875e+00
3.580727994441986084e+00
3.580142974853515625e+00
3.580871164798736572e+00
3.579904258251190186e+00
3.580658972263336182e+00
3.580010831356048584e+00
3.579984962940216064e+00
3.580397546291351318e+00
3.580688536167144775e+00
3.580381453037261963e+00
3.580055356025695801e+00
3.579967319965362549e+00
3.580614447593688965e+00
3.579995453357696533e+00
3.580037713050842285e+00
3.580649495124816895e+00
3.580602884292602539e+00
3.580133736133575439e+00
3.581333637237548828e+00
3.579882502555847168e+00
3.580132126808166504e+00
3.579955399036407471e+00
3.581286609172821045e+00
3.579877912998199463e+00
3.581173300743103027e+00
3.580412566661834717e+00
3.580711662769317627e+00
3.582325935363769531e+00
3.580119848251342773e+00
3.580193340778350830e+00
3.580358624458312988e+00
3.579954028129577637e+00
3.579930186271667480e+00
3.581419289112091064e+00
3.579639852046966553e+00
3.579656064510345459e+00
3.581662178039550781e+00
3.580009102821350098e+00
3.580295681953430176e+00
3.579876124858856201e+00
3.580002665519714355e+00
3.580259442329406738e+00
3.579881727695465088e+00
3.580578505992889404e+00
3.580151081085205078e+00
3.580788671970367432e+00
3.580255806446075439e+00
3.579445660114288330e+00
3.579607009887695312e+00
3.579879403114318848e+00
3.579656243324279785e+00
3.580509126186370850e+00
3.580465853214263916e+00
3.579782903194427490e+00
3.579616248607635498e+00
3.579688370227813721e+00
3.579547107219696045e+00
3.580479204654693604e+00
3.580915391445159912e+00
3.580161750316619873e+00
3.579634189605712891e+00
3.579718232154846191e+00
3.580331563949584961e+00
3.579646348953247070e+00
3.579533755779266357e+00
3.581174135208129883e+00
