8.101787418127059937e-02
7.143502682447433472e-02
6.815224885940551758e-02
6.333917379379272461e-02
5.959144979715347290e-02
5.656300485134124756e-02
5.090860649943351746e-02
4.852633923292160034e-02
4.308309406042098999e-02
3.927313163876533508e-02
3.267725557088851929e-02
2.917572855949401855e-02
2.430353127419948578e-02
2.151519432663917542e-02
1.693057268857955933e-02
1.657216995954513550e-02
1.337948441505432129e-02
1.366718485951423645e-02
1.198037434369325638e-02
1.212261896580457687e-02
1.103967521339654922e-02
1.006356906145811081e-02
1.131515018641948700e-02
9.882408194243907928e-03
9.483790956437587738e-03
9.150496684014797211e-03
8.428984321653842926e-03
7.341525517404079437e-03
1.537590753287076950e-02
8.063090033829212189e-03
7.998702116310596466e-03
7.808309514075517654e-03
7.138767745345830917e-03
9.589369408786296844e-03
7.371072191745042801e-03
1.109601091593503952e-02
6.468941923230886459e-03
6.610680837184190750e-03
6.578814238309860229e-03
7.679884321987628937e-03
6.185109261423349380e-03
7.891362532973289490e-03
7.402390707284212112e-03
6.979248952120542526e-03
8.108155801892280579e-03
5.689165089279413223e-03
7.833702489733695984e-03
5.815444048494100571e-03
9.032537229359149933e-03
5.734905600547790527e-03
6.205880548804998398e-03
7.797742262482643127e-03
6.026573013514280319e-03
6.663446314632892609e-03
6.176574155688285828e-03
5.792242940515279770e-03
7.126791402697563171e-03
5.205044057220220566e-03
7.200675550848245621e-03
5.270196590572595596e-03
5.643285345286130905e-03
7.071874104440212250e-03
5.908661987632513046e-03
5.182137247174978256e-03
6.623848341405391693e-03
5.035198759287595749e-03
6.373811978846788406e-03
5.135242827236652374e-03
7.193982601165771484e-03
4.938891623169183731e-03
7.181555032730102539e-03
5.026362370699644089e-03
5.949748679995536804e-03
6.673317868262529373e-03
4.938724916428327560e-03
5.933949258178472519e-03
4.911470692604780197e-03
5.821594968438148499e-03
5.521644372493028641e-03
6.311390083283185959e-03
5.562822800129652023e-03
4.977580625563859940e-03
5.123872775584459305e-03
5.424492061138153076e-03
5.859773606061935425e-03
5.676817614585161209e-03
5.642449017614126205e-03
5.529759451746940613e-03
5.068634636700153351e-03
5.257397890090942383e-03
5.736489780247211456e-03
5.590488668531179428e-03
4.918635357171297073e-03
4.838627297431230545e-03
4.791806451976299286e-03
5.218291189521551132e-03
5.317382514476776123e-03
5.101208109408617020e-03
5.107098724693059921e-03
5.259352736175060272e-03
4.783845506608486176e-03
5.307582672685384750e-03
5.151248071342706680e-03
4.710312932729721069e-03
5.558488424867391586e-03
4.427095409482717514e-03
5.335246212780475616e-03
4.439564421772956848e-03
6.001209374517202377e-03
4.433287773281335831e-03
4.829847253859043121e-03
4.334839060902595520e-03
5.666066426783800125e-03
5.036108195781707764e-03
4.576005041599273682e-03
6.295671220868825912e-03
4.183350596576929092e-03
4.614063538610935211e-03
4.574010614305734634e-03
4.942364059388637543e-03
4.650912713259458542e-03
5.172315519303083420e-03
4.770561121404170990e-03
4.739261697977781296e-03
5.098352208733558655e-03
5.364841315895318985e-03
4.254258703440427780e-03
5.263676401227712631e-03
4.110788926482200623e-03
5.185234360396862030e-03
4.160300362855195999e-03
5.050633568316698074e-03
4.340645857155323029e-03
5.336656235158443451e-03
4.333641380071640015e-03
5.221572238951921463e-03
4.532402846962213516e-03
5.086967255920171738e-03
4.308522678911685944e-03
4.966740962117910385e-03
4.122776445001363754e-03
4.522235132753849030e-03
4.139081574976444244e-03
5.787194706499576569e-03
4.227988421916961670e-03
4.306125454604625702e-03
6.017792038619518280e-03
3.869682550430297852e-03
4.659010097384452820e-03
4.947901703417301178e-03
4.099266603589057922e-03
4.581585526466369629e-03
4.185025114566087723e-03
4.799580667167901993e-03
4.343296866863965988e-03
4.594006575644016266e-03
4.530574660748243332e-03
4.834216088056564331e-03
4.492507781833410263e-03
4.496887326240539551e-03
4.321787506341934204e-03
4.964839201420545578e-03
4.080862738192081451e-03
5.103372968733310699e-03
3.856283612549304962e-03
5.111447535455226898e-03
3.817721037194132805e-03
4.474668763577938080e-03
4.142058547586202621e-03
4.307397175580263138e-03
4.292887169867753983e-03
4.419640172272920609e-03
4.217075183987617493e-03
4.166607279330492020e-03
4.727161955088376999e-03
4.014479927718639374e-03
4.857066553086042404e-03
4.072191193699836731e-03
4.381815902888774872e-03
4.216183442622423172e-03
4.540812689810991287e-03
3.923928830772638321e-03
4.385932814329862595e-03
3.991076722741127014e-03
4.522631876170635223e-03
4.283415153622627258e-03
4.178383387625217438e-03
4.889220930635929108e-03
3.952829167246818542e-03
4.915880039334297180e-03
4.109567962586879730e-03
3.964716102927923203e-03
4.097274504601955414e-03
4.057788290083408356e-03
4.054733552038669586e-03
3.973312675952911377e-03
4.319036379456520081e-03
4.021957051008939743e-03
4.828325472772121429e-03
3.785537322983145714e-03
4.309071693569421768e-03
4.010379780083894730e-03
4.016796592622995377e-03
4.195983521640300751e-03
4.220002330839633942e-03
4.137500654906034470e-03
4.333492834120988846e-03
4.187054932117462158e-03
4.324417095631361008e-03
4.243880975991487503e-03
3.995160572230815887e-03
4.252711310982704163e-03
4.146775696426630020e-03
4.134425893425941467e-03
4.339609760791063309e-03
3.938596230000257492e-03
4.539149347692728043e-03
3.949568141251802444e-03
4.449343774467706680e-03
4.170331638306379318e-03
4.045975860208272934e-03
4.130472894757986069e-03
4.170722793787717819e-03
3.968536388128995895e-03
4.357940051704645157e-03
4.059101454913616180e-03
4.314638208597898483e-03
4.140955395996570587e-03
4.178253468126058578e-03
4.228834994137287140e-03
4.129532258957624435e-03
4.525698255747556686e-03
3.916346933692693710e-03
4.464827012270689011e-03
3.904306795448064804e-03
4.256729502230882645e-03
3.984916023910045624e-03
4.432063084095716476e-03
3.930394537746906281e-03
4.270120989531278610e-03
3.841279074549674988e-03
4.400716163218021393e-03
3.896166570484638214e-03
4.286706913262605667e-03
3.949414007365703583e-03
4.139621276408433914e-03
4.070536233484745026e-03
4.271839745342731476e-03
4.101498052477836609e-03
4.390684422105550766e-03
4.112680908292531967e-03
4.205991514027118683e-03
4.079020582139492035e-03
4.092708695679903030e-03
4.156137816607952118e-03
4.168527200818061829e-03
3.993621561676263809e-03
4.403809085488319397e-03
3.976311068981885910e-03
4.303456284105777740e-03
3.831990761682391167e-03
4.273201804608106613e-03
3.953030798584222794e-03
3.977368585765361786e-03
4.252980463206768036e-03
3.797690849751234055e-03
4.399769939482212067e-03
4.107247572392225266e-03
3.986645024269819260e-03
4.341701976954936981e-03
3.907554317265748978e-03
4.283913876861333847e-03
3.992614336311817169e-03
4.253545310348272324e-03
3.985242918133735657e-03
4.358111880719661713e-03
3.881813725456595421e-03
4.323408938944339752e-03
3.803232451900839806e-03
4.268671851605176926e-03
3.838713746517896652e-03
4.132368601858615875e-03
3.998075611889362335e-03
4.020343534648418427e-03
4.098239354789257050e-03
4.171233158558607101e-03
4.180847201496362686e-03
4.105647094547748566e-03
4.151397384703159332e-03
4.103589802980422974e-03
4.009291063994169235e-03
4.193680360913276672e-03
3.843861166387796402e-03
4.301311448216438293e-03
3.896556096151471138e-03
4.231430590152740479e-03
3.870496759191155434e-03
4.292228259146213531e-03
3.838110482320189476e-03
4.111808259040117264e-03
4.410509020090103149e-03
3.893808228895068169e-03
3.905619261786341667e-03
4.355510231107473373e-03
3.936727065593004227e-03
3.959173336625099182e-03
4.213904030621051788e-03
3.995485138148069382e-03
4.100289195775985718e-03
4.110642708837985992e-03
4.115269053727388382e-03
4.070826806128025055e-03
4.088791087269783020e-03
4.110125359147787094e-03
4.027806222438812256e-03
4.192607477307319641e-03
3.936684224754571915e-03
4.037392791360616684e-03
4.251633305102586746e-03
3.923473414033651352e-03
4.073943011462688446e-03
4.162628669291734695e-03
3.946896176785230637e-03
4.229741636663675308e-03
4.009737167507410049e-03
4.050919320434331894e-03
4.115085117518901825e-03
4.014171194285154343e-03
4.106102045625448227e-03
4.070029128342866898e-03
4.064080305397510529e-03
4.113795235753059387e-03
4.038879647850990295e-03
4.005569033324718475e-03
4.138238262385129929e-03
3.959305118769407272e-03
4.138188436627388000e-03
4.032008349895477295e-03
4.143568687140941620e-03
4.025902133435010910e-03
4.114913754165172577e-03
4.073205403983592987e-03
4.101294558495283127e-03
4.099998623132705688e-03
4.054899327456951141e-03
4.096034914255142212e-03
4.050782881677150726e-03
4.055510275065898895e-03
4.044335801154375076e-03
4.108526743948459625e-03
3.995303995907306671e-03
4.098547156900167465e-03
4.071968607604503632e-03
4.059296566992998123e-03
4.080689512193202972e-03
4.094229079782962799e-03
3.998511470854282379e-03
4.169397056102752686e-03
3.958543296903371811e-03
4.156621638685464859e-03
4.022468347102403641e-03
4.003687296062707901e-03
4.171422682702541351e-03
4.014627076685428619e-03
4.161405377089977264e-03
3.973229788243770599e-03
4.114430863410234451e-03
4.020695108920335770e-03
4.093626048415899277e-03
4.015810787677764893e-03
4.117248579859733582e-03
4.079578444361686707e-03
4.041965585201978683e-03
4.081260878592729568e-03
4.023149143904447556e-03
4.146771505475044250e-03
3.934864886105060577e-03
4.126615822315216064e-03
3.975322935730218887e-03
4.010503180325031281e-03
4.158978350460529327e-03
3.989708144217729568e-03
4.165640100836753845e-03
4.063268657773733139e-03
4.146441351622343063e-03
4.013304598629474640e-03
4.166315309703350067e-03
4.007800016552209854e-03
4.156270995736122131e-03
3.954637330025434494e-03
4.097030032426118851e-03
4.067712463438510895e-03
4.067369736731052399e-03
4.084616899490356445e-03
4.014513920992612839e-03
4.040659870952367783e-03
4.036614205688238144e-03
4.087456967681646347e-03
4.075444303452968597e-03
4.146942868828773499e-03
4.090882372111082077e-03
3.997577819973230362e-03
4.123658873140811920e-03
4.058998543769121170e-03
3.956316970288753510e-03
4.176976159214973450e-03
4.105019848793745041e-03
3.989891149103641510e-03
4.110229667276144028e-03
4.120723344385623932e-03
4.031076095998287201e-03
4.075803793966770172e-03
4.090543836355209351e-03
4.051829222589731216e-03
4.071722272783517838e-03
4.035588819533586502e-03
4.096327815204858780e-03
4.061892163008451462e-03
4.052634350955486298e-03
4.086379427462816238e-03
4.058903548866510391e-03
4.034393467009067535e-03
4.092150367796421051e-03
4.005779046565294266e-03
4.054141230881214142e-03
4.065271466970443726e-03
4.046719055622816086e-03
4.018254578113555908e-03
4.071721807122230530e-03
4.043131135404109955e-03
3.985980059951543808e-03
4.067657515406608582e-03
4.070698283612728119e-03
3.953415900468826294e-03
4.110253881663084030e-03
4.060618579387664795e-03
3.976336680352687836e-03
4.054359626024961472e-03
4.100969526916742325e-03
4.040037747472524643e-03
4.023271612823009491e-03
4.134585149586200714e-03
3.993066959083080292e-03
3.973287995904684067e-03
4.171315114945173264e-03
3.970788791775703430e-03
3.969605080783367157e-03
4.200083669275045395e-03
3.995945211499929428e-03
3.965798299759626389e-03
4.109028726816177368e-03
4.092012532055377960e-03
3.983745817095041275e-03
4.102843347936868668e-03
4.080794751644134521e-03
4.099562764167785645e-03
4.049142356961965561e-03
4.108419641852378845e-03
4.067927133291959763e-03
4.030254203826189041e-03
4.030524287372827530e-03
4.100678022950887680e-03
4.036092665046453476e-03
4.060879349708557129e-03
4.042925313115119934e-03
4.010766744613647461e-03
4.068445879966020584e-03
4.024162888526916504e-03
3.974917344748973846e-03
4.117437638342380524e-03
4.046665970236063004e-03
4.009728785604238510e-03
4.120296332985162735e-03
4.060243256390094757e-03
4.062532912939786911e-03
3.994081635028123856e-03
4.124610219150781631e-03
4.032158758491277695e-03
4.021830391138792038e-03
4.048898816108703613e-03
4.032201133668422699e-03
4.047505091875791550e-03
4.016417544335126877e-03
4.021477419883012772e-03
4.014027770608663559e-03
4.059219267219305038e-03
3.992335870862007141e-03
4.056613426655530930e-03
4.104559775441884995e-03
3.999938722699880600e-03
4.033579956740140915e-03
4.068070091307163239e-03
4.024834837764501572e-03
4.038150422275066376e-03
4.052507691085338593e-03
4.075612407177686691e-03
3.993268590420484543e-03
4.057728685438632965e-03
4.054408986121416092e-03
4.008425399661064148e-03
4.023943096399307251e-03
4.036618862301111221e-03
4.082928411662578583e-03
4.029931500554084778e-03
3.972883801907300949e-03
4.037748556584119797e-03
4.075968638062477112e-03
4.023771733045578003e-03
4.010257311165332794e-03
4.025472793728113174e-03
4.067391622811555862e-03
4.026125650852918625e-03
4.015889018774032593e-03
4.054221324622631073e-03
4.028317984193563461e-03
4.034057259559631348e-03
4.081293940544128418e-03
4.037391860038042068e-03
4.011167678982019424e-03
4.039056599140167236e-03
4.068985581398010254e-03
4.017814993858337402e-03
4.038706421852111816e-03
4.032185766845941544e-03
4.035453312098979950e-03
4.041296895593404770e-03
4.041100852191448212e-03
4.056156147271394730e-03
4.024390131235122681e-03
4.008342977613210678e-03
4.053577780723571777e-03
4.064569249749183655e-03
3.999813925474882126e-03
4.012450110167264938e-03
4.065452609211206436e-03
4.030591342598199844e-03
4.006277769804000854e-03
4.035558551549911499e-03
4.049988929182291031e-03
4.008702468127012253e-03
4.022493492811918259e-03
4.054853226989507675e-03
4.044150002300739288e-03
4.001167137175798416e-03
4.041825886815786362e-03
4.038150887936353683e-03
4.048373550176620483e-03
4.021615255624055862e-03
3.984329756349325180e-03
4.042970016598701477e-03
4.068330861628055573e-03
4.033011849969625473e-03
4.018157254904508591e-03
4.043897148221731186e-03
4.045173060148954391e-03
4.047934897243976593e-03
4.035466816276311874e-03
4.001997411251068115e-03
4.020413849502801895e-03
4.052008502185344696e-03
4.031982738524675369e-03
4.041929263621568680e-03
4.023537039756774902e-03
4.054018296301364899e-03
4.028878640383481979e-03
4.010993055999279022e-03
4.044672474265098572e-03
4.044811706990003586e-03
4.011112730950117111e-03
4.026303999125957489e-03
4.042166750878095627e-03
4.049301613122224808e-03
4.015790764242410660e-03
4.024480935186147690e-03
4.077372606843709946e-03
4.003302194178104401e-03
4.005121998488903046e-03
4.071561153978109360e-03
4.043654073029756546e-03
4.035804886370897293e-03
3.997206222265958786e-03
3.992869984358549118e-03
4.061905201524496078e-03
4.036088008433580399e-03
4.017900209873914719e-03
4.051322117447853088e-03
4.008274059742689133e-03
4.027181304991245270e-03
4.060864448547363281e-03
4.020863212645053864e-03
3.980810754001140594e-03
4.027394577860832214e-03
4.067532718181610107e-03
4.045171197503805161e-03
4.010690376162528992e-03
4.011496435850858688e-03
4.069547168910503387e-03
4.010909702628850937e-03
4.055995959788560867e-03
4.014672711491584778e-03
4.017632454633712769e-03
4.051855765283107758e-03
4.048654809594154358e-03
4.017147235572338104e-03
4.001644905656576157e-03
4.016632679849863052e-03
4.039410501718521118e-03
4.034804180264472961e-03
4.035270772874355316e-03
4.023880697786808014e-03
4.010915290564298630e-03
4.014540929347276688e-03
4.042017273604869843e-03
4.032279830425977707e-03
4.028950352221727371e-03
4.034384619444608688e-03
4.019867163151502609e-03
4.021076951175928116e-03
4.029578994959592819e-03
4.031534306704998016e-03
4.048978909850120544e-03
4.023707006126642227e-03
4.024223890155553818e-03
4.032845608890056610e-03
4.030663054436445236e-03
4.015292041003704071e-03
4.027015995234251022e-03
4.037474747747182846e-03
4.020884167402982712e-03
4.025353584438562393e-03
4.014934413135051727e-03
4.030661657452583313e-03
4.040163010358810425e-03
4.035059828311204910e-03
4.009283147752285004e-03
4.028613679111003876e-03
4.020683001726865768e-03
4.034775309264659882e-03
4.040128085762262344e-03
4.028032533824443817e-03
4.026900045573711395e-03
4.018430598080158234e-03
4.010525532066822052e-03
4.029357805848121643e-03
4.026514943689107895e-03
4.028019495308399200e-03
4.020467400550842285e-03
4.018280655145645142e-03
4.037242382764816284e-03
4.044408444315195084e-03
4.020272754132747650e-03
4.018900915980339050e-03
4.027558956295251846e-03
4.021488130092620850e-03
4.026537761092185974e-03
4.021860659122467041e-03
4.033124540001153946e-03
4.025366157293319702e-03
4.004413262009620667e-03
4.008379299193620682e-03
4.040687344968318939e-03
4.032485187053680420e-03
4.001720342785120010e-03
3.996974322944879532e-03
4.033388104289770126e-03
4.039905965328216553e-03
4.037651699036359787e-03
4.012878052890300751e-03
3.988373558968305588e-03
4.033492878079414368e-03
4.055758472532033920e-03
4.021937958896160126e-03
4.012137185782194138e-03
4.017621278762817383e-03
4.022036213427782059e-03
4.041591659188270569e-03
4.023892804980278015e-03
4.018431063741445541e-03
4.019062034785747528e-03
4.025794565677642822e-03
4.021199885755777359e-03
4.030638374388217926e-03
4.018845967948436737e-03
3.993611317127943039e-03
4.023747518658638000e-03
4.040469881147146225e-03
4.037372302263975143e-03
3.998303785920143127e-03
3.998560830950737000e-03
4.048446658998727798e-03
4.038945771753787994e-03
4.013597965240478516e-03
4.000403918325901031e-03
4.018101375550031662e-03
4.035712219774723053e-03
4.015137907117605209e-03
4.018222447484731674e-03
4.012820776551961899e-03
4.029574338346719742e-03
4.034467507153749466e-03
4.027456045150756836e-03
4.015055019408464432e-03
4.021644126623868942e-03
4.014893900603055954e-03
4.017990548163652420e-03
4.031532444059848785e-03
4.027211572974920273e-03
4.020232707262039185e-03
4.011422861367464066e-03
4.014257807284593582e-03
4.023339133709669113e-03
4.021341912448406219e-03
4.031526390463113785e-03
4.024006891995668411e-03
4.024342168122529984e-03
4.022004082798957825e-03
4.019215703010559082e-03
4.014759790152311325e-03
4.019553773105144501e-03
4.028880968689918518e-03
4.024934023618698120e-03
4.023581743240356445e-03
4.019537940621376038e-03
4.012578632682561874e-03
4.017435945570468903e-03
4.029601346701383591e-03
4.028855357319116592e-03
4.027967806905508041e-03
4.021812696009874344e-03
4.011504352092742920e-03
4.022477194666862488e-03
4.026411101222038269e-03
4.028958734124898911e-03
4.025564063340425491e-03
4.020482301712036133e-03
4.019502084702253342e-03
4.029189702123403549e-03
4.022434353828430176e-03
4.017682280391454697e-03
4.018047824501991272e-03
4.021178465336561203e-03
4.028295166790485382e-03
4.022847395390272141e-03
4.019741900265216827e-03
4.024144727736711502e-03
4.026109352707862854e-03
4.023230168968439102e-03
4.017858300358057022e-03
4.011299926787614822e-03
4.014133941382169724e-03
4.012560471892356873e-03
4.020633641630411148e-03
4.028786905109882355e-03
4.021074157208204269e-03
4.017640836536884308e-03
4.018464125692844391e-03
4.021806176751852036e-03
4.017868079245090485e-03
4.021223168820142746e-03
4.024645779281854630e-03
4.011131823062896729e-03
4.021532833576202393e-03
4.027343820780515671e-03
4.028481896966695786e-03
4.016891121864318848e-03
4.007395356893539429e-03
4.015180282294750214e-03
4.025627858936786652e-03
4.028209019452333450e-03
4.015384241938591003e-03
4.006010014563798904e-03
4.013962578028440475e-03
4.017151426523923874e-03
4.028943367302417755e-03
4.025915637612342834e-03
4.022847395390272141e-03
4.011854995042085648e-03
4.014956764876842499e-03
4.013697616755962372e-03
4.023526329547166824e-03
4.021657165139913559e-03
4.020133055746555328e-03
4.022958222776651382e-03
4.025514703243970871e-03
4.013627767562866211e-03
4.018552601337432861e-03
4.024782218039035797e-03
4.012225661426782608e-03
4.009286873042583466e-03
4.018905106931924820e-03
4.021087661385536194e-03
4.028773400932550430e-03
4.019807558506727219e-03
4.014658275991678238e-03
4.008271731436252594e-03
4.017282743006944656e-03
4.020587075501680374e-03
4.029752686619758606e-03
4.017964005470275879e-03
4.016230814158916473e-03
4.018145613372325897e-03
4.011990968137979507e-03
4.011529497802257538e-03
4.019892308861017227e-03
4.025240428745746613e-03
4.017877392470836639e-03
4.020396154373884201e-03
4.015102982521057129e-03
4.017470404505729675e-03
4.018920008093118668e-03
4.021321423351764679e-03
4.019501619040966034e-03
4.018757492303848267e-03
4.019121173769235611e-03
4.016740247607231140e-03
4.020161926746368408e-03
4.020467866212129593e-03
4.021904431283473969e-03
4.018786828964948654e-03
4.012714140117168427e-03
4.017208702862262726e-03
4.021137487143278122e-03
4.022974986582994461e-03
4.019853193312883377e-03
4.017974250018596649e-03
4.018002655357122421e-03
4.019439686089754105e-03
4.021893721073865891e-03
4.019777290523052216e-03
4.019608721137046814e-03
4.017738159745931625e-03
4.012859892100095749e-03
4.015165381133556366e-03
4.015809856355190277e-03
4.014334175735712051e-03
4.014356527477502823e-03
4.016076214611530304e-03
4.021610599011182785e-03
4.022914450615644455e-03
4.014789592474699020e-03
4.018115345388650894e-03
4.017142113298177719e-03
4.015324637293815613e-03
4.015139769762754440e-03
4.019548650830984116e-03
4.020351450890302658e-03
4.020145162940025330e-03
4.017129074782133102e-03
4.013228695839643478e-03
4.011878743767738342e-03
4.019545856863260269e-03
4.026798065751791000e-03
4.023370798677206039e-03
4.022864159196615219e-03
4.021790344268083572e-03
4.019916057586669922e-03
4.016938619315624237e-03
4.012219142168760300e-03
4.011771176010370255e-03
4.015068989247083664e-03
4.012482240796089172e-03
4.020391497761011124e-03
4.018625710159540176e-03
4.016941413283348083e-03
4.014328587800264359e-03
4.019385669380426407e-03
4.021398723125457764e-03
4.020184744149446487e-03
4.019812680780887604e-03
4.012939054518938065e-03
4.017572384327650070e-03
4.020168911665678024e-03
4.013478290289640427e-03
4.016926977783441544e-03
4.017361439764499664e-03
4.015324171632528305e-03
4.017439205199480057e-03
4.019146785140037537e-03
4.020716995000839233e-03
4.020807798951864243e-03
4.018516279757022858e-03
4.018606152385473251e-03
4.014998674392700195e-03
4.016923252493143082e-03
4.012771882116794586e-03
4.017117898911237717e-03
4.020884167402982712e-03
4.015337210148572922e-03
4.016812425106763840e-03
4.018636886030435562e-03
4.017453175038099289e-03
4.018126986920833588e-03
4.017204046249389648e-03
4.015842918306589127e-03
4.018128383904695511e-03
4.014356527477502823e-03
4.014941863715648651e-03
4.013866186141967773e-03
4.017845261842012405e-03
4.017066676169633865e-03
4.018558654934167862e-03
4.018475301563739777e-03
4.019719548523426056e-03
4.019268788397312164e-03
4.017062019556760788e-03
4.016291815787553787e-03
4.016813356429338455e-03
4.016962368041276932e-03
4.014643840491771698e-03
4.015725106000900269e-03
4.013410303741693497e-03
4.014583304524421692e-03
4.016791004687547684e-03
4.019811749458312988e-03
4.018858075141906738e-03
4.017944913357496262e-03
4.015573300421237946e-03
4.016754683107137680e-03
4.017283208668231964e-03
4.013368859887123108e-03
4.012016113847494125e-03
4.013589583337306976e-03
4.016165621578693390e-03
4.016400780528783798e-03
4.017847590148448944e-03
4.018927924335002899e-03
4.019233398139476776e-03
4.020554013550281525e-03
4.019810818135738373e-03
4.019069485366344452e-03
4.015203099697828293e-03
4.015236627310514450e-03
4.016121383756399155e-03
4.016377963125705719e-03
4.015210084617137909e-03
4.016330931335687637e-03
4.013270605355501175e-03
4.011413548141717911e-03
4.015484824776649475e-03
4.018283914774656296e-03
4.016022197902202606e-03
4.017840139567852020e-03
4.018834326416254044e-03
4.016129765659570694e-03
4.016640596091747284e-03
4.017913248389959335e-03
4.016369115561246872e-03
4.015421029180288315e-03
4.016484599560499191e-03
4.015952814370393753e-03
4.018201492726802826e-03
4.016420803964138031e-03
4.016857594251632690e-03
4.016127903014421463e-03
4.016938619315624237e-03
4.017516970634460449e-03
4.015069920569658279e-03
4.013647790998220444e-03
4.014797508716583252e-03
4.015472251921892166e-03
4.012758843600749969e-03
4.017141181975603104e-03
4.014850594103336334e-03
4.017500206828117371e-03
4.014644306153059006e-03
4.016615450382232666e-03
4.017753526568412781e-03
4.019118845462799072e-03
4.017462953925132751e-03
4.016767721623182297e-03
4.015620332211256027e-03
4.014130216091871262e-03
4.014720674604177475e-03
4.012067336589097977e-03
4.015237558633089066e-03
4.014692734926939011e-03
4.015520215034484863e-03
4.015469457954168320e-03
4.014868754893541336e-03
4.015495069324970245e-03
4.013292025774717331e-03
4.013259429484605789e-03
4.015159327536821365e-03
4.018297884613275528e-03
4.017223138362169266e-03
4.019051790237426758e-03
4.018971696496009827e-03
4.017723724246025085e-03
4.016453400254249573e-03
4.013299942016601562e-03
4.012956749647855759e-03
4.014042671769857407e-03
4.012359771877527237e-03
4.015074111521244049e-03
4.015809390693902969e-03
4.017821047455072403e-03
4.017525352537631989e-03
4.016201943159103394e-03
4.013756290078163147e-03
4.013328347355127335e-03
4.014093894511461258e-03
4.015167243778705597e-03
4.016612656414508820e-03
4.014888312667608261e-03
4.016474820673465729e-03
4.016369115561246872e-03
4.016057122498750687e-03
4.015562124550342560e-03
4.015511367470026016e-03
4.016686696559190750e-03
4.016152583062648773e-03
4.016099963337182999e-03
4.017293918877840042e-03
4.016586113721132278e-03
4.014986567199230194e-03
4.013702739030122757e-03
4.015421960502862930e-03
4.015379585325717926e-03
4.015482030808925629e-03
4.014404956251382828e-03
4.014994949102401733e-03
4.016533493995666504e-03
4.017086699604988098e-03
4.016110673546791077e-03
4.014911595731973648e-03
4.014943260699510574e-03
4.014865495264530182e-03
4.014208912849426270e-03
4.013908561319112778e-03
4.013965837657451630e-03
4.014228004962205887e-03
4.014229867607355118e-03
4.014940001070499420e-03
4.016689490526914597e-03
4.017815925180912018e-03
4.017604514956474304e-03
4.017999861389398575e-03
4.018102772533893585e-03
4.017408005893230438e-03
4.016472026705741882e-03
4.015368875116109848e-03
4.014329984784126282e-03
4.015597980469465256e-03
4.014152102172374725e-03
4.015005659312009811e-03
4.014366306364536285e-03
4.015053156763315201e-03
4.015312530100345612e-03
4.016090650111436844e-03
4.015266429632902145e-03
4.015651065856218338e-03
4.014731384813785553e-03
4.014598205685615540e-03
4.015848040580749512e-03
4.016265273094177246e-03
4.015627782791852951e-03
4.015425220131874084e-03
4.014645703136920929e-03
4.014705307781696320e-03
4.014157690107822418e-03
4.014725796878337860e-03
4.015842452645301819e-03
4.016389604657888412e-03
4.015802871435880661e-03
4.015083424746990204e-03
4.015369340777397156e-03
4.014089703559875488e-03
4.013476427644491196e-03
4.014434292912483215e-03
4.015391692519187927e-03
4.015790298581123352e-03
4.015122074633836746e-03
4.015356302261352539e-03
4.015201237052679062e-03
4.015586338937282562e-03
4.016872029751539230e-03
4.015592392534017563e-03
4.014115314930677414e-03
4.014217760413885117e-03
4.015302751213312149e-03
4.014844074845314026e-03
4.016007296741008759e-03
4.014838021248579025e-03
4.015401937067508698e-03
4.015560727566480637e-03
4.015242215245962143e-03
4.016295541077852249e-03
4.016157705336809158e-03
4.016430117189884186e-03
4.017967265099287033e-03
4.017078317701816559e-03
4.016461782157421112e-03
4.014181904494762421e-03
4.014096222817897797e-03
4.012410528957843781e-03
4.011641722172498703e-03
4.013566765934228897e-03
4.014097154140472412e-03
4.015678539872169495e-03
4.015895538032054901e-03
4.016614053398370743e-03
4.016448277980089188e-03
4.016703460365533829e-03
4.016958642750978470e-03
4.016023129224777222e-03
4.016087390482425690e-03
4.015522543340921402e-03
4.014708101749420166e-03
4.015169106423854828e-03
4.015498328953981400e-03
4.014877136796712875e-03
4.015108570456504822e-03
4.015577491372823715e-03
4.015285056084394455e-03
4.014709498733282089e-03
4.015031736344099045e-03
4.015246406197547913e-03
4.015379585325717926e-03
4.014367237687110901e-03
4.014034755527973175e-03
4.014611709862947464e-03
4.015041049569845200e-03
4.015303216874599457e-03
4.015322774648666382e-03
4.014844074845314026e-03
4.014865960925817490e-03
4.015306010842323303e-03
4.015109501779079437e-03
4.015507176518440247e-03
4.015200771391391754e-03
4.014797043055295944e-03
4.015035927295684814e-03
4.014760255813598633e-03
4.014995414763689041e-03
4.014786332845687866e-03
4.015163518488407135e-03
4.014751408249139786e-03
4.014919511973857880e-03
4.015286918729543686e-03
4.015271086245775223e-03
4.015226382762193680e-03
4.015492275357246399e-03
4.015454091131687164e-03
4.014970734715461731e-03
4.015130922198295593e-03
4.014999605715274811e-03
4.015228245407342911e-03
4.014907870441675186e-03
4.015136044472455978e-03
4.014556761831045151e-03
4.014043603092432022e-03
4.014330916106700897e-03
4.015141632407903671e-03
4.015066195279359818e-03
4.015210550278425217e-03
4.015083890408277512e-03
4.014288540929555893e-03
4.014391917735338211e-03
4.015194717794656754e-03
4.014626145362854004e-03
4.014179576188325882e-03
4.015075974166393280e-03
4.015134181827306747e-03
4.014762584120035172e-03
4.014581441879272461e-03
4.015118815004825592e-03
4.015509039163589478e-03
4.014377016574144363e-03
4.014546982944011688e-03
4.014852456748485565e-03
4.015601705759763718e-03
4.015128128230571747e-03
4.014583770185709000e-03
4.014996811747550964e-03
4.015144426375627518e-03
4.015795886516571045e-03
4.015203099697828293e-03
4.015794955193996429e-03
4.015288781374692917e-03
4.014243371784687042e-03
4.013892263174057007e-03
4.013970028609037399e-03
4.014424979686737061e-03
4.014576785266399384e-03
4.014965612441301346e-03
4.015256650745868683e-03
4.014682024717330933e-03
4.015265032649040222e-03
4.015237092971801758e-03
4.014789592474699020e-03
4.014530684798955917e-03
4.014238249510526657e-03
4.014903679490089417e-03
4.015499725937843323e-03
4.015639889985322952e-03
4.015778191387653351e-03
4.015232436358928680e-03
4.015545360743999481e-03
4.015003331005573273e-03
4.014214500784873962e-03
