4.928620910644531250e+01
4.632364273071289062e+01
4.529942703247070312e+01
4.285735321044921875e+01
4.237897109985351562e+01
4.156836318969726562e+01
4.118450164794921875e+01
3.799600982666015625e+01
3.550170516967773438e+01
3.434761428833007812e+01
3.276659393310546875e+01
2.871798896789550781e+01
2.552711105346679688e+01
2.587174606323242188e+01
2.447444915771484375e+01
2.405344009399414062e+01
1.876750183105468750e+01
2.059840965270996094e+01
1.707347488403320312e+01
1.798830604553222656e+01
1.598607349395751953e+01
1.860281181335449219e+01
1.829686737060546875e+01
1.493439197540283203e+01
1.482854270935058594e+01
1.516150856018066406e+01
1.356567478179931641e+01
1.901315307617187500e+01
3.286152648925781250e+01
1.349616050720214844e+01
1.278505325317382812e+01
1.230211067199707031e+01
1.142279148101806641e+01
2.072384834289550781e+01
2.229381370544433594e+01
2.436849021911621094e+01
1.490115165710449219e+01
1.139298057556152344e+01
1.113599777221679688e+01
1.510762977600097656e+01
1.490334224700927734e+01
1.535248947143554688e+01
1.251195144653320312e+01
1.162811470031738281e+01
1.535321426391601562e+01
1.417411613464355469e+01
1.544042110443115234e+01
1.668291473388671875e+01
1.924389648437500000e+01
1.266089439392089844e+01
1.086876296997070312e+01
1.617756271362304688e+01
1.055960273742675781e+01
1.138799858093261719e+01
1.071848869323730469e+01
1.092276191711425781e+01
1.460522079467773438e+01
1.241712188720703125e+01
1.596495914459228516e+01
1.244374752044677734e+01
1.008025932312011719e+01
1.411642265319824219e+01
1.036088752746582031e+01
1.131514549255371094e+01
1.433493232727050781e+01
1.155890750885009766e+01
1.346362209320068359e+01
1.672187423706054688e+01
1.709354019165039062e+01
1.176728153228759766e+01
1.619227600097656250e+01
1.132832717895507812e+01
1.102137565612792969e+01
1.478953170776367188e+01
1.237208175659179688e+01
1.195072555541992188e+01
1.072778701782226562e+01
1.119095802307128906e+01
9.973362922668457031e+00
1.356818771362304688e+01
1.001004791259765625e+01
1.041697692871093750e+01
9.631603240966796875e+00
1.001037979125976562e+01
1.206305027008056641e+01
1.171899414062500000e+01
1.075556945800781250e+01
1.029649925231933594e+01
9.595607757568359375e+00
1.094785118103027344e+01
1.163674163818359375e+01
1.118151092529296875e+01
9.542554855346679688e+00
9.991624832153320312e+00
9.729277610778808594e+00
1.170297813415527344e+01
1.219924354553222656e+01
9.988142013549804688e+00
1.000642204284667969e+01
1.133485507965087891e+01
9.840857505798339844e+00
1.147208404541015625e+01
1.015247440338134766e+01
9.389281272888183594e+00
1.302984428405761719e+01
1.148847007751464844e+01
1.257093715667724609e+01
1.010402297973632812e+01
1.515831565856933594e+01
9.304510116577148438e+00
9.667830467224121094e+00
9.557134628295898438e+00
1.291414642333984375e+01
1.081318378448486328e+01
9.924420356750488281e+00
1.754274940490722656e+01
1.083468437194824219e+01
1.054282665252685547e+01
9.882308006286621094e+00
1.000048828125000000e+01
9.426799774169921875e+00
1.087524032592773438e+01
9.597239494323730469e+00
9.950873374938964844e+00
1.024438762664794922e+01
1.329406356811523438e+01
1.114434432983398438e+01
1.330090522766113281e+01
1.165650558471679688e+01
1.213718986511230469e+01
9.366013526916503906e+00
1.079175758361816406e+01
9.500169754028320312e+00
1.238020515441894531e+01
1.000941276550292969e+01
1.215928554534912109e+01
9.531092643737792969e+00
1.222472190856933594e+01
9.410893440246582031e+00
1.239466285705566406e+01
1.018861770629882812e+01
1.009529972076416016e+01
1.364199066162109375e+01
1.581161308288574219e+01
9.097378730773925781e+00
1.102676963806152344e+01
1.768002128601074219e+01
9.715195655822753906e+00
9.893670082092285156e+00
1.399549388885498047e+01
9.924338340759277344e+00
1.035396766662597656e+01
9.114175796508789062e+00
1.056235313415527344e+01
9.226648330688476562e+00
9.577471733093261719e+00
9.509720802307128906e+00
1.089119720458984375e+01
9.573101043701171875e+00
9.557485580444335938e+00
9.638227462768554688e+00
1.219926929473876953e+01
1.075833225250244141e+01
1.335897827148437500e+01
9.856555938720703125e+00
1.296919441223144531e+01
9.829927444458007812e+00
9.717505455017089844e+00
9.517872810363769531e+00
9.566234588623046875e+00
9.774149894714355469e+00
9.935199737548828125e+00
9.298336029052734375e+00
9.400063514709472656e+00
1.141666603088378906e+01
9.595406532287597656e+00
1.193345832824707031e+01
9.093866348266601562e+00
1.016275024414062500e+01
9.623139381408691406e+00
1.081884384155273438e+01
9.322463989257812500e+00
1.014581871032714844e+01
9.093654632568359375e+00
1.071835899353027344e+01
9.489164352416992188e+00
9.406449317932128906e+00
1.230258560180664062e+01
1.017556285858154297e+01
1.289280891418457031e+01
1.020323562622070312e+01
1.129465389251708984e+01
1.046814918518066406e+01
9.755523681640625000e+00
9.357879638671875000e+00
9.112131118774414062e+00
9.674570083618164062e+00
9.214653015136718750e+00
1.214304351806640625e+01
9.246448516845703125e+00
1.021445083618164062e+01
9.263201713562011719e+00
9.212389945983886719e+00
9.512947082519531250e+00
9.761245727539062500e+00
9.339310646057128906e+00
9.957937240600585938e+00
9.412933349609375000e+00
9.835328102111816406e+00
9.600046157836914062e+00
9.587027549743652344e+00
9.586133956909179688e+00
9.416532516479492188e+00
9.395128250122070312e+00
1.031110382080078125e+01
9.382723808288574219e+00
1.132230281829833984e+01
9.478179931640625000e+00
1.069162940979003906e+01
9.655562400817871094e+00
9.362067222595214844e+00
9.397305488586425781e+00
9.732993125915527344e+00
9.918130874633789062e+00
1.011298465728759766e+01
9.281933784484863281e+00
9.724317550659179688e+00
9.362031936645507812e+00
9.427980422973632812e+00
9.572387695312500000e+00
9.368923187255859375e+00
1.142430782318115234e+01
9.664913177490234375e+00
1.118695640563964844e+01
9.187403678894042969e+00
1.017969703674316406e+01
9.332192420959472656e+00
1.152106475830078125e+01
9.423463821411132812e+00
1.036339950561523438e+01
9.615837097167968750e+00
1.081445217132568359e+01
9.607668876647949219e+00
1.008160209655761719e+01
9.241182327270507812e+00
9.467432975769042969e+00
9.344838142395019531e+00
9.940394401550292969e+00
9.403382301330566406e+00
1.055175399780273438e+01
9.373682022094726562e+00
9.743974685668945312e+00
9.339717864990234375e+00
9.385961532592773438e+00
9.649985313415527344e+00
9.721759796142578125e+00
9.363700866699218750e+00
1.102349376678466797e+01
9.293571472167968750e+00
1.034238243103027344e+01
9.568742752075195312e+00
1.020354652404785156e+01
9.235586166381835938e+00
9.777854919433593750e+00
1.032233428955078125e+01
9.554711341857910156e+00
1.066148948669433594e+01
9.726457595825195312e+00
9.987879753112792969e+00
1.060493373870849609e+01
9.126451492309570312e+00
1.015626525878906250e+01
9.253282546997070312e+00
1.026106357574462891e+01
9.453606605529785156e+00
1.098130989074707031e+01
9.664674758911132812e+00
1.072087669372558594e+01
9.627642631530761719e+00
1.009408283233642578e+01
9.235209465026855469e+00
9.608983993530273438e+00
9.307427406311035156e+00
9.338698387145996094e+00
9.439179420471191406e+00
9.739330291748046875e+00
9.704570770263671875e+00
9.449775695800781250e+00
9.682902336120605469e+00
9.566326141357421875e+00
9.302630424499511719e+00
1.004863929748535156e+01
9.669061660766601562e+00
1.056814765930175781e+01
9.194253921508789062e+00
9.956391334533691406e+00
9.284879684448242188e+00
1.035986328125000000e+01
9.783595085144042969e+00
9.475119590759277344e+00
1.134350013732910156e+01
9.185581207275390625e+00
9.555305480957031250e+00
1.085280036926269531e+01
9.210872650146484375e+00
9.275169372558593750e+00
1.004319095611572266e+01
9.284659385681152344e+00
9.566296577453613281e+00
9.541254997253417969e+00
9.612324714660644531e+00
9.434891700744628906e+00
9.473526000976562500e+00
9.627164840698242188e+00
9.329813003540039062e+00
1.007532501220703125e+01
9.286546707153320312e+00
9.355239868164062500e+00
1.046808433532714844e+01
9.266663551330566406e+00
9.453259468078613281e+00
9.898125648498535156e+00
9.248162269592285156e+00
1.016515636444091797e+01
9.315808296203613281e+00
9.398461341857910156e+00
9.722650527954101562e+00
9.314189910888671875e+00
9.645883560180664062e+00
9.482070922851562500e+00
9.413193702697753906e+00
9.637136459350585938e+00
9.378108978271484375e+00
9.297351837158203125e+00
9.869194984436035156e+00
9.253208160400390625e+00
9.813725471496582031e+00
9.345066070556640625e+00
9.776936531066894531e+00
9.318928718566894531e+00
9.575860977172851562e+00
9.490528106689453125e+00
9.623396873474121094e+00
9.546069145202636719e+00
9.393295288085937500e+00
9.604538917541503906e+00
9.398777961730957031e+00
9.432599067687988281e+00
9.391622543334960938e+00
9.732414245605468750e+00
9.281917572021484375e+00
9.596181869506835938e+00
9.480976104736328125e+00
9.448963165283203125e+00
9.504569053649902344e+00
9.589712142944335938e+00
9.277452468872070312e+00
1.002768135070800781e+01
9.284618377685546875e+00
9.770241737365722656e+00
9.324872016906738281e+00
9.294353485107421875e+00
9.967869758605957031e+00
9.307250976562500000e+00
9.908947944641113281e+00
9.275144577026367188e+00
9.700954437255859375e+00
9.316270828247070312e+00
9.567464828491210938e+00
9.299165725708007812e+00
9.631208419799804688e+00
9.489336013793945312e+00
9.369498252868652344e+00
9.508382797241210938e+00
9.350140571594238281e+00
9.901215553283691406e+00
9.271073341369628906e+00
9.682802200317382812e+00
9.249036788940429688e+00
9.311929702758789062e+00
9.694960594177246094e+00
9.275374412536621094e+00
9.802895545959472656e+00
9.400079727172851562e+00
9.766698837280273438e+00
9.305860519409179688e+00
9.879044532775878906e+00
9.285099983215332031e+00
9.878340721130371094e+00
9.266888618469238281e+00
9.544345855712890625e+00
9.477929115295410156e+00
9.473516464233398438e+00
9.465218544006347656e+00
9.311953544616699219e+00
9.375017166137695312e+00
9.359579086303710938e+00
9.469995498657226562e+00
9.448603630065917969e+00
9.737590789794921875e+00
9.507687568664550781e+00
9.278121948242187500e+00
9.689670562744140625e+00
9.413047790527343750e+00
9.278898239135742188e+00
9.869986534118652344e+00
9.576434135437011719e+00
9.271793365478515625e+00
9.617272377014160156e+00
9.666974067687988281e+00
9.350144386291503906e+00
9.510279655456542969e+00
9.606836318969726562e+00
9.428767204284667969e+00
9.524477958679199219e+00
9.373248100280761719e+00
9.624786376953125000e+00
9.492488861083984375e+00
9.449676513671875000e+00
9.608196258544921875e+00
9.498516082763671875e+00
9.398942947387695312e+00
9.716203689575195312e+00
9.321151733398437500e+00
9.486265182495117188e+00
9.535482406616210938e+00
9.474582672119140625e+00
9.366840362548828125e+00
9.564881324768066406e+00
9.442890167236328125e+00
9.271680831909179688e+00
9.533109664916992188e+00
9.567238807678222656e+00
9.228339195251464844e+00
9.669475555419921875e+00
9.471928596496582031e+00
9.257053375244140625e+00
9.455030441284179688e+00
9.655591011047363281e+00
9.403832435607910156e+00
9.327283859252929688e+00
9.732220649719238281e+00
9.273344039916992188e+00
9.246693611145019531e+00
1.004456806182861328e+01
9.243229866027832031e+00
9.268365859985351562e+00
1.012112522125244141e+01
9.282426834106445312e+00
9.285427093505859375e+00
9.581389427185058594e+00
9.567548751831054688e+00
9.255655288696289062e+00
9.608242034912109375e+00
9.484518051147460938e+00
9.606287002563476562e+00
9.392851829528808594e+00
9.675833702087402344e+00
9.487249374389648438e+00
9.387064933776855469e+00
9.389701843261718750e+00
9.667003631591796875e+00
9.399199485778808594e+00
9.503573417663574219e+00
9.449171066284179688e+00
9.337198257446289062e+00
9.551477432250976562e+00
9.379695892333984375e+00
9.254069328308105469e+00
9.737565994262695312e+00
9.437903404235839844e+00
9.311355590820312500e+00
9.727514266967773438e+00
9.495189666748046875e+00
9.541633605957031250e+00
9.292125701904296875e+00
9.871692657470703125e+00
9.445188522338867188e+00
9.396533966064453125e+00
9.481227874755859375e+00
9.433835983276367188e+00
9.547798156738281250e+00
9.400886535644531250e+00
9.390680313110351562e+00
9.349736213684082031e+00
9.562246322631835938e+00
9.297925949096679688e+00
9.505905151367187500e+00
9.749444961547851562e+00
9.324170112609863281e+00
9.441545486450195312e+00
9.581833839416503906e+00
9.414613723754882812e+00
9.455017089843750000e+00
9.519562721252441406e+00
9.610595703125000000e+00
9.309485435485839844e+00
9.529926300048828125e+00
9.568140029907226562e+00
9.371063232421875000e+00
9.407110214233398438e+00
9.435651779174804688e+00
9.668970108032226562e+00
9.451404571533203125e+00
9.263669967651367188e+00
9.449694633483886719e+00
9.626355171203613281e+00
9.422508239746093750e+00
9.374244689941406250e+00
9.424919128417968750e+00
9.588010787963867188e+00
9.409387588500976562e+00
9.376663208007812500e+00
9.544313430786132812e+00
9.412208557128906250e+00
9.425899505615234375e+00
9.658941268920898438e+00
9.453315734863281250e+00
9.350204467773437500e+00
9.455753326416015625e+00
9.599161148071289062e+00
9.397442817687988281e+00
9.479885101318359375e+00
9.452129364013671875e+00
9.456777572631835938e+00
9.461065292358398438e+00
9.470079421997070312e+00
9.556241989135742188e+00
9.425382614135742188e+00
9.355825424194335938e+00
9.530385017395019531e+00
9.589511871337890625e+00
9.338087081909179688e+00
9.370513916015625000e+00
9.591371536254882812e+00
9.453516006469726562e+00
9.360175132751464844e+00
9.469282150268554688e+00
9.545126914978027344e+00
9.368591308593750000e+00
9.399642944335937500e+00
9.541320800781250000e+00
9.496187210083007812e+00
9.322916030883789062e+00
9.482036590576171875e+00
9.483166694641113281e+00
9.545495033264160156e+00
9.418928146362304688e+00
9.286409378051757812e+00
9.482189178466796875e+00
9.587705612182617188e+00
9.447349548339843750e+00
9.386409759521484375e+00
9.489740371704101562e+00
9.477178573608398438e+00
9.507669448852539062e+00
9.464868545532226562e+00
9.337875366210937500e+00
9.408520698547363281e+00
9.523350715637207031e+00
9.428889274597167969e+00
9.478529930114746094e+00
9.420008659362792969e+00
9.543610572814941406e+00
9.433362960815429688e+00
9.364450454711914062e+00
9.502901077270507812e+00
9.517908096313476562e+00
9.380674362182617188e+00
9.439258575439453125e+00
9.507227897644042969e+00
9.546867370605468750e+00
9.383929252624511719e+00
9.412254333496093750e+00
9.684904098510742188e+00
9.350897789001464844e+00
9.338350296020507812e+00
9.628282546997070312e+00
9.508298873901367188e+00
9.465678215026855469e+00
9.329726219177246094e+00
9.313123703002929688e+00
9.585700988769531250e+00
9.482690811157226562e+00
9.405977249145507812e+00
9.549313545227050781e+00
9.367881774902343750e+00
9.431377410888671875e+00
9.591598510742187500e+00
9.424233436584472656e+00
9.283712387084960938e+00
9.439717292785644531e+00
9.615434646606445312e+00
9.512768745422363281e+00
9.376399993896484375e+00
9.363463401794433594e+00
9.604071617126464844e+00
9.386274337768554688e+00
9.615303039550781250e+00
9.402261734008789062e+00
9.396295547485351562e+00
9.542034149169921875e+00
9.532035827636718750e+00
9.408321380615234375e+00
9.350054740905761719e+00
9.403095245361328125e+00
9.490667343139648438e+00
9.477119445800781250e+00
9.486203193664550781e+00
9.445753097534179688e+00
9.393146514892578125e+00
9.405630111694335938e+00
9.511001586914062500e+00
9.458207130432128906e+00
9.446671485900878906e+00
9.471192359924316406e+00
9.420110702514648438e+00
9.421506881713867188e+00
9.457397460937500000e+00
9.464117050170898438e+00
9.550485610961914062e+00
9.442457199096679688e+00
9.436180114746093750e+00
9.470552444458007812e+00
9.463023185729980469e+00
9.406948089599609375e+00
9.461223602294921875e+00
9.506587982177734375e+00
9.426050186157226562e+00
9.440922737121582031e+00
9.404995918273925781e+00
9.473250389099121094e+00
9.519199371337890625e+00
9.489320755004882812e+00
9.374916076660156250e+00
9.452919960021972656e+00
9.421953201293945312e+00
9.489089965820312500e+00
9.511112213134765625e+00
9.458606719970703125e+00
9.455206871032714844e+00
9.424650192260742188e+00
9.393471717834472656e+00
9.470944404602050781e+00
9.455850601196289062e+00
9.453028678894042969e+00
9.430665969848632812e+00
9.419616699218750000e+00
9.494414329528808594e+00
9.536852836608886719e+00
9.433575630187988281e+00
9.429837226867675781e+00
9.459289550781250000e+00
9.433659553527832031e+00
9.452775955200195312e+00
9.434876441955566406e+00
9.492043495178222656e+00
9.466255187988281250e+00
9.376726150512695312e+00
9.386820793151855469e+00
9.520527839660644531e+00
9.482786178588867188e+00
9.362011909484863281e+00
9.343837738037109375e+00
9.470040321350097656e+00
9.501037597656250000e+00
9.501070976257324219e+00
9.406627655029296875e+00
9.321376800537109375e+00
9.490036010742187500e+00
9.589164733886718750e+00
9.430930137634277344e+00
9.396331787109375000e+00
9.407455444335937500e+00
9.434820175170898438e+00
9.531703948974609375e+00
9.458390235900878906e+00
9.421543121337890625e+00
9.420682907104492188e+00
9.437318801879882812e+00
9.424992561340332031e+00
9.486536979675292969e+00
9.434344291687011719e+00
9.343492507934570312e+00
9.447584152221679688e+00
9.513431549072265625e+00
9.518297195434570312e+00
9.359220504760742188e+00
9.354269981384277344e+00
9.556576728820800781e+00
9.515892028808593750e+00
9.407245635986328125e+00
9.353239059448242188e+00
9.428995132446289062e+00
9.502079010009765625e+00
9.416301727294921875e+00
9.432071685791015625e+00
9.410872459411621094e+00
9.474730491638183594e+00
9.501964569091796875e+00
9.468089103698730469e+00
9.409553527832031250e+00
9.437169075012207031e+00
9.411049842834472656e+00
9.426012039184570312e+00
9.484134674072265625e+00
9.470015525817871094e+00
9.443937301635742188e+00
9.406571388244628906e+00
9.418619155883789062e+00
9.455585479736328125e+00
9.441900253295898438e+00
9.486804008483886719e+00
9.455101013183593750e+00
9.453607559204101562e+00
9.444658279418945312e+00
9.430677413940429688e+00
9.412065505981445312e+00
9.429933547973632812e+00
9.475214958190917969e+00
9.461853027343750000e+00
9.454354286193847656e+00
9.436561584472656250e+00
9.408969879150390625e+00
9.428749084472656250e+00
9.476121902465820312e+00
9.471246719360351562e+00
9.470362663269042969e+00
9.444805145263671875e+00
9.399238586425781250e+00
9.443647384643554688e+00
9.458471298217773438e+00
9.472953796386718750e+00
9.455842018127441406e+00
9.441698074340820312e+00
9.433987617492675781e+00
9.481615066528320312e+00
9.456039428710937500e+00
9.434864044189453125e+00
9.432863235473632812e+00
9.439313888549804688e+00
9.477141380310058594e+00
9.443235397338867188e+00
9.429388046264648438e+00
9.451724052429199219e+00
9.467263221740722656e+00
9.458008766174316406e+00
9.433433532714843750e+00
9.410327911376953125e+00
9.421495437622070312e+00
9.414717674255371094e+00
9.442579269409179688e+00
9.479545593261718750e+00
9.449490547180175781e+00
9.431449890136718750e+00
9.437833786010742188e+00
9.453722000122070312e+00
9.433944702148437500e+00
9.449392318725585938e+00
9.461036682128906250e+00
9.407352447509765625e+00
9.453029632568359375e+00
9.476518630981445312e+00
9.480139732360839844e+00
9.426303863525390625e+00
9.388514518737792969e+00
9.421291351318359375e+00
9.471858024597167969e+00
9.485437393188476562e+00
9.429039955139160156e+00
9.395215034484863281e+00
9.423985481262207031e+00
9.428831100463867188e+00
9.478351593017578125e+00
9.467956542968750000e+00
9.457123756408691406e+00
9.413050651550292969e+00
9.423961639404296875e+00
9.418510437011718750e+00
9.456028938293457031e+00
9.442024230957031250e+00
9.438892364501953125e+00
9.450220108032226562e+00
9.466854095458984375e+00
9.421637535095214844e+00
9.448020935058593750e+00
9.469852447509765625e+00
9.417610168457031250e+00
9.402556419372558594e+00
9.436689376831054688e+00
9.448313713073730469e+00
9.481322288513183594e+00
9.445380210876464844e+00
9.425691604614257812e+00
9.393226623535156250e+00
9.435130119323730469e+00
9.448434829711914062e+00
9.484273910522460938e+00
9.438885688781738281e+00
9.432198524475097656e+00
9.440271377563476562e+00
9.415665626525878906e+00
9.411432266235351562e+00
9.446819305419921875e+00
9.466620445251464844e+00
9.438690185546875000e+00
9.448159217834472656e+00
9.426069259643554688e+00
9.435016632080078125e+00
9.443021774291992188e+00
9.450499534606933594e+00
9.443048477172851562e+00
9.439703941345214844e+00
9.439533233642578125e+00
9.429316520690917969e+00
9.448157310485839844e+00
9.449848175048828125e+00
9.457011222839355469e+00
9.444930076599121094e+00
9.419821739196777344e+00
9.435367584228515625e+00
9.451635360717773438e+00
9.457529067993164062e+00
9.445240974426269531e+00
9.439974784851074219e+00
9.439661026000976562e+00
9.448694229125976562e+00
9.461190223693847656e+00
9.450568199157714844e+00
9.450533866882324219e+00
9.439218521118164062e+00
9.419570922851562500e+00
9.429014205932617188e+00
9.433085441589355469e+00
9.424025535583496094e+00
9.419998168945312500e+00
9.426822662353515625e+00
9.455503463745117188e+00
9.461098670959472656e+00
9.431295394897460938e+00
9.443378448486328125e+00
9.437366485595703125e+00
9.428705215454101562e+00
9.428855895996093750e+00
9.449316024780273438e+00
9.450227737426757812e+00
9.448972702026367188e+00
9.433409690856933594e+00
9.416950225830078125e+00
9.412317276000976562e+00
9.446422576904296875e+00
9.480068206787109375e+00
9.465911865234375000e+00
9.463180541992187500e+00
9.457981109619140625e+00
9.450284957885742188e+00
9.440059661865234375e+00
9.418324470520019531e+00
9.416955947875976562e+00
9.428874015808105469e+00
9.419174194335937500e+00
9.452966690063476562e+00
9.449523925781250000e+00
9.439004898071289062e+00
9.423557281494140625e+00
9.444613456726074219e+00
9.456167221069335938e+00
9.449634552001953125e+00
9.448561668395996094e+00
9.419492721557617188e+00
9.439857482910156250e+00
9.451773643493652344e+00
9.424156188964843750e+00
9.436285018920898438e+00
9.437555313110351562e+00
9.430591583251953125e+00
9.439967155456542969e+00
9.448682785034179688e+00
9.454042434692382812e+00
9.457422256469726562e+00
9.443222999572753906e+00
9.445146560668945312e+00
9.433672904968261719e+00
9.443412780761718750e+00
9.423897743225097656e+00
9.441964149475097656e+00
9.456321716308593750e+00
9.431385040283203125e+00
9.436514854431152344e+00
9.446937561035156250e+00
9.439044952392578125e+00
9.441556930541992188e+00
9.438967704772949219e+00
9.432650566101074219e+00
9.438776969909667969e+00
9.427267074584960938e+00
9.434118270874023438e+00
9.427255630493164062e+00
9.444478988647460938e+00
9.441052436828613281e+00
9.446992874145507812e+00
9.446717262268066406e+00
9.454080581665039062e+00
9.451055526733398438e+00
9.442528724670410156e+00
9.440362930297851562e+00
9.442276954650878906e+00
9.442121505737304688e+00
9.429986000061035156e+00
9.435623168945312500e+00
9.427529335021972656e+00
9.431648254394531250e+00
9.443325042724609375e+00
9.455118179321289062e+00
9.449697494506835938e+00
9.446147918701171875e+00
9.435998916625976562e+00
9.442101478576660156e+00
9.441627502441406250e+00
9.426080703735351562e+00
9.419296264648437500e+00
9.425748825073242188e+00
9.436503410339355469e+00
9.437005043029785156e+00
9.442711830139160156e+00
9.445374488830566406e+00
9.447868347167968750e+00
9.456559181213378906e+00
9.454160690307617188e+00
9.451931953430175781e+00
9.435150146484375000e+00
9.433498382568359375e+00
9.437877655029296875e+00
9.439605712890625000e+00
9.434018135070800781e+00
9.438577651977539062e+00
9.425931930541992188e+00
9.419153213500976562e+00
9.437693595886230469e+00
9.449609756469726562e+00
9.438501358032226562e+00
9.447377204895019531e+00
9.451120376586914062e+00
9.438871383666992188e+00
9.439706802368164062e+00
9.446599960327148438e+00
9.441289901733398438e+00
9.435572624206542969e+00
9.439687728881835938e+00
9.438214302062988281e+00
9.446659088134765625e+00
9.438753128051757812e+00
9.439564704895019531e+00
9.437906265258789062e+00
9.440998077392578125e+00
9.443023681640625000e+00
9.432874679565429688e+00
9.427582740783691406e+00
9.434356689453125000e+00
9.437243461608886719e+00
9.423229217529296875e+00
9.440893173217773438e+00
9.432743072509765625e+00
9.445040702819824219e+00
9.431149482727050781e+00
9.441017150878906250e+00
9.447001457214355469e+00
9.452985763549804688e+00
9.445391654968261719e+00
9.444183349609375000e+00
9.437429428100585938e+00
9.432434082031250000e+00
9.434213638305664062e+00
9.424090385437011719e+00
9.435276031494140625e+00
9.433506011962890625e+00
9.437211036682128906e+00
9.437324523925781250e+00
9.433553695678710938e+00
9.435580253601074219e+00
9.425498962402343750e+00
9.425775527954101562e+00
9.433998107910156250e+00
9.447921752929687500e+00
9.444432258605957031e+00
9.454348564147949219e+00
9.454424858093261719e+00
9.448685646057128906e+00
9.442557334899902344e+00
9.429549217224121094e+00
9.427837371826171875e+00
9.431751251220703125e+00
9.423449516296386719e+00
9.435493469238281250e+00
9.439980506896972656e+00
9.447154045104980469e+00
9.446769714355468750e+00
9.441568374633789062e+00
9.430037498474121094e+00
9.428128242492675781e+00
9.430459022521972656e+00
9.435113906860351562e+00
9.441905975341796875e+00
9.434486389160156250e+00
9.441246032714843750e+00
9.441339492797851562e+00
9.440052032470703125e+00
9.437684059143066406e+00
9.436723709106445312e+00
9.442258834838867188e+00
9.440162658691406250e+00
9.439357757568359375e+00
9.443958282470703125e+00
9.441486358642578125e+00
9.434930801391601562e+00
9.430175781250000000e+00
9.437918663024902344e+00
9.437674522399902344e+00
9.436986923217773438e+00
9.432914733886718750e+00
9.434971809387207031e+00
9.442547798156738281e+00
9.445198059082031250e+00
9.440468788146972656e+00
9.435882568359375000e+00
9.435030937194824219e+00
9.435345649719238281e+00
9.432659149169921875e+00
9.431573867797851562e+00
9.431951522827148438e+00
9.433183670043945312e+00
9.432570457458496094e+00
9.434565544128417969e+00
9.442856788635253906e+00
9.448457717895507812e+00
9.447362899780273438e+00
9.448476791381835938e+00
9.449623107910156250e+00
9.446350097656250000e+00
9.441868782043457031e+00
9.437713623046875000e+00
9.433316230773925781e+00
9.439447402954101562e+00
9.433683395385742188e+00
9.436502456665039062e+00
9.433607101440429688e+00
9.436060905456542969e+00
9.438476562500000000e+00
9.441438674926757812e+00
9.437606811523437500e+00
9.439393997192382812e+00
9.435861587524414062e+00
9.435297012329101562e+00
9.440839767456054688e+00
9.441984176635742188e+00
9.438920974731445312e+00
9.438893318176269531e+00
9.435083389282226562e+00
9.434883117675781250e+00
9.433219909667968750e+00
9.435702323913574219e+00
9.440540313720703125e+00
9.442348480224609375e+00
9.440658569335937500e+00
9.437492370605468750e+00
9.439409255981445312e+00
9.433574676513671875e+00
9.431586265563964844e+00
9.435150146484375000e+00
9.438563346862792969e+00
9.440091133117675781e+00
9.436481475830078125e+00
9.437772750854492188e+00
9.436895370483398438e+00
9.439186096191406250e+00
9.445421218872070312e+00
9.440021514892578125e+00
9.432939529418945312e+00
9.433429718017578125e+00
9.438030242919921875e+00
9.434949874877929688e+00
9.440002441406250000e+00
9.436120033264160156e+00
9.438385009765625000e+00
9.439157485961914062e+00
9.437638282775878906e+00
9.441830635070800781e+00
9.440835952758789062e+00
9.442621231079101562e+00
9.448190689086914062e+00
9.445416450500488281e+00
9.442571640014648438e+00
9.434391975402832031e+00
9.432552337646484375e+00
9.425901412963867188e+00
9.423186302185058594e+00
9.431360244750976562e+00
9.433324813842773438e+00
9.440319061279296875e+00
9.441352844238281250e+00
9.444585800170898438e+00
9.444100379943847656e+00
9.444601058959960938e+00
9.445892333984375000e+00
9.442000389099121094e+00
9.442343711853027344e+00
9.439735412597656250e+00
9.436450958251953125e+00
9.438488960266113281e+00
9.439714431762695312e+00
9.437303543090820312e+00
9.438625335693359375e+00
9.440443038940429688e+00
9.438755035400390625e+00
9.436487197875976562e+00
9.437719345092773438e+00
9.438623428344726562e+00
9.439044952392578125e+00
9.435201644897460938e+00
9.433580398559570312e+00
9.436006546020507812e+00
9.437116622924804688e+00
9.438436508178710938e+00
9.438063621520996094e+00
9.436262130737304688e+00
9.436865806579589844e+00
9.438783645629882812e+00
9.437320709228515625e+00
9.439372062683105469e+00
9.437735557556152344e+00
9.436878204345703125e+00
9.437987327575683594e+00
9.436863899230957031e+00
9.437746047973632812e+00
9.436470985412597656e+00
9.437829971313476562e+00
9.436408996582031250e+00
9.436866760253906250e+00
9.438936233520507812e+00
9.439347267150878906e+00
9.439275741577148438e+00
9.440575599670410156e+00
9.441040039062500000e+00
9.438190460205078125e+00
9.438630104064941406e+00
9.437778472900390625e+00
9.439011573791503906e+00
9.437638282775878906e+00
9.438358306884765625e+00
9.436031341552734375e+00
9.433855056762695312e+00
9.434848785400390625e+00
9.438399314880371094e+00
9.438425064086914062e+00
9.439431190490722656e+00
9.438548088073730469e+00
9.434908866882324219e+00
9.434965133666992188e+00
9.438264846801757812e+00
9.435639381408691406e+00
9.433498382568359375e+00
9.437825202941894531e+00
9.438184738159179688e+00
9.436253547668457031e+00
9.435706138610839844e+00
9.437507629394531250e+00
9.439000129699707031e+00
9.435160636901855469e+00
9.436061859130859375e+00
9.437301635742187500e+00
9.440660476684570312e+00
9.438478469848632812e+00
9.436420440673828125e+00
9.437976837158203125e+00
9.439300537109375000e+00
9.441398620605468750e+00
9.438688278198242188e+00
9.441004753112792969e+00
9.438976287841796875e+00
9.435029983520507812e+00
9.433233261108398438e+00
9.433719635009765625e+00
9.435105323791503906e+00
9.436059951782226562e+00
9.437483787536621094e+00
9.439325332641601562e+00
9.436566352844238281e+00
9.438823699951171875e+00
9.438661575317382812e+00
9.437030792236328125e+00
9.436154365539550781e+00
9.435686111450195312e+00
9.438923835754394531e+00
9.441120147705078125e+00
9.441287994384765625e+00
9.441790580749511719e+00
9.439344406127929688e+00
9.440397262573242188e+00
9.438460350036621094e+00
9.434566497802734375e+00
