9.187216968275606632e-01
1.977558666840195656e-02
1.768606435507535934e-02
2.029285673052072525e-02
1.798772392794489861e-02
1.769061386585235596e-02
1.776645379140973091e-02
1.720421388745307922e-02
1.721324305981397629e-02
1.697986293584108353e-02
1.718357391655445099e-02
1.715965289622545242e-02
1.754116406664252281e-02
1.708803279325366020e-02
1.786463381722569466e-02
1.813326403498649597e-02
1.753382384777069092e-02
1.695159310474991798e-02
1.760487398132681847e-02
1.696865307167172432e-02
1.718218391761183739e-02
1.771225407719612122e-02
1.717753289267420769e-02
1.760203391313552856e-02
1.737637398764491081e-02
1.770021393895149231e-02
2.111105760559439659e-02
1.971813617274165154e-02
1.905770599842071533e-02
1.905906619504094124e-02
1.947417715564370155e-02
1.958812586963176727e-02
1.929421722888946533e-02
1.832430530339479446e-02
1.786965411156415939e-02
1.754369400441646576e-02
1.833338523283600807e-02
1.809386396780610085e-02
1.756032370030879974e-02
1.773332385346293449e-02
1.777438493445515633e-02
1.760237384587526321e-02
1.781809376552700996e-02
1.732737291604280472e-02
1.785183511674404144e-02
1.800279365852475166e-02
1.791589520871639252e-02
1.791632361710071564e-02
1.799758384004235268e-02
1.809012517333030701e-02
1.854405505582690239e-02
1.788373524323105812e-02
1.800604397431015968e-02
1.808974519371986389e-02
1.757981395348906517e-02
1.779907429590821266e-02
1.784745370969176292e-02
1.776052406057715416e-02
1.790838502347469330e-02
2.205737028270959854e-02
2.575797494500875473e-02
2.377625182271003723e-02
2.203706000000238419e-02
2.093078894540667534e-02
2.089340798556804657e-02
2.182725025340914726e-02
2.091219788417220116e-02
2.164326002821326256e-02
2.134928898885846138e-02
2.279215119779109955e-02
2.034645713865756989e-02
2.104576770216226578e-02
2.029499784111976624e-02
2.145267883315682411e-02
2.418951317667961121e-02
2.140301931649446487e-02
2.166266040876507759e-02
2.109248796477913857e-02
1.986784720793366432e-02
1.987932575866580009e-02
2.169028902426362038e-02
2.023696759715676308e-02
2.044412726536393166e-02
2.020727796480059624e-02
2.050748793408274651e-02
2.088810782879590988e-02
2.076898841187357903e-02
2.513239439576864243e-02
2.091638790443539619e-02
1.806921511888504028e-02
1.787818409502506256e-02
1.774889370426535606e-02
1.772342389449477196e-02
1.740914396941661835e-02
1.727023394778370857e-02
1.812573382630944252e-02
1.814363477751612663e-02
1.716173300519585609e-02
1.761651365086436272e-02
1.842620503157377243e-02
1.781889516860246658e-02
1.878263521939516068e-02
1.888592587783932686e-02
1.862982474267482758e-02
1.723909424617886543e-02
1.791257364675402641e-02
1.795459398999810219e-02
1.805164432153105736e-02
1.786616398021578789e-02
1.814555469900369644e-02
1.771684410050511360e-02
1.823576539754867554e-02
1.745140412822365761e-02
1.844947505742311478e-02
1.769423391669988632e-02
1.806193497031927109e-02
1.789938379079103470e-02
1.788671407848596573e-02
1.798288524150848389e-02
1.812865398824214935e-02
1.716335397213697433e-02
1.771331392228603363e-02
1.725630322471261024e-02
1.781911496073007584e-02
1.801393413916230202e-02
1.795065496116876602e-02
1.796261314302682877e-02
1.786994421854615211e-02
1.770879374817013741e-02
1.757848402485251427e-02
1.821962511166930199e-02
1.771346433088183403e-02
1.795214507728815079e-02
1.714000292122364044e-02
1.789331389591097832e-02
1.776790386065840721e-02
1.725529320538043976e-02
1.784065412357449532e-02
1.728154392912983894e-02
2.056231815367937088e-02
1.711252285167574883e-02
1.706600282341241837e-02
2.183747990056872368e-02
1.810597535222768784e-02
1.689572306349873543e-02
1.686296286061406136e-02
1.667063171043992043e-02
1.700445357710123062e-02
1.678658230230212212e-02
1.699364418163895607e-02
1.679300190880894661e-02
1.668819319456815720e-02
1.721067400649189949e-02
1.704186294227838516e-02
1.639957213774323463e-02
1.710893306881189346e-02
1.700009312480688095e-02
1.687361206859350204e-02
1.721754297614097595e-02
1.670103287324309349e-02
1.757110422477126122e-02
1.790012419223785400e-02
1.787233399227261543e-02
1.816764520481228828e-02
1.690529333427548409e-02
1.673993282020092010e-02
1.694841310381889343e-02
1.645101234316825867e-02
1.681214291602373123e-02
1.712006283923983574e-02
1.705660391598939896e-02
1.690117316320538521e-02
1.673406222835183144e-02
1.652566296979784966e-02
1.662007300183176994e-02
1.706596324220299721e-02
1.658145198598504066e-02
1.663166331127285957e-02
1.647452171891927719e-02
1.658116327598690987e-02
1.695431303232908249e-02
1.697071315720677376e-02
1.717290421947836876e-02
1.668019220232963562e-02
1.704962272197008133e-02
1.663096202537417412e-02
1.818633498623967171e-02
2.094009798020124435e-02
1.780605502426624298e-02
1.666313176974654198e-02
1.915927557274699211e-02
2.392248297110199928e-02
2.075092820450663567e-02
2.078144904226064682e-02
2.627874491736292839e-02
2.346569206565618515e-02
2.420348254963755608e-02
1.826487528160214424e-02
1.774624409154057503e-02
2.013760805130004883e-02
1.744451280683279037e-02
1.735675334930419922e-02
2.174121979624032974e-02
2.441510325297713280e-02
2.368678199127316475e-02
2.007825719192624092e-02
1.809647399932146072e-02
1.806843513622879982e-02
1.817127410322427750e-02
1.817420404404401779e-02
1.952188741415739059e-02
1.647471217438578606e-02
1.655298331752419472e-02
1.643608184531331062e-02
1.614625193178653717e-02
1.620990177616477013e-02
1.707948325201869011e-02
1.631782203912734985e-02
1.686330279335379601e-02
1.639805221930146217e-02
1.628415193408727646e-02
1.648144284263253212e-02
1.638947194442152977e-02
1.648900238797068596e-02
1.650498295202851295e-02
1.632233196869492531e-02
2.308176131919026375e-02
1.760491402819752693e-02
1.656929310411214828e-02
1.661484222859144211e-02
1.626507192850112915e-02
1.629541208967566490e-02
1.639833208173513412e-02
1.637304201722145081e-02
1.635989313945174217e-02
1.658810209482908249e-02
1.624103216454386711e-02
1.638724282383918762e-02
1.651690201833844185e-02
1.660450315102934837e-02
2.051491802558302879e-02
2.027508709579706192e-02
2.131935907527804375e-02
2.264236100018024445e-02
2.134593902155756950e-02
1.801557512953877449e-02
1.783053437247872353e-02
1.794234383851289749e-02
1.787170395255088806e-02
1.879706513136625290e-02
1.798467524349689484e-02
1.776879420503973961e-02
1.735921436920762062e-02
1.725237304344773293e-02
1.790030533447861671e-02
1.778282364830374718e-02
1.767604378983378410e-02
1.786075392737984657e-02
1.800122531130909920e-02
1.771264383569359779e-02
1.892717508599162102e-02
1.785123394802212715e-02
1.789788389578461647e-02
1.802561478689312935e-02
1.798133365809917450e-02
1.795216510072350502e-02
1.831294503062963486e-02
1.764587406069040298e-02
1.723597338423132896e-02
1.792814396321773529e-02
1.870958600193262100e-02
1.833875477313995361e-02
1.760483440011739731e-02
1.786783384159207344e-02
1.785247400403022766e-02
1.809594407677650452e-02
1.781559363007545471e-02
1.932182675227522850e-02
1.963655604049563408e-02
2.081536874175071716e-02
1.986405719071626663e-02
2.931355033069849014e-02
2.377149183303117752e-02
2.310658106580376625e-02
2.322131209075450897e-02
2.576680527999997139e-02
1.790518406778573990e-02
1.813294505700469017e-02
1.790606416761875153e-02
1.778298476710915565e-02
1.811029389500617981e-02
1.777869416400790215e-02
1.794479368254542351e-02
1.798773417249321938e-02
1.792147522792220116e-02
1.787915406748652458e-02
1.775482436642050743e-02
1.816538535058498383e-02
1.790470397099852562e-02
1.802961528301239014e-02
1.788470381870865822e-02
1.796503504738211632e-02
1.842716475948691368e-02
1.823554513975977898e-02
1.812100410461425781e-02
1.801236486062407494e-02
1.917851623147726059e-02
2.496429439634084702e-02
1.847085496410727501e-02
1.750672422349452972e-02
1.763974409550428391e-02
1.782821398228406906e-02
1.864437479525804520e-02
1.787761365994811058e-02
1.848840480670332909e-02
1.826466526836156845e-02
1.784677430987358093e-02
1.835219515487551689e-02
2.819700818508863449e-02
2.282134024426341057e-02
2.317417087033390999e-02
2.549339411780238152e-02
3.100075200200080872e-02
2.861011913046240807e-02
2.693042578175663948e-02
2.463101269677281380e-02
1.919134613126516342e-02
1.936580613255500793e-02
1.916478620842099190e-02
1.927552605047821999e-02
1.895130611956119537e-02
1.851788489148020744e-02
1.899433601647615433e-02
2.023630682379007339e-02
1.901147607713937759e-02
1.806272519752383232e-02
1.866464503109455109e-02
1.872799498960375786e-02
1.894938526675105095e-02
1.926824590191245079e-02
1.908672507852315903e-02
1.953957602381706238e-02
1.880948571488261223e-02
1.905324589461088181e-02
1.817783433943986893e-02
1.912434631958603859e-02
2.020697807893157005e-02
1.738192373886704445e-02
1.984473597258329391e-02
1.909205457195639610e-02
1.817976403981447220e-02
1.845744485035538673e-02
1.986354729160666466e-02
2.303388202562928200e-02
1.840576529502868652e-02
1.846799487248063087e-02
1.917668618261814117e-02
2.307560108602046967e-02
1.786732487380504608e-02
1.763003412634134293e-02
1.801222376525402069e-02
1.805693516507744789e-02
1.813600398600101471e-02
1.811933377757668495e-02
1.859577512368559837e-02
1.798636512830853462e-02
1.785518415272235870e-02
1.785920513793826103e-02
1.789219398051500320e-02
1.726033259183168411e-02
1.768676377832889557e-02
1.743068406358361244e-02
2.456343406811356544e-02
1.780762383714318275e-02
1.768337422981858253e-02
1.780293369665741920e-02
1.766589423641562462e-02
1.771482359617948532e-02
1.787579478695988655e-02
1.805466366931796074e-02
1.798359490931034088e-02
1.781447418034076691e-02
1.825424516573548317e-02
1.768477400764822960e-02
1.810902403667569160e-02
1.778558362275362015e-02
1.768506411463022232e-02
1.757579389959573746e-02
1.795680401846766472e-02
2.052299771457910538e-02
1.953558716922998428e-02
1.870647491887211800e-02
1.910852594301104546e-02
1.946928724646568298e-02
1.873753499239683151e-02
1.907132612541317940e-02
1.920985616743564606e-02
1.909401593729853630e-02
1.896808622404932976e-02
1.884354604408144951e-02
1.823369413614273071e-02
1.886206492781639099e-02
1.949032722041010857e-02
1.905829599127173424e-02
1.993131684139370918e-02
1.993051683530211449e-02
1.937739597633481026e-02
1.900090603157877922e-02
1.875751605257391930e-02
1.914911624044179916e-02
1.941095618531107903e-02
1.931412564590573311e-02
1.949318731203675270e-02
1.941497623920440674e-02
1.900856615975499153e-02
1.899132598191499710e-02
1.883015595376491547e-02
1.908520609140396118e-02
1.876063505187630653e-02
1.964912703260779381e-02
2.045662840828299522e-02
2.142328908666968346e-02
2.535584429278969765e-02
2.050456823781132698e-02
1.909276610240340233e-02
2.375250309705734253e-02
1.998196681961417198e-02
2.044415799900889397e-02
2.000524709001183510e-02
2.556386496871709824e-02
2.087414776906371117e-02
2.077095815911889076e-02
2.071001799777150154e-02
2.094714902341365814e-02
2.158823888748884201e-02
2.003794815391302109e-02
2.070274809375405312e-02
1.992641668766736984e-02
2.040227781981229782e-02
1.982194697484374046e-02
2.081768820062279701e-02
2.075464790686964989e-02
2.058819774538278580e-02
2.039796765893697739e-02
2.095502894371747971e-02
2.072779787704348564e-02
2.036576811224222183e-02
2.050584694370627403e-02
2.260807994753122330e-02
2.261727117002010345e-02
2.077303780242800713e-02
2.074951911345124245e-02
1.979060610756278038e-02
2.075046813115477562e-02
2.408084319904446602e-02
2.495530294254422188e-02
1.794542372226715088e-02
1.762881409376859665e-02
1.775567419826984406e-02
2.645621635019779205e-02
3.247745428234338760e-02
2.598269609734416008e-02
2.224134979769587517e-02
2.264522109180688858e-02
2.243513986468315125e-02
2.224212139844894409e-02
2.289828099310398102e-02
2.663918584585189819e-02
2.238016016781330109e-02
2.249468117952346802e-02
2.211573999375104904e-02
2.254990069195628166e-02
2.198342978954315186e-02
2.257007965818047523e-02
2.187720034271478653e-02
2.224706020206212997e-02
2.216239087283611298e-02
2.194281900301575661e-02
2.199159981682896614e-02
2.588945487514138222e-02
2.351280208677053452e-02
1.865063514560461044e-02
1.986009674146771431e-02
1.973206736147403717e-02
2.040613815188407898e-02
1.896005496382713318e-02
2.073454810306429863e-02
1.899938471615314484e-02
1.908236509189009666e-02
1.896915584802627563e-02
1.927975611761212349e-02
1.899224519729614258e-02
1.880542561411857605e-02
1.934654591605067253e-02
1.930405618622899055e-02
1.947757601737976074e-02
1.909184595569968224e-02
1.946173701435327530e-02
1.911427406594157219e-02
1.919603580608963966e-02
1.919987611472606659e-02
2.144933911040425301e-02
1.977546699345111847e-02
1.929318578913807869e-02
1.928337616845965385e-02
1.885653613135218620e-02
1.880719605833292007e-02
1.856185495853424072e-02
1.852119481191039085e-02
1.899340609088540077e-02
2.289254078641533852e-02
1.893647620454430580e-02
1.763385394588112831e-02
1.772729400545358658e-02
1.707989303395152092e-02
1.854729466140270233e-02
1.821631425991654396e-02
1.753237377852201462e-02
1.785132382065057755e-02
1.785377506166696548e-02
1.776470430195331573e-02
1.795126404613256454e-02
1.781890494748950005e-02
1.830304367467761040e-02
1.786881405860185623e-02
1.770867407321929932e-02
1.775415427982807159e-02
1.771468436345458031e-02
1.781410397961735725e-02
1.786071527749300003e-02
1.785863377153873444e-02
1.824109535664319992e-02
1.800066418945789337e-02
1.770985405892133713e-02
2.063639881089329720e-02
1.813163375481963158e-02
1.852773455902934074e-02
2.751504769548773766e-02
2.378520183265209198e-02
2.605278603732585907e-02
2.410785201936960220e-02
2.427883306518197060e-02
2.403894206508994102e-02
1.806061482056975365e-02
1.795345405116677284e-02
1.806211518123745918e-02
1.815993478521704674e-02
2.433600276708602905e-02
1.980700716376304626e-02
2.075439784675836563e-02
2.069330774247646332e-02
2.120428904891014099e-02
1.789963385090231895e-02
1.797563536092638969e-02
1.775951404124498367e-02
1.756394421681761742e-02
1.753157423809170723e-02
1.800010399892926216e-02
1.745671359822154045e-02
1.749377418309450150e-02
1.787932403385639191e-02
1.788655435666441917e-02
1.714626373723149300e-02
1.802709372714161873e-02
1.740674395114183426e-02
1.759305410087108612e-02
1.825601514428853989e-02
1.764526404440402985e-02
1.825662516057491302e-02
1.998053677380084991e-02
1.764065399765968323e-02
1.824417524039745331e-02
1.814525434747338295e-02
1.751802396029233932e-02
1.812786469236016273e-02
1.828156504780054092e-02
1.806868379935622215e-02
1.792665477842092514e-02
1.776600396260619164e-02
1.806905493140220642e-02
1.788399415090680122e-02
2.026200806722044945e-02
1.775802392512559891e-02
1.791564375162124634e-02
1.836309488862752914e-02
2.035669796168804169e-02
2.101863780990242958e-02
2.180649014189839363e-02
2.084915805608034134e-02
2.058082772418856621e-02
1.782998535782098770e-02
1.780761405825614929e-02
1.788919372484087944e-02
1.795685524120926857e-02
1.788754388689994812e-02
1.789504382759332657e-02
1.799780502915382385e-02
1.803109375759959221e-02
1.795779401436448097e-02
1.795335439965128899e-02
1.799192465841770172e-02
1.789182377979159355e-02
1.789251482114195824e-02
1.796120405197143555e-02
1.793441409245133400e-02
1.769525371491909027e-02
1.744036283344030380e-02
1.779777416959404945e-02
1.790875382721424103e-02
2.039592806249856949e-02
1.767268404364585876e-02
1.775451423600316048e-02
1.793738408014178276e-02
1.791168516501784325e-02
1.799738360568881035e-02
1.790024386718869209e-02
1.798928389325737953e-02
2.367215184494853020e-02
2.267939085140824318e-02
2.180609991773962975e-02
2.148585906252264977e-02
2.108273888006806374e-02
2.612852538004517555e-02
2.431506337597966194e-02
2.427026303485035896e-02
2.436337294057011604e-02
2.633079513907432556e-02
2.768683806061744690e-02
2.422761311754584312e-02
2.408580295741558075e-02
2.388424193486571312e-02
2.369426190853118896e-02
2.319669118151068687e-02
2.332528168335556984e-02
2.302382094785571098e-02
2.337517216801643372e-02
2.351650176569819450e-02
2.335800183936953545e-02
2.343788184225559235e-02
2.308730082586407661e-02
2.282315073534846306e-02
2.307210210710763931e-02
2.596980519592761993e-02
2.350599179044365883e-02
2.301166113466024399e-02
2.297939080744981766e-02
2.598466491326689720e-02
1.976601732894778252e-02
2.090329816564917564e-02
1.989280665293335915e-02
1.917688595131039619e-02
1.807614509016275406e-02
2.301610074937343597e-02
2.111167926341295242e-02
1.736272405833005905e-02
1.734503265470266342e-02
2.099593915045261383e-02
2.110148873180150986e-02
1.900588581338524818e-02
1.764136366546154022e-02
1.779488427564501762e-02
1.797071378678083420e-02
1.834136480465531349e-02
1.902528619393706322e-02
1.816365495324134827e-02
1.841771509498357773e-02
1.842006528750061989e-02
1.779088424518704414e-02
1.822841493412852287e-02
1.829758519306778908e-02
1.818852499127388000e-02
1.836638478562235832e-02
1.827132422477006912e-02
1.785848475992679596e-02
1.805802388116717339e-02
1.855494594201445580e-02
1.826292416080832481e-02
1.796718407422304153e-02
1.790510397404432297e-02
1.783296512439846992e-02
1.822394272312521935e-02
1.783716492354869843e-02
1.730489265173673630e-02
1.900258567184209824e-02
1.729996316134929657e-02
1.820700382813811302e-02
1.788133522495627403e-02
1.894065504893660545e-02
1.753052324056625366e-02
1.744369370862841606e-02
2.094665775075554848e-02
1.804403401911258698e-02
1.856515510007739067e-02
1.827491493895649910e-02
1.796745508909225464e-02
1.812345394864678383e-02
1.828678511083126068e-02
1.708809286355972290e-02
1.711986307054758072e-02
1.782694365829229355e-02
1.784140383824706078e-02
1.766976434737443924e-02
1.738247415050864220e-02
1.900519570335745811e-02
1.698877336457371712e-02
1.743797399103641510e-02
1.747071370482444763e-02
1.788636390119791031e-02
1.821318501606583595e-02
1.740627270191907883e-02
1.811679499223828316e-02
1.721221301704645157e-02
1.779484516009688377e-02
1.808885391801595688e-02
1.775101386010646820e-02
1.837771479040384293e-02
2.326373197138309479e-02
1.768407411873340607e-02
1.728361379355192184e-02
2.292484091594815254e-02
2.423995314165949821e-02
2.302107121795415878e-02
2.080323873087763786e-02
2.056221710518002510e-02
1.963684614747762680e-02
2.012272784486413002e-02
2.020227676257491112e-02
2.203939016908407211e-02
2.084386860951781273e-02
2.022005664184689522e-02
2.032348792999982834e-02
2.262046001851558685e-02
2.005737693980336189e-02
2.025888720527291298e-02
1.950586680322885513e-02
1.927244570106267929e-02
1.891374588012695312e-02
1.861192472279071808e-02
1.905871601775288582e-02
1.934373611584305763e-02
1.894618477672338486e-02
2.052405802533030510e-02
1.918994635343551636e-02
1.851941598579287529e-02
1.897825486958026886e-02
1.936160679906606674e-02
1.894658477976918221e-02
1.930032623931765556e-02
1.920101558789610863e-02
1.884411601349711418e-02
1.889296481385827065e-02
1.935184700414538383e-02
1.915740594267845154e-02
1.864361483603715897e-02
1.899476628750562668e-02
2.023056661710143089e-02
2.042610803619027138e-02
2.576485509052872658e-02
2.289896132424473763e-02
2.174464985728263855e-02
2.093782834708690643e-02
2.251411043107509613e-02
1.868325611576437950e-02
1.810477394610643387e-02
1.827554497867822647e-02
1.873266603797674179e-02
1.892538508400321007e-02
1.874419627711176872e-02
1.827379502356052399e-02
1.892760535702109337e-02
1.906192488968372345e-02
1.841582497581839561e-02
1.873562484979629517e-02
1.866005500778555870e-02
1.893540564924478531e-02
1.881893631070852280e-02
1.912689581513404846e-02
1.790566416457295418e-02
1.859636511653661728e-02
1.858077477663755417e-02
1.908944593742489815e-02
1.895998604595661163e-02
1.895994506776332855e-02
1.881501637399196625e-02
1.852920511737465858e-02
1.810734532773494720e-02
1.904624607414007187e-02
1.839076494798064232e-02
1.833063503727316856e-02
1.802504388615489006e-02
1.792965503409504890e-02
1.985372696071863174e-02
2.316984115168452263e-02
2.417330304160714149e-02
2.402214286848902702e-02
2.404589299112558365e-02
2.739627705886960030e-02
2.548656472936272621e-02
2.406867220997810364e-02
2.531370520591735840e-02
2.361671160906553268e-02
2.512915432453155518e-02
1.801288407295942307e-02
1.811055466532707214e-02
1.768595399335026741e-02
1.831338508054614067e-02
1.836204528808593750e-02
1.715773297473788261e-02
1.773547474294900894e-02
1.739090308547019958e-02
1.688229292631149292e-02
1.763084391131997108e-02
1.720766397193074226e-02
1.750562293455004692e-02
1.732415379956364632e-02
1.745803421363234520e-02
1.732997316867113113e-02
1.758307404816150665e-02
1.725296396762132645e-02
1.720387302339076996e-02
1.791734481230378151e-02
1.751321321353316307e-02
1.719721406698226929e-02
1.707077259197831154e-02
1.757903397083282471e-02
1.726799318566918373e-02
1.763142412528395653e-02
1.837112382054328918e-02
1.759948302060365677e-02
1.729014422744512558e-02
2.587967505678534508e-02
2.347089210525155067e-02
2.421386307105422020e-02
2.328113187104463577e-02
1.831647520884871483e-02
1.768172439187765121e-02
1.771111413836479187e-02
1.758454367518424988e-02
1.776889432221651077e-02
1.772071421146392822e-02
1.742444420233368874e-02
1.754002412781119347e-02
1.724560325965285301e-02
1.760664395987987518e-02
1.762867439538240433e-02
1.757489424198865891e-02
1.759742386639118195e-02
1.722943317145109177e-02
1.760846283286809921e-02
1.732273399829864502e-02
1.784113375470042229e-02
1.781661482527852058e-02
1.741938292980194092e-02
1.752341398969292641e-02
1.773363398388028145e-02
1.757690403610467911e-02
1.774633396416902542e-02
1.766224391758441925e-02
1.916247606277465820e-02
1.773135364055633545e-02
1.727516297250986099e-02
2.544362517073750496e-02
2.451661275699734688e-02
2.407717285677790642e-02
2.394290175288915634e-02
2.768627600744366646e-02
2.539991494268178940e-02
2.509957412257790565e-02
2.581558516249060631e-02
2.523763384670019150e-02
2.533803414553403854e-02
2.540788426995277405e-02
2.547265356406569481e-02
2.757012797519564629e-02
1.698219310492277145e-02
1.852251496165990829e-02
1.772904442623257637e-02
1.791666494682431221e-02
1.798150409013032913e-02
1.756341382861137390e-02
1.765242405235767365e-02
1.761934394016861916e-02
1.788317412137985229e-02
1.795091480016708374e-02
2.411091187968850136e-02
1.794855436310172081e-02
1.706094294786453247e-02
1.743583381175994873e-02
1.794281369075179100e-02
1.752180373296141624e-02
1.785573409870266914e-02
1.931384578347206116e-02
2.403179183602333069e-02
2.646706532686948776e-02
2.645762590691447258e-02
1.939374580979347229e-02
1.862766500562429428e-02
1.831265492364764214e-02
1.808943459764122963e-02
1.885480480268597603e-02
2.200654894113540649e-02
2.193982899188995361e-02
2.129501895979046822e-02
2.100795879960060120e-02
2.162754908204078674e-02
2.034356677904725075e-02
1.737642381340265274e-02
1.793395355343818665e-02
1.779442420229315758e-02
1.786863477900624275e-02
1.712685311213135719e-02
1.743494439870119095e-02
1.740225311368703842e-02
1.741974288597702980e-02
1.730955392122268677e-02
1.724776299670338631e-02
1.925293589010834694e-02
1.849379623308777809e-02
2.078016800805926323e-02
1.901435619220137596e-02
1.856696512550115585e-02
1.849666470661759377e-02
1.765140425413846970e-02
1.821390539407730103e-02
1.781561411917209625e-02
1.807128498330712318e-02
1.797425420954823494e-02
1.783567527309060097e-02
1.889441534876823425e-02
1.798147521913051605e-02
1.792035391554236412e-02
1.846583466976881027e-02
1.833814522251486778e-02
1.819027541205286980e-02
1.779569406062364578e-02
1.804830506443977356e-02
1.796767394989728928e-02
1.862648641690611839e-02
1.879926491528749466e-02
1.821446465328335762e-02
1.799351489171385765e-02
1.891812495887279510e-02
1.836227532476186752e-02
1.866500591859221458e-02
1.799638429656624794e-02
1.850733486935496330e-02
1.832925528287887573e-02
1.832767529413104057e-02
1.826683524996042252e-02
1.811367506161332130e-02
1.843805518001317978e-02
1.828667521476745605e-02
1.799580408260226250e-02
1.822428498417139053e-02
1.835363497957587242e-02
1.918185595422983170e-02
1.982571696862578392e-02
2.023222809657454491e-02
1.914256578311324120e-02
1.899766502901911736e-02
1.886204490438103676e-02
1.845977501943707466e-02
1.933407690376043320e-02
1.879788516089320183e-02
1.888737594708800316e-02
1.891740597784519196e-02
1.932898582890629768e-02
1.874442491680383682e-02
1.892492501065135002e-02
1.874513598158955574e-02
1.910541579127311707e-02
1.918381592258810997e-02
1.857159473001956940e-02
1.888402597978711128e-02
1.924731628969311714e-02
1.876255590468645096e-02
1.874527474865317345e-02
1.879351586103439331e-02
1.870524510741233826e-02
1.881828624755144119e-02
1.951937610283493996e-02
1.903301617130637169e-02
1.900597615167498589e-02
1.896275626495480537e-02
1.857154536992311478e-02
1.931048557162284851e-02
1.894080592319369316e-02
1.909977616742253304e-02
1.897112606093287468e-02
1.886189589276909828e-02
1.892317505553364754e-02
1.909330626949667931e-02
1.892260601744055748e-02
1.917472621425986290e-02
2.134872879832983017e-02
1.916685607284307480e-02
1.866513630375266075e-02
1.915311580523848534e-02
1.868807524442672729e-02
1.868279604241251945e-02
