3.266451478004455566e+00
1.765880167484283447e+00
1.360669076442718506e+00
1.367160528898239136e+00
1.321611702442169189e+00
1.316104099154472351e+00
1.492512241005897522e+00
1.458874851465225220e+00
1.312734454870223999e+00
1.373651564121246338e+00
1.368164718151092529e+00
1.289572566747665405e+00
1.329873695969581604e+00
1.265448182821273804e+00
1.191771537065505981e+00
1.235757574439048767e+00
1.170348063111305237e+00
1.097036868333816528e+00
1.114316090941429138e+00
1.094318389892578125e+00
1.011540234088897705e+00
1.024636492133140564e+00
9.981709867715835571e-01
9.411970078945159912e-01
9.325931668281555176e-01
8.785992637276649475e-01
8.197176828980445862e-01
7.542457431554794312e-01
7.393223345279693604e-01
6.988668739795684814e-01
6.598200127482414246e-01
6.536818146705627441e-01
6.778142526745796204e-01
5.973192825913429260e-01
5.829789228737354279e-01
5.355566218495368958e-01
5.199784487485885620e-01
4.822699688374996185e-01
4.638706147670745850e-01
4.195905495434999466e-01
3.984306231141090393e-01
3.862489871680736542e-01
3.495759852230548859e-01
3.098673112690448761e-01
2.711418271064758301e-01
2.788626123219728470e-01
2.378838099539279938e-01
2.330598458647727966e-01
2.066381312906742096e-01
2.197421267628669739e-01
1.960141118615865707e-01
1.863666847348213196e-01
1.783572752028703690e-01
1.654989644885063171e-01
1.501386910676956177e-01
1.441034898161888123e-01
1.427024491131305695e-01
1.559023112058639526e-01
1.314548198133707047e-01
1.274314317852258682e-01
1.360486056655645370e-01
1.353881582617759705e-01
1.159164998680353165e-01
1.408653445541858673e-01
1.211791913956403732e-01
1.190157253295183182e-01
1.185869611799716949e-01
9.404133725911378860e-02
1.085910452529788017e-01
8.743791654706001282e-02
1.039048647508025169e-01
9.648194257169961929e-02
8.587948791682720184e-02
8.525119721889495850e-02
8.913907129317522049e-02
8.603480365127325058e-02
7.814511656761169434e-02
6.960177328437566757e-02
9.961935784667730331e-02
8.046647533774375916e-02
9.204569738358259201e-02
6.744482275098562241e-02
7.996445940807461739e-02
7.278252113610506058e-02
7.907621655613183975e-02
9.347535390406847000e-02
6.475661136209964752e-02
8.077886980026960373e-02
5.862158816307783127e-02
7.292417809367179871e-02
6.689400784671306610e-02
6.760029681026935577e-02
6.655726581811904907e-02
5.761757399886846542e-02
5.081246607005596161e-02
6.002054689452052116e-02
5.664983345195651054e-02
4.930424271151423454e-02
5.252644699066877365e-02
5.568706709891557693e-02
4.930023895576596260e-02
4.738257732242345810e-02
4.699676670134067535e-02
4.127712501212954521e-02
4.058157745748758316e-02
4.945739684626460075e-02
5.484035145491361618e-02
4.202257981523871422e-02
5.833328142762184143e-02
4.612039634957909584e-02
4.353298572823405266e-02
4.128275951370596886e-02
6.323056109249591827e-02
4.320161184296011925e-02
4.304569028317928314e-02
3.631638083606958389e-02
3.182837460190057755e-02
4.192422283813357353e-02
3.604396199807524681e-02
3.316150326281785965e-02
3.430040832608938217e-02
3.266178583726286888e-02
3.473213361576199532e-02
4.000883782282471657e-02
4.852900514379143715e-02
3.701185202226042747e-02
3.183773020282387733e-02
3.334810212254524231e-02
3.770172409713268280e-02
3.219599043950438499e-02
4.685817891731858253e-02
5.003413604572415352e-02
2.991592139005661011e-02
2.941768593154847622e-02
3.361565759405493736e-02
3.550847945734858513e-02
4.402778157964348793e-02
4.583670524880290031e-02
3.142220783047378063e-02
4.110437538474798203e-02
4.633499495685100555e-02
3.186207357794046402e-02
5.074039963074028492e-02
3.121852176263928413e-02
3.094108076766133308e-02
2.837095595896244049e-02
2.537102508358657360e-02
4.778014170005917549e-02
3.126213001087307930e-02
2.856799727305769920e-02
4.013872845098376274e-02
2.337303943932056427e-02
5.148424208164215088e-02
2.954607177525758743e-02
3.294857079163193703e-02
3.332464909180998802e-02
4.798840568400919437e-02
5.385132879018783569e-02
3.060134686529636383e-02
2.942075952887535095e-02
3.505409741774201393e-02
2.966232039034366608e-02
3.488960373215377331e-02
3.289459506049752235e-02
3.549795737490057945e-02
4.189020209014415741e-02
3.406921634450554848e-02
3.486229432746767998e-02
2.204624377191066742e-02
2.339016250334680080e-02
2.337382361292839050e-02
2.744890749454498291e-02
4.333393741399049759e-02
3.766157431527972221e-02
3.579530725255608559e-02
3.112618718296289444e-02
2.697437535971403122e-02
4.339258326217532158e-02
3.594808001071214676e-02
2.149275667034089565e-02
2.354508219286799431e-02
4.866825742647051811e-02
2.956629777327179909e-02
2.450796915218234062e-02
2.656448422931134701e-02
1.955383573658764362e-02
2.898518182337284088e-02
3.867236385121941566e-02
2.433094335719943047e-02
1.969819702208042145e-02
2.143006469123065472e-02
2.535418979823589325e-02
3.515686374157667160e-02
2.430171892046928406e-02
2.952566137537360191e-02
3.934967052191495895e-02
2.769311750307679176e-02
2.543696528300642967e-02
2.845094446092844009e-02
2.273227390833199024e-02
3.128360980190336704e-02
1.724383945111185312e-02
1.850480725988745689e-02
2.132088819053024054e-02
1.737620285712182522e-02
2.373813325539231300e-02
3.044238197617232800e-02
2.881347481161355972e-02
2.381369611248373985e-02
2.751319273374974728e-02
2.669749641790986061e-02
2.230597753077745438e-02
2.671011816710233688e-02
1.902782428078353405e-02
2.847442356869578362e-02
2.285169740207493305e-02
2.619829901959747076e-02
2.689865813590586185e-02
3.600712213665246964e-02
4.372823541052639484e-02
1.551398751325905323e-02
3.800439718179404736e-02
1.802068389952182770e-02
2.417355426587164402e-02
2.259577636141330004e-02
2.043407713063061237e-02
1.799822715111076832e-02
3.001599083654582500e-02
1.450178492814302444e-02
2.534239599481225014e-02
2.837817277759313583e-02
1.680199545808136463e-02
1.491876505315303802e-02
1.825313176959753036e-02
2.149695670232176781e-02
2.148299431428313255e-02
3.547599632292985916e-02
3.443931112997233868e-02
1.754988124594092369e-02
1.833642460405826569e-02
4.232177603989839554e-02
2.758507605176419020e-02
1.311850571073591709e-02
2.633884316310286522e-02
1.937894243746995926e-02
1.699372462462633848e-02
2.701839641667902470e-02
1.906774449162185192e-02
2.650844701565802097e-02
1.322672143578529358e-02
1.798521983437240124e-02
2.134650689549744129e-02
2.092817169614136219e-02
3.126320964656770229e-02
1.841347501613199711e-02
2.459894085768610239e-02
3.487597033381462097e-02
2.597866649739444256e-02
2.276143757626414299e-02
4.172383761033415794e-02
2.158386236988008022e-02
1.584019558504223824e-02
1.780941826291382313e-02
1.976199727505445480e-02
1.301543088629841805e-02
1.296473946422338486e-02
2.207142673432826996e-02
1.360974833369255066e-02
1.807008613832294941e-02
2.544003212824463844e-02
1.588925393298268318e-02
1.528364943806082010e-02
1.287072373088449240e-02
3.271176852285861969e-02
1.860512653365731239e-02
2.303269272670149803e-02
3.778175567276775837e-02
3.033261862583458424e-02
2.959557063877582550e-02
2.501644473522901535e-02
2.842270396649837494e-02
1.215128530748188496e-02
2.320102672092616558e-02
1.724534749519079924e-02
1.163817662745714188e-02
2.021480980329215527e-02
1.712407963350415230e-02
2.042543888092041016e-02
1.812507503200322390e-02
1.625955384224653244e-02
1.240792591124773026e-02
4.347163368947803974e-02
1.461162674240767956e-02
1.321927481330931187e-02
2.768655703403055668e-02
1.838186266832053661e-02
1.579360920004546642e-02
1.356486685108393431e-02
2.644364349544048309e-02
2.611740620341151953e-02
1.888636732473969460e-02
9.755673818290233612e-03
1.975568803027272224e-02
2.490778174251317978e-02
1.208912138827145100e-02
2.266634441912174225e-02
1.202085509430617094e-02
3.812527540139853954e-02
1.086997333914041519e-02
1.937481830827891827e-02
1.213271461892873049e-02
1.371521991677582264e-02
2.139190887100994587e-02
4.149791295640170574e-02
1.437811332289129496e-02
1.348829187918454409e-02
1.380111416801810265e-02
1.074958895333111286e-02
2.929462329484522343e-02
1.610592636279761791e-02
1.852444163523614407e-02
1.702563627623021603e-02
1.323541335295885801e-02
1.042603817768394947e-02
2.321979659609496593e-02
1.766970893368124962e-02
1.470079645514488220e-02
1.370883779600262642e-02
1.485869532916694880e-02
2.601520717144012451e-02
1.800535933580249548e-02
1.023801369592547417e-02
2.644265163689851761e-02
1.633744267746806145e-02
2.872552350163459778e-02
1.944435015320777893e-02
1.716144662350416183e-02
1.279385690577328205e-02
1.514943351503461599e-02
1.121476769912987947e-02
1.637018541805446148e-02
1.841110270470380783e-02
1.656098919920623302e-02
2.517699031159281731e-02
2.591789246071130037e-02
2.651209617033600807e-02
1.460531307384371758e-02
1.828965684399008751e-02
2.944565471261739731e-02
1.480140269268304110e-02
1.100598589982837439e-02
2.577487111557275057e-02
9.538595564663410187e-03
2.355052425991743803e-02
9.889174369163811207e-03
1.019472663756459951e-02
2.315811731386929750e-02
2.287346147932112217e-02
3.370229713618755341e-02
1.246863813139498234e-02
1.255979808047413826e-02
2.095323544926941395e-02
1.619692682288587093e-02
1.191718364134430885e-02
1.718040008563548326e-02
1.177836791612207890e-02
1.757857704069465399e-02
1.907478133216500282e-02
3.565647033974528313e-02
1.111943752039223909e-02
1.707207574509084225e-02
1.093125948682427406e-02
9.748921031132340431e-03
1.418951014056801796e-02
2.312228106893599033e-02
1.001446740701794624e-02
2.278533275239169598e-02
1.139363343827426434e-02
3.370194276794791222e-02
1.175629091449081898e-02
8.892851998098194599e-03
1.825082534924149513e-02
1.347648072987794876e-02
9.538873797282576561e-03
1.886259671300649643e-02
1.076137460768222809e-02
1.790992775931954384e-02
1.682819239795207977e-02
1.117612281814217567e-02
1.037241215817630291e-02
1.178660418372601271e-02
1.196499995421618223e-02
8.816050365567207336e-03
3.501275088638067245e-02
9.450971265323460102e-03
1.937519665807485580e-02
9.393853833898901939e-03
1.385743985883891582e-02
1.091593259479850531e-02
2.115472697187215090e-02
9.059687145054340363e-03
8.615034981630742550e-03
1.540581299923360348e-02
2.904956252314150333e-02
1.567060966044664383e-02
1.872168434783816338e-02
7.827163208276033401e-03
1.589241623878479004e-02
1.258494099602103233e-02
1.303900359198451042e-02
9.034957620315253735e-03
1.347195892594754696e-02
1.941971492487937212e-02
1.333200786029919982e-02
2.031110879033803940e-02
1.991643244400620461e-02
1.697778049856424332e-02
1.536449813283979893e-02
2.426240511704236269e-02
2.392244362272322178e-02
3.225745982490479946e-02
9.057184681296348572e-03
1.290874881669878960e-02
1.211255940143018961e-02
1.397625746903941035e-02
1.325224986067041755e-02
1.213534304406493902e-02
1.806539052631705999e-02
1.737656001932919025e-02
1.221608987543731928e-02
2.479150018189102411e-02
8.646662230603396893e-03
1.719339063856750727e-02
1.248760754242539406e-02
9.485490620136260986e-03
2.669034246355295181e-02
1.365342712961137295e-02
2.531337784603238106e-02
9.000344085507094860e-03
1.469248696230351925e-02
2.081907994579523802e-02
8.422875544056296349e-03
1.364116801414638758e-02
1.154607976786792278e-02
1.491181505843997002e-02
7.376850699074566364e-03
1.661013101693242788e-02
1.352249574847519398e-02
1.763148384634405375e-02
1.661113800946623087e-02
1.319825125392526388e-02
2.672166575212031603e-02
2.430173335596919060e-02
8.485452504828572273e-03
2.044822333846241236e-02
8.286058204248547554e-03
1.235715369693934917e-02
1.890911604277789593e-02
2.278117137029767036e-02
9.625401464290916920e-03
1.190971839241683483e-02
1.679360470734536648e-02
1.238799584098160267e-02
2.469169837422668934e-02
8.409806760028004646e-03
3.813757502939552069e-02
1.066472253296524286e-02
9.379528812132775784e-03
2.577046072110533714e-02
3.946306905709207058e-02
1.331220217980444431e-02
9.884595638141036034e-03
8.617401472292840481e-03
1.163790584541857243e-02
1.044033747166395187e-02
1.878469530493021011e-02
1.556633238214999437e-02
1.113074040040373802e-02
1.898962783161550760e-02
1.286261039786040783e-02
2.194808213971555233e-02
8.694374468177556992e-03
1.445210876408964396e-02
1.328229403588920832e-02
2.981290372554212809e-02
7.485811947844922543e-03
8.113064453937113285e-03
2.236258087214082479e-02
7.384308963082730770e-03
1.714091072790324688e-02
1.200333656743168831e-02
7.978496374562382698e-03
1.592570473439991474e-02
1.038395112846046686e-02
1.369434606749564409e-02
9.438369539566338062e-03
1.986442506313323975e-02
2.511987253092229366e-02
1.615140587091445923e-02
1.735759980510920286e-02
1.083180011482909322e-02
1.741044386290013790e-02
1.617871038615703583e-02
1.523378409910947084e-02
2.284992416389286518e-02
1.020003319717943668e-02
2.306204836349934340e-02
1.653307222295552492e-02
1.491956447716802359e-02
1.923606928903609514e-02
7.144825533032417297e-03
1.141576794907450676e-02
1.211884268559515476e-02
2.096497383899986744e-02
8.378520607948303223e-03
2.115131681784987450e-02
1.404914562590420246e-02
9.105062810704112053e-03
1.633753615897148848e-02
9.215598576702177525e-03
1.311508659273386002e-02
3.529924212489277124e-02
1.580264070071280003e-02
1.385646907147020102e-02
3.897770168259739876e-02
1.525116304401308298e-02
8.549524238333106041e-03
8.185515063814818859e-03
2.435610658721998334e-02
8.992181159555912018e-03
1.675765379332005978e-02
8.256715256720781326e-03
1.267044479027390480e-02
9.856796241365373135e-03
7.270412985235452652e-03
1.480369397904723883e-02
9.399220813065767288e-03
8.265257929451763630e-03
8.663369691930711269e-03
1.662029919680207968e-02
1.977637596428394318e-02
1.391972869168967009e-02
1.256438670679926872e-02
1.854584552347660065e-02
1.648211106657981873e-02
2.093436219729483128e-02
8.352992474101483822e-03
3.173433803021907806e-02
1.141889323480427265e-02
1.422282867133617401e-02
1.054417889099568129e-02
1.078358257655054331e-02
7.112140418030321598e-03
1.757432799786329269e-02
1.061439886689186096e-02
1.807561854366213083e-02
1.815897831693291664e-02
1.780954492278397083e-02
8.083748922217637300e-03
2.733822737354785204e-02
2.068776765372604132e-02
1.979329425375908613e-02
1.374480337835848331e-02
1.618684420827776194e-02
1.138885691761970520e-02
2.977103181183338165e-02
1.852952945046126842e-02
1.454039267264306545e-02
8.308225777000188828e-03
5.232275533489882946e-02
2.215730026364326477e-02
1.306524907704442739e-02
2.076959400437772274e-02
2.123635995667427778e-02
1.231629820540547371e-02
1.955703319981694221e-02
1.221393438754603267e-02
8.235374465584754944e-03
1.611071336083114147e-02
1.129232987295836210e-02
7.873402326367795467e-03
2.287694416008889675e-02
1.570055680349469185e-02
2.718705171719193459e-02
1.395476981997489929e-02
7.301368517801165581e-03
1.908931287471204996e-02
1.517515769228339195e-02
6.552977371029555798e-03
2.375716064125299454e-02
1.133958040736615658e-02
2.376144379377365112e-02
1.016770757269114256e-02
1.415640453342348337e-02
7.799221202731132507e-03
2.298068697564303875e-02
1.165369397494941950e-02
1.142027042806148529e-02
9.728782519232481718e-03
2.075152704492211342e-02
9.393642889335751534e-03
1.752798492088913918e-02
2.526720636524260044e-02
9.691020357422530651e-03
1.755663543008267879e-02
1.635843270923942327e-02
1.057359913829714060e-02
2.119054598733782768e-02
7.303644553758203983e-03
1.708250737283378839e-02
1.297909347340464592e-02
1.860667992150411010e-02
1.104353112168610096e-02
1.932990539353340864e-02
6.406238419003784657e-03
7.308799540624022484e-03
1.728931651450693607e-02
2.722525654826313257e-02
8.183591533452272415e-03
8.814847911708056927e-03
1.453460077755153179e-02
1.378853362984955311e-02
7.936514797620475292e-03
1.795074134133756161e-02
1.437747443560510874e-02
2.718285529408603907e-02
1.789422892034053802e-02
1.119981263764202595e-02
7.881295750848948956e-03
1.231478125555440784e-02
1.759421336464583874e-02
2.980170282535254955e-02
1.419364579487591982e-02
1.575142703950405121e-02
2.152850793208926916e-02
1.534681825432926416e-02
1.971301564481109381e-02
1.362498756498098373e-02
1.704830292146652937e-02
1.812213822267949581e-02
1.261308928951621056e-02
1.569664932321757078e-02
1.001785299740731716e-02
1.531284383963793516e-02
3.535204834770411253e-02
2.186121582053601742e-02
9.673252701759338379e-03
1.543108839541673660e-02
1.039437123108655214e-02
9.821786894463002682e-03
9.992380219046026468e-03
1.497836527414619923e-02
1.355637668166309595e-02
1.763141422998160124e-02
1.384003984276205301e-02
8.475320413708686829e-03
1.826824317686259747e-02
1.065967755857855082e-02
8.173119276762008667e-03
7.996263506356626749e-03
1.500693662092089653e-02
9.825828718021512032e-03
9.320618351921439171e-03
3.218074433971196413e-02
2.328195795416831970e-02
1.372247352264821529e-02
1.344294636510312557e-02
6.754464167170226574e-02
2.359350502956658602e-02
1.812785724177956581e-02
1.888192282058298588e-02
2.428866148693487048e-02
1.392540382221341133e-02
1.322253246325999498e-02
1.989016961306333542e-02
2.052848041057586670e-02
1.496725657489150763e-02
1.060528960078954697e-02
1.565588067751377821e-02
1.374530140310525894e-02
2.126147528178989887e-02
1.226578396745026112e-02
3.103284153621643782e-02
1.207183976657688618e-02
2.079505193978548050e-02
1.110530970618128777e-02
1.106668682768940926e-02
1.737139839679002762e-02
6.918480736203491688e-03
2.720381878316402435e-02
1.352794672129675746e-02
1.351241744123399258e-02
2.644129330292344093e-02
1.159945200197398663e-02
1.001360779628157616e-02
2.145470574032515287e-02
1.677365950308740139e-02
1.701979187782853842e-02
9.073077584616839886e-03
1.851025153882801533e-02
1.388417684938758612e-02
1.035280473297461867e-02
6.813836167566478252e-03
8.069661213085055351e-03
9.690175182186067104e-03
1.327463868074119091e-02
1.081415417138487101e-02
1.372556271962821484e-02
2.461881015915423632e-02
1.616540714167058468e-02
7.918190560303628445e-03
9.887587162666022778e-03
1.424279226921498775e-02
1.336950511904433370e-02
1.617862854618579149e-02
1.300951140001416206e-02
1.620291499421000481e-02
9.442907641641795635e-03
1.273579802364110947e-02
1.614711037836968899e-02
1.257184101268649101e-02
1.122168183792382479e-02
1.877661154139786959e-02
9.298150544054806232e-03
1.074945490108802915e-02
7.749373326078057289e-03
1.648904837202280760e-02
7.007034146226942539e-03
2.431140304543077946e-02
1.133867783937603235e-02
2.453474467620253563e-02
1.631335256388410926e-02
7.321805809624493122e-03
1.699238014407455921e-02
2.238494507037103176e-02
1.257859659381210804e-02
1.500446780119091272e-02
2.357350639067590237e-02
2.008361532352864742e-02
1.389867183752357960e-02
1.227849640417844057e-02
1.636092155240476131e-02
2.031588321551680565e-02
1.231641357298940420e-02
3.673372277989983559e-02
2.107298478949815035e-02
9.433557395823299885e-03
9.204601985402405262e-03
1.382273423951119184e-02
9.997811052016913891e-03
1.240135089028626680e-02
1.037227164488285780e-02
1.015358103904873133e-02
1.033455843571573496e-02
1.698001171462237835e-02
8.918242820072919130e-03
7.183940731920301914e-03
2.134883438702672720e-02
8.598156739026308060e-03
1.921823050361126661e-02
1.783281727693974972e-02
1.235915190773084760e-02
9.413094492629170418e-03
1.659808191470801830e-02
8.715174044482409954e-03
1.594096585176885128e-02
1.137681305408477783e-02
8.402521139942109585e-03
9.948485996574163437e-03
6.028852658346295357e-03
1.334336586296558380e-02
9.280002210289239883e-03
2.384890755638480186e-02
1.451946655288338661e-02
1.215027435682713985e-02
1.420270756352692842e-02
1.201697939541190863e-02
1.018742972519248724e-02
8.181725163012742996e-03
9.866087464615702629e-03
5.866251420229673386e-03
1.561542390845716000e-02
2.354523038957268000e-02
2.335771662183105946e-02
1.785836485214531422e-02
7.313225767575204372e-03
2.442347770556807518e-02
6.916129554156213999e-03
1.663122395984828472e-02
1.676337560638785362e-02
1.419643824920058250e-02
5.993145285174250603e-03
2.476834575645625591e-02
2.731106500141322613e-02
8.889763965271413326e-03
1.089057442732155323e-02
2.731758356094360352e-02
1.378158724401146173e-02
6.159809418022632599e-03
9.481545654125511646e-03
1.048619835637509823e-02
2.818889589980244637e-02
1.339729549363255501e-02
1.580078282859176397e-02
8.778982795774936676e-03
6.518440961372107267e-03
1.253754587378352880e-02
1.667900418397039175e-02
1.783488527871668339e-02
1.721709570847451687e-02
8.252923551481217146e-03
7.873993134126067162e-03
1.253601408097893000e-02
2.888232562690973282e-02
1.780161936767399311e-02
8.551896084100008011e-03
1.344814128242433071e-02
2.166752342600375414e-02
1.062186900526285172e-02
1.875061437021940947e-02
1.492532156407833099e-02
1.923467102460563183e-02
6.970863963942974806e-03
1.463090605102479458e-02
7.684002746827900410e-03
1.429557020310312510e-02
1.040596235543489456e-02
1.626052742358297110e-02
1.686620526015758514e-02
2.736463607288897038e-02
9.210226126015186310e-03
1.237683813087642193e-02
2.161263232119381428e-02
1.792361919069662690e-02
1.611555018462240696e-02
2.277732291258871555e-02
1.256186445243656635e-02
1.077835797332227230e-02
1.100068842060863972e-02
1.706045237369835377e-02
1.578844035975635052e-02
1.127463637385517359e-02
6.203692057169973850e-03
2.195772499544546008e-02
1.818114507477730513e-02
1.372527756029739976e-02
7.409727550111711025e-03
8.501782431267201900e-03
1.537635410204529762e-02
1.764599583111703396e-02
3.393670194782316685e-02
1.702211936935782433e-02
9.713409817777574062e-03
7.681717164814472198e-03
1.283991045784205198e-02
2.688682777807116508e-02
7.384575321339070797e-03
1.011498831212520599e-02
9.789683623239398003e-03
2.851287741214036942e-02
1.462890370748937130e-02
2.758252015337347984e-02
1.125411427346989512e-02
1.799153885804116726e-02
1.152444421313703060e-02
1.056108763441443443e-02
2.003316301852464676e-02
2.499362523667514324e-02
7.670340477488934994e-03
1.318534952588379383e-02
9.189038421027362347e-03
7.055465481244027615e-03
1.746544305933639407e-02
6.559743662364780903e-03
1.035273581510409713e-02
1.576380059123039246e-02
7.388868834823369980e-03
7.049664855003356934e-03
1.865552249364554882e-02
9.470053249970078468e-03
2.258849539794027805e-02
1.409161114133894444e-02
1.697440701536834240e-02
2.619298943318426609e-02
1.518198999110609293e-02
6.944430002477020025e-03
9.142822935245931149e-03
1.124005991732701659e-02
9.048209525644779205e-03
7.335137692280113697e-03
1.038134552072733641e-02
7.523005479015409946e-03
1.889279915485531092e-02
8.357019512914121151e-03
1.075243833474814892e-02
9.701397037133574486e-03
8.167341235093772411e-03
1.551038317847996950e-02
7.878468430135399103e-03
8.551565581001341343e-03
9.552171104587614536e-03
1.340788556262850761e-02
1.694614894222468138e-02
2.324537315871566534e-02
1.895961340051144361e-02
6.485577672719955444e-03
1.286692335270345211e-02
3.481848677620291710e-02
9.617935516871511936e-03
1.679006742779165506e-02
7.024642545729875565e-03
1.621624873951077461e-02
2.047245937865227461e-02
2.680810517631471157e-02
1.360746996942907572e-02
1.627943257335573435e-02
1.611844438593834639e-02
1.820199843496084213e-02
7.952982792630791664e-03
2.222194592468440533e-02
6.767586222849786282e-03
1.824410015251487494e-02
1.169606158509850502e-02
4.053739085793495178e-02
8.566401666030287743e-03
1.299531414406374097e-02
2.607842662837356329e-02
1.239035103935748339e-02
1.660118269501253963e-02
2.179174707271158695e-02
2.158863958902657032e-02
1.391013851389288902e-02
1.125937385950237513e-02
7.824598811566829681e-03
8.681268198415637016e-03
1.874323794618248940e-02
1.707947079557925463e-02
2.038949844427406788e-02
3.377510432619601488e-02
8.300005458295345306e-03
9.231547068338841200e-03
8.332332945428788662e-03
7.189272087998688221e-03
1.981365261599421501e-02
7.210597803350538015e-03
1.161493838299065828e-02
1.432221452705562115e-02
7.597707211971282959e-03
1.032216264866292477e-02
7.402463117614388466e-03
1.503763720393180847e-02
2.643275132868438959e-02
1.688840088900178671e-02
1.958716078661382198e-02
2.332369633950293064e-02
1.012446719687432051e-02
9.015054791234433651e-03
1.772205135785043240e-02
9.907092782668769360e-03
9.533362230286002159e-03
2.033353201113641262e-02
1.882786001078784466e-02
1.128208253066986799e-02
1.268294546753168106e-02
2.327107032760977745e-02
1.430947845801711082e-02
2.420716721098870039e-02
8.816189598292112350e-03
1.922147592995315790e-02
1.499295874964445829e-02
1.320419914554804564e-02
2.163750131148844957e-02
1.360570907127112150e-02
1.612872083205729723e-02
9.035650058649480343e-03
2.375195361673831940e-02
2.480426710098981857e-02
9.632760949898511171e-03
1.899027428589761257e-02
7.780161569826304913e-03
1.473752211313694715e-02
1.200097263790667057e-02
1.424053008668124676e-02
1.987452548928558826e-02
2.944742911495268345e-02
1.214434416033327579e-02
1.660134736448526382e-02
1.318878144957125187e-02
1.548254350200295448e-02
8.816101006232202053e-03
1.029165252111852169e-02
2.405899076256901026e-02
8.465487742796540260e-03
1.677597523666918278e-02
1.155642559751868248e-02
1.080948312301188707e-02
1.363596622832119465e-02
7.955351728014647961e-03
7.407048018649220467e-03
1.123497658409178257e-02
