1.224476165771484375e+02
1.021456832885742188e+02
9.648486328125000000e+01
8.501174926757812500e+01
6.736729431152343750e+01
6.579782104492187500e+01
6.671984100341796875e+01
3.819125366210937500e+01
2.903563499450683594e+01
3.446402359008789062e+01
2.255447769165039062e+01
1.956352233886718750e+01
2.073270797729492188e+01
2.567239570617675781e+01
1.814628219604492188e+01
2.581981658935546875e+01
2.562286376953125000e+01
2.443360710144042969e+01
2.243403244018554688e+01
2.326834297180175781e+01
1.846456527709960938e+01
2.487713623046875000e+01
2.447921371459960938e+01
2.593680000305175781e+01
1.899639511108398438e+01
2.115579414367675781e+01
2.942296218872070312e+01
2.024076271057128906e+01
2.300122451782226562e+01
2.542361259460449219e+01
2.759666824340820312e+01
2.953366851806640625e+01
2.353825378417968750e+01
2.635714912414550781e+01
2.561627006530761719e+01
2.068465805053710938e+01
2.056191444396972656e+01
2.107022476196289062e+01
2.436927604675292969e+01
1.965445899963378906e+01
2.823426246643066406e+01
1.872850418090820312e+01
2.258084487915039062e+01
2.580899429321289062e+01
1.871117019653320312e+01
2.101578903198242188e+01
2.223273468017578125e+01
2.029779434204101562e+01
1.986674880981445312e+01
2.425791358947753906e+01
2.236403274536132812e+01
1.978585815429687500e+01
2.030050659179687500e+01
2.629068374633789062e+01
1.905192565917968750e+01
1.997023391723632812e+01
1.872095108032226562e+01
1.931457710266113281e+01
2.100800323486328125e+01
2.043692588806152344e+01
2.000230789184570312e+01
3.099582290649414062e+01
2.085460662841796875e+01
2.299973106384277344e+01
2.449516296386718750e+01
1.984731292724609375e+01
2.027505111694335938e+01
1.926218223571777344e+01
2.369464302062988281e+01
1.780585670471191406e+01
2.045550155639648438e+01
1.808444786071777344e+01
1.921290397644042969e+01
2.055471420288085938e+01
1.978320312500000000e+01
1.840306472778320312e+01
1.756789398193359375e+01
1.707821655273437500e+01
1.692732238769531250e+01
1.728711318969726562e+01
1.760091018676757812e+01
1.650407981872558594e+01
1.905888938903808594e+01
1.813904190063476562e+01
1.756333923339843750e+01
1.945209503173828125e+01
2.318290328979492188e+01
2.129786300659179688e+01
2.449809837341308594e+01
1.808532905578613281e+01
2.068568801879882812e+01
1.880293655395507812e+01
1.613809585571289062e+01
2.305281257629394531e+01
1.681543731689453125e+01
1.658490562438964844e+01
1.976070785522460938e+01
1.655900382995605469e+01
1.791781997680664062e+01
1.638715553283691406e+01
1.818358230590820312e+01
1.769429779052734375e+01
1.636229705810546875e+01
1.566213989257812500e+01
1.583058643341064453e+01
2.239320945739746094e+01
1.932221412658691406e+01
2.069506835937500000e+01
2.042144393920898438e+01
1.842629432678222656e+01
1.888157463073730469e+01
1.608850288391113281e+01
1.856684494018554688e+01
1.731526947021484375e+01
1.609926223754882812e+01
1.663895225524902344e+01
1.539604377746582031e+01
1.780788040161132812e+01
1.748849487304687500e+01
1.678619956970214844e+01
1.591170024871826172e+01
1.565061378479003906e+01
1.639070129394531250e+01
1.566314220428466797e+01
1.932482910156250000e+01
1.529645156860351562e+01
1.645181274414062500e+01
1.716289901733398438e+01
1.636953735351562500e+01
1.625338172912597656e+01
1.536681842803955078e+01
1.507164001464843750e+01
1.536775302886962891e+01
1.599311542510986328e+01
1.589645767211914062e+01
1.631730842590332031e+01
1.583342647552490234e+01
1.688257026672363281e+01
1.717483711242675781e+01
1.580258083343505859e+01
1.523668289184570312e+01
1.520093536376953125e+01
1.575851154327392578e+01
1.512569046020507812e+01
1.546083545684814453e+01
1.512232398986816406e+01
1.668007469177246094e+01
1.724699401855468750e+01
1.563717079162597656e+01
1.553128623962402344e+01
1.483887386322021484e+01
1.533189487457275391e+01
1.624482727050781250e+01
1.511682510375976562e+01
1.525216960906982422e+01
1.567697525024414062e+01
1.626198387145996094e+01
1.567007255554199219e+01
1.476592350006103516e+01
1.682083129882812500e+01
1.726528930664062500e+01
1.588316535949707031e+01
1.860734939575195312e+01
1.638717842102050781e+01
1.609546279907226562e+01
1.700006484985351562e+01
1.531021499633789062e+01
1.537044525146484375e+01
1.517407989501953125e+01
1.555887222290039062e+01
1.519917106628417969e+01
1.589740943908691406e+01
1.546622085571289062e+01
1.651903533935546875e+01
1.607813644409179688e+01
1.731017112731933594e+01
1.564476299285888672e+01
1.954362106323242188e+01
1.500976943969726562e+01
1.579058170318603516e+01
1.509678840637207031e+01
1.479434204101562500e+01
1.517978096008300781e+01
1.750529861450195312e+01
1.533557224273681641e+01
1.542314529418945312e+01
1.634394264221191406e+01
1.755611419677734375e+01
1.654649162292480469e+01
1.591824054718017578e+01
1.523886013031005859e+01
1.663117980957031250e+01
2.230875778198242188e+01
1.520614624023437500e+01
1.755900192260742188e+01
2.157561874389648438e+01
1.975411987304687500e+01
1.652452087402343750e+01
1.566447067260742188e+01
1.630989074707031250e+01
1.514161491394042969e+01
1.593037223815917969e+01
1.502511978149414062e+01
1.541603469848632812e+01
1.565987491607666016e+01
1.465395259857177734e+01
1.569361591339111328e+01
1.555016231536865234e+01
1.563837242126464844e+01
1.506278038024902344e+01
1.493003749847412109e+01
1.568138504028320312e+01
1.570484352111816406e+01
1.519038867950439453e+01
1.499223518371582031e+01
1.496635627746582031e+01
1.466812896728515625e+01
1.539943599700927734e+01
1.521794509887695312e+01
1.487919235229492188e+01
1.503205680847167969e+01
1.619128608703613281e+01
1.545328140258789062e+01
1.504165744781494141e+01
1.479168319702148438e+01
1.520817279815673828e+01
1.520634078979492188e+01
1.543644905090332031e+01
1.474190044403076172e+01
1.540337562561035156e+01
1.501330661773681641e+01
1.534012794494628906e+01
1.497911262512207031e+01
1.460764694213867188e+01
1.461429119110107422e+01
1.543215847015380859e+01
1.518563175201416016e+01
1.523718357086181641e+01
1.517851829528808594e+01
1.516113090515136719e+01
1.525298309326171875e+01
1.513988685607910156e+01
1.490475368499755859e+01
1.477926349639892578e+01
1.528573608398437500e+01
1.548446178436279297e+01
1.520016479492187500e+01
1.628793334960937500e+01
1.532700347900390625e+01
1.538789176940917969e+01
1.537996578216552734e+01
1.478798389434814453e+01
1.497562408447265625e+01
1.616197586059570312e+01
1.500710964202880859e+01
1.514301013946533203e+01
1.489672088623046875e+01
1.539670085906982422e+01
1.534896850585937500e+01
1.537547969818115234e+01
1.517888927459716797e+01
1.534686660766601562e+01
1.483573436737060547e+01
1.511831665039062500e+01
1.501222419738769531e+01
1.516154193878173828e+01
1.504086589813232422e+01
1.549571609497070312e+01
1.510727787017822266e+01
1.522712612152099609e+01
1.573314285278320312e+01
1.489357852935791016e+01
1.539085102081298828e+01
1.478702926635742188e+01
1.606822967529296875e+01
1.636344528198242188e+01
1.481084537506103516e+01
1.605462455749511719e+01
1.506394481658935547e+01
1.489448070526123047e+01
1.489471054077148438e+01
1.504749488830566406e+01
1.474614715576171875e+01
1.537413597106933594e+01
1.482374763488769531e+01
1.552390003204345703e+01
1.472557830810546875e+01
1.509204864501953125e+01
1.676416587829589844e+01
1.644849205017089844e+01
1.511913776397705078e+01
1.526388359069824219e+01
1.469296264648437500e+01
1.470526123046875000e+01
1.586627769470214844e+01
1.521048450469970703e+01
1.493879604339599609e+01
1.546102905273437500e+01
1.494808673858642578e+01
1.525625228881835938e+01
1.500325012207031250e+01
1.481415176391601562e+01
1.496923351287841797e+01
1.501470279693603516e+01
1.501419544219970703e+01
1.482147598266601562e+01
1.532079792022705078e+01
1.486785507202148438e+01
1.481400299072265625e+01
1.564772701263427734e+01
1.492432785034179688e+01
1.465954208374023438e+01
1.492613983154296875e+01
1.484297180175781250e+01
1.474632167816162109e+01
1.513844490051269531e+01
1.495329952239990234e+01
1.465722846984863281e+01
1.479675197601318359e+01
1.479701042175292969e+01
1.541345882415771484e+01
1.513908195495605469e+01
1.478025341033935547e+01
1.458889865875244141e+01
1.511787796020507812e+01
1.529669380187988281e+01
1.460828018188476562e+01
1.460222244262695312e+01
1.546742820739746094e+01
1.531814479827880859e+01
1.487972545623779297e+01
1.484832859039306641e+01
1.463147354125976562e+01
1.472115516662597656e+01
1.490841007232666016e+01
1.465441989898681641e+01
1.478137397766113281e+01
1.492148017883300781e+01
1.459348392486572266e+01
1.472869110107421875e+01
1.455685615539550781e+01
1.454244041442871094e+01
1.515245628356933594e+01
1.478191280364990234e+01
1.507401943206787109e+01
1.496167182922363281e+01
1.645817947387695312e+01
1.538141536712646484e+01
1.467754459381103516e+01
1.473782730102539062e+01
1.517362022399902344e+01
1.464009952545166016e+01
1.479639625549316406e+01
1.480378246307373047e+01
1.497678375244140625e+01
1.470145702362060547e+01
1.466331291198730469e+01
1.490308761596679688e+01
1.483799171447753906e+01
1.525189876556396484e+01
1.534335231781005859e+01
1.676945877075195312e+01
1.517031574249267578e+01
1.548472785949707031e+01
1.558191013336181641e+01
1.505578231811523438e+01
1.540283393859863281e+01
1.463545322418212891e+01
1.522842597961425781e+01
1.453266716003417969e+01
1.457942008972167969e+01
1.574481487274169922e+01
1.492082023620605469e+01
1.462439060211181641e+01
1.520378971099853516e+01
1.502928638458251953e+01
1.464981555938720703e+01
1.462866306304931641e+01
1.490403556823730469e+01
1.469665431976318359e+01
1.530583763122558594e+01
1.469929790496826172e+01
1.471298789978027344e+01
1.491409397125244141e+01
1.576011943817138672e+01
1.467059135437011719e+01
1.465687847137451172e+01
1.465841102600097656e+01
1.488507366180419922e+01
1.513909244537353516e+01
1.501204299926757812e+01
1.493870735168457031e+01
1.473806953430175781e+01
1.491588401794433594e+01
1.449024772644042969e+01
1.486656570434570312e+01
1.457263374328613281e+01
1.464689159393310547e+01
1.471009063720703125e+01
1.509950065612792969e+01
1.518824005126953125e+01
1.491266059875488281e+01
1.482367515563964844e+01
1.491975688934326172e+01
1.480216693878173828e+01
1.457211685180664062e+01
1.488713169097900391e+01
1.536908531188964844e+01
1.484196853637695312e+01
1.463356971740722656e+01
1.458661842346191406e+01
1.466587352752685547e+01
1.461562538146972656e+01
1.469981765747070312e+01
1.480479526519775391e+01
1.462683391571044922e+01
1.454278564453125000e+01
1.500597476959228516e+01
1.486964416503906250e+01
1.469413185119628906e+01
1.456007194519042969e+01
1.462207031250000000e+01
1.509028816223144531e+01
1.477850627899169922e+01
1.452831172943115234e+01
1.465974140167236328e+01
1.509559631347656250e+01
1.503310585021972656e+01
1.459380149841308594e+01
1.478615188598632812e+01
1.462196731567382812e+01
1.511051464080810547e+01
1.532308769226074219e+01
1.459514141082763672e+01
1.462605476379394531e+01
1.459628295898437500e+01
1.464156341552734375e+01
1.481890583038330078e+01
1.490823268890380859e+01
1.508352565765380859e+01
1.487080192565917969e+01
1.452260875701904297e+01
1.453349304199218750e+01
1.483726501464843750e+01
1.469191741943359375e+01
1.478038978576660156e+01
1.459920883178710938e+01
1.466142463684082031e+01
1.505226039886474609e+01
1.501337814331054688e+01
1.465516853332519531e+01
1.454202938079833984e+01
1.457068252563476562e+01
1.470677375793457031e+01
1.498178291320800781e+01
1.496702194213867188e+01
1.484010982513427734e+01
1.460011672973632812e+01
1.478830432891845703e+01
1.466877937316894531e+01
1.459091091156005859e+01
1.465958976745605469e+01
1.492905235290527344e+01
1.496849441528320312e+01
1.489453887939453125e+01
1.484193706512451172e+01
1.460332775115966797e+01
1.463861370086669922e+01
1.478961372375488281e+01
1.508252525329589844e+01
1.546155452728271484e+01
1.494645881652832031e+01
1.457728290557861328e+01
1.462849617004394531e+01
1.486988449096679688e+01
1.541372680664062500e+01
1.503846073150634766e+01
1.460191631317138672e+01
1.462964820861816406e+01
1.463058567047119141e+01
1.482579612731933594e+01
1.457754516601562500e+01
1.480034828186035156e+01
1.467723369598388672e+01
1.493398666381835938e+01
1.484367179870605469e+01
1.472035121917724609e+01
1.479113388061523438e+01
1.459366607666015625e+01
1.469221782684326172e+01
1.472321128845214844e+01
1.498033237457275391e+01
1.482997226715087891e+01
1.475397682189941406e+01
1.463427162170410156e+01
1.462278938293457031e+01
1.486337375640869141e+01
1.463432407379150391e+01
1.464191436767578125e+01
1.465817260742187500e+01
1.474124145507812500e+01
1.491908740997314453e+01
1.481969738006591797e+01
1.465756607055664062e+01
1.458245086669921875e+01
1.459225082397460938e+01
1.460337257385253906e+01
1.472988128662109375e+01
1.463649368286132812e+01
1.464652442932128906e+01
1.472168922424316406e+01
1.487977027893066406e+01
1.483542442321777344e+01
1.483211517333984375e+01
1.468946266174316406e+01
1.458875846862792969e+01
1.452678966522216797e+01
1.457705211639404297e+01
1.483670711517333984e+01
1.488272762298583984e+01
1.494845485687255859e+01
1.469851684570312500e+01
1.454412269592285156e+01
1.459776782989501953e+01
1.500203323364257812e+01
1.496501255035400391e+01
1.465905189514160156e+01
1.453929615020751953e+01
1.453483486175537109e+01
1.468894195556640625e+01
1.476525878906250000e+01
1.459488582611083984e+01
1.466961288452148438e+01
1.456366348266601562e+01
1.457501602172851562e+01
1.455144500732421875e+01
1.455391883850097656e+01
1.464220714569091797e+01
1.458325767517089844e+01
1.450482559204101562e+01
1.454090785980224609e+01
1.455113983154296875e+01
1.461506462097167969e+01
1.478947830200195312e+01
1.491378593444824219e+01
1.486311340332031250e+01
1.494753742218017578e+01
1.482842254638671875e+01
1.457229804992675781e+01
1.454233551025390625e+01
1.463564109802246094e+01
1.477665138244628906e+01
1.502321624755859375e+01
1.494631195068359375e+01
1.467794799804687500e+01
1.453932952880859375e+01
1.457714462280273438e+01
1.459100532531738281e+01
1.459395217895507812e+01
1.460541534423828125e+01
1.453665161132812500e+01
1.451558208465576172e+01
1.458874320983886719e+01
1.483227729797363281e+01
1.497999572753906250e+01
1.495481872558593750e+01
1.483461189270019531e+01
1.463530158996582031e+01
1.454006385803222656e+01
1.457031822204589844e+01
1.462809371948242188e+01
1.455265808105468750e+01
1.449960613250732422e+01
1.455591583251953125e+01
1.463524150848388672e+01
1.464816474914550781e+01
1.459451580047607422e+01
1.474008274078369141e+01
1.474081230163574219e+01
1.456815147399902344e+01
1.456504154205322266e+01
1.461760711669921875e+01
1.461702537536621094e+01
1.488102626800537109e+01
1.495654487609863281e+01
1.467087173461914062e+01
1.452320194244384766e+01
1.462645149230957031e+01
1.456609344482421875e+01
1.482908821105957031e+01
1.506594657897949219e+01
1.522273349761962891e+01
1.485710525512695312e+01
1.457675743103027344e+01
1.453792953491210938e+01
1.457068538665771484e+01
1.465011692047119141e+01
1.484051704406738281e+01
1.481739902496337891e+01
1.460752964019775391e+01
1.453200721740722656e+01
1.451078605651855469e+01
1.453807449340820312e+01
1.454354763031005859e+01
1.466242027282714844e+01
1.475505447387695312e+01
1.484532928466796875e+01
1.491715526580810547e+01
1.498163127899169922e+01
1.498569011688232422e+01
1.477634429931640625e+01
1.458100223541259766e+01
1.451475524902343750e+01
1.450205707550048828e+01
1.450315475463867188e+01
1.450539016723632812e+01
1.450177955627441406e+01
1.453910160064697266e+01
1.460413551330566406e+01
1.466775703430175781e+01
1.467433547973632812e+01
1.462457466125488281e+01
1.458097743988037109e+01
1.458638000488281250e+01
1.456897830963134766e+01
1.456470108032226562e+01
1.464481163024902344e+01
1.463714504241943359e+01
1.457369995117187500e+01
1.452967643737792969e+01
1.451617050170898438e+01
1.455589580535888672e+01
1.456152153015136719e+01
1.457211399078369141e+01
1.457852363586425781e+01
1.462970352172851562e+01
1.460816478729248047e+01
1.463785266876220703e+01
1.479572296142578125e+01
1.479401588439941406e+01
1.482851982116699219e+01
1.473881626129150391e+01
1.466276931762695312e+01
1.460929775238037109e+01
1.460218429565429688e+01
1.463849258422851562e+01
1.462250041961669922e+01
1.460879325866699219e+01
1.461621665954589844e+01
1.464554977416992188e+01
1.463226985931396484e+01
1.465873908996582031e+01
1.464084053039550781e+01
1.463077735900878906e+01
1.469089126586914062e+01
1.466737747192382812e+01
1.463603878021240234e+01
1.461967658996582031e+01
1.468091297149658203e+01
1.472770309448242188e+01
1.470650863647460938e+01
1.468248367309570312e+01
1.459545135498046875e+01
1.456021499633789062e+01
1.457052040100097656e+01
1.455672931671142578e+01
1.462791061401367188e+01
1.463914489746093750e+01
1.476528167724609375e+01
1.468499755859375000e+01
1.456351852416992188e+01
1.460746574401855469e+01
1.475981330871582031e+01
1.475009822845458984e+01
1.470123672485351562e+01
1.453856182098388672e+01
1.449350929260253906e+01
1.448560810089111328e+01
1.450331401824951172e+01
1.456177425384521484e+01
1.466346549987792969e+01
1.464593029022216797e+01
1.454477119445800781e+01
1.447358036041259766e+01
1.452519607543945312e+01
1.455961608886718750e+01
1.455263805389404297e+01
1.469485187530517578e+01
1.481298923492431641e+01
1.485766315460205078e+01
1.471291923522949219e+01
1.475030517578125000e+01
1.483113956451416016e+01
1.475002193450927734e+01
1.466347885131835938e+01
1.458071327209472656e+01
1.455574989318847656e+01
1.454472732543945312e+01
1.453065490722656250e+01
1.458258533477783203e+01
1.457911300659179688e+01
1.460799407958984375e+01
1.467770004272460938e+01
1.465102577209472656e+01
1.460287570953369141e+01
1.459536361694335938e+01
1.458182334899902344e+01
1.460811805725097656e+01
1.463783359527587891e+01
1.461111736297607422e+01
1.459235286712646484e+01
1.457190895080566406e+01
1.459073925018310547e+01
1.457805538177490234e+01
1.456686305999755859e+01
1.463743686676025391e+01
1.467076492309570312e+01
1.464194679260253906e+01
1.461922454833984375e+01
1.463347434997558594e+01
1.458940410614013672e+01
1.461790180206298828e+01
1.459500789642333984e+01
1.460901641845703125e+01
1.456659221649169922e+01
1.454915809631347656e+01
1.460001277923583984e+01
1.464719200134277344e+01
1.467547416687011719e+01
1.464526939392089844e+01
1.458445930480957031e+01
1.455420112609863281e+01
1.453203487396240234e+01
1.452067852020263672e+01
1.454588222503662109e+01
1.455169105529785156e+01
1.456559753417968750e+01
1.462094879150390625e+01
1.470306301116943359e+01
1.467767524719238281e+01
1.474270248413085938e+01
1.476565742492675781e+01
1.474528408050537109e+01
1.472052955627441406e+01
1.465183067321777344e+01
1.456083488464355469e+01
1.451024246215820312e+01
1.446502304077148438e+01
1.450195312500000000e+01
1.452303314208984375e+01
1.453167819976806641e+01
1.454284954071044922e+01
1.455863475799560547e+01
1.455482292175292969e+01
1.453644657135009766e+01
1.457602310180664062e+01
1.457728767395019531e+01
1.460101413726806641e+01
1.462773323059082031e+01
1.463124275207519531e+01
1.468776130676269531e+01
1.475697708129882812e+01
1.480100631713867188e+01
1.483690357208251953e+01
1.475659561157226562e+01
1.468526649475097656e+01
1.467636680603027344e+01
1.465386962890625000e+01
1.464086437225341797e+01
1.465431404113769531e+01
1.466638469696044922e+01
1.469609737396240234e+01
1.469097995758056641e+01
1.472156715393066406e+01
1.470665359497070312e+01
1.466598033905029297e+01
1.464048004150390625e+01
1.461955165863037109e+01
1.459185028076171875e+01
1.458238983154296875e+01
1.455328750610351562e+01
1.457090282440185547e+01
1.461444473266601562e+01
1.471526908874511719e+01
1.469323539733886719e+01
1.466187858581542969e+01
1.461798572540283203e+01
1.463959312438964844e+01
1.463430786132812500e+01
1.458137893676757812e+01
1.456106567382812500e+01
1.455179691314697266e+01
1.458435630798339844e+01
1.453952121734619141e+01
1.450109195709228516e+01
1.447660732269287109e+01
1.448631668090820312e+01
1.451340293884277344e+01
1.453906250000000000e+01
1.457595729827880859e+01
1.463185691833496094e+01
1.471251869201660156e+01
1.471525287628173828e+01
1.468461036682128906e+01
1.463708877563476562e+01
1.461066627502441406e+01
1.461731243133544922e+01
1.461607933044433594e+01
1.455539131164550781e+01
1.454829788208007812e+01
1.453357696533203125e+01
1.452249050140380859e+01
1.453519630432128906e+01
1.454267692565917969e+01
1.458921813964843750e+01
1.460734367370605469e+01
1.459826087951660156e+01
1.460513687133789062e+01
1.458796119689941406e+01
1.458748817443847656e+01
1.458500099182128906e+01
1.458545970916748047e+01
1.458257102966308594e+01
1.459527969360351562e+01
1.459474945068359375e+01
1.456735610961914062e+01
1.456830787658691406e+01
1.457791709899902344e+01
1.461315250396728516e+01
1.462466907501220703e+01
1.463620758056640625e+01
1.462795639038085938e+01
1.463202381134033203e+01
1.459186363220214844e+01
1.456676578521728516e+01
1.458650970458984375e+01
1.456361770629882812e+01
1.455556869506835938e+01
1.456337165832519531e+01
1.454526710510253906e+01
1.454126739501953125e+01
1.453257369995117188e+01
1.454909515380859375e+01
1.455739116668701172e+01
1.456449508666992188e+01
1.455515193939208984e+01
1.455465030670166016e+01
1.462045478820800781e+01
1.468417930603027344e+01
1.471581840515136719e+01
1.469551658630371094e+01
1.469588375091552734e+01
1.470039367675781250e+01
1.466425609588623047e+01
1.466044235229492188e+01
1.462461090087890625e+01
1.461232566833496094e+01
1.460248947143554688e+01
1.457119178771972656e+01
1.454295158386230469e+01
1.453767776489257812e+01
1.453874397277832031e+01
1.455514717102050781e+01
1.456523895263671875e+01
1.454578018188476562e+01
1.455052375793457031e+01
1.453575134277343750e+01
1.454032707214355469e+01
1.456550407409667969e+01
1.458334350585937500e+01
1.457844448089599609e+01
1.453716659545898438e+01
1.453857612609863281e+01
1.452956295013427734e+01
1.455288887023925781e+01
1.455817985534667969e+01
1.456039142608642578e+01
1.456789016723632812e+01
1.460436248779296875e+01
1.459490203857421875e+01
1.460726833343505859e+01
1.463039398193359375e+01
1.461735916137695312e+01
1.461739921569824219e+01
1.459229278564453125e+01
1.457244110107421875e+01
1.456012916564941406e+01
1.453193283081054688e+01
1.453393745422363281e+01
1.455482482910156250e+01
1.457114982604980469e+01
1.455941009521484375e+01
1.458124542236328125e+01
1.458137989044189453e+01
1.459593772888183594e+01
1.459321403503417969e+01
1.459073257446289062e+01
1.454061317443847656e+01
1.453238582611083984e+01
1.450795936584472656e+01
1.451598072052001953e+01
1.452885246276855469e+01
1.455049896240234375e+01
1.456182479858398438e+01
1.456118774414062500e+01
1.456053638458251953e+01
1.456830596923828125e+01
1.455183887481689453e+01
1.454747962951660156e+01
1.456051063537597656e+01
1.456191253662109375e+01
1.457069492340087891e+01
1.455680847167968750e+01
1.458360671997070312e+01
1.458699989318847656e+01
1.457040596008300781e+01
1.457188224792480469e+01
1.455551147460937500e+01
1.455271625518798828e+01
1.456294059753417969e+01
1.456452178955078125e+01
1.460850334167480469e+01
1.461003208160400391e+01
1.463598918914794922e+01
1.462848949432373047e+01
1.463415622711181641e+01
1.461850261688232422e+01
1.461518764495849609e+01
1.462482357025146484e+01
1.459698772430419922e+01
1.456803798675537109e+01
1.457790946960449219e+01
1.457882308959960938e+01
1.459986495971679688e+01
1.461698913574218750e+01
1.464267730712890625e+01
1.467927265167236328e+01
1.464642143249511719e+01
1.464194965362548828e+01
1.461360263824462891e+01
1.459850978851318359e+01
1.461271476745605469e+01
1.461701297760009766e+01
1.461966037750244141e+01
1.459301280975341797e+01
1.458344459533691406e+01
1.457394695281982422e+01
1.457496070861816406e+01
1.458390998840332031e+01
1.457602787017822266e+01
1.461558914184570312e+01
1.461022949218750000e+01
1.462796401977539062e+01
1.461115741729736328e+01
1.458627510070800781e+01
1.458023643493652344e+01
1.457001781463623047e+01
1.457742404937744141e+01
1.457055187225341797e+01
1.455116081237792969e+01
1.458543014526367188e+01
1.459460258483886719e+01
1.459231567382812500e+01
1.461532783508300781e+01
1.465736007690429688e+01
1.463177680969238281e+01
1.464067649841308594e+01
1.463547611236572266e+01
1.462637329101562500e+01
1.461205673217773438e+01
1.461329555511474609e+01
1.462513351440429688e+01
1.463732910156250000e+01
1.460037803649902344e+01
1.462643814086914062e+01
1.466745281219482422e+01
1.465727043151855469e+01
1.462328815460205078e+01
1.464094924926757812e+01
1.460902976989746094e+01
1.460801887512207031e+01
1.460248756408691406e+01
1.458425521850585938e+01
1.458790302276611328e+01
1.460783576965332031e+01
1.460710144042968750e+01
1.457404899597167969e+01
1.457263851165771484e+01
1.459160709381103516e+01
1.462562942504882812e+01
1.462214374542236328e+01
1.465584850311279297e+01
1.465949440002441406e+01
1.465980339050292969e+01
1.463489913940429688e+01
1.460097312927246094e+01
1.459247207641601562e+01
1.459382438659667969e+01
1.460412788391113281e+01
1.460165309906005859e+01
