2.661434650421142578e+00
2.060190916061401367e+00
1.920407414436340332e+00
1.601179122924804688e+00
1.212985754013061523e+00
1.161310553550720215e+00
1.136725902557373047e+00
7.192198038101196289e-01
5.619993805885314941e-01
5.810049772262573242e-01
4.978752434253692627e-01
4.780360162258148193e-01
5.213176608085632324e-01
5.475611686706542969e-01
5.336506962776184082e-01
5.828920006752014160e-01
5.865061283111572266e-01
5.974270105361938477e-01
6.209617257118225098e-01
6.504735946655273438e-01
6.503458619117736816e-01
6.719221472740173340e-01
6.879006624221801758e-01
7.135485410690307617e-01
7.193804979324340820e-01
7.507364153861999512e-01
7.890736460685729980e-01
7.417951822280883789e-01
7.387943267822265625e-01
7.548127174377441406e-01
7.916370034217834473e-01
7.846575975418090820e-01
7.790703177452087402e-01
8.115574121475219727e-01
8.378793001174926758e-01
7.880677580833435059e-01
7.680646181106567383e-01
7.773406505584716797e-01
7.876441478729248047e-01
7.552449107170104980e-01
8.168963789939880371e-01
7.710617780685424805e-01
7.646026015281677246e-01
8.014398217201232910e-01
7.694408297538757324e-01
7.863113880157470703e-01
7.880054116249084473e-01
7.803623080253601074e-01
7.863177657127380371e-01
8.084763288497924805e-01
7.933992743492126465e-01
7.751076817512512207e-01
7.771286368370056152e-01
8.302736878395080566e-01
7.791975140571594238e-01
7.663640975952148438e-01
7.485094070434570312e-01
7.739992737770080566e-01
7.622443437576293945e-01
7.276270389556884766e-01
7.361693978309631348e-01
8.032789826393127441e-01
7.294081449508666992e-01
7.400059103965759277e-01
7.139158844947814941e-01
6.856521368026733398e-01
7.287936210632324219e-01
7.219035029411315918e-01
7.311565876007080078e-01
6.964796781539916992e-01
7.110791206359863281e-01
6.850188374519348145e-01
7.100700736045837402e-01
6.842834353446960449e-01
6.873413324356079102e-01
6.978283524513244629e-01
6.753730177879333496e-01
6.482856273651123047e-01
6.452023386955261230e-01
6.587625741958618164e-01
6.502630710601806641e-01
6.353532075881958008e-01
6.227386593818664551e-01
6.522377729415893555e-01
6.199256777763366699e-01
6.029434800148010254e-01
6.358593106269836426e-01
6.114679574966430664e-01
6.179677248001098633e-01
6.167355775833129883e-01
5.897169113159179688e-01
6.105614304542541504e-01
5.810391306877136230e-01
6.281569600105285645e-01
5.946213603019714355e-01
5.617043972015380859e-01
5.821602344512939453e-01
5.696544051170349121e-01
5.983360409736633301e-01
5.703656077384948730e-01
5.748126506805419922e-01
5.750145316123962402e-01
5.822636485099792480e-01
5.688310861587524414e-01
5.640867948532104492e-01
5.859574079513549805e-01
5.687186717987060547e-01
5.718069672584533691e-01
5.763199329376220703e-01
5.609545707702636719e-01
5.352667570114135742e-01
5.474394559860229492e-01
5.635663866996765137e-01
5.508275032043457031e-01
5.470253229141235352e-01
5.508653521537780762e-01
5.353040099143981934e-01
5.549898743629455566e-01
5.503861904144287109e-01
5.417208671569824219e-01
5.439822673797607422e-01
5.327679514884948730e-01
5.450194478034973145e-01
5.479993224143981934e-01
5.563656687736511230e-01
5.384039282798767090e-01
5.413897037506103516e-01
5.408727526664733887e-01
5.364611148834228516e-01
5.498996973037719727e-01
5.326108336448669434e-01
5.224772095680236816e-01
5.273914337158203125e-01
5.297512412071228027e-01
5.292346477508544922e-01
5.377313494682312012e-01
5.273528099060058594e-01
5.284881591796875000e-01
5.387680530548095703e-01
5.279483199119567871e-01
5.382499098777770996e-01
5.348725318908691406e-01
5.230168700218200684e-01
5.254164934158325195e-01
5.289148688316345215e-01
5.199681520462036133e-01
5.280641317367553711e-01
5.245651006698608398e-01
5.165272951126098633e-01
5.147285461425781250e-01
5.113801360130310059e-01
5.251195430755615234e-01
5.243146419525146484e-01
5.206215381622314453e-01
5.206583738327026367e-01
5.195689201354980469e-01
5.312125086784362793e-01
5.273298621177673340e-01
5.193427205085754395e-01
5.273209810256958008e-01
5.266127586364746094e-01
5.286428332328796387e-01
5.339041948318481445e-01
5.231645107269287109e-01
5.207216143608093262e-01
5.463442206382751465e-01
5.216028094291687012e-01
5.226227641105651855e-01
5.205156803131103516e-01
5.301390886306762695e-01
5.344673395156860352e-01
5.278941392898559570e-01
5.417912006378173828e-01
5.483328700065612793e-01
5.345821380615234375e-01
5.453943014144897461e-01
5.263719558715820312e-01
5.288175344467163086e-01
5.239906311035156250e-01
5.342653989791870117e-01
5.186915993690490723e-01
5.179707407951354980e-01
5.298775434494018555e-01
5.394251346588134766e-01
5.249259471893310547e-01
5.300303697586059570e-01
5.224874019622802734e-01
5.124472975730895996e-01
5.393232107162475586e-01
5.285639762878417969e-01
5.234774351119995117e-01
5.292369127273559570e-01
5.550984144210815430e-01
5.216735005378723145e-01
5.161536931991577148e-01
5.437179207801818848e-01
5.102624893188476562e-01
4.935458004474639893e-01
5.044944286346435547e-01
5.020560622215270996e-01
5.051615834236145020e-01
5.236521363258361816e-01
5.166734457015991211e-01
5.148420929908752441e-01
5.164545774459838867e-01
5.060833692550659180e-01
5.088920593261718750e-01
5.263516306877136230e-01
5.204680562019348145e-01
5.071291923522949219e-01
5.072837471961975098e-01
5.092002749443054199e-01
5.046485066413879395e-01
5.044718980789184570e-01
5.083767175674438477e-01
5.138060450553894043e-01
5.076551437377929688e-01
5.058357715606689453e-01
5.014310479164123535e-01
5.075194239616394043e-01
5.121417045593261719e-01
5.133736133575439453e-01
5.109510421752929688e-01
5.147582292556762695e-01
5.062265396118164062e-01
5.028252601623535156e-01
4.998421370983123779e-01
4.936876893043518066e-01
5.049590468406677246e-01
5.102521777153015137e-01
5.081662535667419434e-01
5.195837616920471191e-01
5.121402144432067871e-01
5.067888498306274414e-01
5.078664422035217285e-01
5.181326270103454590e-01
5.180743932723999023e-01
5.095038414001464844e-01
5.174481272697448730e-01
5.126016139984130859e-01
5.115345716476440430e-01
5.171154141426086426e-01
5.143441557884216309e-01
5.130979418754577637e-01
5.186690688133239746e-01
5.147226452827453613e-01
5.202135443687438965e-01
5.221820473670959473e-01
5.238824486732482910e-01
5.194181799888610840e-01
5.154596567153930664e-01
5.145386457443237305e-01
5.177888274192810059e-01
5.216059684753417969e-01
5.174068212509155273e-01
5.217383503913879395e-01
5.128700733184814453e-01
5.161654353141784668e-01
5.205397605895996094e-01
5.177080631256103516e-01
5.206638574600219727e-01
5.133401751518249512e-01
5.124434232711791992e-01
5.261404514312744141e-01
5.284575819969177246e-01
5.246822834014892578e-01
5.225457549095153809e-01
5.218954682350158691e-01
5.186414122581481934e-01
5.134902000427246094e-01
5.197772383689880371e-01
5.143694281578063965e-01
5.197260975837707520e-01
5.124392509460449219e-01
5.203776955604553223e-01
5.174106955528259277e-01
5.062032341957092285e-01
5.061234235763549805e-01
5.123832821846008301e-01
5.024995803833007812e-01
4.986119866371154785e-01
5.026906132698059082e-01
5.014489889144897461e-01
5.135744810104370117e-01
5.060046911239624023e-01
5.067294239997863770e-01
5.065627694129943848e-01
5.067006349563598633e-01
5.310476422309875488e-01
5.225005745887756348e-01
5.110999345779418945e-01
5.126405358314514160e-01
4.995250701904296875e-01
5.031329989433288574e-01
5.138848423957824707e-01
5.053856372833251953e-01
5.096446871757507324e-01
5.162356495857238770e-01
5.092985033988952637e-01
5.193557739257812500e-01
5.157172679901123047e-01
5.115948319435119629e-01
5.142728090286254883e-01
5.166037082672119141e-01
5.141969323158264160e-01
5.111019015312194824e-01
5.163363218307495117e-01
5.131658315658569336e-01
5.108625888824462891e-01
5.132474899291992188e-01
5.082967877388000488e-01
5.021834969520568848e-01
5.047211647033691406e-01
5.084562301635742188e-01
5.077664256095886230e-01
5.096044540405273438e-01
5.065658092498779297e-01
5.028957724571228027e-01
5.062662959098815918e-01
5.061059594154357910e-01
5.072397589683532715e-01
5.074867606163024902e-01
5.042726397514343262e-01
5.004130005836486816e-01
5.047381520271301270e-01
5.061030983924865723e-01
5.002626776695251465e-01
5.011789202690124512e-01
5.067860484123229980e-01
5.039052367210388184e-01
5.017174482345581055e-01
5.017579793930053711e-01
4.984967708587646484e-01
4.981389045715332031e-01
4.986051619052886963e-01
4.992873966693878174e-01
5.008850693702697754e-01
5.018039941787719727e-01
4.978581368923187256e-01
5.020170807838439941e-01
4.988736808300018311e-01
4.989477396011352539e-01
5.090512037277221680e-01
5.092368721961975098e-01
5.079224705696105957e-01
5.135107040405273438e-01
5.184754729270935059e-01
5.086693167686462402e-01
5.032979249954223633e-01
5.033584833145141602e-01
5.055377483367919922e-01
5.025693178176879883e-01
5.040959715843200684e-01
5.025951862335205078e-01
5.052219629287719727e-01
5.052263140678405762e-01
5.045686960220336914e-01
5.060631036758422852e-01
5.066623091697692871e-01
5.088920593261718750e-01
5.065414905548095703e-01
5.095859766006469727e-01
5.037004351615905762e-01
5.033991932868957520e-01
5.010838508605957031e-01
5.007979869842529297e-01
5.014206767082214355e-01
4.998797774314880371e-01
5.046796798706054688e-01
4.961969256401062012e-01
4.956162869930267334e-01
5.070499777793884277e-01
5.023764371871948242e-01
4.989622831344604492e-01
5.017697215080261230e-01
5.037277936935424805e-01
5.000233054161071777e-01
5.000312328338623047e-01
4.974879622459411621e-01
4.995931982994079590e-01
5.021830201148986816e-01
4.992200136184692383e-01
5.021696090698242188e-01
5.046214461326599121e-01
5.087299942970275879e-01
5.015621185302734375e-01
5.001072883605957031e-01
4.998376965522766113e-01
5.014513731002807617e-01
5.026124119758605957e-01
5.029230117797851562e-01
5.029591321945190430e-01
5.009733438491821289e-01
4.978491663932800293e-01
4.944047629833221436e-01
5.002782344818115234e-01
4.978136718273162842e-01
4.979105293750762939e-01
4.967432618141174316e-01
5.000722408294677734e-01
5.024074316024780273e-01
5.011276006698608398e-01
5.012096762657165527e-01
5.005415678024291992e-01
4.990703463554382324e-01
4.968245923519134521e-01
4.991857409477233887e-01
5.003888607025146484e-01
4.981003701686859131e-01
4.977026581764221191e-01
4.955619871616363525e-01
4.968334734439849854e-01
4.972684085369110107e-01
4.997431635856628418e-01
4.986467659473419189e-01
4.967367053031921387e-01
4.949647784233093262e-01
4.989943206310272217e-01
4.985122084617614746e-01
4.971125721931457520e-01
4.955105781555175781e-01
4.974407553672790527e-01
4.997086822986602783e-01
4.973280131816864014e-01
4.958958029747009277e-01
4.998055398464202881e-01
5.026628971099853516e-01
5.015192031860351562e-01
4.973147809505462646e-01
4.957227408885955811e-01
4.961158931255340576e-01
4.985789060592651367e-01
4.979501366615295410e-01
4.956035017967224121e-01
4.949907660484313965e-01
4.974925518035888672e-01
4.979830980300903320e-01
4.989037811756134033e-01
4.991336762905120850e-01
4.997381269931793213e-01
4.972366988658905029e-01
4.950850009918212891e-01
4.961304664611816406e-01
4.987033009529113770e-01
4.980104267597198486e-01
4.987485110759735107e-01
4.977019429206848145e-01
4.975070059299468994e-01
4.992828965187072754e-01
4.987904727458953857e-01
4.970552623271942139e-01
4.944599568843841553e-01
4.948194324970245361e-01
4.978399276733398438e-01
5.008585453033447266e-01
5.000414252281188965e-01
5.007537603378295898e-01
4.985356926918029785e-01
4.987618923187255859e-01
4.984846115112304688e-01
4.973101913928985596e-01
4.979900121688842773e-01
4.991582036018371582e-01
4.998598396778106689e-01
4.988761544227600098e-01
4.985080063343048096e-01
4.965332746505737305e-01
4.974001944065093994e-01
4.984125792980194092e-01
5.004429817199707031e-01
5.015730261802673340e-01
4.982453584671020508e-01
4.957154691219329834e-01
4.979907572269439697e-01
4.989285171031951904e-01
5.003237128257751465e-01
4.983163475990295410e-01
4.961687326431274414e-01
4.971045255661010742e-01
4.985045194625854492e-01
4.987384080886840820e-01
4.971762597560882568e-01
4.992201030254364014e-01
4.982083737850189209e-01
5.016736388206481934e-01
5.016688704490661621e-01
4.995206296443939209e-01
4.994048774242401123e-01
4.964208900928497314e-01
4.993084967136383057e-01
5.000188946723937988e-01
5.015764236450195312e-01
5.011370778083801270e-01
4.981893301010131836e-01
4.988864064216613770e-01
4.986265599727630615e-01
4.999000430107116699e-01
4.972596168518066406e-01
4.977160096168518066e-01
4.975580871105194092e-01
4.988627731800079346e-01
4.997862279415130615e-01
4.985189437866210938e-01
4.971496462821960449e-01
4.958488643169403076e-01
4.961010515689849854e-01
4.963719546794891357e-01
4.972144365310668945e-01
4.952383637428283691e-01
4.952840805053710938e-01
4.955236315727233887e-01
4.964377880096435547e-01
4.957626760005950928e-01
4.956460893154144287e-01
4.955829381942749023e-01
4.942932426929473877e-01
4.933197200298309326e-01
4.945080578327178955e-01
4.961690306663513184e-01
4.957983195781707764e-01
4.953520894050598145e-01
4.940841794013977051e-01
4.930012226104736328e-01
4.935204982757568359e-01
4.958965182304382324e-01
4.967045187950134277e-01
4.955607354640960693e-01
4.941971898078918457e-01
4.940157532691955566e-01
4.949806928634643555e-01
4.953821599483489990e-01
4.943549633026123047e-01
4.949764609336853027e-01
4.938831031322479248e-01
4.944666028022766113e-01
4.944557547569274902e-01
4.947442710399627686e-01
4.955342710018157959e-01
4.942430555820465088e-01
4.929482340812683105e-01
4.930476546287536621e-01
4.933398365974426270e-01
4.941746890544891357e-01
4.957668781280517578e-01
4.972076117992401123e-01
4.967826008796691895e-01
4.972775280475616455e-01
4.965584874153137207e-01
4.939234256744384766e-01
4.931109249591827393e-01
4.940396249294281006e-01
4.951407015323638916e-01
4.959049820899963379e-01
4.951954483985900879e-01
4.941066801548004150e-01
4.927548170089721680e-01
4.933052659034729004e-01
4.928767383098602295e-01
4.928703010082244873e-01
4.924325644969940186e-01
4.927415549755096436e-01
4.921902120113372803e-01
4.931594729423522949e-01
4.948369562625885010e-01
4.947294294834136963e-01
4.937031269073486328e-01
4.935555458068847656e-01
4.936008751392364502e-01
4.930122792720794678e-01
4.927288889884948730e-01
4.934525191783905029e-01
4.926272332668304443e-01
4.918915033340454102e-01
4.924397766590118408e-01
4.941076040267944336e-01
4.941909909248352051e-01
4.931785166263580322e-01
4.937382638454437256e-01
4.937582015991210938e-01
4.918607771396636963e-01
4.916011989116668701e-01
4.926500022411346436e-01
4.924100041389465332e-01
4.939853250980377197e-01
4.951207935810089111e-01
4.941091537475585938e-01
4.918573200702667236e-01
4.913776218891143799e-01
4.941857159137725830e-01
4.962989985942840576e-01
4.979206025600433350e-01
4.975530207157135010e-01
4.955624938011169434e-01
4.933565258979797363e-01
4.915639460086822510e-01
4.921391606330871582e-01
4.924653172492980957e-01
4.931823015213012695e-01
4.927299618721008301e-01
4.912452101707458496e-01
4.914630651473999023e-01
4.914430677890777588e-01
4.924384653568267822e-01
4.924782216548919678e-01
4.931583404541015625e-01
4.931851327419281006e-01
4.935756623744964600e-01
4.945346415042877197e-01
4.949611127376556396e-01
4.949548840522766113e-01
4.940005838871002197e-01
4.928839206695556641e-01
4.918598532676696777e-01
4.916549324989318848e-01
4.919471442699432373e-01
4.914297759532928467e-01
4.910921752452850342e-01
4.909034967422485352e-01
4.916685819625854492e-01
4.925127923488616943e-01
4.930516481399536133e-01
4.929480254650115967e-01
4.932213723659515381e-01
4.937378764152526855e-01
4.929313957691192627e-01
4.931484758853912354e-01
4.940732717514038086e-01
4.938938915729522705e-01
4.928407967090606689e-01
4.927011132240295410e-01
4.920773208141326904e-01
4.927830994129180908e-01
4.931318163871765137e-01
4.938969016075134277e-01
4.944746494293212891e-01
4.941408932209014893e-01
4.934743046760559082e-01
4.936342537403106689e-01
4.933864176273345947e-01
4.929163455963134766e-01
4.932304024696350098e-01
4.923593103885650635e-01
4.922589659690856934e-01
4.926077127456665039e-01
4.926660954952239990e-01
4.933830797672271729e-01
4.935239255428314209e-01
4.934101998805999756e-01
4.926413595676422119e-01
4.922887682914733887e-01
4.916381239891052246e-01
4.911696612834930420e-01
4.906179606914520264e-01
4.909974038600921631e-01
4.914802610874176025e-01
4.919316172599792480e-01
4.915343523025512695e-01
4.915588200092315674e-01
4.925118982791900635e-01
4.932425618171691895e-01
4.926964640617370605e-01
4.922815263271331787e-01
4.918515384197235107e-01
4.921545684337615967e-01
4.925747811794281006e-01
4.922040998935699463e-01
4.927691221237182617e-01
4.911262691020965576e-01
4.921419918537139893e-01
4.918279051780700684e-01
4.906964600086212158e-01
4.908081889152526855e-01
4.913875758647918701e-01
4.909721612930297852e-01
4.908434450626373291e-01
4.899874031543731689e-01
4.902480840682983398e-01
4.900968074798583984e-01
4.898645877838134766e-01
4.898811280727386475e-01
4.896188378334045410e-01
4.890721142292022705e-01
4.881881773471832275e-01
4.880706369876861572e-01
4.891237318515777588e-01
4.899705052375793457e-01
4.903813302516937256e-01
4.913242459297180176e-01
4.917520284652709961e-01
4.917677640914916992e-01
4.908972680568695068e-01
4.917072653770446777e-01
4.921606183052062988e-01
4.914304912090301514e-01
4.910195171833038330e-01
4.908532202243804932e-01
4.903517961502075195e-01
4.905005395412445068e-01
4.904764592647552490e-01
4.909231364727020264e-01
4.905276298522949219e-01
4.907500445842742920e-01
4.913004636764526367e-01
4.910836815834045410e-01
4.910474121570587158e-01
4.911967515945434570e-01
4.910600483417510986e-01
4.914609789848327637e-01
4.916520416736602783e-01
4.913047254085540771e-01
4.911621809005737305e-01
4.911588728427886963e-01
4.912456274032592773e-01
4.907978475093841553e-01
4.908370971679687500e-01
4.913896322250366211e-01
4.914687871932983398e-01
4.911966621875762939e-01
4.912676215171813965e-01
4.915397763252258301e-01
4.904825985431671143e-01
4.906916916370391846e-01
4.905103445053100586e-01
4.904356896877288818e-01
4.898497462272644043e-01
4.906026124954223633e-01
4.911199212074279785e-01
4.913979470729827881e-01
4.919517040252685547e-01
4.917579889297485352e-01
4.911043941974639893e-01
4.910681545734405518e-01
4.909208714962005615e-01
4.906312823295593262e-01
4.910505712032318115e-01
4.912876784801483154e-01
4.911541342735290527e-01
4.913850426673889160e-01
4.923241138458251953e-01
4.913877844810485840e-01
4.917561411857604980e-01
4.917518496513366699e-01
4.914128184318542480e-01
4.911445081233978271e-01
4.907205402851104736e-01
4.898766577243804932e-01
4.896390438079833984e-01
4.890783429145812988e-01
4.897295832633972168e-01
4.898009300231933594e-01
4.899162054061889648e-01
4.898768961429595947e-01
4.903740584850311279e-01
4.901472628116607666e-01
4.895803630352020264e-01
4.906452894210815430e-01
4.907761514186859131e-01
4.910222589969635010e-01
4.913334846496582031e-01
4.912420213222503662e-01
4.916736185550689697e-01
4.921452999114990234e-01
4.921817183494567871e-01
4.920541942119598389e-01
4.916504621505737305e-01
4.913624823093414307e-01
4.919660389423370361e-01
4.919514656066894531e-01
4.913327395915985107e-01
4.912739992141723633e-01
4.910442829132080078e-01
4.913705885410308838e-01
4.910872876644134521e-01
4.911212623119354248e-01
4.911489188671112061e-01
4.911831915378570557e-01
4.910102486610412598e-01
4.902658462524414062e-01
4.899473488330841064e-01
4.902337193489074707e-01
4.901916980743408203e-01
4.897720515727996826e-01
4.900166988372802734e-01
4.904017448425292969e-01
4.902731180191040039e-01
4.904315769672393799e-01
4.898752868175506592e-01
4.902150630950927734e-01
4.904629290103912354e-01
4.897738099098205566e-01
4.899614155292510986e-01
4.900577068328857422e-01
4.903731942176818848e-01
4.900456368923187256e-01
4.896982908248901367e-01
4.894119501113891602e-01
4.895980954170227051e-01
4.903230369091033936e-01
4.905717074871063232e-01
4.908526837825775146e-01
4.912235140800476074e-01
4.916823208332061768e-01
4.914286136627197266e-01
4.909772872924804688e-01
4.910518825054168701e-01
4.910832345485687256e-01
4.910922646522521973e-01
4.910191893577575684e-01
4.898601472377777100e-01
4.900648295879364014e-01
4.899721145629882812e-01
4.896411001682281494e-01
4.897681474685668945e-01
4.892612099647521973e-01
4.897158145904541016e-01
4.900810420513153076e-01
4.900246858596801758e-01
4.902199208736419678e-01
4.899720549583435059e-01
4.903551042079925537e-01
4.905492961406707764e-01
4.906123280525207520e-01
4.904991984367370605e-01
4.905121922492980957e-01
4.910393357276916504e-01
4.904850423336029053e-01
4.905696213245391846e-01
4.902720451354980469e-01
4.908138513565063477e-01
4.910654127597808838e-01
4.911662042140960693e-01
4.912737607955932617e-01
4.910096526145935059e-01
4.907639622688293457e-01
4.905215799808502197e-01
4.905745983123779297e-01
4.907287061214447021e-01
4.907821714878082275e-01
4.905738234519958496e-01
4.902080893516540527e-01
4.901001751422882080e-01
4.898033142089843750e-01
4.903057515621185303e-01
4.901346564292907715e-01
4.903030991554260254e-01
4.899787902832031250e-01
4.902350604534149170e-01
4.910447597503662109e-01
4.917271733283996582e-01
4.916753172874450684e-01
4.907204806804656982e-01
4.909239709377288818e-01
4.913256764411926270e-01
4.910778105258941650e-01
4.912107288837432861e-01
4.901381731033325195e-01
4.901068210601806641e-01
4.902722537517547607e-01
4.899185001850128174e-01
4.894969463348388672e-01
4.896610081195831299e-01
4.896944761276245117e-01
4.901944696903228760e-01
4.904148280620574951e-01
4.902695119380950928e-01
4.905048608779907227e-01
4.899976551532745361e-01
4.895925521850585938e-01
4.897896945476531982e-01
4.897736310958862305e-01
4.899737238883972168e-01
4.898260235786437988e-01
4.900294840335845947e-01
4.902172684669494629e-01
4.906359314918518066e-01
4.908308088779449463e-01
4.907762706279754639e-01
4.908250868320465088e-01
4.911170899868011475e-01
4.909586310386657715e-01
4.902864992618560791e-01
4.907015562057495117e-01
4.906673729419708252e-01
4.907018840312957764e-01
4.908250868320465088e-01
4.910907149314880371e-01
4.909674227237701416e-01
4.907233417034149170e-01
4.908806383609771729e-01
4.912146925926208496e-01
4.913367629051208496e-01
4.909885525703430176e-01
4.906564354896545410e-01
4.908347427845001221e-01
4.908775687217712402e-01
4.906277656555175781e-01
4.902659058570861816e-01
4.896397888660430908e-01
4.899010658264160156e-01
4.897445738315582275e-01
4.900749921798706055e-01
4.903075993061065674e-01
4.909557104110717773e-01
4.907840788364410400e-01
4.907948076725006104e-01
4.908797144889831543e-01
4.913025200366973877e-01
4.905639588832855225e-01
4.908243119716644287e-01
4.905197024345397949e-01
4.907414317131042480e-01
4.907782971858978271e-01
4.905356466770172119e-01
4.908752739429473877e-01
4.908657073974609375e-01
4.905522465705871582e-01
4.907100498676300049e-01
4.903656542301177979e-01
4.903969466686248779e-01
4.906350076198577881e-01
4.907582402229309082e-01
4.910726547241210938e-01
4.909190237522125244e-01
4.910922348499298096e-01
4.905959963798522949e-01
4.906863570213317871e-01
4.903707802295684814e-01
4.904240965843200684e-01
4.908489584922790527e-01
4.903407990932464600e-01
4.898153245449066162e-01
4.903177618980407715e-01
4.906705319881439209e-01
4.908874034881591797e-01
4.911675751209259033e-01
4.910044670104980469e-01
4.914099872112274170e-01
4.909445643424987793e-01
4.904867410659790039e-01
4.903403222560882568e-01
4.901708960533142090e-01
4.905434548854827881e-01
4.906863272190093994e-01
4.908965826034545898e-01
4.907633066177368164e-01
4.909179508686065674e-01
4.907427132129669189e-01
4.906969964504241943e-01
4.909206926822662354e-01
4.908763468265533447e-01
4.914213716983795166e-01
4.906305968761444092e-01
4.907091259956359863e-01
4.901781082153320312e-01
4.894654154777526855e-01
4.900211691856384277e-01
4.901719689369201660e-01
4.903541803359985352e-01
4.903316199779510498e-01
4.901624917984008789e-01
4.901678562164306641e-01
4.902981817722320557e-01
4.907781183719635010e-01
4.907437264919281006e-01
4.906973540782928467e-01
4.906350374221801758e-01
4.906315207481384277e-01
4.907501339912414551e-01
4.901433587074279785e-01
4.900496006011962891e-01
4.899941682815551758e-01
4.901459813117980957e-01
4.903378784656524658e-01
4.897978007793426514e-01
4.902785122394561768e-01
4.907020330429077148e-01
4.905275404453277588e-01
4.903061389923095703e-01
4.905496537685394287e-01
4.904574453830718994e-01
4.902812242507934570e-01
4.904210269451141357e-01
4.900552630424499512e-01
4.895505309104919434e-01
4.899807870388031006e-01
4.902667403221130371e-01
4.896745979785919189e-01
4.897881746292114258e-01
4.900385737419128418e-01
4.904259741306304932e-01
4.904809594154357910e-01
4.907743930816650391e-01
4.907247424125671387e-01
4.908044934272766113e-01
4.905771911144256592e-01
4.899667799472808838e-01
4.903553128242492676e-01
4.903376400470733643e-01
4.902304708957672119e-01
4.901547133922576904e-01
