9.245424759387969260e+00
9.103848773241043801e+00
9.132739168405532126e+00
9.123069155216217752e+00
9.087224155664443970e+00
9.098639780282974598e+00
9.101999604701996205e+00
9.085319608449935913e+00
9.135539644956589100e+00
9.177146458625793812e+00
9.184130936861038208e+00
9.290051060914993997e+00
9.257332238554955239e+00
9.231145119667052867e+00
9.233252751827240701e+00
9.193096262216567283e+00
9.185366201400757546e+00
9.152495729923249002e+00
9.191016268730162864e+00
9.208755171298980358e+00
9.260389804840087891e+00
9.208829128742218373e+00
9.227051943540573120e+00
9.263625168800354359e+00
9.249118840694427135e+00
9.220074892044067383e+00
9.230304294824600575e+00
9.245476800203324075e+00
9.237450146675110219e+00
9.237729483842850087e+00
9.221515083312988637e+00
9.233806729316711426e+00
9.236961114406586404e+00
9.218876969814299827e+00
9.226110845804214478e+00
9.209572553634643555e+00
9.217297112941741588e+00
9.147479820251465554e+00
9.220399811863899231e+00
9.200956791639328003e+00
9.194898205995560403e+00
9.175095307826996560e+00
9.215923202037810569e+00
9.213915717601775413e+00
9.179168248176575062e+00
9.194441330432891135e+00
9.216248184442520142e+00
9.157104393839835765e+00
9.163133049011230824e+00
9.214230793714524026e+00
9.221717464923859353e+00
9.183870226144790649e+00
9.176727730035782571e+00
9.169906920194625499e+00
9.164868545532225852e+00
9.166117054224013572e+00
9.164720246195793507e+00
9.174903550744057057e+00
9.169033575057984109e+00
9.169411352276801708e+00
9.159866321086884255e+00
9.179914227128028514e+00
9.188231527805328369e+00
9.170322126150130870e+00
9.156720656156540628e+00
9.169894126057624106e+00
9.182543742656708474e+00
9.169946169853210094e+00
9.172297817468642478e+00
9.170095726847648621e+00
9.168176975846289878e+00
9.197895175218581798e+00
9.148453697562217712e+00
9.178693163394928689e+00
9.154107218980788829e+00
9.203702372312545066e+00
9.200496745109557395e+00
9.170770788192749379e+00
9.171789592504500988e+00
9.166458940505981090e+00
9.177538555860518699e+00
9.195907044410706277e+00
9.175361603498458862e+00
9.166626429557799938e+00
9.168639838695526123e+00
9.174303606152534485e+00
9.180940806865692139e+00
9.162388730049134011e+00
9.193331408500672097e+00
9.145034408569335582e+00
9.174741098284721730e+00
9.179585111141204123e+00
9.179328310489655252e+00
9.142337697744370217e+00
9.200207418203353527e+00
9.164530509710312245e+00
9.172999554872513173e+00
9.135221338272094371e+00
9.172031944990157726e+00
9.174040120840071921e+00
9.169455009698868508e+00
9.166032016277313232e+00
9.172960847616195679e+00
9.163049183785915375e+00
9.164524167776107788e+00
9.163910973072052712e+00
9.171030855178832653e+00
9.156119221448898671e+00
9.166660583019256237e+00
9.169348734617233987e+00
9.166705296933651326e+00
9.162079179286957142e+00
9.166469782590866089e+00
9.163392263650894876e+00
9.158353576064110158e+00
9.165686255693435314e+00
9.156616741418838856e+00
9.167520886659621837e+00
9.155976757407188416e+00
9.170400324463845010e+00
9.160539877414702659e+00
9.163373571634291892e+00
9.162571004033088329e+00
9.156590330600739236e+00
9.172465443611145020e+00
9.133291673660277610e+00
9.165938770771026256e+00
9.156030905246733909e+00
9.157882475852966664e+00
9.160731768608092906e+00
9.171346202492713928e+00
9.160093823075294850e+00
9.171528726816177368e+00
9.154876434803009388e+00
9.167154216766357777e+00
9.152223420143126731e+00
9.168020981550217385e+00
9.160518771409988048e+00
9.151126715540886636e+00
9.155898159742354991e+00
9.175452530384063721e+00
9.154414683580398560e+00
9.171688973903656006e+00
9.137203192710876110e+00
9.158182430267334695e+00
9.143522742390633340e+00
9.179063916206359863e+00
9.161714810132981057e+00
9.150347912311554310e+00
9.150914263725280051e+00
9.154491755366326089e+00
9.151264995336532593e+00
9.154625540971755626e+00
9.147353062033653615e+00
9.149546226859092357e+00
9.161892062425613048e+00
9.146782571077347157e+00
9.159641569852828624e+00
9.153043115139007924e+00
9.146294492483139749e+00
9.180839890241623280e+00
9.132224065065383201e+00
9.158857119083403830e+00
9.158785188198089955e+00
9.148781037330627086e+00
9.164365598559379933e+00
9.141157752275466564e+00
9.152623686194420571e+00
9.151708209514618275e+00
9.157986250519751792e+00
9.133840256929397938e+00
9.174069187045096996e+00
9.149615630507469177e+00
9.154940968751906993e+00
9.133477401733397727e+00
9.160072296857833862e+00
9.147149646282196400e+00
9.160821518301963451e+00
9.157868322730063682e+00
9.149632728099822643e+00
9.163117140531539917e+00
9.149685347080231068e+00
9.135050535202026367e+00
9.174276614189148304e+00
9.127723860740662332e+00
9.170660030841826682e+00
9.158011388778685813e+00
9.158164137601852772e+00
9.149147176742554066e+00
9.135877376794814708e+00
9.161722841858864541e+00
9.136918520927428844e+00
9.183375877141951804e+00
9.142212134599684958e+00
9.149236881732941029e+00
9.129173797369002585e+00
9.144544875621795299e+00
9.131395801901817322e+00
9.172287625074385886e+00
9.160514655709267373e+00
9.131391388177870994e+00
9.127555114030837302e+00
9.148392367362976785e+00
9.142876696586608176e+00
9.147355902194977517e+00
9.153222283720969799e+00
9.151745665073395486e+00
9.154007917642593029e+00
9.151564216613769176e+00
9.148234981298447366e+00
9.154195588827132468e+00
9.153745040297508240e+00
9.147865065932274220e+00
9.146803104877472279e+00
9.154641652107239125e+00
9.145006525516510720e+00
9.144684678316115978e+00
9.150670140981674194e+00
9.154224577546120400e+00
9.156066736578940990e+00
9.153354561328887584e+00
9.155811774730683084e+00
9.150848340988158469e+00
9.150397169589997048e+00
9.160909330844878795e+00
9.145632457733153586e+00
9.153731000423430686e+00
9.155074816942214255e+00
9.151793986558914185e+00
9.154715171456336620e+00
9.156028205156326649e+00
9.161727821826934459e+00
9.156269921362399700e+00
9.158854156732559204e+00
9.161787101626396534e+00
9.152120345830917714e+00
9.156725785136222484e+00
9.151239800453186746e+00
9.151977989077568765e+00
9.160763728618622537e+00
9.158945685625075939e+00
9.158682382106780651e+00
9.155550527572632546e+00
9.159018445014954324e+00
9.159488642215729115e+00
9.163629794120788929e+00
9.155028969049453735e+00
9.160265278816222434e+00
9.163035123795271630e+00
9.155800461769104004e+00
9.160825318098067882e+00
9.162850826978683472e+00
9.159361159801482799e+00
9.159902524948119407e+00
9.161764162778855081e+00
9.155840227007866261e+00
9.164796718955040333e+00
9.159516739845276589e+00
9.163104289770126698e+00
9.165348944067954307e+00
9.156312960386276956e+00
9.161829024553298950e+00
9.167487347126007435e+00
9.157518792152405496e+00
9.168882822990417125e+00
9.164404943585395813e+00
9.175083988904953358e+00
9.166308256983757730e+00
9.157973614335059409e+00
9.171059542894363759e+00
9.184364050626754761e+00
9.162319546937942150e+00
9.164356413483620400e+00
9.164055937528610585e+00
9.166265857219695334e+00
9.167443865537643788e+00
9.170312494039535522e+00
9.167049163579941151e+00
9.163500246405600791e+00
9.171088722348212485e+00
9.162467855215073342e+00
9.169296222925186868e+00
9.167704629898072000e+00
9.163921248912810569e+00
9.158351767063141580e+00
9.165024703741073253e+00
9.165409702062607522e+00
9.166700690984725952e+00
9.167963457107543235e+00
9.173327708244324086e+00
9.166125345230103250e+00
9.165409991145134327e+00
9.170886862277985330e+00
9.167963981628417969e+00
9.174036198854446766e+00
9.163002359867096658e+00
9.178610849380493875e+00
9.169753977656364796e+00
9.166384929418564198e+00
9.168336322903632762e+00
9.169849485158920288e+00
9.167842155694961193e+00
9.170012512803078053e+00
9.171975713968276267e+00
9.168101859092711692e+00
9.166777509450913186e+00
9.170739746093749645e+00
9.169450569152832742e+00
9.171791803836821799e+00
9.170499524474143627e+00
9.166173028945923562e+00
9.168863347172736766e+00
9.168766941130161996e+00
9.170602077245712636e+00
9.175510370731354115e+00
9.166627445816994069e+00
9.169404092431069131e+00
9.171176302433014627e+00
9.169877779483794455e+00
9.170325350761412864e+00
9.169860893487930653e+00
9.170951747894287465e+00
9.169399132579565403e+00
9.169524413347243552e+00
9.168627940118312836e+00
9.172051849961281533e+00
9.170385149121283774e+00
9.172597277164459939e+00
9.172456955909728649e+00
9.169366806745529175e+00
9.171431344747542624e+00
9.172172987461090443e+00
9.173753224313259125e+00
9.169519782066345215e+00
9.173273336887358909e+00
9.172720396518707631e+00
9.178894075751305337e+00
9.165917360782623646e+00
9.180386143922806497e+00
9.177899003028869629e+00
9.176640439033509011e+00
9.174166792631149647e+00
9.172284182906150107e+00
9.173637533187866566e+00
9.171812033653258922e+00
9.172031128406525013e+00
9.170389294624328613e+00
9.176417094469069724e+00
9.173450422286986594e+00
9.170011270046234841e+00
9.174769705533980968e+00
9.174707233905792236e+00
9.175484973192215676e+00
9.175022801756858470e+00
9.177466860413550975e+00
9.178158956766129251e+00
9.176623034477234597e+00
9.174427241086959839e+00
9.175221836566924694e+00
9.173897734284400585e+00
9.172297692298888805e+00
9.175666275620461221e+00
9.175668001174926758e+00
9.177330541610718484e+00
9.179531174898148294e+00
9.174302548170089722e+00
9.175858598947524314e+00
9.174523961544036155e+00
9.176137268543243408e+00
9.175238037109375355e+00
9.174073070287704468e+00
9.172030848264693503e+00
9.174840790033339744e+00
9.176150061190128326e+00
9.175779309868811850e+00
9.177037718892098184e+00
9.175661224126816506e+00
9.175967389345169423e+00
9.174868702888488770e+00
9.176871073246001487e+00
9.175068569183348899e+00
9.176363873481751199e+00
9.177721199393271689e+00
9.180826535820960643e+00
9.175294500589370017e+00
9.174889376759528758e+00
9.178732043504714611e+00
9.181865090131759999e+00
9.175021862983703258e+00
9.177581876516342163e+00
9.180592578649520163e+00
9.176972216367721202e+00
9.176716388761997578e+00
9.178856799006462452e+00
9.180785524845124002e+00
9.179246735572814231e+00
9.178212487697601674e+00
9.178660309314727428e+00
9.182628750801086426e+00
9.178868448734283092e+00
9.179004451632499340e+00
9.179581440985202789e+00
9.179999274015425925e+00
9.179073369503020885e+00
9.178810489177703147e+00
9.178406894207000732e+00
9.176661002635956521e+00
9.178178974986076710e+00
9.180646121501922607e+00
9.178135389089584706e+00
9.179234886169433949e+00
9.178519773483277078e+00
9.178408807516097667e+00
9.177528935670853372e+00
9.179727977514266613e+00
9.178879708051681519e+00
9.176656913757323508e+00
9.181092828512191772e+00
9.181776461005210166e+00
9.181306666135787609e+00
9.179959514737129567e+00
9.179757028818130493e+00
9.180683052539825084e+00
9.181424063444136863e+00
9.179440826177597046e+00
9.179060602188110707e+00
9.179973638057708385e+00
9.180701029300688987e+00
9.177948510646819713e+00
9.179208946228026633e+00
9.181779080629349110e+00
9.181194710731507058e+00
9.179909366369248147e+00
9.179643934965133312e+00
9.177806037664414163e+00
9.179046055674552562e+00
9.182066744565963390e+00
9.180110234022141213e+00
9.179090711474419351e+00
9.179300564527512307e+00
9.180202162265777233e+00
9.180056297779083607e+00
9.180313175916671398e+00
9.180734466016293283e+00
9.180889469385146384e+00
9.180604282021523233e+00
9.181457796692848561e+00
9.178722083568572998e+00
9.180629372596740723e+00
9.181365758180618286e+00
9.181255033612250926e+00
9.180526933073997142e+00
9.180613541603088734e+00
9.180891263484955545e+00
9.180197948217392323e+00
9.179829350113868358e+00
9.180772608518600109e+00
9.182091897726058605e+00
9.180685532093047385e+00
9.181208154559135082e+00
9.180638712644576316e+00
9.180677235126495361e+00
9.179366016387939808e+00
9.180767455697059987e+00
9.182541537284851785e+00
9.180483904480933433e+00
9.181289646029473062e+00
9.181560817360878701e+00
9.182766735553741455e+00
9.181491279602051137e+00
9.180665212869644876e+00
9.179925295710564370e+00
9.179811716079711914e+00
9.182873046398162487e+00
9.181167262792587991e+00
9.180319032073020580e+00
9.181711220741272328e+00
9.179837378859520669e+00
9.182218450307846780e+00
9.182086181640624289e+00
9.181396532058716531e+00
9.183043414354324696e+00
9.182430717349053140e+00
9.180915683507919312e+00
9.183904320001602173e+00
9.183029577136039734e+00
9.180458596348762157e+00
9.180910480022429709e+00
9.182825106382370706e+00
9.181584805250167847e+00
9.181781309843064065e+00
9.182634472846984863e+00
9.182095164060593007e+00
9.181385308504104614e+00
9.181758239865303040e+00
9.182408049702644348e+00
9.181939387321472523e+00
9.181234073638915305e+00
9.180193641781807301e+00
9.182302021980286000e+00
9.182036787271499634e+00
9.180532485246658325e+00
9.180835920572281594e+00
9.181187587976456399e+00
9.181395834684371593e+00
9.181320217251776938e+00
9.182070302963257546e+00
9.181971555948257091e+00
9.181607347726821189e+00
9.180907955765723827e+00
9.181259232759476419e+00
9.181767278909683583e+00
9.181236016750336404e+00
9.181481117010116932e+00
9.182112061977386830e+00
9.182197296619415638e+00
9.182023677229881997e+00
9.181370544433594461e+00
9.182155144214629416e+00
9.181812429428100941e+00
9.181289988756180520e+00
9.182336229085922952e+00
9.181736540794371848e+00
9.181668031215668435e+00
9.181487593054772134e+00
9.181576615571975353e+00
9.181831812858581188e+00
9.181899225711822154e+00
9.182233262062073464e+00
9.181665429472923634e+00
9.180816215276717429e+00
9.181643804907798412e+00
9.182613626122474670e+00
9.181590986251830344e+00
9.182412576675414329e+00
9.182362389564513450e+00
9.182511419057846069e+00
9.182700377702712302e+00
9.182402777671814675e+00
9.182299351692199352e+00
9.181466549634933472e+00
9.181837981939315441e+00
9.182226175069809315e+00
9.182681784033775330e+00
9.182449340820312500e+00
9.181929159164429421e+00
9.182355895638465881e+00
9.183094704151153920e+00
9.182531356811523438e+00
9.181997609138488059e+00
9.182243406772613525e+00
9.182429873943329213e+00
9.182114814966917393e+00
9.182792863249778392e+00
9.183334922790526988e+00
9.183275383710860496e+00
9.183123439550399780e+00
9.181515264511109109e+00
9.182921481132506614e+00
9.183647334575653076e+00
9.182378005981444602e+00
9.182006305456161144e+00
9.183049625158309581e+00
9.183598449826240184e+00
9.183325552940369008e+00
9.182188147306442616e+00
9.182518589496613259e+00
9.183783054351806641e+00
9.183358520269393921e+00
9.182028082013129477e+00
9.181413275003432517e+00
9.182710039615631814e+00
9.183012425899505615e+00
9.183152592182159069e+00
9.183349740505217795e+00
9.181607039272785542e+00
9.182751700282096863e+00
9.183473008871079202e+00
9.182695817947386985e+00
9.182988619804381969e+00
9.183477288484573009e+00
9.183478438854217885e+00
9.183629280328750255e+00
9.183291520178318734e+00
9.182549560070038197e+00
9.181772714853286388e+00
9.181735432147979381e+00
9.183026723563671112e+00
9.182738506793976185e+00
9.183025938272475486e+00
9.183247298002243042e+00
9.183296269178390148e+00
9.183624339103698020e+00
9.183012029528617504e+00
9.182519172132014518e+00
9.182543653249741311e+00
9.183004352450371499e+00
9.183258157968520408e+00
9.183201062679291482e+00
9.184389217197894695e+00
9.183904299139976857e+00
9.183509749174117331e+00
9.183741053938865306e+00
9.183672723174094443e+00
9.183394336700439808e+00
9.183388587832450156e+00
9.183461794257164357e+00
9.183546102046966197e+00
9.183478981256484985e+00
9.183433389663695934e+00
9.183248734474181774e+00
9.183037906885147095e+00
9.182639986276626587e+00
9.182642656564713235e+00
9.183019588887692208e+00
9.183350640535355325e+00
9.183690005540848134e+00
9.182802009582520242e+00
9.182316553592681174e+00
9.182577890157698874e+00
9.183299553394316916e+00
9.183139932155608420e+00
9.182613939046859741e+00
9.183018481731414440e+00
9.183705741167068837e+00
9.183338582515716553e+00
9.183202785253524070e+00
9.183552545309066062e+00
9.183290857076645608e+00
9.183327215909958596e+00
9.183861234784126637e+00
9.183267980813980103e+00
9.183187392354010825e+00
9.182960999011992698e+00
9.182932707667351480e+00
9.183174896240235086e+00
9.183785516023636575e+00
9.183587467670440319e+00
9.182869404554367065e+00
9.182549929618835094e+00
9.182501202821731212e+00
9.183109351992607472e+00
9.182984423637389426e+00
9.182690101861954446e+00
9.183090767264365795e+00
9.183483427762984874e+00
9.183495211601258035e+00
9.183698970079422708e+00
9.183851200342179055e+00
9.183359023928641562e+00
9.183193755149840598e+00
9.183621242642402649e+00
9.183370602130889182e+00
9.183180350065232034e+00
9.183171565085649135e+00
9.182850831747055409e+00
9.183367776870728250e+00
9.182912445068359020e+00
9.182727399468422647e+00
9.183091229200362804e+00
9.182872492074967141e+00
9.182806822657585855e+00
9.183519655466080067e+00
9.183556850254536386e+00
9.183139353990554810e+00
9.183016163110732322e+00
9.183134955167769675e+00
9.183264708518981578e+00
9.183218437433243508e+00
9.183075088262558694e+00
9.183120524883269908e+00
9.183514305949211476e+00
9.183208847045898793e+00
9.183121824264526722e+00
9.183753573894501088e+00
9.183547484874726052e+00
9.183084630966186879e+00
9.183102321624755149e+00
9.183301419019699097e+00
9.183057695627212524e+00
9.183096504211425426e+00
9.183520489931106923e+00
9.183891031146050210e+00
9.183846166729926708e+00
9.183458739519119618e+00
9.183086884021758323e+00
9.183361110091208701e+00
9.183663612604140880e+00
9.183167237043381448e+00
9.182842749357224221e+00
9.183323249220848083e+00
9.183684304356575012e+00
9.183770933747291920e+00
9.183721968531608937e+00
9.183346843719482067e+00
9.183359372615814920e+00
9.183322739601134543e+00
9.183920446038246865e+00
9.183680254220963235e+00
9.183033508062361960e+00
9.182809597253799083e+00
9.183335161209106090e+00
9.183649301528930664e+00
9.183670258522033336e+00
9.183398890495301004e+00
9.183066460490227456e+00
9.183219665288925526e+00
9.183309137821197510e+00
9.183199428021907806e+00
9.183179885149002075e+00
9.183184587955475209e+00
9.183072954416275024e+00
9.182976502180100198e+00
9.183052596449851279e+00
9.183098328113555198e+00
9.182900929450989125e+00
9.182963418960572000e+00
9.183147501945494895e+00
9.183193607628345134e+00
9.183368104696274514e+00
9.183434265851975198e+00
9.183129909634590859e+00
9.183128571510314586e+00
9.183274722099303844e+00
9.183288839459418540e+00
9.182966881990433095e+00
9.182855141162871604e+00
9.183407843112945557e+00
9.183184364438057301e+00
9.182885980606078746e+00
9.182738566398620961e+00
9.182944023609161732e+00
9.183095574378967285e+00
9.183153903484344127e+00
9.183027929067611339e+00
9.183221399784088135e+00
9.183215180039406178e+00
9.183018928766250255e+00
9.182945689558982494e+00
9.183045956492424722e+00
9.183334457874298806e+00
9.183266463875771279e+00
9.182945895195008035e+00
9.183037808537482860e+00
9.183242583274841664e+00
9.183325830101967568e+00
9.183038371801377053e+00
9.183069425821305032e+00
9.183145451545716043e+00
9.183175611495972390e+00
9.183174303174018505e+00
9.183121216297148948e+00
9.183081406354904885e+00
9.183085393905638938e+00
9.183281955122946982e+00
9.183303305506706593e+00
9.183080697059631703e+00
9.182911050319670920e+00
9.182872802019119263e+00
9.182884603738784790e+00
9.182801905274391885e+00
9.183263111114502664e+00
9.183634078502654674e+00
9.183581691980361228e+00
9.183388805389403942e+00
9.183371943235396628e+00
9.182864615321159718e+00
9.182874888181686401e+00
9.183108802139759774e+00
9.182788580656051636e+00
9.182900923490525003e+00
9.183068159222603555e+00
9.183140146732331033e+00
9.183039525151253102e+00
9.182963174581526999e+00
9.182961452007294412e+00
9.182850849628447776e+00
9.182585054636001942e+00
9.182656562328338268e+00
9.182855540513992665e+00
9.183167374134063365e+00
9.183255547285080311e+00
9.183210462331771851e+00
9.183167001605033519e+00
9.183012819290160778e+00
9.182785484194756265e+00
9.182918047904967906e+00
9.183001321554183249e+00
9.182995867729186301e+00
9.183121591806411743e+00
9.182927733659743907e+00
9.182599389553070424e+00
9.182771685719490762e+00
9.182898408174514415e+00
9.183132344484329579e+00
9.183105486631394143e+00
9.182841220498085377e+00
9.182964271306991222e+00
9.182824274897575023e+00
9.182671210169791820e+00
9.182774376869200950e+00
9.182819694280624390e+00
9.182832258939743753e+00
9.182855069637298584e+00
9.182649189233780262e+00
9.182632309198378806e+00
9.182607120275497081e+00
9.182580924034118297e+00
9.182714509963989968e+00
9.182751779258250480e+00
9.182818467915058847e+00
9.182880890369414573e+00
9.182888397574425099e+00
9.182793670147656684e+00
9.182799386978150125e+00
9.182841789722441916e+00
9.182846370339394326e+00
9.182858878374100087e+00
9.182692521810531971e+00
9.182518646121025085e+00
9.182633030414582009e+00
9.182728826999664307e+00
9.182661148905754800e+00
9.182943242788315530e+00
9.183001959323883412e+00
9.182885199785232544e+00
9.182810248434543965e+00
9.182702052593231912e+00
9.182677936553954368e+00
9.182963046431542153e+00
9.183022212982177024e+00
9.182828637957573648e+00
9.182677745819091797e+00
9.182982605695723777e+00
9.182977914810180664e+00
9.182704305648803356e+00
9.182497248053550720e+00
9.182636666297913308e+00
9.182567429542540793e+00
9.182604265213011985e+00
9.182713776826858521e+00
9.182527863979339955e+00
9.182467800378798728e+00
9.182508683204650524e+00
9.182502216100692394e+00
9.182897764444351907e+00
9.182835310697555542e+00
9.182765032351017709e+00
9.182738858461380715e+00
9.182525947690010071e+00
9.182668629288674111e+00
9.183000308275222068e+00
9.183010500669478660e+00
9.182778745889663696e+00
9.182765305042266846e+00
9.182731264829635975e+00
9.182754492014646885e+00
9.182484585046768899e+00
9.182442802190781350e+00
9.182587397098540549e+00
9.182710257172583823e+00
9.182595342397689819e+00
9.182689458131790161e+00
9.182841646671295877e+00
9.182747682929038646e+00
9.182666987180709839e+00
9.182641243934630992e+00
9.182673317193984275e+00
9.182601606845855358e+00
9.182537454366684671e+00
9.182570225000381114e+00
9.182507956027984974e+00
9.182536295056342723e+00
9.182620412111281993e+00
9.182599383592606301e+00
9.182581681013108010e+00
9.182707840204239247e+00
9.182719448208809254e+00
9.182667422294617410e+00
9.182592707872391458e+00
9.182451510429382679e+00
9.182592397928237560e+00
9.182634818553925271e+00
9.182662275433539634e+00
9.182581681013108010e+00
9.182586279511451011e+00
9.182603836059570312e+00
9.182556217908858898e+00
9.182615941762923839e+00
9.182566177845000510e+00
9.182744276523589377e+00
9.182744318246841786e+00
9.182538121938705444e+00
9.182309412956238148e+00
9.182258892059326882e+00
9.182559058070182800e+00
9.182690069079399109e+00
9.182675564289093373e+00
9.182607549428940530e+00
9.182487350702285056e+00
9.182377421855926869e+00
9.182414478063583019e+00
9.182377165555953624e+00
9.182407774031162262e+00
9.182550436258315685e+00
9.182565641403197532e+00
9.182499027252196910e+00
9.182372057437897084e+00
9.182341438531874900e+00
9.182307076454161887e+00
9.182408948242663627e+00
9.182478803396225686e+00
9.182503402233123779e+00
9.182491636276244762e+00
9.182518535852432606e+00
9.182438208162784221e+00
9.182437524199485779e+00
9.182493311166762595e+00
9.182468909025192971e+00
9.182420051097869518e+00
9.182364660501480813e+00
9.182351994514466043e+00
9.182372707128525491e+00
9.182339486479758506e+00
9.182478630542755482e+00
9.182492756843567250e+00
9.182495632767677662e+00
9.182542937994004006e+00
9.182546450197696331e+00
9.182524448633193614e+00
9.182411617040633800e+00
9.182359611243009923e+00
9.182400178909301047e+00
9.182398799061775918e+00
9.182355719804764504e+00
9.182386380434035544e+00
9.182474076747894287e+00
9.182376372814179177e+00
9.182401520013808494e+00
9.182394075393677468e+00
9.182411593198775535e+00
9.182419580221175437e+00
9.182531809806823375e+00
9.182583028078079579e+00
9.182591873407364602e+00
9.182486259937286732e+00
9.182477617263794301e+00
9.182437980175018666e+00
9.182441598176955821e+00
9.182421490550041199e+00
9.182426273822784424e+00
9.182399988174438477e+00
9.182406222820281627e+00
9.182399111986160989e+00
9.182491675019264221e+00
9.182449829578398948e+00
9.182474040985107777e+00
9.182352447509765980e+00
9.182249376177788136e+00
9.182319486141205189e+00
9.182267874479293823e+00
9.182310363650321605e+00
9.182254153490067239e+00
9.182252940535544639e+00
9.182280063629150391e+00
9.182351532578469033e+00
9.182374483346938732e+00
9.182426342368126271e+00
9.182438457012176869e+00
9.182334145903586986e+00
9.182198640704154258e+00
9.182252389192580466e+00
9.182295757532120462e+00
9.182247388362885232e+00
9.182249635457992554e+00
9.182330429553985596e+00
9.182355064153671975e+00
9.182374310493468528e+00
9.182421326637268066e+00
9.182316491007805226e+00
9.182263052463531139e+00
9.182211631536484120e+00
9.182187035679817200e+00
9.182277634739875793e+00
9.182394111156463978e+00
9.182388225197792408e+00
9.182339614629745128e+00
9.182414031028747203e+00
9.182444119453430531e+00
9.182287868857383017e+00
9.182299628853797913e+00
9.182364612817764282e+00
9.182357549667358398e+00
9.182283008098602650e+00
9.182316815853118541e+00
9.182279545068741555e+00
9.182314056158066506e+00
9.182392555475235696e+00
9.182286822795868275e+00
9.182277053594589233e+00
