1.038109081983566329e+00
1.061291843652725220e+00
9.596318244934082253e-01
9.523451983928680198e-01
9.478870332241058350e-01
9.230324745178222212e-01
9.057239711284637007e-01
9.201791763305664507e-01
7.973338663578033447e-01
7.855987250804901123e-01
7.439170837402343528e-01
8.033892095088959184e-01
7.871035158634185347e-01
7.703514456748962180e-01
7.758906900882720503e-01
8.891159713268279585e-01
9.227929174900054710e-01
8.341301500797271284e-01
7.527782738208770308e-01
7.839966893196106401e-01
7.973714113235473855e-01
7.258575618267059104e-01
6.785838723182677779e-01
6.664424061775207075e-01
6.548021078109741433e-01
6.704746544361114280e-01
6.458373367786407471e-01
6.559568643569946289e-01
6.532397747039795366e-01
6.460070192813873735e-01
6.429636269807815774e-01
6.377017498016357422e-01
6.368647575378417747e-01
6.600013196468352827e-01
6.630383670330047829e-01
6.832438290119171587e-01
7.852492213249206987e-01
7.724912047386169878e-01
7.442639172077178955e-01
7.489369392395019975e-01
7.261504471302032693e-01
6.990255236625670943e-01
6.449446439743041770e-01
6.830836832523345947e-01
7.202893495559692383e-01
6.432437300682067871e-01
6.619134187698364480e-01
7.146821320056915283e-01
7.139291048049927202e-01
6.277787208557128462e-01
6.243980824947357178e-01
6.432480156421661599e-01
6.448923945426940918e-01
6.258601605892181174e-01
6.144576013088226540e-01
6.115862429141998291e-01
6.341317325830460039e-01
6.680587798357009444e-01
6.811429500579834206e-01
6.602858364582061546e-01
6.598507642745972124e-01
6.142563760280609353e-01
6.055240750312804732e-01
6.220607638359070268e-01
6.022557973861694114e-01
6.119205862283706443e-01
6.131475239992141280e-01
6.247940778732299361e-01
5.897986590862274170e-01
5.930789828300475630e-01
6.223898351192473921e-01
6.445375591516494529e-01
6.278997123241424339e-01
6.316284924745559914e-01
6.611670404672622681e-01
6.119078785181045754e-01
5.748302578926086648e-01
5.933548450469970925e-01
6.176766157150268555e-01
6.022057533264160156e-01
6.351889908313751443e-01
6.311287581920623779e-01
5.940556734800338523e-01
5.885011911392211692e-01
5.625310391187667847e-01
5.714023381471633467e-01
5.605157911777496338e-01
5.693054765462874922e-01
6.438238173723220825e-01
6.481531620025634544e-01
6.107968509197234663e-01
6.041898488998412864e-01
6.004579186439513716e-01
6.223502814769744651e-01
5.990517467260361162e-01
5.901134341955185381e-01
5.713266789913177268e-01
5.520369291305542436e-01
5.505965143442154153e-01
5.583473533391952737e-01
5.488771617412566695e-01
5.672597318887711015e-01
5.696938306093215498e-01
5.539126336574554665e-01
5.503519594669341597e-01
5.455267757177353349e-01
5.418462514877319114e-01
5.552438586950302346e-01
5.573255538940429243e-01
5.618872582912445290e-01
5.752391934394835982e-01
5.644420564174652544e-01
5.498899728059768455e-01
5.495085120201110840e-01
5.484847933053970115e-01
5.364620447158813255e-01
5.399510532617568526e-01
5.518444865942001565e-01
5.637264341115951760e-01
5.357433706521987915e-01
5.369388133287429365e-01
5.459265083074569258e-01
5.475614160299301370e-01
5.529027640819549339e-01
5.589825451374054177e-01
5.438512921333312766e-01
5.425104260444640891e-01
5.311611443758010864e-01
5.354081302881240623e-01
5.362304031848907915e-01
5.487899303436278853e-01
5.425131231546401755e-01
5.656731009483337846e-01
5.449831753969192061e-01
5.486956387758255005e-01
5.507814854383468184e-01
5.430339336395263450e-01
5.817393511533737183e-01
5.683593064546584861e-01
5.636765867471694724e-01
5.973666787147522417e-01
5.635799080133437888e-01
5.519350141286849531e-01
5.853197962045669778e-01
5.660763323307037576e-01
5.529397964477539285e-01
5.549927294254303201e-01
5.455705672502517700e-01
5.286562323570251909e-01
5.278527468442917314e-01
5.351221919059753196e-01
5.383981645107269731e-01
5.383684247732162254e-01
5.297334223985672441e-01
5.227913379669189009e-01
5.253646671772003174e-01
5.256830722093581709e-01
5.365124940872192383e-01
5.405467599630355835e-01
5.560891479253768921e-01
5.566941797733306885e-01
5.478473365306854026e-01
5.282095015048980935e-01
5.437805712223052756e-01
5.633420795202255249e-01
5.572146981954574363e-01
5.262667864561081377e-01
5.330600261688231978e-01
5.223784804344177024e-01
5.312379211187362449e-01
5.498933583498001321e-01
5.381736516952514426e-01
5.383116215467452781e-01
5.516801983118057029e-01
5.484790146350860818e-01
5.309690207242965254e-01
5.425380408763885720e-01
5.326356440782546997e-01
5.305650621652603371e-01
5.254111647605895774e-01
5.337164491415024026e-01
5.519822388887405396e-01
5.482949376106261985e-01
5.635775893926620039e-01
5.393131643533706221e-01
5.308715015649795310e-01
5.279493480920791626e-01
5.445195883512496948e-01
5.493236094713210838e-01
5.456349253654479980e-01
5.460413515567779097e-01
5.413058757781982200e-01
5.331453293561935203e-01
5.317655652761459351e-01
5.173174083232879861e-01
5.134429097175597922e-01
5.199174255132674727e-01
5.173024505376815352e-01
5.384595841169357300e-01
5.536663711071014848e-01
5.243689328432082908e-01
5.147126406431198342e-01
5.134750306606292725e-01
5.186690986156463623e-01
5.164759933948517290e-01
5.250812679529189841e-01
5.133059173822402954e-01
5.106796234846114890e-01
5.135027080774307029e-01
5.113100498914718850e-01
5.090013295412063599e-01
5.144597321748733965e-01
5.091552078723907693e-01
5.078318804502487405e-01
5.066326737403870073e-01
5.103690028190612793e-01
5.095081925392150879e-01
5.087902277708054033e-01
5.122124016284942405e-01
5.067320287227630171e-01
5.088875591754913330e-01
5.146533042192459328e-01
5.161118358373641968e-01
5.258506655693053755e-01
5.139884889125824197e-01
5.062889844179153664e-01
5.091775625944137129e-01
5.182907670736313088e-01
5.090298056602478027e-01
5.100964963436126487e-01
5.045294642448425737e-01
5.177902311086655107e-01
5.185818135738372581e-01
5.157881021499634011e-01
5.153961271047592385e-01
5.105066090822220071e-01
5.062778860330581221e-01
5.102497249841689841e-01
5.033772498369216697e-01
5.033561587333679199e-01
5.013819128274917825e-01
5.038125634193419966e-01
5.103543400764465332e-01
5.083429604768753274e-01
5.033579468727111816e-01
5.049077272415161133e-01
4.999704033136367909e-01
5.022498726844787376e-01
5.080956667661666870e-01
5.048741757869720237e-01
5.015138626098633035e-01
5.031099706888199075e-01
5.059652477502822876e-01
5.053464531898498313e-01
5.290624529123306719e-01
5.076437771320343462e-01
5.034760028123855813e-01
5.139454454183578491e-01
5.142697364091872725e-01
5.014492899179459062e-01
5.056805640459061113e-01
5.003515124320984109e-01
4.976898640394210593e-01
4.987159460783004983e-01
5.045717954635620117e-01
5.041084706783294234e-01
5.167191654443741289e-01
5.300510019063949807e-01
5.510001778602600098e-01
5.630592763423919456e-01
5.086783915758132935e-01
5.052647620439529863e-01
5.049403280019759688e-01
5.107574045658112016e-01
5.161693364381789717e-01
5.210961014032363670e-01
5.131744146347045898e-01
4.996080815792083851e-01
5.004046827554702315e-01
5.113142281770706177e-01
5.024969458580017534e-01
4.979486763477325439e-01
4.965821057558059692e-01
5.025475770235061646e-01
5.079636931419372337e-01
5.024854212999343428e-01
5.032795846462250200e-01
4.982578068971633689e-01
5.044099926948547585e-01
4.991973221302032360e-01
5.026277482509613481e-01
5.022764354944229126e-01
5.231825619935989158e-01
5.114198178052902222e-01
5.279983252286910567e-01
5.262290060520171675e-01
5.013286292552947554e-01
4.945153027772903331e-01
4.937775969505310281e-01
4.936489850282669289e-01
4.929574817419052346e-01
4.930757284164428711e-01
4.928575009107589722e-01
4.939466238021850697e-01
4.945127636194229237e-01
4.961814492940902488e-01
4.950083166360855214e-01
4.941006720066070668e-01
4.928157448768615834e-01
4.933522552251815574e-01
4.930293232202530018e-01
4.924910604953766091e-01
4.956482380628585704e-01
4.927075982093810924e-01
4.948432177305221447e-01
4.946558117866516335e-01
4.914203435182571411e-01
4.914665579795837180e-01
4.908993452787399070e-01
4.910091429948806874e-01
4.909961640834808461e-01
4.907981634140014537e-01
4.905915707349777222e-01
4.910329550504684559e-01
4.923398613929748646e-01
4.911113798618316761e-01
4.938342332839965598e-01
4.915680408477783314e-01
4.964850783348083718e-01
4.916640967130661011e-01
4.904376089572906605e-01
4.901459842920303234e-01
4.921843826770782582e-01
4.932017505168914684e-01
5.042579263448715432e-01
5.048408210277557373e-01
5.211344182491302046e-01
5.160856693983078003e-01
4.954647451639175304e-01
4.931988298892974742e-01
4.909077823162079079e-01
4.904476314783096091e-01
4.909220367670059093e-01
4.907833129167556985e-01
4.929545670747756958e-01
4.970033794641494640e-01
4.922276318073272594e-01
4.938529670238495095e-01
4.919883221387862937e-01
4.985272079706192239e-01
4.935590207576751598e-01
4.914230912923812644e-01
4.952969193458557351e-01
4.956813991069793923e-01
4.918552726507187112e-01
5.002942830324172974e-01
4.929533004760742188e-01
4.904595404863357766e-01
4.935019046068191417e-01
4.946867167949676736e-01
4.964860409498214611e-01
5.084177017211913840e-01
4.946536123752593994e-01
5.008726179599761741e-01
4.982118070125579612e-01
4.940521389245987049e-01
4.985838085412979126e-01
4.954141527414321899e-01
4.897978454828262329e-01
4.915052771568298451e-01
4.901765167713165172e-01
4.893492996692657693e-01
4.866446852684020996e-01
4.866611540317535289e-01
4.872796058654785267e-01
4.877847701311111561e-01
4.880669862031936646e-01
4.910518884658813255e-01
4.905998229980468861e-01
4.875009328126907460e-01
4.860125631093978882e-01
4.863679528236389271e-01
4.861453920602798462e-01
4.860196560621261597e-01
4.863219529390335194e-01
4.857125580310821533e-01
4.857098519802093284e-01
4.856000572443008312e-01
4.856699794530868752e-01
4.853317052125930564e-01
4.880197644233703613e-01
4.913862645626068115e-01
4.852126240730285645e-01
4.871192216873169167e-01
4.862176150083541981e-01
4.944290310144424661e-01
5.004965990781784502e-01
4.883931934833526389e-01
4.906153231859207153e-01
4.867346823215484841e-01
4.847906887531280296e-01
4.858611613512039407e-01
4.872500330209731945e-01
4.896527320146560891e-01
4.860378503799438477e-01
4.840413659811019786e-01
4.848104208707809670e-01
4.853233754634856956e-01
4.854726642370223999e-01
4.857785850763320923e-01
4.880733489990234375e-01
4.876629054546356423e-01
4.917670488357543945e-01
4.911043107509612815e-01
4.909685611724853294e-01
5.012875944375991821e-01
4.959451019763946311e-01
4.884568214416503684e-01
4.875341087579727062e-01
4.881887406110763661e-01
4.855175316333770752e-01
4.849824994802475198e-01
4.864572316408157238e-01
4.874315500259399636e-01
4.847417593002319447e-01
4.865057855844497903e-01
4.898741930723190530e-01
4.866801172494888417e-01
4.840641885995864979e-01
4.848878592252731101e-01
4.842012435197829978e-01
4.833870202302932850e-01
4.832286208868026844e-01
4.830481499433517678e-01
4.833896398544311745e-01
4.833602100610733254e-01
4.835993796586990356e-01
4.844861626625061035e-01
4.855268150568008423e-01
4.855518519878387340e-01
4.869642287492751964e-01
4.869400978088379017e-01
4.877623379230499046e-01
4.842744141817093007e-01
4.861951708793640359e-01
4.914696753025055154e-01
4.905055701732635720e-01
4.866781443357467429e-01
4.836123377084732278e-01
4.823448657989501953e-01
4.823548793792724609e-01
4.823459476232528909e-01
4.823619008064269909e-01
4.833410084247589111e-01
4.827077269554138073e-01
4.825868695974350198e-01
4.828320086002350076e-01
4.830560177564621194e-01
4.847517848014831765e-01
4.865213036537170410e-01
4.833129256963729636e-01
4.863613754510879295e-01
4.834886729717254861e-01
4.838434785604476818e-01
4.844596385955810547e-01
4.870410293340682872e-01
4.878776103258132824e-01
4.886741667985916027e-01
4.847539097070693859e-01
4.816354036331176869e-01
4.821111351251602395e-01
4.836985081434249656e-01
4.835567176342010498e-01
4.830102264881134255e-01
4.851498216390609519e-01
4.858313888311386330e-01
4.837867826223373191e-01
4.814381033182144054e-01
4.817288488149643055e-01
4.832001209259033092e-01
4.851288974285125621e-01
4.855102717876434437e-01
4.909449845552444347e-01
4.927667111158370861e-01
4.831495314836501964e-01
4.826329261064529197e-01
4.834529519081115501e-01
4.872934311628341897e-01
4.903152734041213989e-01
4.853306263685226440e-01
4.829769283533096313e-01
4.846254527568817361e-01
4.843541234731674194e-01
4.831368088722228782e-01
4.850866019725799672e-01
4.830928504467010276e-01
4.845147788524627464e-01
4.841338425874709972e-01
4.845527142286300548e-01
4.853814005851745383e-01
4.896267980337142833e-01
4.827317774295806774e-01
4.806672245264053123e-01
4.802453100681304821e-01
4.801132470369339211e-01
4.801039099693298340e-01
4.801795631647109985e-01
4.800338745117187500e-01
4.800045222043990978e-01
4.800487339496612438e-01
4.800532162189483643e-01
4.799596518278121948e-01
4.800037175416946300e-01
4.798735141754150169e-01
4.798370301723480225e-01
4.798680782318115456e-01
4.798204779624938854e-01
4.798233211040496826e-01
4.798017621040344127e-01
4.797713309526443481e-01
4.797142744064331055e-01
4.799259692430496438e-01
4.800784140825271606e-01
4.797813445329666138e-01
4.795975714921951183e-01
4.795914769172668346e-01
4.795744299888610729e-01
4.795705705881118663e-01
4.797376781702041848e-01
4.797011673450469749e-01
4.796563982963562012e-01
4.796415984630584828e-01
4.797932595014572366e-01
4.804948925971984641e-01
4.820139050483703835e-01
4.815135955810546653e-01
4.795646667480468750e-01
4.799180209636688121e-01
4.801137536764145120e-01
4.813418030738830788e-01
4.795238077640533447e-01
4.793365418910980336e-01
4.794016867876053078e-01
4.792731076478958241e-01
4.791613459587097390e-01
4.792643606662750355e-01
4.794418305158615334e-01
4.794925451278686523e-01
4.792224347591400035e-01
4.791942417621612438e-01
4.792188584804534801e-01
4.795083224773407093e-01
4.796948879957199097e-01
4.789895981550216786e-01
4.790545552968978882e-01
4.791685104370116965e-01
4.795193761587143166e-01
4.800474941730499268e-01
4.791359484195709117e-01
4.789097815752029197e-01
4.789843857288360596e-01
4.787038743495941051e-01
4.787532240152359009e-01
4.787471503019332664e-01
4.786791086196899303e-01
4.789654523134231345e-01
4.791353583335876687e-01
4.791073232889175304e-01
4.797888964414596669e-01
4.803489923477172741e-01
4.802880346775054710e-01
4.797759830951690563e-01
4.791962563991546409e-01
4.797402441501617543e-01
4.812382012605667114e-01
4.798647701740265115e-01
4.784343481063842995e-01
4.783425003290176503e-01
4.784136503934860452e-01
4.783216774463653342e-01
4.782798260450363270e-01
4.782651633024215809e-01
4.782639265060424916e-01
4.782527536153793335e-01
4.783612310886383168e-01
4.782572239637374878e-01
4.788216501474380493e-01
4.791781127452850453e-01
4.793439388275146373e-01
4.808529555797577126e-01
4.829725384712219016e-01
4.811532646417617798e-01
4.790599107742309348e-01
4.785307615995407216e-01
4.789883077144622692e-01
4.794598370790481567e-01
4.788522273302078247e-01
4.788941979408264382e-01
4.800143867731094249e-01
4.815095365047454834e-01
4.780861288309097290e-01
4.778740793466568215e-01
4.777735680341720359e-01
4.777360469102859275e-01
4.777617126703262440e-01
4.777216136455536000e-01
4.777560800313949696e-01
4.777370065450668446e-01
4.777677893638611062e-01
4.777144044637680054e-01
4.776422739028930442e-01
4.777267962694168313e-01
4.777380555868148693e-01
4.777317553758620994e-01
4.776626557111740001e-01
4.776143997907638661e-01
4.775922477245330700e-01
4.776484876871108787e-01
4.776567846536636242e-01
4.776415556669235118e-01
4.775530159473418967e-01
4.776637256145477295e-01
4.775833100080489890e-01
4.775084704160690308e-01
4.775001138448715099e-01
4.774875372648239025e-01
4.774744898080826028e-01
4.774734199047088734e-01
4.774412602186203225e-01
4.774607777595519797e-01
4.774624943733215554e-01
4.773768991231918113e-01
4.774162739515304676e-01
4.773478597402572854e-01
4.774060606956481712e-01
4.774455159902572521e-01
4.775170177221298440e-01
4.773576468229293601e-01
4.773023366928100808e-01
4.773451805114746205e-01
4.773334532976150624e-01
4.773199915885925071e-01
4.772483140230178722e-01
4.772504955530166848e-01
4.772229701280593650e-01
4.772051870822906494e-01
4.772364139556884988e-01
4.772226035594940297e-01
4.772004008293151966e-01
4.772146254777908103e-01
4.771506130695343240e-01
4.771283388137817494e-01
4.771161675453186035e-01
4.771168559789657482e-01
4.770827800035476463e-01
4.771079391241073719e-01
4.770978957414627186e-01
4.770651131868362538e-01
4.770736455917358176e-01
4.769922763109207264e-01
4.770745635032653809e-01
4.773381590843200906e-01
4.772841662168502697e-01
4.775642454624176025e-01
4.782366126775741688e-01
4.786281615495681652e-01
4.782019317150115745e-01
4.805972874164581299e-01
4.786662071943282859e-01
4.789439082145691140e-01
4.783801674842834695e-01
4.782356888055801503e-01
4.770415961742401345e-01
4.768446326255798562e-01
4.770597904920578225e-01
4.771498620510101207e-01
4.769620805978774802e-01
4.768096297979355080e-01
4.767934978008270264e-01
4.770535379648208618e-01
4.768713533878326527e-01
4.770421892404556052e-01
4.770986676216125710e-01
4.770890980958938377e-01
4.769259721040725597e-01
4.766536086797714122e-01
4.766856223344803078e-01
4.766208261251449474e-01
4.766530841588973999e-01
4.766482859849929810e-01
4.765848785638809315e-01
4.766039937734604104e-01
4.765841960906982422e-01
4.765425562858581765e-01
4.765346199274063110e-01
4.765313386917114369e-01
4.765478610992431863e-01
4.765988111495971791e-01
4.764860123395919800e-01
4.765167951583862416e-01
4.764686137437820213e-01
4.764740854501724465e-01
4.764649301767349132e-01
4.763975173234939464e-01
4.763926148414611705e-01
4.763963609933853371e-01
4.764078110456466675e-01
4.763657480478286632e-01
4.763580173254012839e-01
4.763724297285080178e-01
4.763524740934371726e-01
4.763429909944534302e-01
4.763356775045394786e-01
4.763402134180069192e-01
4.763186633586883323e-01
4.763194143772125355e-01
4.763039559125900047e-01
4.762868076562881692e-01
4.762920618057250866e-01
4.762918770313263050e-01
4.762768387794494851e-01
4.762757360935211404e-01
4.762545436620712058e-01
4.762476503849029652e-01
4.762513011693954579e-01
4.762443184852599987e-01
4.762219637632369995e-01
4.762988477945327981e-01
4.762514680624008179e-01
4.762004643678665050e-01
4.762122839689254539e-01
4.761877238750457653e-01
4.761899799108505471e-01
4.762056887149810902e-01
4.761783748865127674e-01
4.761989772319793479e-01
4.761588454246520885e-01
4.761459112167358287e-01
4.761467754840850719e-01
4.761523753404617310e-01
4.761469811201095581e-01
4.761203110218047985e-01
4.761309653520583995e-01
4.761007189750671165e-01
4.761183023452758567e-01
4.760702997446060181e-01
4.761087983846664651e-01
4.760774165391922219e-01
4.760540872812271118e-01
4.760610789060592540e-01
4.760346084833145253e-01
4.760458379983901755e-01
4.760405808687210305e-01
4.760156482458114402e-01
4.760110914707184060e-01
4.760697603225708119e-01
4.759875357151031605e-01
4.759802997112274059e-01
4.759690135717392079e-01
4.759568840265274159e-01
4.759756773710250854e-01
4.759970396757126077e-01
4.759440898895263561e-01
4.759202569723129383e-01
4.759264022111892589e-01
4.759445637464523315e-01
4.759094715118408203e-01
4.759158343076705933e-01
4.758974805474281422e-01
4.759084612131118663e-01
4.758603245019912831e-01
4.758612990379333385e-01
4.758555024862289318e-01
4.758512139320373313e-01
4.758238315582275502e-01
4.758351802825927512e-01
4.758133322000503429e-01
4.758396416902542225e-01
4.757855653762817494e-01
4.758384138345718162e-01
4.757960349321365134e-01
4.757705777883529663e-01
4.757723450660705788e-01
4.757655382156372181e-01
4.757545799016952293e-01
4.757412374019622803e-01
4.757536321878433339e-01
4.757387787103652954e-01
4.757343381643295288e-01
4.757482975721359364e-01
4.757272422313690297e-01
4.757132887840270774e-01
4.757887721061706543e-01
4.756716430187225564e-01
4.756854683160781638e-01
4.756559193134307639e-01
4.756811767816543357e-01
4.756460666656494030e-01
4.756589770317077859e-01
4.756286025047302135e-01
4.756091564893722423e-01
4.755965292453765980e-01
4.755958020687103271e-01
4.755958676338195579e-01
4.755810678005218395e-01
4.755735933780670388e-01
4.755729794502258079e-01
4.755703538656234630e-01
4.755614072084426991e-01
4.755649238824844471e-01
4.755626261234283669e-01
4.755437791347503773e-01
4.755456149578094482e-01
4.755341410636901855e-01
4.755329757928848378e-01
4.755217432975769043e-01
4.755180329084396362e-01
4.755209237337112427e-01
4.755201548337936179e-01
4.755131781101226696e-01
4.755174458026886208e-01
4.754974305629730003e-01
4.754991173744201882e-01
4.755329251289367454e-01
4.754847347736358421e-01
4.754808604717254417e-01
4.754741519689559826e-01
4.754733294248580933e-01
4.754607558250427135e-01
4.754829049110412820e-01
4.754495590925216786e-01
4.754530280828476174e-01
4.754493743181228416e-01
4.754857987165451161e-01
4.754307299852371105e-01
4.754283010959625133e-01
4.754340618848800770e-01
4.754278928041458241e-01
4.754201620817184448e-01
4.754238039255141990e-01
4.754368036985397450e-01
4.754201710224151833e-01
4.754014313220977783e-01
4.754004329442977905e-01
4.753926932811737283e-01
4.754113674163818470e-01
4.753717899322509877e-01
4.753983289003372303e-01
4.753641873598098977e-01
4.753686726093292458e-01
4.753743201494217141e-01
4.753599017858505249e-01
4.753417879343032615e-01
4.753455162048340066e-01
4.753407657146453968e-01
4.753305703401565774e-01
4.753304183483123557e-01
4.753667920827865379e-01
4.753131091594696156e-01
4.753170192241668590e-01
4.753239125013351551e-01
4.753143161535263173e-01
4.753082007169723289e-01
4.752928793430328258e-01
4.752939164638519398e-01
4.752880960702896007e-01
4.752760797739029042e-01
4.752743095159530640e-01
4.752586781978607178e-01
4.752595543861389271e-01
4.752546370029449574e-01
4.752754718065261841e-01
4.752376437187194602e-01
4.752365648746490479e-01
4.752268165349960438e-01
4.752410411834716575e-01
4.752269417047500499e-01
4.752197414636611938e-01
4.752132922410964855e-01
4.752226829528808372e-01
4.752175986766815075e-01
4.752251923084259144e-01
4.751874804496765137e-01
4.752055406570434570e-01
4.751791000366211160e-01
4.751768380403518788e-01
4.751749128103256448e-01
4.751599699258804432e-01
4.751637995243072621e-01
4.751561462879180797e-01
4.751821041107177623e-01
4.751459747552871926e-01
4.751371949911117332e-01
4.751487851142883190e-01
4.751268804073333629e-01
4.751368075609206931e-01
4.751141220331192017e-01
4.751305967569351418e-01
4.751054316759109608e-01
4.751012831926345603e-01
4.750929296016693226e-01
4.751012086868285911e-01
4.750844895839690940e-01
4.750848770141601340e-01
4.750813394784927368e-01
4.750777363777160534e-01
4.750750750303268655e-01
4.750740438699722068e-01
4.750655859708786122e-01
4.750645697116852029e-01
4.750661939382553323e-01
4.750609815120697133e-01
4.750575095415115467e-01
4.750550210475921742e-01
4.750566691160201804e-01
4.750507980585098045e-01
4.750465631484985241e-01
4.750436753034591453e-01
4.750392705202102772e-01
4.750356882810592429e-01
4.750454694032669178e-01
4.750295877456665039e-01
4.750295192003249900e-01
4.750237315893173218e-01
4.750340133905410767e-01
4.750216215848922507e-01
4.750179827213287242e-01
4.750149935483932717e-01
4.750134557485580222e-01
4.750104337930679543e-01
4.750079572200774924e-01
4.750029504299163596e-01
4.750066369771957508e-01
4.749989211559295654e-01
4.749949485063552634e-01
4.749985873699188454e-01
4.749910444021224754e-01
4.749917894601821677e-01
4.749829411506653054e-01
4.749806106090545543e-01
4.749802678823470958e-01
4.749772161245345847e-01
4.749750137329101785e-01
4.749664634466171376e-01
4.749685198068618885e-01
4.749722987413406150e-01
4.749671727418899314e-01
4.749569565057754628e-01
4.749608159065246693e-01
4.749689638614654763e-01
4.749565929174422996e-01
4.749484866857528464e-01
4.749405115842819103e-01
4.749441951513290183e-01
4.749399840831756703e-01
4.749325007200241311e-01
4.749286890029907338e-01
4.749269306659698597e-01
4.749272257089615090e-01
4.749262720346451028e-01
4.749218702316284069e-01
4.749148339033126831e-01
4.749153286218643077e-01
4.749071925878524669e-01
4.749036222696304543e-01
4.749030351638793834e-01
4.749037146568298451e-01
4.748991608619689830e-01
4.748930782079696655e-01
4.748960405588150135e-01
4.748920798301696777e-01
4.748895555734634621e-01
4.748825371265411599e-01
4.748873054981231911e-01
4.748759627342223899e-01
4.748746275901794545e-01
4.748734384775161743e-01
4.748717486858368142e-01
4.748687833547592385e-01
4.748644828796386719e-01
4.748594760894775391e-01
4.748616844415664562e-01
4.748521238565445168e-01
4.748575419187545665e-01
4.748499751091003196e-01
4.748403012752532848e-01
4.748433619737625344e-01
4.748391240835189708e-01
4.748377561569213645e-01
4.748350262641906627e-01
4.748292654752731545e-01
4.748275607824325451e-01
4.748189121484756581e-01
4.748228996992110984e-01
4.748120844364166482e-01
4.748231559991836770e-01
4.748079061508178600e-01
4.748083353042602539e-01
4.748159945011138916e-01
4.747996091842651145e-01
