1.158971309661865234e+00
9.898071487744649621e-01
1.012133419513702393e+00
1.035928587118784661e+00
1.014226496219635010e+00
9.550560712814331055e-01
1.009892344474792480e+00
9.173522194226583215e-01
9.783191283543904992e-01
1.104970514774322510e+00
1.140579819679260254e+00
1.173825263977050781e+00
1.097975730895996094e+00
1.047331174214680916e+00
1.204921364784240723e+00
1.002890785535176521e+00
1.000075022379557366e+00
1.052318553129832024e+00
1.123348216215769524e+00
9.952119588851928711e-01
1.018440524737040276e+00
1.146365026632944817e+00
1.125288943449656243e+00
1.170341889063517327e+00
1.171757439772288079e+00
1.115510006745656257e+00
1.089811841646830315e+00
1.152850627899169922e+00
1.069241205851237053e+00
1.210494220256805420e+00
1.116298874219258552e+00
1.055743436018625969e+00
1.170656561851501465e+00
9.505818188190460205e-01
1.082488854726155525e+00
1.137711385885874504e+00
1.004302223523457771e+00
1.040928264458974128e+00
9.741650025049845008e-01
1.088651617368062263e+00
1.047111531098683601e+00
1.045949538548787361e+00
1.096756974856058831e+00
1.022508045037587410e+00
1.116317848364512200e+00
1.121389766534169441e+00
1.066805581251780266e+00
1.074082593123118157e+00
1.024349172910054451e+00
9.489330748716989783e-01
9.662286837895711633e-01
1.088520546754201179e+00
1.099814295768737793e+00
9.548923571904500696e-01
9.750044345855712891e-01
1.038493414719899421e+00
1.108998139699300056e+00
9.894996086756387976e-01
9.222338398297628137e-01
1.019130130608876472e+00
1.009189943472544426e+00
9.838867187500000000e-01
1.024392565091450935e+00
9.446534315745035437e-01
1.074204881985982185e+00
1.066377580165863037e+00
9.304769039154052734e-01
9.122407039006551477e-01
9.606604774792989465e-01
9.209881623586019250e-01
8.745961288611093787e-01
9.664931098620096472e-01
1.022306760152180916e+00
9.416676362355550500e-01
9.536304076512654992e-01
9.553256432215372351e-01
8.547366261482238770e-01
9.660880366961160925e-01
9.803026318550109863e-01
1.022709469000498528e+00
9.161483049392700195e-01
9.405885140101114539e-01
9.373813867568969727e-01
9.074435035387674597e-01
8.979544639587402344e-01
1.016939043998718262e+00
9.386035203933715820e-01
9.401916265487670898e-01
9.068181514739990234e-01
9.585464199384053918e-01
1.051035284996032715e+00
8.549128969510396692e-01
1.165860950946807861e+00
1.066890517870585198e+00
9.953849315643310547e-01
1.009481688340504890e+00
8.481467068195343018e-01
1.019309262434641594e+00
9.553840359052022668e-01
9.634976585706075403e-01
9.779852032661437988e-01
1.017862657705942864e+00
8.556892871856689453e-01
1.034519513448079353e+00
9.889984130859375000e-01
1.032274166742960686e+00
1.057513654232025146e+00
9.295863509178161621e-01
1.002029895782470703e+00
8.506006896495819092e-01
8.594950834910074500e-01
9.483091036478678015e-01
9.104220271110534668e-01
8.801745573679605750e-01
8.989941279093424109e-01
9.020110766092935828e-01
9.259325861930847168e-01
9.036594033241271973e-01
9.331411918004354211e-01
8.668129841486612586e-01
9.674863417943319055e-01
9.746518929799398157e-01
8.735103507836660119e-01
9.992557565371195105e-01
9.131376345952352258e-01
9.671812852223714563e-01
9.467216134071350098e-01
1.002148886521657234e+00
9.506900707880655554e-01
9.428909619649251672e-01
9.414000908533731726e-01
9.583521684010823938e-01
8.764319717884063721e-01
1.010172585646311516e+00
9.156526327133178711e-01
9.228644768397012976e-01
9.556266665458679199e-01
1.025139649709065681e+00
8.888999223709106445e-01
9.871547818183898926e-01
1.035450081030527825e+00
9.762525757153829309e-01
8.862358927726745605e-01
9.376834233601888391e-01
1.018739144007364983e+00
9.584920803705850867e-01
9.152551690737406043e-01
9.352269768714904785e-01
9.566440979639688758e-01
9.734613100687662390e-01
9.861479600270589563e-01
9.822464187939962121e-01
9.351185361544290808e-01
9.372354944547017785e-01
8.977390428384145471e-01
8.890871405601501465e-01
8.888274828592935828e-01
8.869444330533345910e-01
9.686363736788431433e-01
9.846382339795430871e-01
9.506280422210693359e-01
8.958950638771057129e-01
1.098105669021606445e+00
1.078722735246022468e+00
1.136684248844782585e+00
1.038698871930440193e+00
8.955012361208597449e-01
9.041685064633687707e-01
8.251609404881795617e-01
1.005521913369496589e+00
9.124253988265991211e-01
9.816339612007141113e-01
1.032068391640980964e+00
9.276043772697448730e-01
9.698555966218312951e-01
9.963217377662658691e-01
9.532732963562011719e-01
1.045234779516855950e+00
8.720710972944895056e-01
9.715310732523599890e-01
1.053820172945658440e+00
9.395586848258972168e-01
9.225731889406839636e-01
9.608692924181619910e-01
9.732951124509175989e-01
1.064029236634572273e+00
1.005349914232889885e+00
9.668651024500528601e-01
1.026405513286590576e+00
9.754017392794290808e-01
9.664632081985473633e-01
8.128580525517463684e-01
9.012835621833801270e-01
9.694795211156209680e-01
9.484847585360208777e-01
1.026316285133361816e+00
8.938110272089639929e-01
9.516642888387044641e-01
9.362918535868326453e-01
8.516547580560048791e-01
9.260191520055135461e-01
1.006584723790486580e+00
1.010908146699269539e+00
9.033773144086202356e-01
9.637032945950826379e-01
9.063914020856221887e-01
9.778855840365091590e-01
1.112613141536712646e+00
9.576755364735921594e-01
8.842984239260355261e-01
9.134983023007711145e-01
9.180737336476644250e-01
9.592179656028747559e-01
8.281819125016530725e-01
1.018746236960093254e+00
9.705547690391540527e-01
9.222092429796854285e-01
9.737169742584228516e-01
9.752860267957051965e-01
9.507601857185363770e-01
9.269971251487731934e-01
9.070504506429036828e-01
9.558720588684082031e-01
9.360811909039815637e-01
8.577727079391479492e-01
9.131519794464111328e-01
9.460331598917642859e-01
9.279085993766784668e-01
9.652746319770812988e-01
9.877788225809732703e-01
9.747895201047261926e-01
8.984450697898864746e-01
9.544952710469564172e-01
9.765738844871520996e-01
9.790306687355041504e-01
9.073387881120046350e-01
1.040534744660059685e+00
8.240639468034108850e-01
8.632123470306396484e-01
8.885396917661031457e-01
9.591168165206909180e-01
9.545069336891174316e-01
1.029437581698099846e+00
9.017720023790994910e-01
9.578735431035360071e-01
9.361937046051025391e-01
8.573571046193441125e-01
9.522232611974080774e-01
8.928447763125101355e-01
9.828245043754577637e-01
9.280490279197692871e-01
9.444491465886434289e-01
9.019642273585001258e-01
8.598716954390207556e-01
9.398544033368428918e-01
9.069694876670837402e-01
1.037472029527028328e+00
8.374533057212829590e-01
1.014145314693450928e+00
9.302885731061300012e-01
9.256373842557271692e-01
9.374999006589254114e-01
8.446917931238809851e-01
9.479516148567199707e-01
9.492241144180297852e-01
1.000150104363759285e+00
9.114937186241149902e-01
8.521332442760467529e-01
8.348725438117980957e-01
9.721329212188720703e-01
9.634823401769002649e-01
8.372182448705037805e-01
1.057391087214152092e+00
9.407713810602823523e-01
9.859009186426798133e-01
9.315252304077148438e-01
8.913719058036804199e-01
9.115096330642700195e-01
9.465196728706359863e-01
8.909411430358886719e-01
8.866850535074869422e-01
1.002102772394816155e+00
1.005348861217498779e+00
9.210072159767150879e-01
8.477434317270914343e-01
9.299082358678182336e-01
8.160685300827026367e-01
9.285749991734822961e-01
9.449397722880045203e-01
9.050771594047546387e-01
1.000706473986307854e+00
8.698683778444925574e-01
8.990610837936401367e-01
9.368965824445089075e-01
9.502239624659220008e-01
8.530909419059753418e-01
8.600264986356099817e-01
9.125570456186929968e-01
1.032039066155751472e+00
9.029062191645303992e-01
9.026876886685689660e-01
1.017624795436859131e+00
9.022121032079061242e-01
9.482748508453369141e-01
9.265960057576497766e-01
8.600400487581888465e-01
1.032373746236165291e+00
9.674194256464639929e-01
9.646668235460916785e-01
9.229983985424041748e-01
8.798827926317850379e-01
8.143770645062128333e-01
1.026139775911967034e+00
9.574786225954691199e-01
9.903020064036051062e-01
8.517973721027374268e-01
9.898345073064168664e-01
9.549286166826883582e-01
9.026422500610351562e-01
1.077128052711486816e+00
1.077832440535227532e+00
9.358606338500976562e-01
9.354366461435953406e-01
1.058266490697860718e+00
9.560265342394510535e-01
8.445252378781636926e-01
9.159722725550333289e-01
8.147921909888585779e-01
9.159544110298156738e-01
8.712985912958780554e-01
8.455200095971425744e-01
9.986004233360290527e-01
8.105577379465103149e-01
1.026387552420298332e+00
8.924411733945211145e-01
9.228229920069376258e-01
8.243278960386911658e-01
8.675335645675659180e-01
8.948525190353393555e-01
1.070428510506947761e+00
8.287399907906850549e-01
9.202825824419657019e-01
8.800068497657775879e-01
9.292799830436706543e-01
9.193718830744425086e-01
9.531601071357727051e-01
9.715053836504617957e-01
9.333867828051248816e-01
8.867506384849548340e-01
9.905693332354227332e-01
1.083634972572326660e+00
1.008378257354100471e+00
8.493939240773519250e-01
9.633330702781677246e-01
9.273901184399923059e-01
9.514639178911844519e-01
8.749229709307352332e-01
8.807704250017801550e-01
9.302597244580587121e-01
9.504460692405700684e-01
9.220685561498006555e-01
8.398117125034332275e-01
8.866003553072611121e-01
9.437956412633260461e-01
8.862512707710266113e-01
8.674350281556447717e-01
8.758840163548787805e-01
9.244652390480041504e-01
9.199448227882385254e-01
9.952058593432108191e-01
9.871794184048970910e-01
9.640717307726541785e-01
9.650639891624450684e-01
9.601337313652038574e-01
9.968223174413045617e-01
9.727071722348531457e-01
9.913439551989237097e-01
9.517057538032531738e-01
1.013651351133982415e+00
8.752812345822652551e-01
9.655827482541402551e-01
1.015668014685312981e+00
9.296965996424356726e-01
8.544815282026926306e-01
8.272751669088999060e-01
8.204871316750844690e-01
8.886212110519409180e-01
9.536548852920532227e-01
8.468214074770609168e-01
9.801383813222249719e-01
9.590326547622680664e-01
9.113678534825643274e-01
8.539092938105264929e-01
9.861041903495788574e-01
9.321299791336059570e-01
1.031790206829706902e+00
1.059216201305389404e+00
9.384964307149251672e-01
9.554010430971781043e-01
8.396642009417215613e-01
8.630947073300679895e-01
9.722969929377237586e-01
9.058139721552530554e-01
9.053398370742797852e-01
1.018398880958557129e+00
1.003346989552180046e+00
8.816384077072143555e-01
9.303681055704752234e-01
9.706770976384481164e-01
1.024299025535583496e+00
9.478008349736531946e-01
9.030514558156331750e-01
8.445860246817270545e-01
8.790834744771321985e-01
9.187082250912984582e-01
9.106771548589071008e-01
9.472046196460723877e-01
9.166860580444335938e-01
9.218405286471048621e-01
9.814786116282144812e-01
1.034531374772389656e+00
8.923069039980570105e-01
9.287000298500061035e-01
1.020822862784067864e+00
8.599781791369119910e-01
1.064890285332997566e+00
1.076545099417368645e+00
1.021259744962056404e+00
9.760301311810811731e-01
9.015724062919616699e-01
8.866077661514282227e-01
9.579411943753560754e-01
1.054273853699366326e+00
1.012602309385935540e+00
1.056145032246907478e+00
8.865942756334940222e-01
9.401090542475382117e-01
8.128310044606527063e-01
8.389133314291635779e-01
1.121771941582361931e+00
9.466208219528198242e-01
9.125277201334635047e-01
8.248237371444702148e-01
1.071508824825286865e+00
9.277629057566324500e-01
8.517620762189229700e-01
9.177963932355245325e-01
8.739956617355346680e-01
9.317827125390371057e-01
8.274137775103250769e-01
9.769695202509561804e-01
8.939851125081380578e-01
9.946818351745605469e-01
8.356628616650899621e-01
8.826178510983785364e-01
8.872270186742147180e-01
9.158188501993814734e-01
1.014389038085937500e+00
8.711480100949605676e-01
9.654154380162557336e-01
8.528084953625997278e-01
9.166157841682434082e-01
8.826215465863546106e-01
1.034323056538899666e+00
8.187652826309204102e-01
9.488146106402078894e-01
8.149517873922983435e-01
8.970162272453308105e-01
8.359160323937734338e-01
9.993290702501932410e-01
8.534975647926330566e-01
8.967804114023844031e-01
8.375643094380696985e-01
9.977674484252929688e-01
9.537036617596944543e-01
9.766292770703633996e-01
9.125864704449971887e-01
9.067277510960897180e-01
8.990247646967569617e-01
9.034366011619567871e-01
9.174102147420247766e-01
1.034110218286514282e+00
9.333527286847432825e-01
1.066955546538035149e+00
9.771232604980468750e-01
9.470599889755249023e-01
8.912339607874552039e-01
8.649612069129943848e-01
7.979176590840021399e-01
9.119689464569091797e-01
8.947433829307556152e-01
9.221490621566772461e-01
9.269023935000101355e-01
9.089468916257222864e-01
8.720359404881795617e-01
9.306385715802510950e-01
9.334442218144735071e-01
9.468355576197305945e-01
1.095460077126820808e+00
9.316153327624002722e-01
8.665590286254882812e-01
9.522077639897664758e-01
8.694096207618713379e-01
8.630610505739847449e-01
9.700420697530111047e-01
8.906377156575521203e-01
8.328905602296193811e-01
9.192071755727132532e-01
8.880149523417154578e-01
9.694837530454000207e-01
9.819246927897135047e-01
8.968477646509805945e-01
9.858166774113973352e-01
9.044511914253234863e-01
9.975709815820058557e-01
9.402800997098287317e-01
1.029339392979939705e+00
8.778343200683593750e-01
9.520078698794046668e-01
9.490332404772440222e-01
8.560578227043151855e-01
8.558259606361389160e-01
9.670859575271606445e-01
8.275947769482930871e-01
9.360478917757669715e-01
9.676507314046224328e-01
9.304252664248148230e-01
9.480243126551309851e-01
9.809312820434570312e-01
9.030592938264211389e-01
8.510449230670928955e-01
9.248652458190917969e-01
9.337868491808573035e-01
9.827556808789571496e-01
1.040904362996419197e+00
1.007372409105300903e+00
9.297844866911569861e-01
9.551625847816467285e-01
9.899014830589294434e-01
9.064710537592569617e-01
8.281088670094808313e-01
9.645425279935201379e-01
8.720941146214803430e-01
9.000021020571390418e-01
9.227935274442037317e-01
9.277522563934326172e-01
8.421595891316732141e-01
9.767596522967020300e-01
9.245681365331014367e-01
1.012085338433583503e+00
8.729658325513204309e-01
8.326800167560577393e-01
8.568307161331176758e-01
9.409829775492349890e-01
8.913437724113464355e-01
9.838924010594686242e-01
9.650700688362121582e-01
9.973278244336446496e-01
8.367012043793996545e-01
9.561821619669595984e-01
1.018987794717152839e+00
9.504894018173217773e-01
8.922367691993713379e-01
9.147093296051025391e-01
9.177472790082296106e-01
8.650673230489095422e-01
9.091703693072000769e-01
1.010907034079233879e+00
9.088521401087442664e-01
8.946088949839273718e-01
1.042629321416219002e+00
9.703886707623800012e-01
8.600795467694600793e-01
8.557620644569396973e-01
9.962647358576456336e-01
8.893038233121236535e-01
8.533793489138284949e-01
9.311660726865133020e-01
9.479617675145467492e-01
9.819679856300354004e-01
9.798580408096313477e-01
1.042230844497680664e+00
1.046957731246948242e+00
1.048863242069880242e+00
1.033729692300160652e+00
8.460705379645029334e-01
8.927976886431375769e-01
8.927556276321411133e-01
9.137364029884338379e-01
9.360695083936055871e-01
8.794373472531636926e-01
9.159549276034036902e-01
8.676685690879821777e-01
9.807944496472676965e-01
9.110999504725137976e-01
9.506475130716959265e-01
9.172724485397338867e-01
9.119978944460550574e-01
9.040040969848632812e-01
9.385117093722025183e-01
9.315580924352010461e-01
8.614205519358316687e-01
8.760059674580892297e-01
8.972523609797159461e-01
8.716292977333068848e-01
9.577393730481466028e-01
8.122411370277404785e-01
1.041681627432505364e+00
9.538583755493164062e-01
9.310779372851053504e-01
8.598011732101440430e-01
9.201928377151489258e-01
8.244968056678771973e-01
9.248078068097432825e-01
9.292417168617248535e-01
9.744084278742471961e-01
1.038591285546620613e+00
8.371038635571798059e-01
8.163069883982340125e-01
8.974469304084777832e-01
9.835768143335977820e-01
9.303412437438964844e-01
9.743881424268087121e-01
9.148683150609334680e-01
9.664612015088399621e-01
8.829259276390075684e-01
8.777448534965515137e-01
8.409189979235330847e-01
8.557017246882120398e-01
9.409136374791463586e-01
9.208401640256246301e-01
8.834466536839803430e-01
9.407931764920552942e-01
8.455243209997812537e-01
8.616443276405334473e-01
9.132684469223022461e-01
8.832475940386453894e-01
8.577425479888916016e-01
9.231752355893453332e-01
9.215138554573059082e-01
8.823377490043640137e-01
9.175638953844705847e-01
8.905705412228902551e-01
1.016163647174835205e+00
8.852057456970214844e-01
1.013814032077789307e+00
8.936855196952819824e-01
8.696230053901672363e-01
9.112498760223388672e-01
9.548830986022949219e-01
9.228464365005493164e-01
8.987252116203308105e-01
8.790585001309713098e-01
1.102302710215250725e+00
8.474758565425872803e-01
8.858176469802856445e-01
9.554828008015950891e-01
9.661734700202941895e-01
9.546166261037191125e-01
8.375560144583383826e-01
9.458390474319458008e-01
9.502045710881551477e-01
8.939208984375000000e-01
9.404785434405008582e-01
8.848448793093363074e-01
9.658899108568826941e-01
9.081132809321085242e-01
1.016817152500152588e+00
8.992134730021158484e-01
8.656546076138814660e-01
9.247916738192240027e-01
8.669449488321939734e-01
9.508891304334005090e-01
9.429126977920532227e-01
9.988993406295776367e-01
1.015604476133982415e+00
9.390277465184529992e-01
8.698639472325643274e-01
9.532445073127746582e-01
9.271253148714700965e-01
9.509005546569824219e-01
9.617377320925394324e-01
8.935259083906809119e-01
1.022686113913853889e+00
9.583794275919595984e-01
9.057912627855936316e-01
8.319010436534881592e-01
8.608501553535461426e-01
9.518269499142965051e-01
9.068417549133300781e-01
8.836080829302469519e-01
8.686951994895935059e-01
1.067708611488342285e+00
9.695757031440734863e-01
9.289333025614420203e-01
1.017307062943776375e+00
9.324700236320495605e-01
8.380752901236215857e-01
8.362239499886831018e-01
9.428424040476480750e-01
8.561552564303079871e-01
9.836306969324747351e-01
9.575347304344177246e-01
9.865609606107076379e-01
9.831428130467733117e-01
9.477385282516479492e-01
9.252082109451293945e-01
8.857196569442749023e-01
9.710768461227416992e-01
7.919932554165521887e-01
8.635857899983724328e-01
8.280375003814697266e-01
1.007748564084370857e+00
8.742323716481527063e-01
1.038161993026733398e+00
9.030298193295797082e-01
9.832725723584493371e-01
8.221191366513570520e-01
8.768446842829386023e-01
1.036013821760813469e+00
9.880191882451375696e-01
8.762800494829813269e-01
8.772041201591491699e-01
8.287787536780039099e-01
8.744644721349080774e-01
1.075497527917226082e+00
9.255902767181396484e-01
9.917428394158681604e-01
8.632644216219583777e-01
9.774714112281799316e-01
9.340441028277078894e-01
9.097681442896524695e-01
9.602983693281809119e-01
8.213794529438018799e-01
8.541560371716817590e-01
9.625802040100097656e-01
8.536118268966674805e-01
9.477439125378926965e-01
1.027262449264526367e+00
1.004622916380564446e+00
8.071293334166208533e-01
1.018371721108754402e+00
8.915603160858154297e-01
8.811947107315063477e-01
8.954258759816488000e-01
9.155412713686624793e-01
9.040920535723367957e-01
8.619381586710611609e-01
8.893309831619262695e-01
1.012614826361338372e+00
8.630146781603494910e-01
8.670285940170288086e-01
9.529491662979125977e-01
8.428916136423746375e-01
8.252174556255340576e-01
9.471347133318582800e-01
8.865808645884195593e-01
9.966345032056173059e-01
1.128080109755198235e+00
1.033446907997131348e+00
9.200969537099202844e-01
8.923965692520141602e-01
8.691850701967874793e-01
1.000025153160095215e+00
9.172625144322713586e-01
8.737318515777587891e-01
8.984673023223876953e-01
9.956171909968057898e-01
8.955736160278320312e-01
8.765054146448770789e-01
9.681492447853088379e-01
1.090762406587600708e+00
9.433247248331705359e-01
8.880844116210937500e-01
8.564843138058980676e-01
9.246974388758341101e-01
9.307736754417419434e-01
8.704702258110046387e-01
8.814508716265360144e-01
8.493878543376922607e-01
9.584276080131530762e-01
8.852037787437438965e-01
9.862943490346273157e-01
9.031094710032144812e-01
9.307797749837239953e-01
8.585783441861470910e-01
9.667909940083821985e-01
9.779834548632303504e-01
8.485555450121561316e-01
9.125566482543945312e-01
9.528796871503194543e-01
9.429719448089599609e-01
8.523767093817392615e-01
9.174409707387288782e-01
8.231049776077270508e-01
9.726670781771341590e-01
8.942800958951314660e-01
1.013095577557881599e+00
8.518014351526895789e-01
8.312549392382303504e-01
8.705031871795654297e-01
9.168945352236429480e-01
9.483492175738016394e-01
9.232869545618692664e-01
8.779700994491577148e-01
8.888298074404398230e-01
9.185184041659036902e-01
9.180972576141357422e-01
9.437072078386942175e-01
9.356720447540283203e-01
9.255791505177816125e-01
9.030459125836690637e-01
9.540440837542215613e-01
8.387641708056131629e-01
8.421980142593383789e-01
9.431216915448507043e-01
8.140070438385009766e-01
9.670992096265157434e-01
8.212157984574636194e-01
1.027845859527587891e+00
8.347158332665761682e-01
9.199604590733846399e-01
8.059287418921788904e-01
9.788076480229696008e-01
9.057387113571166992e-01
8.517776131629943848e-01
8.613018790880838660e-01
9.162376721700032922e-01
1.021904309590657478e+00
8.020164767901102332e-01
1.003263274828593010e+00
9.380797545115152625e-01
9.580486218134561804e-01
8.641284704208374023e-01
9.585633277893066406e-01
1.003844201564788818e+00
1.017682850360870361e+00
9.166477322578430176e-01
9.047645330429077148e-01
8.857343792915344238e-01
9.612139463424682617e-01
8.830658992131551477e-01
8.981084028879801062e-01
9.168123404184976843e-01
8.846009969711303711e-01
9.905918637911478308e-01
7.913886060317357751e-01
9.079243143399556848e-01
9.149237076441446570e-01
8.734895189603170129e-01
8.135721683502197266e-01
8.774912357330322266e-01
8.769326011339823035e-01
8.556610345840454102e-01
9.471445083618164062e-01
8.387355208396911621e-01
1.011766533056895012e+00
9.124578833580017090e-01
9.569567044576009485e-01
9.330966075261434289e-01
8.961724042892456055e-01
8.689360221227010461e-01
9.255890250205993652e-01
9.056157469749450684e-01
8.803911407788594934e-01
1.016374876101811653e+00
9.179855982462564734e-01
9.758304754892984656e-01
8.794915477434793738e-01
9.323137601216634485e-01
9.357296029726663855e-01
1.042586227258046394e+00
8.962279558181762695e-01
9.696693619092305871e-01
9.056644042332967492e-01
1.014021635055541992e+00
9.574707945187886926e-01
8.365574677785238000e-01
1.000629643599192375e+00
9.306429624557495117e-01
8.662391503651937219e-01
8.180944025516510010e-01
9.645711382230123254e-01
9.686579704284667969e-01
9.489159981409708289e-01
1.055695215861002678e+00
8.034741630156835290e-01
9.036117792129516602e-01
9.027884006500244141e-01
9.862750172615051270e-01
8.649401863416036340e-01
9.526175856590270996e-01
9.777524272600809363e-01
8.904060920079549524e-01
9.172192017237345008e-01
9.098665515581766394e-01
8.036329199870427820e-01
8.502215047677358362e-01
8.678519328435262414e-01
9.635232488314310340e-01
9.062663714090982703e-01
8.501826922098795203e-01
8.797727425893148157e-01
8.995947639147440222e-01
9.670663674672445032e-01
8.838343024253845215e-01
8.793709874153137207e-01
9.923953711986541748e-01
9.220949014027913782e-01
8.401393791039785119e-01
9.513082305590311316e-01
9.426264961560567590e-01
8.902658422787984582e-01
8.460452059904733924e-01
8.974445064862569543e-01
9.237458904584249231e-01
8.612622817357381555e-01
9.429013331731160852e-01
7.873056506117185327e-01
8.994093934694925574e-01
1.010209043820698982e+00
9.469504157702127722e-01
8.557580709457397461e-01
8.596140344937642785e-01
8.020667980114618567e-01
9.168565471967061731e-01
8.285650312900543213e-01
8.694278001785278320e-01
9.202881058057149621e-01
9.213985602060953406e-01
1.034844974676768059e+00
8.963222503662109375e-01
8.832328716913858679e-01
8.994255661964416504e-01
9.675508737564086914e-01
8.257128596305847168e-01
8.214964866638183594e-01
9.394454956054687500e-01
9.568205277125040320e-01
1.077691713968912834e+00
9.162641565004984168e-01
8.786237239837646484e-01
9.634728829065958289e-01
1.033302863438924080e+00
8.994903365770975379e-01
9.554021954536437988e-01
8.352120121320089075e-01
1.030246565739313835e+00
8.238152066866556433e-01
9.156061808268228797e-01
9.959872762362161902e-01
8.784000476201375696e-01
8.681952357292175293e-01
8.263109326362609863e-01
9.755847056706746789e-01
8.827968438466390344e-01
1.012562433878580803e+00
9.068956772486368445e-01
8.915890852610269812e-01
8.799097339312235144e-01
9.600263833999633789e-01
1.052683830261230469e+00
9.760882457097371789e-01
1.002912183602650886e+00
8.935799996058145789e-01
9.654071132342020300e-01
7.994659692049026489e-01
9.238035480181375769e-01
1.015154997507731194e+00
8.998105724652608606e-01
9.524338444073995325e-01
8.710640072822570801e-01
9.657132625579833984e-01
9.243477582931518555e-01
1.007131278514862061e+00
9.632520278294881555e-01
9.062879482905069617e-01
8.726087411244710657e-01
9.357566833496093750e-01
1.039708356062571282e+00
9.518405397733052942e-01
1.007525881131489998e+00
1.160450110832850212e+00
9.090555310249328613e-01
9.080341657002767297e-01
9.186485807100931433e-01
1.052416155735651726e+00
8.721969723701477051e-01
8.735628922780355188e-01
8.710312644640604285e-01
1.035176455974578857e+00
8.978441556294759485e-01
9.358593026796976355e-01
9.621550142765045166e-01
9.374979138374328613e-01
8.535234133402506140e-01
9.424454371134439734e-01
1.019962986310323005e+00
8.993960817654927942e-01
1.054482777913411384e+00
