1.000416477521260505e+00
9.793472290039062500e-01
9.628420273462930945e-01
9.542253812154134485e-01
9.312268892923990515e-01
9.109587470690408972e-01
9.042278726895650598e-01
8.343443473180135461e-01
8.411180575688680383e-01
7.910951574643453332e-01
8.373249967892965051e-01
8.580760955810546875e-01
7.316290736198425293e-01
7.467504938443502160e-01
8.876837690671285364e-01
8.981092572212219238e-01
8.338438272476196289e-01
7.733052174250284461e-01
8.077089190483093262e-01
8.490162690480550500e-01
7.680240472157796594e-01
7.527617613474527625e-01
7.247754335403442383e-01
7.270870407422383996e-01
7.462032437324523926e-01
7.260656158129373816e-01
7.126487096150716516e-01
7.380891442298889160e-01
7.056339184443155554e-01
7.349059383074442175e-01
7.164333065350850793e-01
6.852593223253885535e-01
7.431971033414205285e-01
6.785724361737569543e-01
6.993529796600341797e-01
8.115160663922628137e-01
7.523819605509439734e-01
7.589542468388875696e-01
7.567549347877502441e-01
8.056149880091348914e-01
7.494290868441263465e-01
7.153217196464538574e-01
7.489444812138875696e-01
7.411011854807535437e-01
7.353539864222208289e-01
7.111993432044982910e-01
7.480568289756774902e-01
7.898567716280618933e-01
6.873301267623901367e-01
6.689218084017435340e-01
6.642512281735738489e-01
7.211916446685791016e-01
6.952195564905802039e-01
6.751283804575601843e-01
6.772183775901794434e-01
6.977937817573547363e-01
7.522009213765462610e-01
6.905269424120584754e-01
7.503079573313394812e-01
7.088811397552490234e-01
7.027934193611145020e-01
6.685565114021301270e-01
6.846083203951517371e-01
6.696833968162536621e-01
6.747224529584249231e-01
6.815717220306396484e-01
6.918213764826456336e-01
6.415241360664367676e-01
6.448790629704793664e-01
6.661761403083801270e-01
6.218324601650238037e-01
6.790558497111002234e-01
7.026778856913248328e-01
6.720433036486307410e-01
6.803654432296752930e-01
6.362075209617614746e-01
6.231091022491455078e-01
6.429556608200073242e-01
6.582402984301248816e-01
6.553808848063150672e-01
6.224454840024312707e-01
6.482745806376138953e-01
6.301403641700744629e-01
6.149605313936868933e-01
6.119534373283386230e-01
6.239043275515238074e-01
6.199139753977457312e-01
6.293925444285074500e-01
5.960272947947183875e-01
6.489042242368062707e-01
6.479981541633605957e-01
6.474300821622213098e-01
6.697652935981750488e-01
6.976558367411295203e-01
6.138163805007934570e-01
6.698508063952127722e-01
5.933178265889486047e-01
6.287948091824849817e-01
6.280144850413004187e-01
6.026387413342794153e-01
6.342968344688415527e-01
6.494851907094320032e-01
5.916122496128082275e-01
6.430166165033975867e-01
6.105184356371561316e-01
6.246917645136514929e-01
6.368378599484761926e-01
6.355330745379129675e-01
6.184209982554117468e-01
6.150843997796376916e-01
6.023813088734945032e-01
6.204771796862283972e-01
5.986526409784952429e-01
5.885372161865234375e-01
5.916377405325571326e-01
5.938463012377420691e-01
6.014402906099954871e-01
6.236305832862854004e-01
6.074630816777547571e-01
5.830026268959045410e-01
6.114565730094909668e-01
6.212620933850606653e-01
5.927124420801798133e-01
6.382816235224405554e-01
6.114138762156168250e-01
6.291140516599019739e-01
5.840899745623270300e-01
6.104281942049661902e-01
6.103718082110086707e-01
5.989992419878641394e-01
6.139147480328878137e-01
6.327412923177083703e-01
5.901302695274353027e-01
6.346692244211832312e-01
5.992082754770914343e-01
6.066084901491800574e-01
6.434568166732788086e-01
6.175811290740966797e-01
6.156292955080667761e-01
6.207678020000457764e-01
6.395627657572428015e-01
6.023106177647908899e-01
6.252435843149820593e-01
5.961276094118753699e-01
6.572116613388061523e-01
6.044235428174337121e-01
6.056580146153768274e-01
6.002617875734964636e-01
6.024796962738037109e-01
6.058324774106343957e-01
6.094616452852884558e-01
6.184063752492269250e-01
6.083230177561441687e-01
5.861378908157348633e-01
5.844851732254028320e-01
5.801972051461538049e-01
5.758717358112335205e-01
5.984023213386535645e-01
6.182669202486673621e-01
6.340432564417520789e-01
6.063302159309387207e-01
6.026661992073059082e-01
6.290640433629354211e-01
6.472892363866170617e-01
6.723502477010091516e-01
5.974793434143066406e-01
5.906697312990824011e-01
5.959956049919128418e-01
5.543566644191741943e-01
6.002187530199686316e-01
6.026321053504943848e-01
6.030208071072896692e-01
6.024463772773742676e-01
6.178006728490194055e-01
5.914312700430551795e-01
6.169344186782836914e-01
5.865937074025472375e-01
6.288201610247293738e-01
5.825719436009725305e-01
5.905732512474060059e-01
6.414705713589986535e-01
5.947879751523336145e-01
6.408385833104451867e-01
6.079094012578328821e-01
6.083541909853616980e-01
6.065469980239868164e-01
6.070643961429595947e-01
6.307131250699361535e-01
6.144227584203084680e-01
6.233110825220743445e-01
6.161994338035583496e-01
5.669620931148529053e-01
5.964198112487792969e-01
5.975078940391540527e-01
5.992484688758850098e-01
6.023201743761698035e-01
5.878356496493021277e-01
5.809762080510457727e-01
6.457386016845703125e-01
5.675967236359914514e-01
5.971504847208658484e-01
6.088564991950988770e-01
5.883492231369018555e-01
5.918560822804769250e-01
5.882869164148966101e-01
5.841783881187438965e-01
5.896747509638468054e-01
6.222981810569763184e-01
5.973444978396097449e-01
5.641324520111083984e-01
5.810250838597615930e-01
5.690979659557342529e-01
5.916256507237752649e-01
5.659474829832712439e-01
6.035868426163991662e-01
5.912647942701975134e-01
5.933847626050313684e-01
5.888805588086446496e-01
5.798809329668680457e-01
5.899901986122131348e-01
5.855191747347513465e-01
5.927058259646097449e-01
5.879051089286804199e-01
5.872957309087117883e-01
5.608747303485870361e-01
5.880106886227925989e-01
5.946304996808370325e-01
5.769813855489095422e-01
5.805579026540120813e-01
5.884191791216532019e-01
6.001759767532348633e-01
5.716648101806640625e-01
6.017517447471618652e-01
5.985041856765747070e-01
5.818500518798828125e-01
5.757999916871389123e-01
6.086332301298776892e-01
5.604227383931478235e-01
5.552826424439748498e-01
5.824998219807943078e-01
5.869633356730142859e-01
5.876058340072631836e-01
5.987158020337423059e-01
5.799750288327535364e-01
5.887793997923532752e-01
5.788113673528035852e-01
5.688778956731160852e-01
5.876475572586059570e-01
5.788571635882059363e-01
5.813075105349222449e-01
5.731098055839538574e-01
5.814593235651651648e-01
5.716878374417623254e-01
5.915950735410054895e-01
5.816977818806966516e-01
5.755974849065145227e-01
6.017939448356628418e-01
5.568678279717763635e-01
6.008065938949584961e-01
5.933097004890441895e-01
5.764082272847493860e-01
5.737307866414388391e-01
5.653967062632242468e-01
5.933917363484700891e-01
5.782166322072347375e-01
5.904501875241597864e-01
5.958443482716878625e-01
5.773180127143859863e-01
5.915753146012624475e-01
5.788335800170898438e-01
5.966052214304605750e-01
5.554938515027364465e-01
6.030780076980590820e-01
5.843241016070047644e-01
5.873372554779052734e-01
6.109839677810668945e-01
5.626619160175323486e-01
5.743181109428405762e-01
5.813112060228983191e-01
5.726273258527120325e-01
5.632688899834951135e-01
5.911527474721273157e-01
5.918243726094564172e-01
5.698805650075277063e-01
5.597088535626729700e-01
5.859384735425313684e-01
5.420285562674204138e-01
5.709814429283142090e-01
5.919959346453348425e-01
5.751962065696716309e-01
5.875072479248046875e-01
5.776003102461496619e-01
5.549185375372568396e-01
6.128873427708944055e-01
5.819561084111531946e-01
5.627206861972808838e-01
5.474367837111154822e-01
5.738463004430135461e-01
6.004584034283956262e-01
5.662448108196258545e-01
5.600225031375885010e-01
5.966894030570983887e-01
5.644810497760772705e-01
5.766143401463826867e-01
5.690545638402303430e-01
5.627069075902303430e-01
5.906562805175781250e-01
5.848673383394876746e-01
5.795012712478637695e-01
5.679844419161478308e-01
5.652671953042348596e-01
5.432775715986887244e-01
5.958109200000762939e-01
5.815043648084005090e-01
5.819094578425089148e-01
5.560232996940612793e-01
5.881791114807128906e-01
5.782631834348043176e-01
5.692959229151407508e-01
6.069035331408182410e-01
6.064683000246683386e-01
5.697090029716491699e-01
5.673400163650512695e-01
6.037129660447438928e-01
5.759074886639913293e-01
5.606810947259267541e-01
5.790726443131765100e-01
5.444267292817434045e-01
5.663325190544128418e-01
5.650609632333120080e-01
5.575233995914459229e-01
5.882367988427480432e-01
5.518447558085123328e-01
6.002539793650308875e-01
5.821521083513895300e-01
5.672694742679595947e-01
5.515153507391611365e-01
5.688159267107645300e-01
5.564588208993276330e-01
6.039110024770101282e-01
5.587448974450429651e-01
5.721218983332315711e-01
5.656964381535848352e-01
5.741313099861145020e-01
5.617378155390421179e-01
5.794098774592081336e-01
5.747168858846029016e-01
5.752335588137308386e-01
5.634581545988718299e-01
5.869612495104471472e-01
6.091761291027069092e-01
5.867215593655904504e-01
5.570305089155832556e-01
5.737873713175455359e-01
5.767733454704284668e-01
5.870815912882486609e-01
5.517601470152536658e-01
5.595063467820485803e-01
5.907878279685974121e-01
5.786228875319162634e-01
5.923984646797180176e-01
5.512997607390085486e-01
5.716723104317983362e-01
5.777827699979146692e-01
5.707298318545023230e-01
5.465492904186248779e-01
5.697450836499532434e-01
5.717478394508361816e-01
5.761660337448120117e-01
5.870003004868825647e-01
5.914307236671447754e-01
5.807213783264160156e-01
5.762811104456583289e-01
5.782575011253356934e-01
5.880242784818013879e-01
5.840786298116048547e-01
5.895590285460153845e-01
5.656147599220275879e-01
5.922007560729980469e-01
5.575387974580129358e-01
5.895252525806427002e-01
6.078824996948242188e-01
5.772674282391866418e-01
5.537062982718149451e-01
5.454207658767700195e-01
5.542062819004058838e-01
5.585267841815948486e-01
5.790588259696960449e-01
5.511602063973745080e-01
5.809103051821390418e-01
5.790373384952545166e-01
5.610566735267639160e-01
5.459248522917429236e-01
5.842479368050893518e-01
5.742547015349069861e-01
5.924708545207977295e-01
6.017532447973886756e-01
5.712026953697204590e-01
5.861868063608804968e-01
5.594093700249990198e-01
5.450934171676635742e-01
5.861853957176208496e-01
5.568806032339731482e-01
5.807187557220458984e-01
5.927926699320474890e-01
5.902684231599172326e-01
5.613690018653869629e-01
5.575282573699951172e-01
5.763981342315673828e-01
5.816610455513000488e-01
5.765761037667592737e-01
5.699423352877298621e-01
5.540851751963297156e-01
5.672934154669443396e-01
5.639573335647583008e-01
5.706735054651895789e-01
5.766832629839578894e-01
5.726535121599832800e-01
5.590744415918985633e-01
5.816997786362966272e-01
5.974068045616149902e-01
5.684859752655029297e-01
5.683921476205190393e-01
5.940871636072794226e-01
5.544847647349039343e-01
5.991610685984293250e-01
5.914879639943441125e-01
5.880562067031860352e-01
5.777302185694376258e-01
5.753592252731323242e-01
5.513738691806793213e-01
5.729642709096273157e-01
6.074751416842142371e-01
5.814634164174398157e-01
5.912944873174031946e-01
5.621730883916219446e-01
5.716781814893087121e-01
5.412289996941884729e-01
5.542668203512827185e-01
6.093838910261789588e-01
5.816291570663452148e-01
5.572478075822194787e-01
5.515107611815134314e-01
6.027636428674062463e-01
5.661936799685159949e-01
5.437755187352498742e-01
5.706988771756490442e-01
5.663934946060180664e-01
5.733875532944997522e-01
5.468659798304239539e-01
5.693598190943399695e-01
5.634808341662088660e-01
5.838118195533752441e-01
5.462420682112375525e-01
5.588425695896148682e-01
5.583578447500864295e-01
5.605332851409912109e-01
5.839695135752359656e-01
5.578974485397338867e-01
5.855826437473297119e-01
5.538356999556223181e-01
5.685300429662069055e-01
5.673783620198568078e-01
5.937060713768005371e-01
5.472791095574697229e-01
5.728471676508585242e-01
5.432603259881337854e-01
5.640947818756103516e-01
5.523036321004232141e-01
5.867712696393331262e-01
5.575020909309387207e-01
5.637057721614837646e-01
5.560297071933746338e-01
5.849375327428182336e-01
5.855677525202432898e-01
5.755707224210103723e-01
5.630311171213785437e-01
5.756377975145975379e-01
5.545754929383596155e-01
5.567351082960764197e-01
5.635803838570913049e-01
5.817956825097402307e-01
5.969271659851074219e-01
6.004826823870340613e-01
5.756637652715047571e-01
5.818449060122171668e-01
5.539166033267974854e-01
5.555927058060964319e-01
5.372195641199747351e-01
5.678692857424417761e-01
5.604169766108194617e-01
5.665022134780883789e-01
5.685906608899434778e-01
5.576063692569732666e-01
5.608230829238891602e-01
5.666354199250539514e-01
5.687564810117086145e-01
5.764955282211303711e-01
6.171039938926696777e-01
5.643895467122396203e-01
5.463663339614868164e-01
5.712915460268656043e-01
5.618260502815246582e-01
5.468790630499521521e-01
5.761945545673370361e-01
5.551822284857431677e-01
5.473227302233377722e-01
5.697620709737142297e-01
5.509824951489766809e-01
5.634392499923706055e-01
5.852067669232686731e-01
5.578224857648214075e-01
5.750887393951416016e-01
5.634911855061849328e-01
5.704851845900217322e-01
5.809222658475240442e-01
5.797495047251383093e-01
5.617393652598062781e-01
5.696092645327249793e-01
5.707002679506937293e-01
5.487303038438161584e-01
5.421418448289235803e-01
5.719700952370961877e-01
5.470910171667734412e-01
5.807675321896871301e-01
5.738648970921834680e-01
5.697804689407348633e-01
5.651118357976278039e-01
5.810638467470804480e-01
5.555538733800252649e-01
5.404422581195831299e-01
5.711018145084381104e-01
5.716865460077921179e-01
5.777396063009897498e-01
5.922088325023651123e-01
5.836859941482543945e-01
5.683442950248718262e-01
5.686247348785400391e-01
5.903418560822805139e-01
5.664530595143636438e-01
5.496486524740854529e-01
5.799953937530517578e-01
5.556207398573557166e-01
5.679010848204294470e-01
5.630988081296285364e-01
5.696542064348856238e-01
5.554891824722290039e-01
5.769559542338053015e-01
5.578730801741281775e-01
5.802755355834960938e-01
5.568225284417470666e-01
5.328452487786611291e-01
5.566690464814504358e-01
5.763514439264932898e-01
5.519402921199798584e-01
5.772385199864705774e-01
5.785932540893554688e-01
5.797876516977945593e-01
5.520988901456197473e-01
5.716283520062764856e-01
5.888819694519042969e-01
5.699363152186075476e-01
5.634654164314270020e-01
5.680794318517049524e-01
5.663420955340067175e-01
5.494354863961538049e-01
5.650863250096639367e-01
5.874266425768533972e-01
5.613774259885152551e-01
5.644460320472717285e-01
5.825103521347045898e-01
5.734238425890604285e-01
5.645814140637716028e-01
5.516748726367950439e-01
5.851545333862304688e-01
5.678122639656066895e-01
5.580953359603881836e-01
5.653745929400125769e-01
5.668511589368184778e-01
5.736699501673380164e-01
5.748810768127441406e-01
5.840724805990854529e-01
5.969792405764261511e-01
5.928961932659149170e-01
5.931296348571777344e-01
5.440668265024820593e-01
5.590338905652364465e-01
5.569559832413991662e-01
5.658852259318033484e-01
5.656962990760803223e-01
5.577290157477060584e-01
5.567455589771270752e-01
5.658910274505615234e-01
5.817727843920389441e-01
5.628882249196370813e-01
5.667170882225036621e-01
5.636130968729654578e-01
5.701197385787963867e-01
5.508809586366018030e-01
5.724484225114186975e-01
5.682876110076904297e-01
5.518320500850677490e-01
5.617338021596273157e-01
5.582506259282430383e-01
5.508922139803568152e-01
5.631845196088155481e-01
5.408039192358652381e-01
5.988871554533640174e-01
5.773059328397115442e-01
5.628187457720438269e-01
5.450054208437601355e-01
5.621602535247802734e-01
5.351454019546508789e-01
5.671746134757995605e-01
5.646749734878540039e-01
5.820773045221964148e-01
5.859378178914388391e-01
5.447396238644918176e-01
5.398929218451181677e-01
5.687071084976196289e-01
5.817374984423319129e-01
5.679366787274678918e-01
5.694090723991394043e-01
5.658656756083170203e-01
5.705613295237222937e-01
5.526539981365203857e-01
5.482776761054992676e-01
5.513971547285715369e-01
5.653824210166931152e-01
5.695403615633646277e-01
5.576697687307993201e-01
5.434442957242330285e-01
5.636188785235086707e-01
5.563106238842010498e-01
5.626895229021707800e-01
5.573495626449584961e-01
5.607772072156270715e-01
5.508096218109130859e-01
5.641296307245889929e-01
5.741836826006571082e-01
5.566951533158620569e-01
5.664446552594503137e-01
5.613019665082296106e-01
5.830100178718566895e-01
5.670184294382730750e-01
5.740217566490173340e-01
5.510055820147196082e-01
5.538061360518137244e-01
5.548249781131744385e-01
5.764995217323303223e-01
5.730747183163961145e-01
5.499231119950612756e-01
5.548158685366312293e-01
6.042817831039428711e-01
5.369436144828796387e-01
5.653670032819112512e-01
5.733377337455749512e-01
5.785424311955770227e-01
5.709367791811624793e-01
5.484508772691091272e-01
5.700536966323852539e-01
5.789050459861755371e-01
5.639604528745015832e-01
5.569362044334411621e-01
5.579854051272074011e-01
5.719274679819742468e-01
5.704309344291687012e-01
5.738483766714731482e-01
5.552551845709482459e-01
5.538257459799448279e-01
5.603901743888854980e-01
5.505110522111257287e-01
5.680905381838480261e-01
5.696348349253336218e-01
5.739260713259378699e-01
5.851527253786722449e-01
5.670516888300577429e-01
5.520048240820566443e-01
5.723514060179392127e-01
5.617960691452026367e-01
5.700349609057108191e-01
5.721817811330159875e-01
5.625384946664174768e-01
5.931365489959716797e-01
5.734455486138662073e-01
5.711412429809570312e-01
5.445958077907562256e-01
5.580621163050333289e-01
5.802210569381713867e-01
5.627799828847249719e-01
5.545761287212371826e-01
5.516292850176492957e-01
6.064480046431223181e-01
5.715795556704202918e-01
5.772521694501241418e-01
5.792043308417001990e-01
5.646317203839620325e-01
5.533908903598785400e-01
5.443049172560373572e-01
5.732739170392354700e-01
5.465056300163269043e-01
5.814517140388488770e-01
5.720389485359191895e-01
5.704129934310913086e-01
5.768197178840637207e-01
5.654734571774800989e-01
5.661465525627136230e-01
5.584631164868673059e-01
5.739132265249887732e-01
5.283200244108835486e-01
5.490268667538961145e-01
5.485256711641947058e-01
5.872467060883840295e-01
5.542035202185312537e-01
5.906882286071777344e-01
5.547991494337717322e-01
5.811714331309000281e-01
5.507455070813497278e-01
5.563669602076212195e-01
5.890102585156758996e-01
5.871238112449645996e-01
5.632012486457824707e-01
5.523634056250253943e-01
5.502571066220601770e-01
5.517036020755767822e-01
5.976208051045736047e-01
5.654629270235697058e-01
5.698164701461791992e-01
5.531266132990518836e-01
5.843268831570943567e-01
5.611387789249420166e-01
5.604176322619119910e-01
5.780115922292073938e-01
5.394668479760488244e-01
5.595952471097310754e-01
5.726989905039469031e-01
5.467297037442525598e-01
5.726644794146219519e-01
5.843312342961629602e-01
5.895987053712209436e-01
5.403794149557749060e-01
5.912184218565622595e-01
5.549642244974771765e-01
5.509301026662191125e-01
5.469171305497487756e-01
5.566727022329965857e-01
5.570302804311116907e-01
5.618358254432678223e-01
5.625795920689901086e-01
5.833590428034464148e-01
5.602968136469522742e-01
5.570731461048126221e-01
5.623642802238464355e-01
5.430966715017954138e-01
5.499645074208577844e-01
5.587350924809774133e-01
5.628094275792440149e-01
5.700007677078247070e-01
6.004244685173034668e-01
5.864359339078267785e-01
5.697627067565917969e-01
5.530693928400675086e-01
5.503275295098623010e-01
5.779490470886230469e-01
5.600976745287576941e-01
5.497573713461557654e-01
5.638109644254049035e-01
5.879522959391275672e-01
5.642192363739013672e-01
5.613988240559896203e-01
5.656482577323913574e-01
5.929371217886606482e-01
5.687197446823120117e-01
5.655874609947204590e-01
5.454120536645253869e-01
5.675199627876281738e-01
5.594551960627237586e-01
5.641325910886129114e-01
5.558396379152933386e-01
5.367299715677896765e-01
5.709803501764932898e-01
5.565780003865560266e-01
5.819695591926574707e-01
5.555349489053090783e-01
5.627652406692504883e-01
5.468075474103292200e-01
5.799165566762288782e-01
5.776738027731577185e-01
5.370659629503885535e-01
5.584756135940551758e-01
5.666895111401876184e-01
5.708677371342977258e-01
5.479921301205953332e-01
5.654917160669962195e-01
5.439620912075042725e-01
5.842237869898477820e-01
5.545007884502410889e-01
5.843502084414163855e-01
5.476624270280202600e-01
5.434358119964599609e-01
5.542479654153188440e-01
5.664453506469726562e-01
5.717395544052124023e-01
5.614203413327535364e-01
5.574394663174947473e-01
5.662028988202413293e-01
5.559641718864440918e-01
5.604763031005859375e-01
5.634961128234863281e-01
5.718078017234802246e-01
5.635558764139810828e-01
5.596865216890970496e-01
5.723367532094320032e-01
5.536427795886993408e-01
5.396921336650848389e-01
5.731794039408365515e-01
5.427746276060739783e-01
5.641208291053771973e-01
5.472425917784372595e-01
5.925931433836618689e-01
5.470945239067077637e-01
5.604262650012969971e-01
5.325255493323007849e-01
5.755272110303243371e-01
5.642345746358236047e-01
5.499850610891977576e-01
5.528334875901540491e-01
5.583821932474771765e-01
5.731060504913330078e-01
5.375499725341796875e-01
5.821310182412465783e-01
5.702921152114868164e-01
5.740925470987955359e-01
5.514133870601654053e-01
5.748809178670247766e-01
5.767243305842081336e-01
5.914341608683267859e-01
5.681752761205037805e-01
5.496269166469573975e-01
5.601243575414022180e-01
5.660665432612100867e-01
5.535738368829091760e-01
5.522456169128417969e-01
5.687429904937744141e-01
5.611459811528524133e-01
5.855058034261068078e-01
5.316109359264373779e-01
5.639690955479940149e-01
5.598862965901693078e-01
5.522827406724294397e-01
5.416387220223745080e-01
5.562093059221903113e-01
5.567325353622436523e-01
5.513243079185485840e-01
5.692260861396789551e-01
5.446418325106302527e-01
5.797492265701293945e-01
5.659100810686746863e-01
5.765614112218221399e-01
5.649034976959228516e-01
5.690541664759317664e-01
5.561009446779886511e-01
5.706343849500020715e-01
5.654319524765014648e-01
5.538526773452758789e-01
5.835467179616292688e-01
5.643448432286580774e-01
5.682126382986704138e-01
5.504568715890248987e-01
5.692118406295776367e-01
5.650607744852701453e-01
5.935680866241455078e-01
5.693398316701253625e-01
5.852128068606058386e-01
5.589931607246398926e-01
5.843344132105509070e-01
5.769226650396982459e-01
5.431382159392038611e-01
5.801468094189962121e-01
5.749766826629638672e-01
5.467464029788970947e-01
5.452142457167307166e-01
5.705685714880625037e-01
5.753673315048217773e-01
5.723791519800821570e-01
5.866500139236450195e-01
5.311826070149739953e-01
5.536875228087106970e-01
5.710948506991068152e-01
5.696197748184204102e-01
5.437121291955312463e-01
5.730523467063903809e-01
5.707940061887105676e-01
5.521626969178518030e-01
5.588312745094299316e-01
5.691617925961812707e-01
5.335435867309570312e-01
5.598247448603311804e-01
5.552253822485605506e-01
5.709981123606363562e-01
5.659255186716715125e-01
5.613679091135660437e-01
5.543974141279855994e-01
5.535752773284912109e-01
5.726243058840433386e-01
5.577067236105600623e-01
5.584125717480977746e-01
5.811947981516519812e-01
5.572520891825357703e-01
5.350030958652496338e-01
5.791375835736592981e-01
5.742874145507812500e-01
5.658282637596130371e-01
5.468206405639648438e-01
5.611967047055562707e-01
5.692927837371826172e-01
5.448776980241140100e-01
5.712034900983175012e-01
5.274394253889719275e-01
5.614860256512960168e-01
5.801588296890258789e-01
5.725963612397512170e-01
5.436430970827738074e-01
5.446216464042663574e-01
5.317424436410268518e-01
5.558512210845947266e-01
5.418731768925985071e-01
5.521068473656972619e-01
5.689711471398671838e-01
5.572299460570017127e-01
5.935579240322113037e-01
5.584419965744018555e-01
5.558585425217946741e-01
5.645411610603332520e-01
5.818750460942586633e-01
5.389065245787302283e-01
5.405031740665435791e-01
5.668446222941080359e-01
5.681975285212198523e-01
6.034335196018218994e-01
5.596993962923685340e-01
5.536491771539052698e-01
5.675819516181945801e-01
5.872277220090230676e-01
5.618541240692138672e-01
5.756306449572244910e-01
5.407186746597290039e-01
5.941963493824005127e-01
5.449660122394561768e-01
5.666861136754354211e-01
5.763502717018127441e-01
5.587379733721414832e-01
5.476662317911783484e-01
5.459783673286437988e-01
5.783043007055918006e-01
5.567353665828704834e-01
5.868565440177917480e-01
5.501310924688974646e-01
5.531086921691894531e-01
5.579129854838053015e-01
5.832346677780151367e-01
5.893754065036773682e-01
5.693784753481546668e-01
5.849857727686563758e-01
5.553693075974782678e-01
5.770572920640310022e-01
5.294071336587270471e-01
5.634465018908182410e-01
5.745022296905517578e-01
5.711981058120727539e-01
5.712758700052896765e-01
5.510455866654714319e-01
5.667188564936319617e-01
5.646939078966776160e-01
5.805372595787048340e-01
5.618100166320800781e-01
5.549853344758352014e-01
5.501264532407125207e-01
5.701001683870950965e-01
5.940156479676564905e-01
5.723277926445007324e-01
5.872978369394937781e-01
6.125974555810292932e-01
5.601520140965779992e-01
5.626806020736694336e-01
5.592755873998006555e-01
5.896818240483602258e-01
5.538408358891805383e-01
5.562161306540170935e-01
5.517377853393554688e-01
5.918015142281850549e-01
5.623623331387838098e-01
5.595388412475585938e-01
5.668755273024240759e-01
5.695301493008931848e-01
5.449687540531158447e-01
5.667071342468261719e-01
5.858849485715230676e-01
5.670180122057596472e-01
5.983528991540273401e-01
