3.449293090030550957e+00
2.577572502195835114e+00
1.881679841782897711e+00
1.847539485897868872e+00
2.084849546663463116e+00
2.263690448831766844e+00
1.944102685898542404e+00
2.458401712123304605e+00
1.969087899662554264e+00
2.113091325387358665e+00
2.202407605014741421e+00
2.004903139080852270e+00
2.384987921919673681e+00
2.521736406255513430e+00
2.183234959840774536e+00
2.473250512033700943e+00
2.446205534040927887e+00
1.844174070749431849e+00
3.449332370888441801e+00
1.928654435090720654e+00
2.580374795943498611e+00
2.547465501818805933e+00
2.251096170861274004e+00
1.935964805074036121e+00
1.959296938031911850e+00
2.135836095083504915e+00
3.007300552912056446e+00
2.440657488070428371e+00
2.481696961913257837e+00
2.025791605934500694e+00
1.832033026032149792e+00
1.512545904144644737e+00
1.588483724743127823e+00
2.388989978004246950e+00
1.518849301617592573e+00
1.742465924005955458e+00
1.551011495757848024e+00
1.423832603730261326e+00
1.593670662026852369e+00
1.642506399191915989e+00
1.677623426076024771e+00
1.775958419777452946e+00
1.574265915900468826e+00
1.581036146730184555e+00
1.708023347426205873e+00
1.663352917879819870e+00
1.762414900120347738e+00
1.852704333607107401e+00
1.690148243214935064e+00
1.507840657141059637e+00
1.536403536330908537e+00
1.703194790054112673e+00
1.819216178730130196e+00
1.797408448066562414e+00
2.067828683648258448e+00
1.558356535155326128e+00
1.912371973972767591e+00
1.609650083817541599e+00
1.628097279928624630e+00
1.614135331008583307e+00
1.751370275858789682e+00
1.624634264968335629e+00
1.627656018827110529e+00
1.681400901172310114e+00
1.558388756122440100e+00
1.706392295192927122e+00
2.020496189594268799e+00
1.372178663965314627e+00
1.515888287220150232e+00
1.800042762886732817e+00
2.368706000037491322e+00
2.254115845076739788e+00
2.132803261745721102e+00
1.697313571814447641e+00
1.620484279934316874e+00
1.701403487939387560e+00
1.601835085079073906e+00
1.829250071197748184e+00
1.545744618866592646e+00
1.682244942057877779e+00
1.812060029245913029e+00
2.262869015801697969e+00
1.782904388848692179e+00
1.581100444775074720e+00
1.638277084100991488e+00
1.702765000052750111e+00
1.655831678304821253e+00
1.705656583886593580e+00
1.638588874135166407e+00
1.612341278698295355e+00
1.537869587074965239e+00
1.663626827765256166e+00
1.644386230967938900e+00
2.072393049951642752e+00
1.908868847880512476e+00
1.742676365189254284e+00
1.599306869786232710e+00
1.799582940991967916e+00
1.916768959723412991e+00
1.977333202026784420e+00
2.115429896861314774e+00
1.784816772211343050e+00
1.945756788831204176e+00
1.842545949388295412e+00
1.800578683149069548e+00
2.023582602851092815e+00
2.033400067128241062e+00
1.877246336080133915e+00
1.448844258207827806e+00
1.521153554785996675e+00
1.501188497990369797e+00
1.354131519794464111e+00
1.864597599022090435e+00
1.986050224397331476e+00
1.911557201761752367e+00
1.419088807888329029e+00
1.531042278278619051e+00
1.806384440977126360e+00
1.491253474261611700e+00
1.449885848909616470e+00
1.564623753074556589e+00
1.748331792186945677e+00
1.886341478209942579e+00
1.708407358732074499e+00
1.888882340863347054e+00
1.473171190824359655e+00
1.423036412801593542e+00
2.095431381370872259e+00
1.932462119963020086e+00
1.717691141180694103e+00
2.037529182154685259e+00
2.322867448907345533e+00
2.016824764199554920e+00
1.773350205738097429e+00
1.841742378193885088e+00
1.941934873815625906e+00
2.377222571987658739e+00
1.929200176149606705e+00
1.978502362966537476e+00
2.004035667050629854e+00
2.241336069069802761e+00
1.935388924088329077e+00
1.681164210662245750e+00
2.215825233608484268e+00
2.783534169662743807e+00
2.005842301063239574e+00
1.465408989228308201e+00
2.152074707671999931e+00
2.026729618199169636e+00
2.205564881209284067e+00
2.431373364292085171e+00
2.151624076999723911e+00
2.410420417319983244e+00
1.949583284091204405e+00
1.906177114695310593e+00
1.891104423906654119e+00
1.915548787917941809e+00
2.022905452642589808e+00
1.775865868665277958e+00
1.831758255138993263e+00
2.285130655858665705e+00
1.897011153399944305e+00
1.467175131663680077e+00
1.510027549695223570e+00
1.559029435738921165e+00
2.194630665704607964e+00
1.747088930103927851e+00
1.628694021143019199e+00
1.583858838770538568e+00
1.646865535061806440e+00
1.871558288112282753e+00
2.006795960944145918e+00
1.943973565008491278e+00
2.003075846005231142e+00
1.609053884167224169e+00
1.825561626814305782e+00
1.835283108986914158e+00
1.875658914912492037e+00
1.701267128344625235e+00
1.908065158408135176e+00
1.793963422998785973e+00
2.887508512008935213e+00
2.521278736181557178e+00
2.423777444753795862e+00
2.398187268991023302e+00
2.631485505029559135e+00
1.930254288017749786e+00
1.416001483332365751e+00
1.892132895998656750e+00
2.396015228237956762e+00
1.714785005897283554e+00
1.445267702918499708e+00
1.536404645070433617e+00
1.494995960034430027e+00
1.334807252977043390e+00
1.504354333039373159e+00
1.390417908784002066e+00
1.392001019790768623e+00
1.638029903173446655e+00
1.513707155361771584e+00
1.422038652002811432e+00
1.465444419998675585e+00
1.343853894621133804e+00
1.410557035822421312e+00
1.426638046745210886e+00
1.501272908877581358e+00
1.617486254777759314e+00
1.534115701913833618e+00
1.484265085309743881e+00
1.660919722635298967e+00
1.906663516070693731e+00
1.657626777887344360e+00
1.605526898987591267e+00
1.450814649928361177e+00
1.448411057237535715e+00
1.446180353872478008e+00
1.538664099294692278e+00
1.655429107137024403e+00
1.439957725349813700e+00
1.822250572033226490e+00
1.672445658594369888e+00
1.611738267820328474e+00
1.725674900691956282e+00
1.683591154869645834e+00
1.622857281938195229e+00
1.805949660949409008e+00
1.743695494718849659e+00
1.581908078398555517e+00
1.729557597078382969e+00
1.617952525150030851e+00
1.529907297343015671e+00
1.703457491006702185e+00
1.447376816067844629e+00
1.577234409749507904e+00
1.578168741893023252e+00
1.513387823943048716e+00
1.370112151838839054e+00
1.497384753078222275e+00
1.574741236865520477e+00
1.635141470003873110e+00
1.460816362872719765e+00
1.526671542786061764e+00
1.447123046033084393e+00
1.658836579881608486e+00
1.488941501826047897e+00
1.785738361999392509e+00
1.682024452835321426e+00
1.980200684629380703e+00
1.789850187953561544e+00
1.762171631213277578e+00
1.668118103872984648e+00
1.761695409193634987e+00
2.026058256626129150e+00
1.604599968064576387e+00
1.448541526682674885e+00
1.398250238969922066e+00
1.416724703740328550e+00
1.379301983863115311e+00
1.600621321704238653e+00
1.559761518146842718e+00
1.381095575168728828e+00
1.495366530958563089e+00
1.715425096917897463e+00
1.524685590993613005e+00
1.369033029768615961e+00
1.313624733593314886e+00
1.307597006671130657e+00
1.320970894768834114e+00
1.544315846171230078e+00
1.529476576950401068e+00
1.524037707597017288e+00
1.328137404751032591e+00
1.648126055952161551e+00
1.756004172842949629e+00
1.482575044035911560e+00
1.652677732054144144e+00
1.597348138689994812e+00
1.811652807053178549e+00
1.743643056135624647e+00
1.798198068980127573e+00
1.705348514951765537e+00
1.334212592337280512e+00
1.489520553033798933e+00
1.445560801774263382e+00
1.575615799054503441e+00
1.610693655908107758e+00
1.679409908596426249e+00
1.581545037217438221e+00
1.483627683948725462e+00
1.888066881336271763e+00
1.518359330948442221e+00
1.891426195856183767e+00
1.850499500054866076e+00
1.612176388036459684e+00
1.609646975062787533e+00
1.446810124907642603e+00
1.947626860812306404e+00
1.659863352775573730e+00
1.514990995638072491e+00
1.382406238000839949e+00
1.543767786119133234e+00
1.604768726974725723e+00
1.707455886993557215e+00
1.744937447365373373e+00
1.439010095316916704e+00
1.399284949991852045e+00
1.571217343211174011e+00
1.925260131247341633e+00
1.524744920898228884e+00
1.771309413015842438e+00
1.757549233734607697e+00
1.707764697726815939e+00
1.604859838262200356e+00
1.696484771557152271e+00
1.833058216143399477e+00
1.544338015839457512e+00
1.632674416061490774e+00
1.645660903770476580e+00
1.658768639899790287e+00
1.368795210029929876e+00
1.734654073137789965e+00
1.630075412802398205e+00
1.779476915020495653e+00
1.558793834876269102e+00
1.374035716988146305e+00
1.536113794893026352e+00
1.756537673994898796e+00
1.712624982930719852e+00
1.629345751833170652e+00
1.871655398048460484e+00
2.538160189986228943e+00
2.576876311097294092e+00
2.388093715999275446e+00
2.502517552115023136e+00
2.107675436884164810e+00
1.946661299094557762e+00
2.032971207052469254e+00
1.944230795837938786e+00
1.791506101377308369e+00
1.720850474201142788e+00
1.937527458183467388e+00
1.642902659252285957e+00
1.947032690979540348e+00
1.755367870908230543e+00
1.581576817668974400e+00
1.659105371218174696e+00
1.750211715232580900e+00
1.703183420002460480e+00
2.146746470127254725e+00
1.709331247955560684e+00
1.590398129075765610e+00
1.825400594621896744e+00
1.512472224421799183e+00
1.413979270961135626e+00
1.971827053930610418e+00
1.545647188089787960e+00
1.731576317921280861e+00
1.817729395814239979e+00
1.844514030963182449e+00
1.583807150833308697e+00
1.649033218622207642e+00
1.464612700976431370e+00
1.518822723999619484e+00
1.296849783044308424e+00
1.553231148980557919e+00
1.638912003953009844e+00
1.528112564701586962e+00
1.518836522009223700e+00
1.763319322839379311e+00
1.694482898805290461e+00
2.074706792831420898e+00
1.407193389721214771e+00
1.478032967075705528e+00
1.426806097850203514e+00
1.604414207860827446e+00
1.412348099052906036e+00
1.566378815099596977e+00
1.693952479865401983e+00
1.678004106041043997e+00
1.586457293946295977e+00
1.760016157291829586e+00
1.541301732882857323e+00
1.647407294716686010e+00
1.549881264101713896e+00
1.694710050243884325e+00
1.699283705092966557e+00
1.680643710773438215e+00
1.796127656009048223e+00
1.614684852771461010e+00
1.894094699062407017e+00
1.491598496213555336e+00
1.438979892991483212e+00
1.547741870861500502e+00
1.510620071087032557e+00
1.504315763246268034e+00
1.327305564191192389e+00
1.299240043852478266e+00
1.304748063907027245e+00
1.475000561680644751e+00
1.406752061098814011e+00
1.417696695774793625e+00
1.321822974830865860e+00
1.538735669106245041e+00
1.435877220705151558e+00
1.430207320954650640e+00
1.243970960844308138e+00
2.134776792954653502e+00
3.047843118198215961e+00
2.532999583054333925e+00
2.035839989781379700e+00
1.458683561068028212e+00
1.885465526022017002e+00
2.100770827848464251e+00
2.355479181744158268e+00
2.121292836032807827e+00
1.867892773821949959e+00
1.975706559140235186e+00
2.234145079273730516e+00
1.967401998117566109e+00
1.604171407409012318e+00
1.800242342054843903e+00
1.394787904806435108e+00
1.545825857669115067e+00
1.508086248300969601e+00
1.613014638889580965e+00
1.545255737844854593e+00
1.907450975850224495e+00
2.001070656813681126e+00
1.669192148838192225e+00
1.406739305704832077e+00
1.637120509054511786e+00
1.417827349621802568e+00
1.624488062225282192e+00
1.606167767196893692e+00
1.765721777919679880e+00
1.574336674995720387e+00
1.598632419016212225e+00
1.948110436089336872e+00
1.753756641875952482e+00
1.942317198030650616e+00
2.104166331700980663e+00
2.148041168227791786e+00
2.054165105801075697e+00
1.750897507183253765e+00
2.199617635924369097e+00
1.939672156237065792e+00
2.233699641190469265e+00
1.896716319024562836e+00
2.031209185253828764e+00
1.751553189009428024e+00
2.091913794633001089e+00
2.274376093875616789e+00
1.729261990170925856e+00
1.769411280751228333e+00
1.547458641231060028e+00
1.436445995233952999e+00
1.700996152125298977e+00
2.124603128060698509e+00
2.174270591698586941e+00
1.614597478881478310e+00
1.497736874967813492e+00
1.771084413863718510e+00
1.700243900995701551e+00
1.409308089874684811e+00
1.277714875992387533e+00
1.458193324040621519e+00
1.332281318027526140e+00
1.662345129996538162e+00
1.495391162112355232e+00
1.717835434246808290e+00
1.458862234838306904e+00
1.934315437916666269e+00
1.374222973827272654e+00
1.628881626762449741e+00
1.796419966965913773e+00
1.853462531231343746e+00
1.549746343865990639e+00
1.340265798848122358e+00
1.393317817244678736e+00
1.490344766061753035e+00
1.475097245071083307e+00
1.357826862018555403e+00
1.807254300918430090e+00
1.516047419980168343e+00
1.783159310929477215e+00
1.458833422977477312e+00
1.735216607339680195e+00
1.892929804045706987e+00
2.083677784074097872e+00
2.220875503029674292e+00
1.555369471199810505e+00
1.560173296835273504e+00
1.715131551027297974e+00
1.487799412105232477e+00
1.700039501301944256e+00
1.324175916612148285e+00
1.340069198980927467e+00
1.397824234794825315e+00
1.368429884780198336e+00
1.610691003967076540e+00
1.913815330713987350e+00
1.553405259270220995e+00
1.662912401836365461e+00
1.785676264204084873e+00
1.668489668983966112e+00
1.767400700133293867e+00
3.203179222997277975e+00
2.583569719921797514e+00
1.681177887134253979e+00
1.457419381011277437e+00
1.426301052328199148e+00
1.315475545823574066e+00
1.486807001288980246e+00
1.638179460074752569e+00
1.633941933978348970e+00
1.849024367053061724e+00
1.450647583231329918e+00
1.603267844300717115e+00
1.443858753889799118e+00
1.635602687019854784e+00
1.423409737646579742e+00
1.689066714607179165e+00
1.539420749992132187e+00
1.589743006043136120e+00
1.272465419955551624e+00
1.612276414874941111e+00
1.600933322217315435e+00
1.563921421766281128e+00
1.876809863373637199e+00
1.254369566217064857e+00
1.361780236940830946e+00
1.460268145892769098e+00
1.353445625863969326e+00
1.634552344214171171e+00
1.532624751795083284e+00
1.424544348847121000e+00
1.717124854214489460e+00
1.682894538156688213e+00
1.494024151004850864e+00
1.562687939964234829e+00
1.453769138082861900e+00
1.610404893755912781e+00
1.448402229696512222e+00
1.605749737937003374e+00
1.569136108271777630e+00
1.637236589100211859e+00
1.611013943795114756e+00
1.670934813097119331e+00
1.675831329077482224e+00
1.698341128882020712e+00
1.650274286046624184e+00
1.662137480918318033e+00
1.609494572039693594e+00
1.505504924803972244e+00
1.672067173756659031e+00
1.564492822624742985e+00
1.457037251908332109e+00
1.288090551272034645e+00
1.453955787234008312e+00
1.636130657978355885e+00
1.603130753152072430e+00
1.653814170975238085e+00
1.940185524988919497e+00
2.256829663179814816e+00
2.190981063991785049e+00
1.858681757934391499e+00
1.666760237887501717e+00
2.003686869051307440e+00
2.093221377115696669e+00
1.632100660819560289e+00
1.636508848052471876e+00
1.736348557751625776e+00
1.600803100969642401e+00
1.701633613090962172e+00
1.995629827957600355e+00
2.184332706034183502e+00
1.894170586019754410e+00
2.325356171000748873e+00
1.962980886921286583e+00
1.989676499739289284e+00
1.927474959753453732e+00
1.882654750254005194e+00
1.853915752377361059e+00
1.687721864785999060e+00
2.301205349620431662e+00
2.276948878075927496e+00
1.784702921286225319e+00
1.448643610812723637e+00
1.421696565113961697e+00
1.397837973665446043e+00
1.468544348143041134e+00
1.635532655753195286e+00
1.767105339094996452e+00
1.651358957402408123e+00
1.834266107063740492e+00
1.945892191957682371e+00
2.013994363136589527e+00
1.979375767055898905e+00
1.981430311221629381e+00
2.214330514892935753e+00
1.679107862990349531e+00
1.651119376998394728e+00
1.670196851249784231e+00
2.083638315089046955e+00
1.788825557101517916e+00
1.646255319938063622e+00
1.793321631848812103e+00
1.617485813330858946e+00
1.807955791708081961e+00
1.548746112268418074e+00
1.861207442823797464e+00
1.957091588061302900e+00
1.866074579302221537e+00
1.854406863916665316e+00
1.859665359836071730e+00
2.321930007077753544e+00
1.983991753309965134e+00
1.989374251104891300e+00
1.936978050973266363e+00
1.828460299875587225e+00
1.964992547873407602e+00
1.922560844104737043e+00
2.063331057317554951e+00
1.815576402004808187e+00
1.693622243124991655e+00
1.724957513157278299e+00
1.783748111221939325e+00
2.408615659922361374e+00
2.260835017077624798e+00
2.115410696249455214e+00
2.020815261639654636e+00
2.202140199020504951e+00
2.080745149869471788e+00
1.932802536990493536e+00
1.557040222920477390e+00
1.604722345713526011e+00
1.865643987897783518e+00
1.762444282881915569e+00
2.089549862314015627e+00
2.644071989692747593e+00
2.162704578135162592e+00
2.015133463777601719e+00
1.871010916307568550e+00
1.894243214745074511e+00
2.004699300974607468e+00
2.297208124306052923e+00
2.737907081842422485e+00
2.001654228195548058e+00
2.319805263075977564e+00
1.921426991932094097e+00
2.436292956117540598e+00
2.453662760090082884e+00
2.805735630914568901e+00
3.669036324135959148e+00
2.199780277907848358e+00
1.753947061020880938e+00
1.832171814050525427e+00
1.897444258909672499e+00
1.672015285119414330e+00
1.678543902002274990e+00
1.675657179206609726e+00
1.863695375155657530e+00
1.772285685874521732e+00
2.044403902254998684e+00
1.945532743819057941e+00
1.982029200065881014e+00
1.933326366823166609e+00
1.812102407217025757e+00
2.096224450971931219e+00
1.704024175647646189e+00
1.521430586930364370e+00
2.178453497588634491e+00
2.315449198242276907e+00
1.872731637675315142e+00
1.488202692940831184e+00
1.753298190422356129e+00
1.690070288255810738e+00
1.812883478123694658e+00
2.050448189955204725e+00
2.301294859964400530e+00
2.272109610959887505e+00
1.786984945181757212e+00
1.754784722346812487e+00
1.730775922071188688e+00
1.542109002824872732e+00
1.687489734962582588e+00
2.048379227984696627e+00
1.545838528778403997e+00
1.630960669834166765e+00
2.177559848409146070e+00
1.639023260213434696e+00
1.567663687746971846e+00
1.816175273153930902e+00
2.408927261829376221e+00
2.099421383813023567e+00
2.299516187980771065e+00
2.181199532933533192e+00
2.423797269817441702e+00
2.307481589261442423e+00
2.261374176945537329e+00
2.456762712914496660e+00
2.362934641074389219e+00
2.043329581152647734e+00
1.918873948045074940e+00
2.105771142989397049e+00
2.183656595181673765e+00
1.930410994216799736e+00
2.383969298098236322e+00
2.233188829850405455e+00
1.877708365209400654e+00
2.282252924051135778e+00
2.233889702241867781e+00
1.691582649946212769e+00
1.720415297895669937e+00
1.999732104130089283e+00
1.997511581983417273e+00
2.309626630041748285e+00
1.823206891771405935e+00
1.870017995126545429e+00
1.653682278934866190e+00
1.855843645054847002e+00
1.874734169803559780e+00
2.076639816164970398e+00
2.382018085103482008e+00
2.588015796151012182e+00
1.874533310998231173e+00
1.924629915039986372e+00
1.976862015202641487e+00
1.679785382933914661e+00
2.139297767076641321e+00
3.006373964250087738e+00
4.833629572764039040e+00
7.792198874056339264e+00
7.155148799065500498e+00
5.768947219941765070e+00
5.860206000041216612e+00
5.622301257681101561e+00
3.040451219771057367e+00
2.987514209933578968e+00
3.311827236320823431e+00
2.681872728746384382e+00
2.957369969692081213e+00
3.036701794713735580e+00
2.741011796984821558e+00
2.635989148169755936e+00
2.679739485960453749e+00
3.034847661852836609e+00
3.644247201737016439e+00
3.025350600946694613e+00
2.904265061020851135e+00
3.310326464008539915e+00
3.559394331183284521e+00
3.391732431016862392e+00
2.547437712084501982e+00
2.578878772910684347e+00
2.820200961083173752e+00
2.694542955141514540e+00
2.996627452317625284e+00
4.027667914982885122e+00
4.046216679736971855e+00
4.164827265776693821e+00
1.119813213311135769e+01
8.288761576637625694e+00
3.496181717608124018e+00
3.917694601230323315e+00
3.111434112768620253e+00
3.411707347258925438e+00
2.950773702003061771e+00
3.870032709091901779e+00
3.885230848100036383e+00
2.964508510194718838e+00
3.070785501040518284e+00
2.729170560836791992e+00
2.325335951056331396e+00
2.879897239152342081e+00
2.524030703119933605e+00
2.419548384845256805e+00
2.471694972831755877e+00
2.487643104977905750e+00
2.895349768921732903e+00
2.664001394994556904e+00
2.723356774076819420e+00
3.224209710955619812e+00
2.828726381994783878e+00
3.074084222782403231e+00
3.091632666997611523e+00
2.998521765228360891e+00
2.668965071905404329e+00
3.252965309191495180e+00
4.933707403950393200e+00
2.963942270260304213e+00
2.828116640914231539e+00
4.016020559705793858e+00
4.277405072934925556e+00
2.909279257059097290e+00
3.166156784165650606e+00
2.687109556980431080e+00
2.952717254869639874e+00
2.765673548914492130e+00
3.453864762093871832e+00
4.351208980195224285e+00
4.147859232965856791e+00
3.172798824030905962e+00
3.516808985266834497e+00
3.730312325060367584e+00
2.867984812706708908e+00
2.952672125305980444e+00
4.686563590075820684e+00
3.160493236966431141e+00
3.517339915968477726e+00
3.717720937915146351e+00
2.379737501963973045e+00
2.903913290239870548e+00
2.855155596975237131e+00
3.228233066387474537e+00
2.896234040614217520e+00
3.189712344668805599e+00
3.157381522934883833e+00
3.042860142886638641e+00
3.211804035119712353e+00
3.236351008061319590e+00
3.605132320895791054e+00
2.790903802029788494e+00
3.325390632729977369e+00
3.203884804155677557e+00
3.149138271808624268e+00
3.289007786195725203e+00
3.833844431210309267e+00
3.324846232775598764e+00
2.855991127900779247e+00
3.429715180303901434e+00
2.767357022967189550e+00
2.675980750937014818e+00
2.672012475784868002e+00
3.269097509793937206e+00
2.844740603119134903e+00
3.562459954991936684e+00
3.134169322904199362e+00
3.589763769879937172e+00
3.366155256982892752e+00
3.260478719137609005e+00
3.761878026183694601e+00
3.433501596096903086e+00
2.750268949195742607e+00
2.954343666788190603e+00
3.429321500007063150e+00
2.998675914015620947e+00
3.107335496693849564e+00
2.584824793040752411e+00
2.987990561407059431e+00
3.183360016904771328e+00
2.859558962285518646e+00
2.951157882809638977e+00
3.346203031018376350e+00
3.328541077673435211e+00
3.037292925640940666e+00
4.350697268731892109e+00
4.190527839120477438e+00
3.240280392114073038e+00
4.007610809057950974e+00
3.596760150045156479e+00
4.018381382804363966e+00
3.017983629833906889e+00
3.268878660164773464e+00
3.239809360820800066e+00
3.299729510210454464e+00
3.169459749944508076e+00
3.811826852615922689e+00
3.401133963838219643e+00
3.067185266874730587e+00
3.165616279002279043e+00
3.597401395905762911e+00
3.291432477068156004e+00
3.064285873901098967e+00
2.931173695251345634e+00
2.831798971630632877e+00
3.039075590204447508e+00
3.234875421039760113e+00
2.758183504920452833e+00
3.080503005068749189e+00
3.802972070872783661e+00
3.539806369226425886e+00
3.708671135362237692e+00
3.759009881876409054e+00
3.280985623132437468e+00
3.185874125920236111e+00
3.164692116901278496e+00
3.121359020005911589e+00
2.972633343189954758e+00
3.436657700687646866e+00
3.253980396781116724e+00
3.778585528023540974e+00
3.318412173073738813e+00
3.242898041848093271e+00
3.514748784713447094e+00
3.438212343025952578e+00
3.713090470060706139e+00
3.334425064269453287e+00
4.009155936073511839e+00
3.613777737133204937e+00
3.110861645080149174e+00
3.582476796116679907e+00
3.065911854617297649e+00
3.471265788190066814e+00
3.365886987186968327e+00
3.071037181653082371e+00
3.980538437608629465e+00
3.412515519186854362e+00
3.630152640398591757e+00
2.807446180842816830e+00
3.012220224831253290e+00
3.355144241824746132e+00
2.737328086979687214e+00
3.053243068978190422e+00
3.080659686122089624e+00
3.081616706680506468e+00
3.546775607857853174e+00
3.322986968792974949e+00
3.207602825947105885e+00
3.863203681074082851e+00
4.698479037266224623e+00
3.672268775757402182e+00
3.699983483180403709e+00
3.472764959093183279e+00
3.299603197723627090e+00
4.232473125215619802e+00
3.514665875118225813e+00
3.246959637850522995e+00
3.985841284971684217e+00
3.727784649934619665e+00
3.762120585888624191e+00
3.745161903090775013e+00
3.426682488061487675e+00
2.788802505936473608e+00
3.295002271886914968e+00
3.509440037887543440e+00
3.968005151022225618e+00
2.864830996841192245e+00
3.572667812928557396e+00
5.183765744790434837e+00
2.889678790699690580e+00
3.229508134070783854e+00
2.559804509859532118e+00
2.272794766817241907e+00
2.927737451158463955e+00
2.467848566826432943e+00
2.786251412238925695e+00
2.548444326035678387e+00
2.825501854065805674e+00
2.904904341325163841e+00
4.119113543070852757e+00
3.041607563849538565e+00
2.467772366013377905e+00
3.804135122336447239e+00
2.532812303863465786e+00
1.913400985766202211e+00
1.980816476978361607e+00
2.277939063031226397e+00
1.814197453204542398e+00
2.178558551240712404e+00
1.509597387164831161e+00
1.462058582808822393e+00
2.090420922730118036e+00
2.054507065098732710e+00
2.905858392361551523e+00
2.247640053275972605e+00
1.738334852736443281e+00
3.376778550911694765e+00
3.382227328140288591e+00
2.932187806814908981e+00
3.048609711695462465e+00
3.399711512029170990e+00
2.495762244798243046e+00
2.292965773027390242e+00
2.808987171854823828e+00
3.731572674587368965e+00
3.673173916991800070e+00
4.028784711845219135e+00
2.660551813896745443e+00
2.784943020902574062e+00
3.034364714287221432e+00
2.956810399889945984e+00
2.788372464943677187e+00
3.627278856001794338e+00
2.862461633980274200e+00
3.268694696947932243e+00
3.742176929954439402e+00
4.333977514877915382e+00
3.905125546734780073e+00
3.922200880013406277e+00
4.747376322746276855e+00
4.842386578209698200e+00
3.670670544262975454e+00
4.575936292763799429e+00
4.162437101360410452e+00
5.084901392925530672e+00
3.023314690217375755e+00
3.394707106053829193e+00
3.005586625076830387e+00
2.511085303965955973e+00
