9.817374169826507124e-01
9.574655294418334961e-01
9.368311703205108865e-01
9.116899967193603516e-01
8.787512302398681197e-01
8.408656954765320046e-01
7.801437377929687500e-01
7.151847124099731667e-01
6.643258869647979958e-01
6.489619016647338867e-01
6.439738273620605469e-01
6.442710101604461892e-01
6.447211205959320068e-01
6.460738658905029741e-01
6.481998682022094282e-01
6.349309563636780229e-01
6.387125521898269209e-01
6.336950778961181197e-01
6.384123325347900169e-01
6.288642406463622603e-01
6.286873579025268333e-01
6.305756062269211037e-01
6.267370343208312766e-01
6.216469556093215942e-01
6.295219570398330466e-01
6.205840408802032471e-01
6.338675230741500632e-01
6.157674401998519675e-01
6.238638579845428023e-01
6.334214031696319136e-01
6.258235454559326616e-01
6.135847747325897661e-01
6.150994956493377464e-01
6.091925382614136186e-01
6.148410975933075173e-01
6.110315144062041792e-01
6.104518443346023115e-01
6.170166641473769920e-01
6.175327599048614502e-01
6.090733200311660989e-01
6.205652326345443281e-01
6.223442882299423662e-01
6.111122369766235352e-01
6.044970631599426714e-01
6.092945277690887673e-01
6.073730081319809182e-01
6.019301772117614524e-01
6.012565970420837846e-01
6.011087954044341819e-01
6.070161700248718484e-01
6.006800383329391479e-01
5.947403430938720259e-01
5.950692504644393699e-01
6.010782986879348311e-01
6.167120039463043213e-01
6.086712479591369629e-01
6.035336554050445557e-01
6.046734035015106645e-01
6.076809793710709062e-01
5.985219717025757058e-01
5.934551805257797241e-01
6.065720051527023760e-01
6.004451483488082442e-01
5.919019132852554321e-01
5.965085059404373613e-01
6.230529427528381792e-01
6.003892898559570757e-01
5.936517715454101562e-01
5.963851571083068626e-01
6.075222432613373025e-01
5.955923497676849365e-01
5.948488861322402954e-01
5.929083049297332320e-01
5.935078680515288863e-01
6.014165461063385454e-01
5.961680412292480469e-01
5.897526293992996216e-01
5.927096664905547874e-01
5.987503737211227195e-01
5.870752483606338501e-01
6.017846435308455977e-01
6.082378387451171653e-01
5.915737032890320268e-01
5.943995565176010132e-01
6.011698871850967851e-01
5.923509955406188743e-01
5.982335448265075906e-01
6.178719729185104814e-01
5.941111087799072488e-01
6.115772515535354836e-01
5.886474400758743286e-01
6.095988959074020164e-01
5.974891304969787154e-01
5.992530614137649980e-01
5.922269642353057417e-01
5.957465648651123491e-01
5.854905545711517334e-01
6.092564761638641357e-01
5.864778637886047807e-01
6.058773338794708474e-01
5.918985009193420410e-01
5.897788703441619873e-01
5.862316727638244851e-01
5.858159124851226585e-01
5.958184599876403809e-01
5.964985370635986772e-01
5.864499628543853316e-01
5.827456563711166382e-01
5.936508119106292947e-01
5.904317766427993330e-01
5.993290424346924272e-01
6.066747307777404785e-01
5.863902211189270242e-01
5.833462297916411909e-01
5.885620832443236861e-01
5.828593313694000466e-01
6.123119950294494407e-01
5.861062526702880415e-01
5.994009017944336160e-01
5.926029264926910844e-01
5.924243867397308572e-01
5.879654467105865923e-01
6.032741904258728249e-01
5.878624379634856956e-01
5.946497797966003862e-01
5.866761207580566406e-01
5.869870573282242043e-01
6.051344424486160278e-01
5.817536115646362305e-01
5.995872437953948531e-01
5.859476059675217119e-01
5.863592833280563132e-01
6.054435521364212036e-01
5.930497646331787109e-01
5.989195644855499490e-01
5.897195279598236306e-01
5.950267553329467995e-01
5.934529870748519453e-01
5.888793677091598289e-01
6.015730053186416626e-01
5.919849306344986406e-01
5.891126394271850586e-01
5.933371841907500999e-01
5.893786102533340454e-01
6.092998474836349709e-01
5.857169777154922485e-01
6.302329897880554199e-01
6.003317415714264360e-01
5.965377599000930564e-01
5.877797693014145120e-01
5.839643120765686257e-01
5.955606520175933394e-01
5.814142465591430886e-01
5.972150921821594016e-01
5.872901439666747825e-01
5.922852158546447754e-01
5.955134212970734087e-01
5.820301055908203569e-01
5.972378313541412131e-01
5.807127803564071655e-01
5.851135253906250000e-01
6.042251467704773393e-01
5.943315923213958740e-01
5.889644980430602805e-01
6.031836956739425881e-01
5.985930740833282915e-01
5.906645417213439719e-01
5.908771961927413718e-01
5.789618223905563799e-01
5.951798021793365256e-01
5.812305331230163130e-01
5.982397109270095603e-01
6.053971111774444358e-01
5.848064631223678367e-01
6.047671973705291970e-01
5.907069325447082964e-01
5.890993863344192727e-01
5.925521463155746238e-01
5.844058007001876609e-01
5.837108314037322554e-01
5.926901161670684592e-01
5.876436471939087136e-01
5.836659252643585649e-01
5.786527574062347856e-01
5.810293704271316528e-01
5.844769865274429543e-01
5.931993812322616799e-01
5.968779057264328447e-01
5.786559909582138506e-01
5.875242680311203447e-01
5.776622235774994119e-01
5.809402048587799516e-01
5.820037126541137695e-01
5.875569313764572588e-01
5.887192636728286743e-01
5.773696303367614746e-01
5.879019498825073242e-01
5.883558273315430132e-01
5.862732559442520586e-01
5.790963888168334517e-01
5.910078823566436990e-01
5.888228923082351463e-01
6.198210597038269487e-01
5.873631328344345315e-01
5.851556956768035889e-01
6.048637479543685913e-01
5.873663246631621870e-01
5.934363096952438577e-01
5.906969219446182029e-01
5.844548165798186812e-01
5.855468481779098067e-01
5.879938423633574995e-01
5.956681609153747781e-01
5.863954216241836770e-01
5.954164206981659158e-01
5.917354404926300493e-01
5.976608663797378096e-01
5.934561014175414595e-01
5.881986498832703081e-01
5.918214142322539839e-01
5.821095049381256326e-01
5.876472711563109907e-01
6.032183468341827393e-01
5.853984832763672319e-01
5.840441763401031938e-01
5.835608959197997603e-01
5.848151832818985207e-01
5.911031424999236839e-01
5.798277646303177102e-01
5.837838590145111306e-01
5.836138814687729104e-01
5.981158077716827171e-01
5.954841971397399902e-01
5.911047965288162009e-01
5.963483572006225142e-01
5.891022115945816484e-01
5.907447069883347002e-01
5.902695685625076738e-01
5.904402941465377586e-01
5.902276933193206787e-01
5.874624878168106523e-01
5.934090316295623779e-01
5.857910960912704468e-01
5.882480382919311745e-01
5.837747454643249512e-01
5.873393803834915383e-01
5.797757387161255327e-01
5.991399288177490234e-01
5.930950194597244263e-01
5.972930610179900679e-01
5.802066564559936745e-01
5.852962344884872214e-01
5.812067836523056030e-01
5.852956533432006614e-01
5.925957739353180376e-01
5.802811950445174727e-01
5.829129219055175781e-01
5.882742553949356079e-01
5.814011812210082564e-01
5.968407511711120161e-01
5.972446918487548384e-01
5.996186494827270286e-01
6.080104023218154685e-01
5.867109894752502441e-01
5.819695025682449785e-01
5.819500148296355979e-01
5.929580330848693848e-01
5.998116642236709373e-01
5.767240107059479204e-01
5.789080560207366943e-01
5.895382851362228616e-01
5.822606056928634199e-01
5.808876395225525124e-01
5.854363918304443803e-01
5.996300011873245683e-01
5.994329452514648438e-01
5.998754650354385376e-01
5.849078357219695823e-01
5.907615661621093972e-01
5.889099478721618874e-01
5.896747291088104692e-01
5.936696141958236472e-01
5.902380645275115967e-01
5.811926990747451338e-01
5.887312352657317893e-01
5.818871736526489702e-01
5.922560900449752586e-01
5.853748917579650879e-01
6.100587576627731767e-01
5.753103226423263994e-01
5.884353011846542580e-01
5.950652807950973511e-01
5.824436962604522261e-01
5.828400045633316262e-01
5.950126111507415549e-01
5.880277335643768755e-01
5.853390008211135642e-01
5.914524525403976885e-01
5.965261667966842429e-01
5.843534946441650835e-01
5.850023120641708596e-01
6.144955039024353471e-01
5.840913444757461770e-01
5.892852574586868730e-01
5.902147263288497481e-01
5.927821069955825362e-01
5.973232299089431541e-01
6.027327895164489302e-01
5.881104439496993574e-01
6.052066683769226074e-01
5.969338536262511763e-01
5.922251194715499878e-01
5.860972464084625022e-01
5.958977729082107766e-01
5.826515942811966164e-01
5.886646032333373579e-01
5.850096106529235618e-01
5.936619579792022927e-01
6.037197917699813621e-01
5.825747787952423318e-01
5.844131499528885110e-01
5.966086775064468606e-01
5.900110304355621338e-01
5.961362451314926592e-01
5.859284222126006636e-01
5.955526113510132280e-01
5.851674199104308638e-01
5.921673387289047019e-01
6.048249006271362305e-01
5.963693916797637717e-01
5.861464887857437134e-01
5.954449295997619185e-01
5.775153756141662154e-01
5.901123613119125810e-01
5.849275767803192583e-01
5.892890989780426025e-01
5.951321780681609885e-01
5.916077017784118208e-01
5.817161798477172852e-01
5.849549144506454024e-01
5.833759427070617232e-01
5.915552049875258955e-01
5.807315319776534812e-01
5.827231496572494729e-01
5.893829822540282981e-01
5.837625384330749068e-01
5.920226633548736350e-01
5.977901369333267212e-01
5.978520601987838967e-01
5.864846408367156982e-01
5.819756329059601052e-01
5.820479482412338479e-01
5.912106215953827348e-01
5.927960693836211714e-01
5.830685615539550337e-01
6.023562699556350708e-01
5.881994247436523882e-01
5.968232035636902300e-01
6.046632349491118941e-01
5.858551561832427979e-01
6.079199463129043579e-01
5.820585757493972334e-01
5.955064356327056663e-01
5.902486562728881392e-01
5.884915292263031006e-01
5.999265611171722412e-01
5.912423163652420488e-01
5.930037051439285278e-01
5.973602443933486716e-01
5.807857573032378928e-01
5.758449882268905640e-01
5.846241772174834983e-01
5.860606521368026955e-01
5.826016098260879961e-01
5.949686139822005781e-01
5.858355283737182173e-01
6.005365818738936934e-01
5.929989635944366011e-01
6.097729742527008279e-01
5.889212965965271440e-01
5.935745626688003762e-01
5.987637966871262041e-01
5.925920337438583818e-01
6.019008547067642434e-01
5.884870111942290816e-01
5.777749300003052202e-01
5.848487764596939087e-01
5.816360294818878618e-01
5.869994729757308516e-01
5.876372009515762329e-01
6.032084584236144797e-01
5.843554854393004927e-01
5.792783260345458762e-01
6.086624026298522727e-01
5.852996319532394187e-01
5.888675183057785478e-01
5.933034002780914751e-01
5.888699918985367265e-01
5.787746965885162131e-01
5.831240862607955933e-01
5.817061722278594749e-01
5.923922151327133401e-01
5.812662094831466675e-01
5.770173460245132668e-01
5.891454905271530373e-01
5.927616894245147927e-01
6.057225942611694780e-01
5.787406295537949052e-01
6.046821445226668867e-01
5.815784960985184160e-01
5.855098605155945046e-01
5.908523768186568770e-01
5.899601072072983010e-01
5.817391425371170044e-01
5.829036504030227217e-01
5.918258726596832275e-01
5.853922873735427634e-01
5.793902844190597090e-01
5.968915462493896706e-01
5.925125479698181152e-01
5.846414864063262939e-01
5.999257504940033181e-01
5.892137259244918379e-01
5.811617612838745339e-01
5.987617522478103638e-01
5.884618729352950606e-01
6.002447575330733809e-01
5.923745125532150491e-01
5.856045663356781450e-01
5.829854637384415117e-01
5.856734126806258933e-01
5.847504526376724465e-01
6.075108408927917258e-01
5.784621477127075417e-01
5.884457498788833174e-01
5.767131149768829346e-01
5.905525177717209084e-01
5.944532930850983110e-01
5.944504380226135476e-01
5.765287876129150391e-01
5.971904069185256514e-01
5.857357740402221458e-01
5.803704589605331865e-01
5.901772677898406982e-01
5.751899659633636919e-01
5.948980063199996726e-01
5.768019020557403342e-01
5.833740234375000000e-01
5.871589034795761108e-01
5.785217702388762984e-01
6.113395273685455766e-01
5.800381332635879961e-01
5.782570481300354226e-01
5.988143026828766091e-01
5.898431718349457231e-01
6.020819932222366555e-01
5.920318961143493652e-01
5.848137110471725020e-01
5.822074234485625777e-01
5.868319272994995117e-01
5.812712728977202925e-01
5.819855749607085738e-01
5.895556807518005371e-01
5.755649954080581665e-01
5.901462703943252119e-01
5.824153482913970725e-01
5.895236313343048540e-01
5.813416719436645952e-01
6.022664606571197510e-01
5.872137337923050149e-01
5.791631788015365601e-01
5.879165291786193626e-01
5.953633487224578857e-01
5.868894696235656960e-01
5.958116561174392478e-01
5.761779308319091575e-01
5.958231270313263384e-01
5.821414142847061157e-01
5.843908309936522993e-01
5.905075907707214578e-01
5.896914541721344216e-01
5.947941690683364868e-01
5.973611205816269365e-01
5.910951375961304155e-01
5.813589155673980491e-01
5.801012605428695901e-01
5.875032097101211548e-01
5.807830274105072466e-01
5.894238114356994407e-01
5.921799451112746970e-01
5.988602340221405029e-01
5.846607685089111328e-01
5.869713455438614336e-01
5.854980200529098511e-01
6.005227267742156982e-01
5.761721134185791016e-01
6.007311701774596946e-01
5.838076829910278098e-01
5.797840744256973489e-01
5.962553769350051880e-01
5.853585541248321755e-01
5.853360354900359885e-01
5.847281962633132935e-01
5.888137549161911455e-01
5.768851757049560103e-01
5.903106242418288963e-01
6.117441177368163618e-01
5.859146833419799361e-01
5.885311573743819968e-01
5.810331881046295610e-01
5.848758101463318315e-01
5.797859430313110352e-01
5.805776983499526533e-01
5.884108990430831909e-01
5.804808557033538374e-01
5.775068879127502885e-01
5.879652053117752075e-01
5.888447344303131548e-01
5.888044744729995505e-01
5.887887746095656905e-01
5.764919757843017800e-01
5.843146264553069624e-01
5.840259224176407304e-01
5.858893454074859397e-01
6.038551002740859541e-01
5.809655785560607910e-01
5.955442696809768455e-01
5.856928825378417969e-01
5.855838179588317427e-01
5.897822469472885354e-01
5.790243327617645708e-01
5.854384034872055498e-01
5.852317899465561135e-01
5.877059638500213845e-01
5.825385868549346480e-01
5.809917241334915383e-01
5.903475880622863770e-01
5.830747574567795022e-01
5.980228632688522339e-01
5.940007507801056130e-01
5.800640702247619185e-01
5.799751728773117065e-01
5.860975176095962746e-01
5.880668759346008301e-01
5.831651866436005083e-01
5.888796031475067583e-01
5.910636633634567261e-01
5.810263156890869141e-01
5.844946473836898360e-01
5.844652682542801347e-01
5.837705105543136153e-01
5.867790013551712480e-01
5.885793209075927956e-01
6.093524456024169700e-01
5.804544448852538840e-01
5.881469458341598289e-01
5.882022291421890037e-01
5.884804546833037886e-01
5.849889874458312766e-01
5.903133422136306319e-01
5.886129438877105713e-01
6.006946146488190141e-01
5.988396435976028886e-01
6.011745363473892656e-01
5.811292946338653120e-01
5.907966762781142744e-01
5.906037151813506858e-01
5.937239915132522805e-01
6.088602393865585327e-01
5.782810389995575173e-01
5.980963110923767090e-01
5.836373388767241988e-01
5.776255160570145097e-01
5.830800175666809304e-01
6.043686300516128984e-01
5.884952664375304732e-01
5.974392116069793257e-01
5.930820584297180620e-01
5.780924856662750244e-01
5.788845717906951904e-01
5.981947809457779375e-01
5.950602829456329568e-01
5.923462420701980369e-01
5.870270788669585960e-01
5.934863656759261641e-01
5.941076070070266946e-01
5.920667767524718794e-01
5.891659706830978394e-01
5.788364261388778687e-01
5.818653404712677002e-01
5.803528457880020586e-01
5.920298010110854880e-01
5.779985070228577104e-01
5.805188000202179399e-01
6.084623545408248679e-01
5.851842314004898071e-01
5.791858285665512085e-01
5.861876606941223145e-01
5.889481127262115034e-01
5.995145380496978982e-01
5.796043306589127031e-01
5.794538170099258201e-01
5.937003850936889426e-01
5.796799004077911599e-01
5.811380296945571899e-01
5.897227048873900923e-01
5.772841006517410722e-01
5.997476726770401001e-01
5.819038778543472734e-01
5.965506255626678023e-01
6.009161084890365379e-01
6.069205999374389648e-01
5.818309396505355613e-01
5.969951510429382102e-01
5.765353322029114214e-01
6.081732422113418357e-01
5.854547321796417236e-01
5.909122139215469138e-01
5.876844972372055054e-01
5.916648954153060913e-01
5.837149828672408836e-01
5.901066869497298972e-01
5.949932485818862915e-01
5.868401885032653587e-01
5.885882139205932395e-01
5.886287361383437666e-01
5.808860242366791216e-01
5.851016074419022051e-01
5.735766798257827537e-01
5.876590818166732566e-01
5.775848209857941118e-01
5.843774318695068581e-01
5.808318972587585005e-01
5.860697478055953979e-01
5.855184078216553178e-01
5.834720432758331299e-01
5.805947691202163474e-01
5.840101212263106856e-01
5.858991980552673562e-01
5.755757212638854536e-01
5.820726096630096658e-01
5.839095473289489524e-01
5.865515440702437910e-01
5.820096045732497947e-01
5.795007586479187234e-01
5.953809827566146629e-01
5.834909230470657349e-01
5.870945453643798828e-01
5.860044389963150469e-01
5.862884521484375000e-01
5.994822233915328979e-01
5.817982614040374534e-01
5.941791534423828125e-01
5.813367486000060591e-01
5.876420497894286887e-01
5.772773891687392744e-01
5.757671833038330300e-01
5.791394531726836714e-01
5.851804703474045022e-01
5.821417868137359619e-01
5.900591254234314187e-01
5.881584107875823531e-01
5.885610193014144675e-01
5.823271811008453591e-01
5.806886672973632368e-01
5.850351870059966597e-01
5.946882039308547530e-01
5.895111024379730003e-01
5.744814068078994973e-01
5.830151647329330222e-01
5.775926828384398970e-01
5.802827507257461992e-01
6.001673400402068870e-01
5.920054107904434426e-01
5.799050718545913918e-01
5.758689820766449419e-01
5.866390734910964522e-01
5.927069455385207686e-01
5.828121960163116233e-01
5.883019834756850752e-01
5.789832651615143266e-01
5.758365362882613692e-01
5.741133570671081987e-01
5.876819700002670066e-01
5.845169752836227861e-01
5.846431821584701094e-01
5.939812898635864480e-01
5.843139082193374856e-01
5.882605880498885664e-01
5.827990442514419112e-01
5.759493231773376021e-01
5.774521946907043013e-01
5.772188961505889671e-01
5.804045408964156882e-01
5.885139107704162598e-01
5.764499932527542558e-01
5.779034227132797685e-01
5.822640925645827803e-01
5.895630240440368208e-01
5.843484759330749290e-01
5.786152482032775879e-01
5.859953522682189719e-01
5.812585830688477007e-01
5.937622904777526411e-01
5.839078724384307861e-01
5.907588422298430952e-01
5.917529255151748879e-01
5.802252858877181563e-01
5.812224268913268599e-01
5.992814421653747115e-01
5.822336167097091897e-01
5.838062405586242898e-01
5.863781064748764260e-01
5.773628890514374001e-01
5.902671277523040549e-01
5.905389845371246116e-01
5.832639038562774658e-01
5.921006083488464800e-01
5.809648334980010986e-01
5.941027045249939187e-01
5.880882799625396506e-01
5.931989908218383567e-01
5.882524728775024858e-01
5.899691075086593850e-01
5.925458043813705000e-01
5.899767428636550903e-01
5.866096675395965354e-01
5.899483084678649458e-01
5.805044025182723999e-01
5.767638713121414629e-01
5.813513487577438577e-01
5.896754980087279829e-01
5.798837125301361528e-01
6.027725309133529219e-01
5.771111041307449563e-01
5.800804734230041726e-01
5.875821083784102949e-01
5.992108643054961936e-01
5.779426753520965354e-01
5.811885148286819458e-01
5.899376094341277632e-01
5.844896107912063155e-01
5.766344100236893144e-01
5.800603628158569336e-01
5.805312544107437134e-01
5.865939110517501831e-01
5.754050493240356889e-01
5.837666660547256026e-01
5.997911870479584184e-01
6.024574160575866255e-01
5.816758900880814043e-01
5.826808005571365578e-01
6.116312086582184060e-01
5.732471644878387451e-01
5.790621757507323775e-01
5.866545885801315308e-01
5.883364856243133989e-01
5.774406015872954878e-01
5.717751085758209229e-01
5.793238312005997148e-01
5.796701103448868020e-01
5.888933807611465010e-01
5.935627073049545288e-01
5.824404656887054443e-01
5.875724464654922263e-01
5.818827241659164651e-01
5.869117915630340798e-01
5.985212385654449241e-01
5.870322585105895996e-01
5.913386583328247292e-01
5.780697047710419145e-01
5.812678843736648338e-01
5.892887115478515625e-01
5.943092018365859763e-01
5.777705907821655273e-01
5.945096254348755105e-01
5.827178180217742476e-01
5.801850825548171553e-01
5.892278820276259932e-01
5.753433644771576150e-01
5.900272965431213601e-01
5.917828232049942017e-01
5.831954747438430342e-01
5.807380259037018266e-01
5.820672690868378130e-01
5.806445330381393433e-01
5.800447225570678489e-01
6.045449316501617654e-01
5.823632299900054488e-01
5.981602489948272261e-01
5.831225156784057839e-01
5.913756966590881792e-01
5.796070367097854170e-01
5.855004042387008667e-01
5.831527382135390791e-01
5.822812080383300559e-01
5.940098822116851585e-01
5.891314327716827837e-01
5.906544148921966109e-01
5.886997759342194048e-01
5.815748482942580955e-01
5.867273300886154397e-01
6.027465701103210671e-01
6.012755304574965987e-01
5.966777116060256736e-01
5.907883405685424583e-01
5.931786149740219116e-01
5.921363681554794312e-01
5.844967961311340332e-01
5.928720265626907793e-01
5.821350961923599243e-01
6.103995531797409280e-01
5.870892941951751931e-01
5.830713331699370894e-01
5.758152246475219949e-01
5.740931034088134766e-01
6.077382773160934226e-01
5.896676421165466531e-01
5.829321771860123125e-01
5.914922028779983076e-01
5.865105032920837624e-01
5.948108077049255593e-01
5.785356372594833152e-01
5.855704188346863015e-01
5.878902882337569968e-01
5.792946100234985796e-01
5.876939952373504417e-01
5.782945811748504417e-01
5.844187140464782715e-01
5.889233767986297163e-01
5.829584151506423950e-01
5.905517667531967607e-01
5.838318645954132524e-01
5.789754092693328857e-01
5.905272364616394043e-01
5.878103643655776533e-01
6.167851418256760088e-01
5.860199153423308882e-01
5.806360065937041792e-01
5.891384661197662798e-01
5.861911088228225486e-01
5.793182730674744096e-01
5.825068712234496848e-01
5.850785523653030396e-01
5.861616373062134011e-01
5.871745914220809492e-01
5.845385938882827759e-01
5.890474557876587136e-01
5.807565271854400191e-01
5.949833422899246660e-01
5.758949398994446245e-01
5.813994824886321577e-01
5.824287652969359907e-01
5.739328861236572266e-01
5.862559080123901367e-01
5.873697638511657937e-01
5.797514557838440163e-01
5.932962059974670188e-01
5.791224151849746482e-01
5.912932157516479492e-01
5.926701247692107710e-01
5.796019405126571211e-01
5.818076372146606667e-01
5.862916618585586326e-01
5.835544675588607566e-01
5.842561811208725198e-01
5.842122077941894753e-01
5.904127240180969682e-01
5.789579719305038008e-01
5.820248603820801225e-01
5.853064328432082686e-01
5.819773942232131514e-01
5.805404305458068404e-01
5.753286540508270042e-01
5.903777658939362016e-01
5.823874294757842573e-01
5.895894855260849221e-01
5.838481038808822632e-01
5.770629525184631792e-01
5.863786876201629861e-01
5.965645849704742654e-01
5.850430399179458174e-01
5.951556593179703203e-01
5.893279463052749634e-01
5.846332758665084839e-01
5.780847996473312822e-01
5.805756241083145364e-01
5.737344175577163696e-01
5.774117112159729004e-01
5.875518858432769997e-01
5.810016304254531638e-01
5.922198712825774702e-01
5.805534839630126509e-01
5.820874631404876487e-01
5.939922124147415383e-01
5.882285654544829878e-01
5.829430311918258889e-01
5.994452148675918357e-01
6.200604677200317605e-01
5.880676001310348733e-01
5.783896327018738237e-01
5.928486585617065430e-01
5.912404090166092363e-01
5.927467554807662742e-01
5.986900329589843750e-01
6.012474745512008667e-01
5.836883991956710593e-01
5.813552737236022949e-01
5.731007993221283181e-01
5.857475847005844116e-01
5.799017935991287453e-01
5.830582976341247559e-01
5.826199293136596902e-01
5.784593015909195168e-01
5.760593801736831887e-01
5.764491915702819602e-01
5.883290976285934226e-01
5.843940168619156106e-01
5.879342764616012351e-01
5.734801381826400979e-01
5.848594665527343528e-01
5.849003434181213601e-01
5.855456411838531050e-01
5.744402885437012163e-01
5.979602366685867754e-01
5.916542679071425948e-01
5.850920557975769487e-01
5.938322961330413374e-01
5.790750205516814741e-01
5.755643308162688987e-01
5.872012674808502197e-01
5.698318570852279885e-01
5.813152730464935525e-01
5.954163759946823342e-01
5.913786828517914040e-01
5.823643445968628152e-01
5.847897320985794289e-01
5.816557496786117776e-01
5.752652674913406594e-01
5.985531330108642134e-01
5.840997576713562456e-01
5.808851689100265059e-01
5.906863689422607866e-01
5.873520165681839211e-01
5.872035145759582075e-01
5.882116317749023215e-01
5.869237869977951272e-01
5.751715421676635298e-01
5.813168168067932573e-01
5.875139534473419189e-01
6.109377056360244529e-01
5.786667406558990701e-01
5.919541656970978005e-01
5.764984369277954546e-01
5.881548047065734419e-01
5.892627030611038430e-01
5.838648974895477295e-01
6.140685737133025901e-01
5.762885838747024980e-01
5.827800363302231279e-01
5.851100206375121626e-01
5.901136636734009011e-01
5.812615126371383223e-01
6.032889515161514726e-01
5.740573942661285622e-01
5.883540362119674683e-01
5.839133828878402266e-01
5.804811030626296775e-01
5.820241719484329224e-01
5.781330853700638039e-01
5.806667000055313332e-01
5.791499078273772971e-01
5.755366742610931174e-01
5.968304485082626121e-01
5.907116711139679399e-01
5.920819103717803733e-01
5.808861404657363892e-01
5.794298827648163286e-01
5.890120893716812578e-01
5.893228590488434060e-01
5.832611352205276933e-01
5.811298012733459029e-01
5.787872105836868730e-01
5.853416502475738969e-01
5.882474571466446145e-01
5.778185427188873291e-01
5.884833484888076782e-01
5.901100486516952515e-01
6.036947071552276611e-01
5.835406005382537398e-01
5.795710951089858565e-01
5.861360698938369307e-01
5.945076733827591164e-01
5.831878334283828735e-01
5.878455340862274170e-01
5.832241386175155418e-01
5.909045696258544700e-01
5.765078872442245261e-01
5.714523553848266380e-01
5.846592307090758833e-01
