2.104875144958496236e+01
1.922325687408447337e+01
1.798318786621093679e+01
1.654701147079467916e+01
1.521600217819213796e+01
1.454295835494995082e+01
1.459321870803833043e+01
1.559768629074096680e+01
1.544957780838012695e+01
1.517493906021118200e+01
1.581361036300659251e+01
1.516126279830932688e+01
1.572886505126953161e+01
1.573544006347656321e+01
1.543532533645629812e+01
1.561689748764038121e+01
1.562042579650878871e+01
1.595735206604003942e+01
1.615406432151794291e+01
1.628766717910766459e+01
1.641889247894287251e+01
1.662546253204345703e+01
1.634350891113281179e+01
1.664184818267822408e+01
1.688877921104431223e+01
1.704798574447631765e+01
1.729764394760131907e+01
1.709231634140014577e+01
1.708166933059692383e+01
1.697824211120605398e+01
1.728867878913879252e+01
1.712915067672729563e+01
1.716422491073608469e+01
1.733152589797973775e+01
1.725362215042114400e+01
1.717087564468383931e+01
1.736874890327453613e+01
1.737543630599975586e+01
1.735957655906677388e+01
1.707408256530761648e+01
1.717090721130371023e+01
1.707688608169555522e+01
1.724027986526489187e+01
1.733825902938842844e+01
1.722080450057983469e+01
1.724128932952880788e+01
1.719637565612793040e+01
1.708907756805420064e+01
1.746155614852905202e+01
1.721966586112976216e+01
1.726322097778320241e+01
1.733957147598266602e+01
1.731051435470580913e+01
1.717442064285278391e+01
1.740314555168151855e+01
1.712725715637207102e+01
1.694773941040039134e+01
1.693767566680908132e+01
1.718266324996948313e+01
1.715299186706543111e+01
1.694623661041259766e+01
1.686996765136718679e+01
1.681034917831420827e+01
1.728484797477722168e+01
1.672886724472045827e+01
1.709642229080200337e+01
1.719608116149902344e+01
1.711706027984619283e+01
1.666489620208740163e+01
1.672743968963623118e+01
1.713551044464111328e+01
1.696595926284789968e+01
1.680752763748169087e+01
1.685945119857787944e+01
1.727195124626159739e+01
1.686159982681274272e+01
1.698013715744018626e+01
1.701076860427856374e+01
1.691716918945312642e+01
1.719896745681762695e+01
1.655044765472412038e+01
1.687031035423278880e+01
1.693629469871520854e+01
1.674473819732666158e+01
1.673402242660522532e+01
1.676762661933899068e+01
1.680219545364379741e+01
1.700049419403076101e+01
1.673898639678954936e+01
1.681279911994933940e+01
1.661148033142089986e+01
1.688090486526489187e+01
1.681895828247070312e+01
1.670277757644653249e+01
1.658587369918823384e+01
1.683240213394164897e+01
1.691008424758911133e+01
1.652642507553100515e+01
1.657788553237914897e+01
1.666795158386230469e+01
1.689417347908020162e+01
1.670198197364807058e+01
1.696511468887329244e+01
1.669042892456054616e+01
1.668739204406738352e+01
1.673523073196411204e+01
1.668118114471435476e+01
1.638221960067749094e+01
1.667048826217651225e+01
1.656724510192871236e+01
1.658001551628112935e+01
1.636626462936401438e+01
1.662236557006836080e+01
1.669468374252319265e+01
1.639073171615600444e+01
1.673935155868530344e+01
1.645970277786254954e+01
1.628464803695678853e+01
1.642774686813354634e+01
1.655599842071533345e+01
1.643579206466674947e+01
1.653531050682067871e+01
1.641400728225708150e+01
1.623538064956665039e+01
1.645990195274352885e+01
1.646990919113159180e+01
1.655399580001830984e+01
1.641334047317504741e+01
1.668948011398315501e+01
1.670414943695068288e+01
1.644790925979614116e+01
1.671248974800109721e+01
1.650527582168579244e+01
1.652892522811889719e+01
1.655541815757751323e+01
1.654982328414916992e+01
1.647297706604003764e+01
1.656679196357726980e+01
1.645337305068969869e+01
1.661760721206665181e+01
1.665677008628845357e+01
1.652137203216552663e+01
1.651202220916747976e+01
1.657976140975952006e+01
1.620124158859253072e+01
1.635136995315551900e+01
1.660743961334228658e+01
1.652685580253601216e+01
1.654781303405761861e+01
1.643514089584350657e+01
1.629461898803710795e+01
1.646594295501709126e+01
1.623033628463745259e+01
1.665720453262328959e+01
1.648485116958618235e+01
1.621498699188232351e+01
1.637145700454711772e+01
1.651469717025756978e+01
1.653599863052368235e+01
1.612060165405273438e+01
1.643170289993286204e+01
1.650741033554077219e+01
1.657161235809326172e+01
1.630704507827758931e+01
1.648320331573486186e+01
1.651255111694336009e+01
1.639424915313720632e+01
1.654779257774352885e+01
1.654872484207153249e+01
1.637736182212829661e+01
1.661950120925903462e+01
1.664103808403014995e+01
1.635168242454528809e+01
1.642922592163085938e+01
1.646960697174072408e+01
1.623311071395874094e+01
1.674359750747680664e+01
1.649089393615722798e+01
1.641695213317871094e+01
1.658784770965576172e+01
1.651315793991089009e+01
1.672552251815795898e+01
1.631183147430419922e+01
1.657189016342163157e+01
1.649066190719604563e+01
1.664107303619384837e+01
1.663225107192993235e+01
1.678784193992614604e+01
1.675069818496704244e+01
1.677948112487792898e+01
1.657645339965820241e+01
1.707486734390258931e+01
1.645047578811645650e+01
1.664835834503173828e+01
1.665730495452880788e+01
1.643039426803589009e+01
1.654906034469604492e+01
1.703839244842529155e+01
1.662908563613891744e+01
1.670974135398864746e+01
1.692860660552978658e+01
1.667072496414184712e+01
1.688083214759826589e+01
1.661621866226196431e+01
1.666646156311035298e+01
1.695760817527770925e+01
1.658912086486816406e+01
1.639302825927734375e+01
1.673043985366821218e+01
1.691264829635620259e+01
1.654424533843994283e+01
1.653727922439575337e+01
1.654162607192993306e+01
1.660746932029724121e+01
1.651064081192016531e+01
1.664677801132202006e+01
1.642824573516845632e+01
1.650662593841552805e+01
1.653276128768920827e+01
1.630124921798705984e+01
1.676271619796752788e+01
1.654098634719848704e+01
1.630762691497802663e+01
1.642869338989257955e+01
1.656636352539062429e+01
1.658194704055786062e+01
1.642376785278320384e+01
1.660020403861999583e+01
1.644376592636108469e+01
1.663955240249633860e+01
1.663995633125305318e+01
1.649834184646606516e+01
1.676035313606262278e+01
1.665259208679199077e+01
1.667224807739257741e+01
1.663635187149047923e+01
1.676550941467285227e+01
1.657447385787963867e+01
1.663671159744262695e+01
1.647662897109985281e+01
1.668066716194152832e+01
1.679574470520019602e+01
1.637946844100952148e+01
1.666851434707641744e+01
1.657513427734375000e+01
1.648792257308959819e+01
1.705143461227417134e+01
1.648979024887085032e+01
1.665147781372070312e+01
1.657291402816772319e+01
1.674570651054382253e+01
1.654955158233642720e+01
1.678032712936401438e+01
1.664892206192016744e+01
1.659299259185791087e+01
1.678580236434936523e+01
1.701645603179931499e+01
1.670651378631591655e+01
1.672659549713134908e+01
1.657862148284912251e+01
1.671747808456420969e+01
1.674702076911926341e+01
1.677556533813476491e+01
1.652282533645630025e+01
1.626700038909912038e+01
1.666697654724121236e+01
1.666835894584655620e+01
1.664576749801635813e+01
1.642049417495727681e+01
1.662637853622436523e+01
1.675481195449829031e+01
1.695442199707031250e+01
1.692073817253112722e+01
1.680592832565307759e+01
1.676641855239868306e+01
1.674724979400634695e+01
1.674017143249511719e+01
1.671973772048950124e+01
1.682226524353027486e+01
1.664839820861816477e+01
1.671839861869812083e+01
1.656950731277465749e+01
1.680732116699218892e+01
1.648229904174804616e+01
1.682724905014038086e+01
1.667637472152710032e+01
1.678551054000854492e+01
1.669728045463562083e+01
1.683162388801574849e+01
1.672119760513305664e+01
1.673918857574462749e+01
1.689671359062194966e+01
1.676713438034057546e+01
1.666094694137573384e+01
1.691643428802490234e+01
1.662479639053344727e+01
1.661593446731567525e+01
1.661579599380493022e+01
1.657550449371337820e+01
1.671667881011962820e+01
1.677130842208862305e+01
1.673497323989868235e+01
1.675453958511352681e+01
1.673650131225586080e+01
1.671868448257446360e+01
1.680707015991210795e+01
1.683267250061035014e+01
1.679859795570373393e+01
1.647276229858398366e+01
1.683797874450683452e+01
1.668238382339477610e+01
1.652009019851684712e+01
1.668644790649414134e+01
1.664168548583984375e+01
1.673377981185912944e+01
1.676964664459228516e+01
1.680796418190002584e+01
1.671440143585205007e+01
1.665105476379394389e+01
1.676375532150268555e+01
1.654451427459716939e+01
1.660222625732421875e+01
1.666621828079223633e+01
1.680560088157653809e+01
1.690013055801391673e+01
1.687929530143737722e+01
1.645257511138915874e+01
1.684585237503051758e+01
1.674323225021362305e+01
1.654240999221801900e+01
1.700956845283508301e+01
1.658884973526000906e+01
1.656429128646850657e+01
1.663068723678588867e+01
1.663692898750305105e+01
1.660783700942993235e+01
1.672571015357971191e+01
1.671224584579467631e+01
1.663804097175598073e+01
1.655721693038940501e+01
1.685436592102050923e+01
1.701116886138915874e+01
1.679345617294311666e+01
1.654415988922119141e+01
1.683218116760253835e+01
1.696079473495483469e+01
1.682347059249877930e+01
1.673900299072265696e+01
1.707623324394226216e+01
1.698535037040710449e+01
1.683841152191162038e+01
1.686146955490112376e+01
1.660196628570556499e+01
1.699630889892578267e+01
1.671372280120849751e+01
1.678016152381896831e+01
1.671099214553833079e+01
1.693038482666015554e+01
1.689353971481323313e+01
1.707046813964843679e+01
1.689236693382263255e+01
1.690918116569519114e+01
1.655237841606140137e+01
1.705593223571777273e+01
1.694638442993164062e+01
1.677582535743713521e+01
1.660564193725586080e+01
1.706066493988037180e+01
1.685165777206420756e+01
1.667818069458007812e+01
1.701352739334106445e+01
1.687597970962524485e+01
1.665779781341552734e+01
1.654004755020141459e+01
1.688459749221801687e+01
1.680704879760742188e+01
1.679935512542724751e+01
1.668100042343139577e+01
1.715063915252685689e+01
1.667839298248291158e+01
1.675328159332275391e+01
1.682837142944335795e+01
1.681394748687744212e+01
1.684582901000976562e+01
1.662661666870117116e+01
1.673249325752258443e+01
1.699774169921875000e+01
1.702267470359802104e+01
1.693352732658386373e+01
1.701654453277587820e+01
1.699772877693176198e+01
1.696695203781127859e+01
1.698579883575439453e+01
1.711959295272827219e+01
1.684591360092163015e+01
1.700192995071411062e+01
1.705139427185058665e+01
1.733477542400360250e+01
1.697250928878784038e+01
1.696948099136352539e+01
1.710610208511352681e+01
1.690542888641357422e+01
1.674946947097778249e+01
1.690036287307739116e+01
1.698898086547851705e+01
1.692186288833618235e+01
1.684512634277343679e+01
1.678597049713134837e+01
1.680080499649047709e+01
1.674645366668701030e+01
1.700049810409545969e+01
1.680056428909301758e+01
1.676046514511108398e+01
1.709892039299011302e+01
1.706468029022216726e+01
1.716841125488281250e+01
1.670981097221374512e+01
1.709832353591918874e+01
1.682773456573486470e+01
1.700524396896362234e+01
1.679729185104370259e+01
1.699344148635864116e+01
1.743099598884582591e+01
1.693295707702636577e+01
1.694725522994995259e+01
1.689605970382690359e+01
1.690328464508056783e+01
1.718395915031432963e+01
1.699005136489868306e+01
1.679346981048583842e+01
1.683599452972412180e+01
1.695727853775024485e+01
1.694701304435729838e+01
1.700968446731567241e+01
1.687809553146362163e+01
1.685456438064575124e+01
1.680759558677673482e+01
1.711504926681518413e+01
1.690062227249145366e+01
1.702192239761352610e+01
1.686452465057373118e+01
1.704055171012878489e+01
1.734821910858154226e+01
1.707666711807251048e+01
1.690400123596191406e+01
1.689871816635131907e+01
1.710895757675170969e+01
1.728733348846435547e+01
1.691569690704345774e+01
1.700841026306152415e+01
1.689877824783325266e+01
1.704520649909973073e+01
1.717999877929687358e+01
1.699214458465576172e+01
1.711864824295043874e+01
1.710168523788452077e+01
1.696979818344116353e+01
1.710416254997253560e+01
1.690863199234008718e+01
1.708546094894409251e+01
1.694591417312621928e+01
1.675524787902832102e+01
1.711550331115722656e+01
1.690538091659545827e+01
1.696090345382690501e+01
1.700075559616088938e+01
1.729344134330749583e+01
1.685477275848388601e+01
1.693699493408202983e+01
1.689168176651001119e+01
1.705000329017639160e+01
1.705808444023132253e+01
1.663641433715820384e+01
1.707855291366577077e+01
1.707012882232665874e+01
1.656188344955444336e+01
1.699729986190795827e+01
1.697597932815551758e+01
1.701326370239257812e+01
1.688511004447936870e+01
1.685853509902954173e+01
1.701640090942382955e+01
1.693971185684204173e+01
1.693548388481140066e+01
1.682102880477905416e+01
1.692975606918334819e+01
1.705471925735473704e+01
1.695255651473998881e+01
1.705464925765991069e+01
1.686956386566162180e+01
1.686813631057739116e+01
1.684548645019531321e+01
1.688276166915893484e+01
1.699772367477417134e+01
1.670296983718872141e+01
1.694016876220702983e+01
1.702104921340942312e+01
1.688722853660583567e+01
1.683065376281738423e+01
1.692719440460205149e+01
1.709511194229126119e+01
1.687598094940185689e+01
1.687455978393554545e+01
1.695032758712768484e+01
1.670260019302368093e+01
1.733211917877197195e+01
1.693128786087036275e+01
1.707135152816772461e+01
1.702937622070312429e+01
1.668350114822387553e+01
1.701034755706787038e+01
1.696646900177001882e+01
1.695826377868652202e+01
1.687940511703491353e+01
1.704085283279419016e+01
1.659173927307129048e+01
1.698265476226806570e+01
1.689638996124267578e+01
1.717231626510620046e+01
1.690259685516357280e+01
1.687339239120483469e+01
1.723563041687011577e+01
1.695362434387207173e+01
1.686295347213745188e+01
1.701092777252197408e+01
1.705420484542846538e+01
1.695792217254638601e+01
1.729353151321411275e+01
1.701608510017394948e+01
1.721572322845458913e+01
1.687569313049316477e+01
1.678908681869506836e+01
1.709550237655639648e+01
1.684911079406738210e+01
1.689037799835205078e+01
1.708999443054199219e+01
1.702479238510131765e+01
1.699142961502075266e+01
1.733766326904297017e+01
1.699959378242492747e+01
1.685691518783569265e+01
1.722402467727660991e+01
1.697590389251708842e+01
1.682889270782470703e+01
1.706942939758300781e+01
1.686157236099243306e+01
1.700406627655029368e+01
1.715698451995849538e+01
1.709709186553955007e+01
1.672454414367675923e+01
1.684794893264770366e+01
1.708994398117065572e+01
1.680088281631469727e+01
1.690228796005249023e+01
1.708163032531738423e+01
1.712644052505493164e+01
1.711629447937011861e+01
1.690886077880859517e+01
1.671731996536254883e+01
1.707776327133178640e+01
1.704614095687866282e+01
1.708380131721496653e+01
1.683655233383178640e+01
1.699123277664184428e+01
1.704435338973998881e+01
1.700940732955932688e+01
1.688464512825012065e+01
1.701606750488281250e+01
1.715650691986083842e+01
1.708643884658813406e+01
1.694548587799072337e+01
1.687046365737915110e+01
1.703291573524474956e+01
1.702204046249389791e+01
1.705360183715820455e+01
1.694959640502929688e+01
1.688571176528930806e+01
1.724033479690551829e+01
1.686054697036743022e+01
1.713040151596069194e+01
1.673074808120727397e+01
1.744996085166931010e+01
1.737264204025268555e+01
1.723468503952026509e+01
1.674893407821655344e+01
1.696285648345947195e+01
1.699997892379760600e+01
1.713944988250732493e+01
1.709374475479125977e+01
1.709843406677246236e+01
1.709555273056030344e+01
1.709730472564697124e+01
1.681180686950683523e+01
1.717485394477844096e+01
1.708467407226562429e+01
1.693117871284484721e+01
1.683769245147705007e+01
1.677305517196655416e+01
1.702142381668090820e+01
1.677011251449584961e+01
1.758392705917358256e+01
1.723268308639526225e+01
1.712618780136108398e+01
1.722469997406005859e+01
1.690289735794067383e+01
1.718325343132018901e+01
1.726028361320495463e+01
1.723476715087890554e+01
1.705201611518860005e+01
1.704480581283569407e+01
1.687331199645996094e+01
1.699426517486572408e+01
1.713543891906738281e+01
1.709991044998168874e+01
1.703490667343139719e+01
1.692232885360717631e+01
1.698511695861816406e+01
1.710744132995605327e+01
1.702549676895141673e+01
1.701223459243774272e+01
1.709258470535278462e+01
1.717170329093933034e+01
1.708735675811767507e+01
1.713663730621338033e+01
1.730962200164794851e+01
1.708900160789489675e+01
1.717765312194824290e+01
1.723468151092529155e+01
1.718170323371887065e+01
1.717657003402710103e+01
1.726760921478271626e+01
1.708028221130371094e+01
1.716184973716735840e+01
1.705922703742981028e+01
1.718671314716339182e+01
1.715399007797241282e+01
1.704441080093383931e+01
1.693997764587402344e+01
1.715814380645752024e+01
1.706087217330932759e+01
1.711374444961547781e+01
1.692812118530273580e+01
1.719438199996948313e+01
1.718016409873962402e+01
1.708736619949340962e+01
1.708722596168518137e+01
1.726786317825317241e+01
1.711071205139160156e+01
1.720284113883972310e+01
1.717720956802368093e+01
1.719691967964172363e+01
1.683757181167602468e+01
1.706506175994872976e+01
1.716595153808593821e+01
1.710063924789428569e+01
1.737145156860351491e+01
1.704733290672302104e+01
1.705094442367553853e+01
1.692224998474121023e+01
1.716301412582397390e+01
1.723864068984985209e+01
1.728808970451354909e+01
1.702857770919799663e+01
1.701312885284423970e+01
1.702291808128357076e+01
1.704147644042968679e+01
1.700342845916748047e+01
1.705270023345947195e+01
1.710915327072143555e+01
1.716564826965332102e+01
1.722002401351928569e+01
1.704515237808227468e+01
1.719659638404846191e+01
1.706938476562499929e+01
1.699903650283813406e+01
1.708383140563964986e+01
1.698650722503662180e+01
1.713903183937072683e+01
1.727863960266113352e+01
1.716654782295227122e+01
1.688828458786010600e+01
1.706050229072570801e+01
1.719430456161499166e+01
1.687791547775268697e+01
1.701175770759582662e+01
1.720771713256835866e+01
1.735359563827514506e+01
1.699963426589965820e+01
1.698060789108276225e+01
1.713732995986938334e+01
1.725132770538330007e+01
1.709617547988891673e+01
1.699195175170898509e+01
1.702365193367004537e+01
1.707593097686767436e+01
1.708856997489929341e+01
1.736883668899536204e+01
1.709298315048217631e+01
1.689846782684326243e+01
1.701624259948730611e+01
1.721960773468017436e+01
1.706845684051513601e+01
1.711886262893676758e+01
1.714320449829101634e+01
1.709372663497924805e+01
1.695059895515441895e+01
1.704961519241333079e+01
1.705022096633911133e+01
1.716261053085327148e+01
1.715379657745361186e+01
1.717317194938659597e+01
1.723293390274047709e+01
1.715801162719726491e+01
1.728193979263305735e+01
1.716879329681396626e+01
1.688596816062927175e+01
1.711450023651122976e+01
1.699746627807617116e+01
1.703571348190307688e+01
1.715134706497192241e+01
1.713521747589111399e+01
1.701835222244262624e+01
1.679580354690551758e+01
1.703379878997802876e+01
1.690664348602295064e+01
1.713506960868835449e+01
1.727479114532470561e+01
1.709971647262573313e+01
1.702625360488891459e+01
1.701005945205688619e+01
1.708867378234863210e+01
1.736707048416137766e+01
1.701535782814026021e+01
1.711669392585754323e+01
1.714771595001220561e+01
1.737666158676147532e+01
1.714482259750366211e+01
1.703412160873413228e+01
1.707055749893188334e+01
1.723039088249206685e+01
1.716569547653198313e+01
1.727446079254150391e+01
1.702944927215576243e+01
1.699279985427856587e+01
1.711607942581176900e+01
1.728855524063110494e+01
1.709010314941406250e+01
1.724688243865966797e+01
1.715178728103637695e+01
1.728177566528320241e+01
1.709306106567382955e+01
1.717691755294799805e+01
1.725879993438720561e+01
1.713591895103454732e+01
1.718672466278076172e+01
1.706634325981140066e+01
1.697985973358154155e+01
1.710007266998291087e+01
1.720725975036621236e+01
1.693893241882324219e+01
1.724192514419555522e+01
1.692192058563232493e+01
1.712916679382324148e+01
1.701089773178100728e+01
1.728024835586547781e+01
1.712525005340576101e+01
1.719479360580444194e+01
1.707488722801208425e+01
1.716812295913696218e+01
1.723065061569213796e+01
1.686685442924499512e+01
1.714654884338379048e+01
1.714231853485107493e+01
1.738342847824096538e+01
1.683297262191772603e+01
1.703944025039672994e+01
1.712521929740905691e+01
1.713582973480224680e+01
1.703105640411376953e+01
1.696853761672973704e+01
1.695690050125121928e+01
1.711178731918334961e+01
1.723558611869811941e+01
1.719070229530334615e+01
1.727540397644042969e+01
1.715447978973388743e+01
1.696385040283202983e+01
1.711232900619506836e+01
1.727595996856689453e+01
1.735691108703613139e+01
1.693380804061889577e+01
1.701093750000000071e+01
1.719136152267456197e+01
1.746521339416504048e+01
1.722197914123535156e+01
1.713494300842285156e+01
1.714194707870483469e+01
1.709752597808837749e+01
1.737873153686523509e+01
1.716439270973205566e+01
1.720224065780639577e+01
1.710517730712890483e+01
1.733908376693725728e+01
1.732461080551147603e+01
1.700808963775634908e+01
1.721068525314331055e+01
1.721986608505249094e+01
1.717585906982422017e+01
1.702056446075439311e+01
1.737541055679321289e+01
1.730132036209106516e+01
1.712507467269897532e+01
1.706838650703430105e+01
1.735070095062256001e+01
1.699997453689575266e+01
1.720169334411621165e+01
1.741925134658813334e+01
1.731182675361633372e+01
1.717052569389343120e+01
1.714171447753906108e+01
1.700736112594604421e+01
1.720335865020751953e+01
1.725345411300659038e+01
1.708892745971679616e+01
1.714759078025817729e+01
1.731498556137085032e+01
1.710015182495117259e+01
1.739820542335510112e+01
1.700729951858520650e+01
1.727042403221130229e+01
1.703830213546752859e+01
1.709177837371826314e+01
1.725037765502929688e+01
1.697484350204467773e+01
1.698368077278137278e+01
1.747481918334960938e+01
1.724613914489746236e+01
1.725208096504211497e+01
1.741579809188842631e+01
1.717296686172485209e+01
1.689090967178344727e+01
1.692537155151367045e+01
1.715747184753417898e+01
1.722357859611511088e+01
1.710130443572997905e+01
1.706087989807128835e+01
1.694742817878723073e+01
1.718644924163818288e+01
1.718628606796264791e+01
1.698285884857177663e+01
1.719851112365722656e+01
1.697983980178833008e+01
1.723193788528442383e+01
1.694592533111572408e+01
1.699402189254760742e+01
1.698663721084594869e+01
1.722155475616455078e+01
1.700656490325927805e+01
1.728258671760558940e+01
1.696303281784057759e+01
1.720958185195922852e+01
1.716328344345092916e+01
1.717174372673034810e+01
1.708646879196167134e+01
1.724769411087036275e+01
1.720490636825561381e+01
1.717480812072754048e+01
1.707694702148437571e+01
1.713638420104980398e+01
1.719070615768432475e+01
1.725987482070922852e+01
1.705946221351623393e+01
1.725046725273132253e+01
1.709940042495727397e+01
1.723188152313232280e+01
1.695795345306396484e+01
1.689886455535888743e+01
1.701768145561218404e+01
1.712732787132263113e+01
1.725038299560547017e+01
1.702076492309570455e+01
1.717913188934326030e+01
1.724160194396972656e+01
1.715967283248901509e+01
1.684370064735412598e+01
1.732025403976440359e+01
1.692358264923095845e+01
1.717627344131469869e+01
1.737199411392212056e+01
1.730672602653503489e+01
1.731260695457458354e+01
1.721731343269348002e+01
1.710767469406128072e+01
1.719310417175292827e+01
1.715664772987365794e+01
1.722795405387878276e+01
1.711581296920776296e+01
1.726030521392822337e+01
1.717962951660156179e+01
1.695423674583435059e+01
1.727121181488037038e+01
1.726529693603515625e+01
1.714833393096923686e+01
1.718208246231079173e+01
1.720019903182983256e+01
1.716028556823730611e+01
1.720229043960571147e+01
1.709551525115966797e+01
1.722375411987304616e+01
1.702051496505737305e+01
1.730331330299377512e+01
1.720235166549682759e+01
1.713905305862426687e+01
1.723314895629882670e+01
1.706590108871460032e+01
1.714962730407714986e+01
1.717163791656493999e+01
1.723623161315918040e+01
1.702947006225586080e+01
1.699997634887695241e+01
1.703931236267089844e+01
1.727421140670776367e+01
1.698971824645996165e+01
1.710381784439086772e+01
1.718474588394165181e+01
1.718430004119873189e+01
1.712434864044189453e+01
1.742833981513977193e+01
1.716014699935913157e+01
1.718188619613647461e+01
1.713451919555664205e+01
1.698232240676879812e+01
1.703632822036743022e+01
1.730506935119628764e+01
1.720787763595581055e+01
1.725178394317627095e+01
1.698754663467407156e+01
1.727572870254516602e+01
1.726414976119995259e+01
1.703958454132079936e+01
1.704129629135131907e+01
1.737696137428283549e+01
1.726162042617797709e+01
1.714294672012329102e+01
1.724281597137451172e+01
1.715463461875915385e+01
1.714430961608886861e+01
1.742372651100158620e+01
1.725282077789306712e+01
1.703990478515624929e+01
1.718046922683715749e+01
1.703515958786010742e+01
1.699516992568969798e+01
1.721903877258300852e+01
1.714689760208129954e+01
1.708298664093017649e+01
1.704029302597045969e+01
1.716229982376098562e+01
1.735535430908203125e+01
1.722515177726745605e+01
1.715136108398437642e+01
1.720964031219482493e+01
1.710861721038818217e+01
1.721069507598877024e+01
1.733540363311767507e+01
1.705684003829956197e+01
1.699985704421997212e+01
1.713851013183593608e+01
1.716393094062805247e+01
1.708251276016235209e+01
1.700575408935547017e+01
1.721567058563232422e+01
1.708356294631958150e+01
1.711150379180908132e+01
1.716587219238281392e+01
1.724800946712493754e+01
1.723031353950500488e+01
1.707030143737792827e+01
1.726846570968627859e+01
1.709921684265136577e+01
1.711443338394165181e+01
1.708173561096191406e+01
1.706248579025268697e+01
1.738619794845580913e+01
1.733543806076049876e+01
1.739755954742431499e+01
1.705445051193237305e+01
1.704836692810058452e+01
1.721399030685424947e+01
1.714553041458129812e+01
1.717327613830566335e+01
1.703749742507934428e+01
1.696948204040527486e+01
1.706444191932678223e+01
1.709082717895507741e+01
1.745214338302612234e+01
1.721576666831970215e+01
1.711120176315307617e+01
1.716163253784179688e+01
1.710790657997131348e+01
