2.128529434204101634e+01
2.019755210876464702e+01
1.938486289978027344e+01
1.844190330505371023e+01
1.739917554855346538e+01
1.666431694030761790e+01
1.520757932662963796e+01
1.447864322662353587e+01
1.471500825881958008e+01
1.325051856040954590e+01
1.201561775207519567e+01
1.247679462432861364e+01
1.270539951324462891e+01
1.298471722602844203e+01
1.261277666091918981e+01
1.247052125930786204e+01
1.309994602203369141e+01
1.229799356460571325e+01
1.231429281234741246e+01
1.235819177627563548e+01
1.235614166259765589e+01
1.237435417175293040e+01
1.191939396858215261e+01
1.187261652946472168e+01
1.256893491744995117e+01
1.183076801300048864e+01
1.241792345046997070e+01
1.188912286758422887e+01
1.205147547721862722e+01
1.219412732124328613e+01
1.236515088081359792e+01
1.172193579673767161e+01
1.170829720497131277e+01
1.142222137451171804e+01
1.157970461845397914e+01
1.156639680862426722e+01
1.170384569168090749e+01
1.183772654533386159e+01
1.147413563728332520e+01
1.160429425239562917e+01
1.217990589141845703e+01
1.213085279464721644e+01
1.151571035385131836e+01
1.126800293922424245e+01
1.157238802909851039e+01
1.168829298019409180e+01
1.108654198646545375e+01
1.111109972000122070e+01
1.109614667892456019e+01
1.140338234901428294e+01
1.117857995033264196e+01
1.081631555557251012e+01
1.107675719261169434e+01
1.120116434097290004e+01
1.162615637779235911e+01
1.189848003387451136e+01
1.105136780738830637e+01
1.132497138977050710e+01
1.139951453208923304e+01
1.125258913040161168e+01
1.094811410903930593e+01
1.131038517951965261e+01
1.104942770004272390e+01
1.112641630172729457e+01
1.127251038551330531e+01
1.144892930984497070e+01
1.145844740867614675e+01
1.109890570640564000e+01
1.079513139724731374e+01
1.153877339363098109e+01
1.119517393112182546e+01
1.064887485504150355e+01
1.092678170204162669e+01
1.115179772377014089e+01
1.101181573867797781e+01
1.123190975189208984e+01
1.086269655227661168e+01
1.062947082519531250e+01
1.143482275009155202e+01
1.050116610527038574e+01
1.151349468231201101e+01
1.122778043746948207e+01
1.102562117576599121e+01
1.096409721374511648e+01
1.126527862548828196e+01
1.117715544700622488e+01
1.108277420997619700e+01
1.211764597892761230e+01
1.085153179168701243e+01
1.170015740394592285e+01
1.085460057258605993e+01
1.201349186897277832e+01
1.087861576080322301e+01
1.112362160682678258e+01
1.100869379043579066e+01
1.075058631896972727e+01
1.071308941841125417e+01
1.172052621841430664e+01
1.087428927421569824e+01
1.143222389221191371e+01
1.090248227119445801e+01
1.104163827896118200e+01
1.066709489822387624e+01
1.049342288970947301e+01
1.118214597702026403e+01
1.090232653617858816e+01
1.087035217285156286e+01
1.063987998962402415e+01
1.095453228950500524e+01
1.104182071685790945e+01
1.084708442687988317e+01
1.166822628974914622e+01
1.074271593093872035e+01
1.059220862388610840e+01
1.072511558532714915e+01
1.065608272552490199e+01
1.202706537246704066e+01
1.062762689590454102e+01
1.111128535270690953e+01
1.085275259017944371e+01
1.113572587966918981e+01
1.079830870628356898e+01
1.143351178169250559e+01
1.087389707565307617e+01
1.103118309974670375e+01
1.063729271888732875e+01
1.099817724227905202e+01
1.136776142120361399e+01
1.044934234619140589e+01
1.151175484657287562e+01
1.065464644432067942e+01
1.082181758880615163e+01
1.123860688209533620e+01
1.139430150985717738e+01
1.111534891128540004e+01
1.099069275856018102e+01
1.132795691490173340e+01
1.081114807128906286e+01
1.083650684356689453e+01
1.110758452415466380e+01
1.118608756065368581e+01
1.093670859336853063e+01
1.097029409408569300e+01
1.082239661216735804e+01
1.160153932571411062e+01
1.075789380073547363e+01
1.266284527778625524e+01
1.131638441085815394e+01
1.082343707084655726e+01
1.100088143348693848e+01
1.064691267013549769e+01
1.081650323867797781e+01
1.071983165740966726e+01
1.116447286605835032e+01
1.072735052108764719e+01
1.111153664588928258e+01
1.109537930488586355e+01
1.057779569625854421e+01
1.127518501281738317e+01
1.040735363960266113e+01
1.081268420219421422e+01
1.128590016365051341e+01
1.138536195755004954e+01
1.071829881668090856e+01
1.137099819183349680e+01
1.141677794456481898e+01
1.081888217926025320e+01
1.100173730850219656e+01
1.056514573097229004e+01
1.099768939018249547e+01
1.048868613243103098e+01
1.131790418624877859e+01
1.169658703804016042e+01
1.075073137283325231e+01
1.125307850837707591e+01
1.110307068824767995e+01
1.108447623252868652e+01
1.093870043754577637e+01
1.073938651084899831e+01
1.064624142646789551e+01
1.095141901969909703e+01
1.095795407295227086e+01
1.069440188407897985e+01
1.033395099639892578e+01
1.044363589286804128e+01
1.078090553283691477e+01
1.084869832992553640e+01
1.143476080894470215e+01
1.051092543601989782e+01
1.055006685256958043e+01
1.049920759201049769e+01
1.051602730751037562e+01
1.076121187210083008e+01
1.079331927299499583e+01
1.096339459419250417e+01
1.041351995468139613e+01
1.064374074935913050e+01
1.095841331481933523e+01
1.087841954231262243e+01
1.045167961120605504e+01
1.100963716506958079e+01
1.093079009056091344e+01
1.193696036338806188e+01
1.087689571380615305e+01
1.091618051528930700e+01
1.154688386917114329e+01
1.066237154006958043e+01
1.130390386581420969e+01
1.081629061698913574e+01
1.070264282226562536e+01
1.078908076286315953e+01
1.101995482444763219e+01
1.119130587577819824e+01
1.060626010894775462e+01
1.134760556221008265e+01
1.071675028800964391e+01
1.132010121345519948e+01
1.117694683074951101e+01
1.090124692916870153e+01
1.097132115364074778e+01
1.074700908660888743e+01
1.061102747917175293e+01
1.159396510124206614e+01
1.071401853561401296e+01
1.066239972114562917e+01
1.055660681724548411e+01
1.091497640609741282e+01
1.080838651657104421e+01
1.059615578651428258e+01
1.065680704116821254e+01
1.061645965576171946e+01
1.133615260124206614e+01
1.114107398986816477e+01
1.127117013931274414e+01
1.107780442237853968e+01
1.084390788078308177e+01
1.085160431861877406e+01
1.107692332267761159e+01
1.086717553138732839e+01
1.098307948112487864e+01
1.085527462959289480e+01
1.096936683654785227e+01
1.076222200393676687e+01
1.088999805450439418e+01
1.058372831344604492e+01
1.108374838829040598e+01
1.049114189147949183e+01
1.132427363395690989e+01
1.101613922119140554e+01
1.094442696571350027e+01
1.059933719635009730e+01
1.092583351135253977e+01
1.046519622802734339e+01
1.071208138465881277e+01
1.109252252578735387e+01
1.046673846244812012e+01
1.087216081619262731e+01
1.086641864776611399e+01
1.058328785896301305e+01
1.146794586181640696e+01
1.118202800750732351e+01
1.128127002716064453e+01
1.181030974388122523e+01
1.066998887062072754e+01
1.058716616630554164e+01
1.083343667984008718e+01
1.093017907142639089e+01
1.139004311561584437e+01
1.064537172317504954e+01
1.036907815933227539e+01
1.101267938613891673e+01
1.080893597602844203e+01
1.042134509086608851e+01
1.083129487037658656e+01
1.125044970512390208e+01
1.117211232185363734e+01
1.162427172660827601e+01
1.080505242347717321e+01
1.092355041503906321e+01
1.084925479888915945e+01
1.097184262275695765e+01
1.129662895202636719e+01
1.095736393928527797e+01
1.061873497962951696e+01
1.074400901794433594e+01
1.072796616554260218e+01
1.111496806144714355e+01
1.066596403121948278e+01
1.182616806030273438e+01
1.053682012557983327e+01
1.082763338088989258e+01
1.129202742576599050e+01
1.072127485275268555e+01
1.062346086502075160e+01
1.128624753952026438e+01
1.067286281585693430e+01
1.087451758384704625e+01
1.113092803955078125e+01
1.102818903923034632e+01
1.077517652511596680e+01
1.069532194137573278e+01
1.185522942543029856e+01
1.098804593086242676e+01
1.089275007247924876e+01
1.102677903175353968e+01
1.108131980895996094e+01
1.135802388191223145e+01
1.143295612335205114e+01
1.084853639602661168e+01
1.178091678619384730e+01
1.095764446258544922e+01
1.119533352851867747e+01
1.092527623176574636e+01
1.106173601150512731e+01
1.073061552047729528e+01
1.094932618141174352e+01
1.073762674331664968e+01
1.105043611526489222e+01
1.175796828269958461e+01
1.062555966377258265e+01
1.074571981430053746e+01
1.108463754653930700e+01
1.087945742607116628e+01
1.120852560997009206e+01
1.095133352279663086e+01
1.115797977447509837e+01
1.072336192131042409e+01
1.091105709075927699e+01
1.162020554542541539e+01
1.116887006759643519e+01
1.108210391998290945e+01
1.132971453666687012e+01
1.031894612312316895e+01
1.090673561096191335e+01
1.082515158653259313e+01
1.089003238677978480e+01
1.100761671066284109e+01
1.112497811317443919e+01
1.068739309310913121e+01
1.072506966590881383e+01
1.080422115325927734e+01
1.093771338462829590e+01
1.055281519889831543e+01
1.063368506431579519e+01
1.105410327911376989e+01
1.072863187789917028e+01
1.085311894416809153e+01
1.137238378524780202e+01
1.113873634338378871e+01
1.064033961296081543e+01
1.080269422531127965e+01
1.070846786499023473e+01
1.098729972839355540e+01
1.110359992980957067e+01
1.061029896736144984e+01
1.136965761184692347e+01
1.105486989021301270e+01
1.106852288246154714e+01
1.177362389564514089e+01
1.068757705688476634e+01
1.154149155616760325e+01
1.085257163047790563e+01
1.097010102272033727e+01
1.103103942871093679e+01
1.078087701797485387e+01
1.129255390167236328e+01
1.124465603828430105e+01
1.109466161727905309e+01
1.132336091995239258e+01
1.068948287963867116e+01
1.029336490631103551e+01
1.084679088592529261e+01
1.071788711547851491e+01
1.057701883316040004e+01
1.113195757865905833e+01
1.082062206268310511e+01
1.159786310195922887e+01
1.110012354850769078e+01
1.186950836181640589e+01
1.098519096374511683e+01
1.085284948348999023e+01
1.139723114967346262e+01
1.114708681106567312e+01
1.130452923774719309e+01
1.093183979988098109e+01
1.054920835494995046e+01
1.067697896957397496e+01
1.053390564918518102e+01
1.098322267532348562e+01
1.097092132568359446e+01
1.153346681594848633e+01
1.076081466674804688e+01
1.054257717132568395e+01
1.133596248626708913e+01
1.102485995292663645e+01
1.107796115875244070e+01
1.109700369834899902e+01
1.089035563468933177e+01
1.045014176368713343e+01
1.076123147010803294e+01
1.049737114906310964e+01
1.103969035148620570e+01
1.081228690147399973e+01
1.046894145011901855e+01
1.077823462486267125e+01
1.122789983749389719e+01
1.161536431312561035e+01
1.049924373626708984e+01
1.141349158287048304e+01
1.064504370689392054e+01
1.092037181854248118e+01
1.098513236045837438e+01
1.094213414192199707e+01
1.057801756858825648e+01
1.071700682640075719e+01
1.093075728416442871e+01
1.086573333740234304e+01
1.043733243942260813e+01
1.106633062362670827e+01
1.139907813072204590e+01
1.067751531600952219e+01
1.123487081527709996e+01
1.086709723472595179e+01
1.066288042068481445e+01
1.129856209754943919e+01
1.091262354850769078e+01
1.130300550460815501e+01
1.109852023124694753e+01
1.074821052551269496e+01
1.060061178207397425e+01
1.060034685134887766e+01
1.081025819778442454e+01
1.180344700813293457e+01
1.056095328330993688e+01
1.102982583045959508e+01
1.026817674636840749e+01
1.100437817573547328e+01
1.114948463439941406e+01
1.090217161178588867e+01
1.036045165061950613e+01
1.133967499732971262e+01
1.076044917106628418e+01
1.073796048164367711e+01
1.094816441535949636e+01
1.027787542343139648e+01
1.109397320747375559e+01
1.045149493217468262e+01
1.080332336425781214e+01
1.074191126823425257e+01
1.037970480918884242e+01
1.189457340240478445e+01
1.056864461898803675e+01
1.039676914215087855e+01
1.130040264129638672e+01
1.100902028083801198e+01
1.167394647598266566e+01
1.102309226989746094e+01
1.060524411201476980e+01
1.059901399612426687e+01
1.079206171035766637e+01
1.066848745346069371e+01
1.075862445831298864e+01
1.087489919662475657e+01
1.035343313217163086e+01
1.092593531608581614e+01
1.066069822311401438e+01
1.088262381553649938e+01
1.064331450462341344e+01
1.128292222023010183e+01
1.084891781806945765e+01
1.068712692260742259e+01
1.095897488594055247e+01
1.127419719696044886e+01
1.064830427169799876e+01
1.130470299720764160e+01
1.049300241470336914e+01
1.106482787132263113e+01
1.071408329010009730e+01
1.068996720314025950e+01
1.103037509918212855e+01
1.082970590591430593e+01
1.110972309112548828e+01
1.143928017616272008e+01
1.099496517181396449e+01
1.067245044708251989e+01
1.060599942207336355e+01
1.090387415885925293e+01
1.059486951828002965e+01
1.087922110557556188e+01
1.124659042358398509e+01
1.135855455398559499e+01
1.081931371688842702e+01
1.084261984825134206e+01
1.077629065513610840e+01
1.153961725234985281e+01
1.045843219757080078e+01
1.118119540214538610e+01
1.069528841972351074e+01
1.065803852081298864e+01
1.130176424980163574e+01
1.074619827270507777e+01
1.077830295562744212e+01
1.083173918724060059e+01
1.081901822090148890e+01
1.049564266204833984e+01
1.093275356292724609e+01
1.188530526161193812e+01
1.084350152015685964e+01
1.098396821022033620e+01
1.056383490562438965e+01
1.063324613571166921e+01
1.062669477462768519e+01
1.067062101364135707e+01
1.080381522178649867e+01
1.050190954208374094e+01
1.045968251228332591e+01
1.095364837646484446e+01
1.083318324089050222e+01
1.099948830604553152e+01
1.099424376487731969e+01
1.034986271858215368e+01
1.078409237861633230e+01
1.080037813186645579e+01
1.059474029541015661e+01
1.153952388763427805e+01
1.070142889022827148e+01
1.110710053443908762e+01
1.079132742881774831e+01
1.072518949508667063e+01
1.093038778305053782e+01
1.057755770683288610e+01
1.076067285537719798e+01
1.070924482345581019e+01
1.089682669639587331e+01
1.066263704299926829e+01
1.066588644981384348e+01
1.094936919212341309e+01
1.074605689048767054e+01
1.145697026252746653e+01
1.108674426078796316e+01
1.048023080825805664e+01
1.065512161254882884e+01
1.072581157684326136e+01
1.090633378028869593e+01
1.068158564567565882e+01
1.098806109428405797e+01
1.112700309753418004e+01
1.070413041114807129e+01
1.061785836219787527e+01
1.079257421493530344e+01
1.076421580314636195e+01
1.082695755958557093e+01
1.089958600997924876e+01
1.169641909599304164e+01
1.069125075340270925e+01
1.105765814781188894e+01
1.082421092987060618e+01
1.096695160865783691e+01
1.079460859298706055e+01
1.094221096038818430e+01
1.096007876396179270e+01
1.159007830619811941e+01
1.140376648902893031e+01
1.139751253128051722e+01
1.059795222282409632e+01
1.100080738067626918e+01
1.106990242004394531e+01
1.114104833602905309e+01
1.159231224060058629e+01
1.056218929290771413e+01
1.144585800170898438e+01
1.074114060401916504e+01
1.051544342041015589e+01
1.050456862449646067e+01
1.143859839439392090e+01
1.094251818656921316e+01
1.131453113555908274e+01
1.104771714210510325e+01
1.043257398605346609e+01
1.057799777984619105e+01
1.137467703819274867e+01
1.128363900184631419e+01
1.095148901939392161e+01
1.074160962104797434e+01
1.125378961563110281e+01
1.109793329238891602e+01
1.104695672988891531e+01
1.093260836601257324e+01
1.051334233283996511e+01
1.068334245681762695e+01
1.056093420982360875e+01
1.106437878608703684e+01
1.042213635444641184e+01
1.055132498741149938e+01
1.173970713615417516e+01
1.082958354949951207e+01
1.053127903938293386e+01
1.071031923294067312e+01
1.093980264663696289e+01
1.154966573715210032e+01
1.065051460266113281e+01
1.045328598022461009e+01
1.110032334327697789e+01
1.052695660591125559e+01
1.053705010414123500e+01
1.101929450035095215e+01
1.043945832252502370e+01
1.136515455245971751e+01
1.074387030601501536e+01
1.111336603164672887e+01
1.144502544403076172e+01
1.187628579139709473e+01
1.066700172424316406e+01
1.110722870826721120e+01
1.036037454605102504e+01
1.174913520812988210e+01
1.086299710273742747e+01
1.097729949951171946e+01
1.091444759368896555e+01
1.105065102577209402e+01
1.072951159477233851e+01
1.097521800994872976e+01
1.117727155685424734e+01
1.079912605285644567e+01
1.087481741905212473e+01
1.103652582168579066e+01
1.054100112915039134e+01
1.075889472961425852e+01
1.032724971771240163e+01
1.079736042022705078e+01
1.048647427558898926e+01
1.076200051307678152e+01
1.070147252082824707e+01
1.088232421875000000e+01
1.079073519706726003e+01
1.066556363105773997e+01
1.057110981941223216e+01
1.077635793685913157e+01
1.078879718780517649e+01
1.031578192710876429e+01
1.063089642524719203e+01
1.067150974273681641e+01
1.086719341278076101e+01
1.066046657562255895e+01
1.049666762351989746e+01
1.128648543357849121e+01
1.068873453140258789e+01
1.076406903266906667e+01
1.084189968109130930e+01
1.083574366569519043e+01
1.144629893302917445e+01
1.065296907424926687e+01
1.109440283775329661e+01
1.067659292221069300e+01
1.088738451004028285e+01
1.048720369338989222e+01
1.038029508590698313e+01
1.049407596588134695e+01
1.076079902648925746e+01
1.059037775993347097e+01
1.083547329902648926e+01
1.083810572624206614e+01
1.080597829818725586e+01
1.063875927925109899e+01
1.061444511413574254e+01
1.072247471809387243e+01
1.111845159530639648e+01
1.104279084205627370e+01
1.036830644607544016e+01
1.069582028388976980e+01
1.046075959205627370e+01
1.056306257247924840e+01
1.126865367889404368e+01
1.109520401954650914e+01
1.063526239395141637e+01
1.046288313865661657e+01
1.081663737297058070e+01
1.106220021247863805e+01
1.067497177124023366e+01
1.080089645385742259e+01
1.054937024116516042e+01
1.034859776496887207e+01
1.024686584472656214e+01
1.083818731307983363e+01
1.063422031402587820e+01
1.064715347290039027e+01
1.110281596183776820e+01
1.074980311393737864e+01
1.096127901077270472e+01
1.076168546676635707e+01
1.045785088539123464e+01
1.053143930435180664e+01
1.044821705818176305e+01
1.061656146049499583e+01
1.091846933364868200e+01
1.045347886085510325e+01
1.041031699180603098e+01
1.059866170883178782e+01
1.091341810226440501e+01
1.077754268646240199e+01
1.048121371269226110e+01
1.082933039665222097e+01
1.057622051239013672e+01
1.119793930053710973e+01
1.062644572257995534e+01
1.103840198516845739e+01
1.109151210784912145e+01
1.058903617858886648e+01
1.054214477539062500e+01
1.142287268638610875e+01
1.066633152961730957e+01
1.076070055961608851e+01
1.086335783004760813e+01
1.042373294830322195e+01
1.100822467803955007e+01
1.093931336402892995e+01
1.071870198249816930e+01
1.096003174781799316e+01
1.059047946929931605e+01
1.111600990295410085e+01
1.091298985481262207e+01
1.118847866058349538e+01
1.081936092376708913e+01
1.091213212013244593e+01
1.106946239471435511e+01
1.093185081481933629e+01
1.073148550987243688e+01
1.104349002838134730e+01
1.063859248161315918e+01
1.046718678474426234e+01
1.064853653907775843e+01
1.098420553207397532e+01
1.060953564643859792e+01
1.132750444412231516e+01
1.047327108383178640e+01
1.052305259704589879e+01
1.086803812980651784e+01
1.137808203697204590e+01
1.050123515129089391e+01
1.067379369735717809e+01
1.097019476890563894e+01
1.076461992263793910e+01
1.045837669372558665e+01
1.058974452018737722e+01
1.059076766967773509e+01
1.072788300514221227e+01
1.035644288063049245e+01
1.070975584983825613e+01
1.139100589752197301e+01
1.158531694412231516e+01
1.067383193969726562e+01
1.068059911727905309e+01
1.165903992652892995e+01
1.026383662223815918e+01
1.055421099662780726e+01
1.089500665664672852e+01
1.092883582115173269e+01
1.047571759223938059e+01
1.026503939628601003e+01
1.058506760597228968e+01
1.067919120788574183e+01
1.084146108627319371e+01
1.107978777885437083e+01
1.072086620330810547e+01
1.084613194465637243e+01
1.070868701934814382e+01
1.083034844398498464e+01
1.136146821975708043e+01
1.082542634010314941e+01
1.098445348739624094e+01
1.048988404273986852e+01
1.066345920562744176e+01
1.103813552856445312e+01
1.111904892921447718e+01
1.043215498924255336e+01
1.113868637084960866e+01
1.068497266769409215e+01
1.060577173233032156e+01
1.095499954223632777e+01
1.038984255790710520e+01
1.103108668327331543e+01
1.104623417854309153e+01
1.064979982376098633e+01
1.060524449348449672e+01
1.065686697959899831e+01
1.065346994400024450e+01
1.055458488464355504e+01
1.162870035171508754e+01
1.067779126167297399e+01
1.130716853141784739e+01
1.070070543289184606e+01
1.100308313369751012e+01
1.050841479301452708e+01
1.073480782508850062e+01
1.064617028236389196e+01
1.061015210151672328e+01
1.115706844329833913e+01
1.089234657287597585e+01
1.101479597091674734e+01
1.091870646476745677e+01
1.066348977088928152e+01
1.085909118652343786e+01
1.137312798500061106e+01
1.138172969818115199e+01
1.120190758705139089e+01
1.105125465393066442e+01
1.110643348693847621e+01
1.108980312347412145e+01
1.072802581787109411e+01
1.104039278030395543e+01
1.069705414772033691e+01
1.184081673622131348e+01
1.096394915580749441e+01
1.067170276641845739e+01
1.042316575050353933e+01
1.036849527359008860e+01
1.166666302680969203e+01
1.107949995994567871e+01
1.069392390251159597e+01
1.104593987464904714e+01
1.083156228065490723e+01
1.123831443786621165e+01
1.060715565681457484e+01
1.076563110351562536e+01
1.086159048080444300e+01
1.054861621856689524e+01
1.091736936569213867e+01
1.042994270324706996e+01
1.074305434226989675e+01
1.089690709114074707e+01
1.072384896278381383e+01
1.109874086380004954e+01
1.070108385086059499e+01
1.047592229843139577e+01
1.095200452804565394e+01
1.088186960220336985e+01
1.215515708923339844e+01
1.082320346832275426e+01
1.057728633880615199e+01
1.098200469017028880e+01
1.086582026481628382e+01
1.051121926307678223e+01
1.062161002159118617e+01
1.080944504737854039e+01
1.087255516052246129e+01
1.093581547737121618e+01
1.080005211830139089e+01
1.098536944389343262e+01
1.058066182136535716e+01
1.112172594070434606e+01
1.041373777389526367e+01
1.065238533020019496e+01
1.064399533271789622e+01
1.031929464340209890e+01
1.083139667510986293e+01
1.081813168525695801e+01
1.059419722557067800e+01
1.107661333084106481e+01
1.053647580146789586e+01
1.098689894676208567e+01
1.109750051498413015e+01
1.053380584716796875e+01
1.065602483749389684e+01
1.090655512809753347e+01
1.073362946510314941e+01
1.075494389533996653e+01
1.075617189407348562e+01
1.096365294456481898e+01
1.057809205055236745e+01
1.062894630432128906e+01
1.076079835891723668e+01
1.068630561828613246e+01
1.055249824523925817e+01
1.042153339385986399e+01
1.098486475944519114e+01
1.069297571182250906e+01
1.092849726676940847e+01
1.070427002906799352e+01
1.040977153778076136e+01
1.088569650650024379e+01
1.119043512344360281e+01
1.081104292869567907e+01
1.116942973136901784e+01
1.090800113677978445e+01
1.075922994613647532e+01
1.049213209152221715e+01
1.059230732917785645e+01
1.033969726562500036e+01
1.049000182151794469e+01
1.090435318946838450e+01
1.066214308738708461e+01
1.108297262191772425e+01
1.064932961463928152e+01
1.068022947311401438e+01
1.114567399024963379e+01
1.082837247848510742e+01
1.065468044281005788e+01
1.125492157936096227e+01
1.223899083137512278e+01
1.094207010269165004e+01
1.061827726364135671e+01
1.112909202575683665e+01
1.105132312774658132e+01
1.103534088134765589e+01
1.133771195411682164e+01
1.135382709503173793e+01
1.075585632324218821e+01
1.068014988899230922e+01
1.033728551864624023e+01
1.081144700050353968e+01
1.057167959213256836e+01
1.068562273979187083e+01
1.073790912628173899e+01
1.054044337272643972e+01
1.050148100852966238e+01
1.051935429573059011e+01
1.092739162445068324e+01
1.075475821495056117e+01
1.083528370857238698e+01
1.039894070625305211e+01
1.077842540740966726e+01
1.071829514503479075e+01
1.075451951026916575e+01
1.033452706336975169e+01
1.126647434234619105e+01
1.099049377441406250e+01
1.081366534233093191e+01
1.111350641250610316e+01
1.051432342529296804e+01
1.044771480560302734e+01
1.085372481346130336e+01
1.023075556755065918e+01
1.059987473487854004e+01
1.124261879920959473e+01
1.102237739562988317e+01
1.068053808212280309e+01
1.077653923034668004e+01
1.077020583152770961e+01
1.040249600410461461e+01
1.129777808189392019e+01
1.075992426872253382e+01
1.058535356521606374e+01
1.101472787857055735e+01
1.089595332145690953e+01
1.084520888328552246e+01
1.089390783309936594e+01
1.084452486038208008e+01
1.036497402191162109e+01
1.057574043273925746e+01
1.090097608566284215e+01
1.181490778923034668e+01
1.053921384811401296e+01
1.103170847892761230e+01
1.043969173431396413e+01
1.095136041641235281e+01
1.086631851196289134e+01
1.070824880599975515e+01
1.203006434440612793e+01
1.040828585624694824e+01
1.062647857666015661e+01
1.079395527839660573e+01
1.106621079444885325e+01
1.063349704742431712e+01
1.150026717185974157e+01
1.034920768737793040e+01
1.089322152137756383e+01
1.068010969161987234e+01
1.057721486091613805e+01
1.068667759895324743e+01
1.048021645545959402e+01
1.063227887153625417e+01
1.052480320930481028e+01
1.037210545539855922e+01
1.123023095130920446e+01
1.098405642509460378e+01
1.110069351196289134e+01
1.067973752021789480e+01
1.057351560592651296e+01
1.099333820343017543e+01
1.097727503776550328e+01
1.069329791069030833e+01
1.066035199165344238e+01
1.056887998580932653e+01
1.079599571228027344e+01
1.094654421806335520e+01
1.043346672058105540e+01
1.095755152702331614e+01
1.106209411621093786e+01
1.162869238853454590e+01
1.074278326034545827e+01
1.054173297882080007e+01
1.082552709579467809e+01
1.115386133193969798e+01
1.070529866218566895e+01
1.090264801979065012e+01
1.076857094764709544e+01
1.102677407264709508e+01
1.047856764793396067e+01
1.021628122329711985e+01
1.077446174621582031e+01
