9.757130444049835205e-01
9.329608976840972900e-01
9.013275742530822976e-01
8.623615860939025657e-01
8.202185094356536643e-01
7.903366327285766824e-01
7.745375454425811323e-01
7.860310971736907959e-01
7.812419056892394575e-01
7.778250157833099809e-01
7.788142740726471391e-01
7.515841901302338091e-01
7.532959461212158647e-01
7.513298988342285156e-01
7.350533664226531760e-01
7.280832052230834517e-01
7.209676802158355713e-01
7.228260993957519309e-01
7.253033518791198730e-01
7.216759443283080611e-01
7.205808043479919878e-01
7.221501439809798750e-01
7.105693578720092551e-01
7.113853812217711958e-01
7.160936355590820090e-01
7.152271300554275957e-01
7.185534298419952171e-01
7.145910412073135376e-01
7.097656846046447310e-01
7.059505045413970725e-01
7.114600181579590066e-01
7.084138751029968040e-01
7.116249442100525124e-01
7.121832132339477317e-01
7.119455695152282493e-01
7.078688830137253030e-01
7.111903160810471025e-01
7.111915409564971702e-01
7.140166550874710305e-01
7.070127964019775613e-01
7.105322003364562544e-01
7.031705379486083984e-01
7.085118293762207031e-01
7.078381359577179399e-01
7.051134735345840898e-01
7.128800570964812788e-01
7.103261888027191384e-01
7.026995182037353294e-01
7.132754743099212202e-01
7.105171591043472068e-01
7.047540098428726196e-01
7.098509192466735396e-01
7.080130875110626221e-01
7.067258000373840554e-01
7.119966059923171775e-01
7.068717837333678977e-01
7.035572528839111328e-01
7.009914457798004372e-01
7.064424037933350053e-01
7.085641801357269731e-01
7.070145845413208230e-01
7.045473635196686235e-01
6.981053948402404785e-01
7.087809711694716963e-01
7.003898859024048074e-01
7.083561122417449951e-01
7.078222453594207320e-01
7.051781237125396284e-01
6.972836762666702048e-01
7.011507451534271240e-01
7.052901059389113936e-01
7.049831509590148704e-01
7.063454091548919678e-01
7.025714457035064919e-01
7.098597109317779097e-01
7.041433036327362505e-01
7.080960571765899658e-01
7.025241672992705855e-01
7.021208047866821511e-01
7.062477856874466164e-01
6.957572519779204878e-01
7.004475504159927146e-01
7.080941945314407349e-01
7.011141777038574219e-01
7.003144443035125288e-01
7.029037326574325562e-01
6.987025260925292525e-01
7.033104181289673296e-01
7.005748927593231645e-01
7.028759956359863503e-01
7.002899885177612527e-01
7.035551905632019265e-01
7.024680495262145552e-01
7.057963818311691062e-01
7.027788341045380083e-01
6.989234626293182595e-01
7.030473858118057029e-01
7.000703155994415505e-01
6.992142140865326150e-01
6.995092868804931863e-01
7.078553020954132524e-01
7.011328637599945068e-01
7.073511362075806108e-01
6.998817682266235130e-01
6.996367275714874268e-01
7.013952970504760964e-01
7.008997559547424094e-01
6.952363550662994385e-01
6.988106012344360574e-01
6.975914001464843528e-01
7.015232920646667925e-01
6.965681254863739236e-01
6.980016291141509788e-01
7.046944081783295122e-01
6.964331150054932085e-01
7.020956188440322654e-01
6.955628156661987083e-01
6.928562939167022261e-01
6.961018979549408181e-01
7.029544055461883767e-01
6.983989775180816650e-01
6.973787873983383623e-01
6.952704966068268266e-01
6.936035037040710893e-01
6.994123578071593794e-01
6.988805592060088889e-01
6.989185988903046098e-01
7.002261042594909446e-01
7.028196454048156738e-01
7.030419528484344038e-01
6.975394666194916216e-01
7.060298413038254006e-01
6.991747438907622847e-01
6.983971714973449263e-01
7.004743158817291482e-01
6.991859495639800581e-01
7.005422353744507058e-01
7.005973815917968528e-01
6.947684645652770774e-01
7.009003639221191850e-01
7.058315843343734297e-01
6.995265483856201172e-01
6.977180182933807595e-01
7.018097758293151411e-01
6.934644103050231490e-01
6.933051168918609175e-01
7.006321072578429732e-01
7.046155691146850364e-01
7.025178313255310281e-01
6.996271312236785889e-01
6.973230779170990212e-01
7.012717068195343240e-01
6.952139973640442117e-01
7.039643824100494385e-01
6.999627888202667458e-01
6.954399526119232622e-01
6.949169337749481201e-01
6.989401578903198242e-01
7.000687539577483687e-01
6.913764476776123047e-01
6.969107806682586226e-01
6.992580831050873025e-01
7.025030910968780296e-01
6.986497521400452104e-01
7.008944153785705566e-01
7.036456644535065141e-01
7.025153160095214400e-01
7.036680281162261963e-01
7.041841268539428267e-01
7.003224521875381914e-01
7.014676153659820113e-01
7.028587251901626809e-01
6.974949508905410323e-01
6.989645421504974143e-01
7.042310178279876931e-01
6.964947462081909624e-01
7.079210221767425759e-01
6.949542045593262163e-01
6.981585383415221946e-01
7.009244918823241965e-01
7.041678071022033913e-01
7.083593666553497092e-01
6.982983708381652610e-01
7.033304393291472945e-01
7.006319403648376687e-01
7.060191392898559348e-01
7.038054257631302102e-01
7.104555577039718406e-01
7.060424536466598511e-01
7.051182091236114502e-01
7.012226581573486328e-01
7.138001441955565962e-01
6.999410539865493774e-01
7.025882542133331521e-01
7.041385352611542192e-01
7.000829458236694780e-01
7.016647696495056374e-01
7.131069689989090188e-01
7.069403320550918801e-01
7.063803166151046975e-01
7.091461002826691118e-01
7.040825903415679488e-01
7.110831379890442117e-01
7.006391406059264693e-01
7.023986816406250222e-01
7.082035839557647705e-01
7.018118977546692339e-01
7.009067356586455855e-01
7.060699164867401123e-01
7.107478141784667747e-01
7.038765251636505127e-01
7.046292185783386008e-01
7.010716676712036577e-01
7.015098601579665694e-01
7.011283338069915771e-01
7.084233939647675005e-01
6.995637178421020286e-01
7.031639456748962624e-01
7.022420406341552956e-01
6.982967734336853471e-01
7.052308738231658491e-01
7.029102683067321999e-01
6.982740640640259233e-01
6.991073429584503396e-01
7.034330248832703081e-01
7.067541241645812766e-01
7.006035268306731734e-01
7.047512799501418623e-01
6.998347520828247514e-01
6.997726261615753174e-01
7.044041424989699873e-01
7.013150572776793990e-01
7.057379215955734697e-01
7.055867969989776389e-01
7.075650542974472046e-01
7.077706992626190408e-01
7.043091118335723655e-01
7.011709749698639138e-01
7.058648467063903809e-01
7.050345957279204878e-01
7.109697401523590310e-01
7.068785011768341509e-01
6.971500694751739946e-01
7.068672358989716020e-01
7.053994387388229370e-01
7.047931611537933128e-01
7.125809192657470703e-01
7.016738533973694292e-01
7.102363526821136031e-01
7.048653185367583784e-01
7.079089134931564331e-01
7.020441591739654541e-01
7.088659405708312988e-01
7.077523469924926758e-01
7.025357782840728760e-01
7.088523447513580544e-01
7.105101108551025169e-01
7.044753462076187578e-01
7.087226986885071245e-01
7.055175840854644997e-01
7.044328629970550981e-01
7.036190658807754961e-01
7.109482556581496748e-01
7.046028017997741921e-01
6.956196188926696555e-01
7.025917530059814231e-01
7.042329251766205056e-01
7.055040329694748369e-01
7.026463627815247026e-01
7.035263180732727051e-01
7.077505648136138694e-01
7.127249330282211526e-01
7.133227914571762529e-01
7.129475831985473411e-01
7.075730353593826516e-01
7.066998720169067605e-01
7.071209400892257690e-01
7.095800817012787309e-01
7.108291029930114968e-01
7.032569587230682595e-01
7.039866924285889116e-01
7.022004306316376177e-01
7.079766929149627908e-01
7.045264244079589844e-01
7.086597144603729026e-01
7.071766197681427224e-01
7.074750632047652754e-01
7.031590849161147849e-01
7.136538684368133323e-01
7.078834474086761475e-01
7.054658830165863037e-01
7.047034472227096114e-01
7.060587406158447266e-01
7.056771934032439741e-01
7.100192517042159812e-01
7.043898820877074751e-01
7.081521689891815408e-01
7.080680489540099876e-01
7.059760093688964844e-01
7.110241651535034180e-01
7.057773202657700029e-01
7.080918371677398238e-01
7.082718372344970481e-01
7.080460071563721147e-01
7.030646562576293723e-01
7.060701906681060569e-01
7.083244115114212258e-01
7.040222525596618874e-01
7.016776204109191895e-01
7.098417460918426958e-01
7.053228318691253662e-01
7.054158151149749756e-01
7.041593432426452859e-01
7.052530825138092485e-01
7.060871779918670432e-01
7.087267100811004417e-01
7.034636676311493142e-01
7.055522859096526878e-01
7.023835718631744607e-01
7.084359943866729292e-01
7.034624338150023970e-01
7.031627774238586870e-01
7.028549730777740034e-01
7.045741885900497214e-01
7.072704851627349409e-01
7.143743753433227095e-01
7.039651095867156538e-01
7.097692608833312544e-01
7.042510747909546120e-01
7.009336233139038530e-01
7.130216509103775024e-01
7.027810454368591531e-01
7.053852140903472678e-01
7.034655392169952837e-01
7.052321046590804832e-01
7.021064281463622603e-01
7.055739074945449607e-01
7.061075657606125100e-01
7.015396773815154585e-01
7.020739018917083740e-01
7.073678553104401079e-01
7.096012473106384499e-01
7.091867148876189741e-01
7.021080255508422852e-01
7.060375571250915305e-01
7.071654379367828813e-01
7.090770632028580156e-01
7.035557866096496804e-01
7.124735683202743086e-01
7.092467874288559404e-01
7.076951384544372115e-01
7.084342122077942339e-01
7.023551821708678977e-01
7.057877123355865701e-01
7.023355007171631081e-01
7.079838722944259422e-01
7.063776195049286111e-01
7.073243200778961404e-01
7.058131933212280495e-01
7.093532562255859819e-01
7.136968225240707397e-01
7.121065020561218040e-01
7.015998572111129539e-01
7.122911870479583518e-01
7.101511180400847945e-01
7.063740432262420876e-01
7.045545220375061257e-01
7.112768590450286865e-01
7.078812897205353227e-01
7.038955271244049516e-01
7.066663473844527754e-01
7.045082539319992287e-01
7.039363205432891402e-01
7.001819133758544478e-01
7.053294181823730469e-01
7.039407551288604514e-01
7.093498468399047630e-01
7.053953349590301736e-01
7.123595565557480080e-01
7.021720826625823531e-01
7.094931542873382790e-01
7.086078464984894021e-01
7.037510335445403831e-01
7.073031812906265259e-01
7.048712939023971114e-01
7.086312651634216753e-01
7.117218255996704546e-01
7.127883493900298850e-01
7.091377019882202370e-01
7.086555838584900346e-01
7.105444788932799849e-01
7.100543230772018433e-01
7.077589690685271995e-01
7.114143788814544234e-01
7.094424724578857200e-01
7.095914602279662642e-01
7.119327425956726296e-01
7.142989248037338035e-01
7.086009621620178445e-01
7.085237562656402366e-01
7.122035205364227739e-01
7.063224792480469194e-01
7.062885999679565652e-01
7.084256529808043990e-01
7.071486622095107810e-01
7.068645000457763894e-01
7.061058223247528298e-01
7.073828041553497092e-01
7.079998016357421653e-01
7.036440491676330122e-01
7.094406902790069136e-01
7.085603177547454834e-01
7.092090010643005149e-01
7.107361167669296043e-01
7.071854054927826372e-01
7.151956915855407493e-01
7.070193737745285034e-01
7.122011601924895796e-01
7.052453160285949707e-01
7.097569584846497026e-01
7.050838172435760498e-01
7.086746990680694580e-01
7.128400325775146040e-01
7.044725269079208374e-01
7.094267189502716509e-01
7.089273095130920188e-01
7.065768569707870927e-01
7.109858006238937156e-01
7.109535872936249001e-01
7.088962316513061079e-01
7.059351682662964311e-01
7.091381788253784402e-01
7.083131194114684615e-01
7.103583216667175293e-01
7.055494189262390137e-01
7.098555743694305864e-01
7.082600295543670654e-01
7.127613842487334761e-01
7.058953642845153809e-01
7.073698580265045388e-01
7.053617030382156594e-01
7.087016701698303223e-01
7.145872831344604048e-01
7.112334877252578513e-01
7.095989406108855757e-01
7.084859192371368852e-01
7.092826247215271440e-01
7.145899385213851929e-01
7.065407216548920122e-01
7.110714733600616011e-01
7.061893612146377119e-01
7.128163188695907371e-01
7.101571410894393921e-01
7.056877076625823753e-01
7.106950819492340310e-01
7.105945527553558794e-01
7.071766853332519531e-01
7.118682265281677246e-01
7.083105146884918213e-01
7.109604150056838545e-01
7.058110058307647261e-01
7.068929195404052290e-01
7.075050413608551247e-01
7.058687984943390337e-01
7.047465026378632036e-01
7.081812143325805220e-01
7.161602973937988281e-01
7.043133944272994551e-01
7.072674453258513960e-01
7.050810933113098589e-01
7.087518095970153365e-01
7.112751722335814986e-01
6.997972965240478738e-01
7.088833272457122359e-01
7.069465309381485207e-01
6.979378104209900124e-01
7.077112674713135210e-01
7.084375083446502464e-01
7.062859117984772173e-01
7.061706125736236794e-01
7.065290987491608110e-01
7.094942986965179221e-01
7.073047935962677446e-01
7.066692978143691573e-01
7.027579784393310769e-01
7.054842889308929887e-01
7.077008724212646706e-01
7.061077207326889038e-01
7.102027535438537598e-01
7.104220002889632957e-01
7.093095719814300759e-01
7.069543480873108354e-01
7.049987554550171120e-01
7.054275304079056230e-01
6.985114932060241255e-01
7.077490448951720969e-01
7.115417182445525901e-01
7.055003374814987627e-01
7.037599444389343040e-01
7.020686745643616167e-01
7.081273496150970459e-01
7.073151081800460593e-01
7.055863201618194358e-01
7.079621702432632446e-01
7.025020658969879372e-01
7.126692652702331099e-01
7.043131947517394797e-01
7.066427946090698686e-01
7.072200000286101851e-01
7.014716804027557595e-01
7.065538793802261797e-01
7.051259666681289895e-01
7.072205573320389238e-01
7.035982310771942139e-01
7.110656678676605669e-01
7.017114222049712913e-01
7.078306436538696067e-01
7.032772421836852583e-01
7.113751500844955888e-01
7.042004585266112837e-01
7.040606617927551714e-01
7.097050011157989280e-01
7.059547692537307961e-01
7.042609393596649392e-01
7.066754519939422163e-01
7.088459908962250200e-01
7.046935260295867920e-01
7.133283734321593794e-01
7.073932737112045288e-01
7.103206038475036177e-01
7.044483691453933272e-01
7.050739169120788796e-01
7.111034303903579490e-01
7.035967409610748291e-01
7.052981495857238992e-01
7.056687146425246748e-01
7.065862715244293213e-01
7.085234582424163596e-01
7.168791115283965620e-01
7.041762113571167214e-01
7.050262928009033425e-01
7.092717230319977029e-01
7.074724316596985307e-01
7.051216244697571245e-01
7.078453302383422852e-01
7.063324421644210371e-01
7.058205723762511763e-01
7.094483792781829390e-01
7.072951197624206543e-01
7.028138369321823564e-01
7.019376039505005327e-01
7.091295242309569868e-01
7.010702729225158913e-01
7.068554639816284624e-01
7.064413368701935036e-01
7.077502250671386941e-01
7.077625930309295876e-01
7.053129732608794944e-01
7.031393527984619585e-01
7.099583923816681352e-01
7.118356168270111306e-01
7.104323327541350874e-01
7.001595616340636763e-01
7.040012598037719282e-01
7.064783632755279319e-01
7.065472483634949175e-01
7.022363483905792458e-01
7.090689420700073686e-01
7.110345542430878130e-01
7.068530321121215820e-01
7.061559319496154563e-01
7.044980823993682861e-01
7.044552654027939065e-01
7.061159223318099754e-01
7.062509775161742720e-01
7.033831357955933061e-01
7.066992163658142312e-01
7.126705825328827348e-01
7.051257371902466264e-01
7.097394049167633501e-01
7.041247844696044700e-01
7.165991127490997092e-01
7.108550786972045454e-01
7.139723420143126997e-01
7.021161854267120583e-01
7.037370502948760986e-01
7.059282839298248735e-01
7.054104685783386675e-01
7.035871624946594682e-01
7.051375329494475874e-01
7.102926850318909135e-01
7.067203283309936301e-01
7.041093409061431885e-01
7.080436050891876221e-01
7.067037463188171609e-01
7.049532383680343628e-01
7.026758790016174316e-01
7.060488045215607134e-01
7.087677001953125444e-01
7.023597896099090798e-01
7.158722072839737161e-01
7.113656967878341231e-01
7.091421425342560036e-01
7.119438290596008523e-01
7.059533536434173806e-01
7.123334527015685591e-01
7.095549106597900391e-01
7.084742546081542747e-01
7.065088242292404397e-01
7.076713383197784646e-01
7.028310537338257058e-01
7.061072587966918945e-01
7.088193625211716142e-01
7.066930443048476951e-01
7.055510461330414262e-01
7.053514897823334184e-01
7.029813468456268533e-01
7.059668540954590066e-01
7.056318998336792436e-01
7.067851394414901289e-01
7.080525785684586015e-01
7.076185375452042070e-01
7.058527886867522749e-01
7.082814693450927290e-01
7.115870803594589455e-01
7.085336029529571977e-01
7.119105875492095503e-01
7.092054009437560591e-01
7.101326644420623557e-01
7.073395371437072310e-01
7.074501872062682883e-01
7.043598473072052446e-01
7.104601591825485674e-01
7.046102792024612205e-01
7.123622119426726851e-01
7.076347082853317039e-01
7.082941055297851118e-01
7.047139823436736616e-01
7.095199584960937278e-01
7.069792449474334717e-01
7.087572872638702171e-01
7.018652081489562544e-01
7.058981060981750488e-01
7.072134047746658769e-01
7.073133826255798562e-01
7.048895329236983809e-01
7.073063910007476585e-01
7.081416666507720503e-01
7.079440951347351074e-01
7.097517549991607666e-01
7.103513270616531594e-01
7.039048194885253462e-01
7.069602310657501221e-01
7.084593027830123901e-01
7.054696500301360640e-01
7.164364516735076682e-01
7.070068448781967607e-01
7.067360222339630349e-01
7.034855186939239502e-01
7.066688895225524680e-01
7.090889334678649458e-01
7.100150197744369285e-01
7.031045138835907427e-01
7.070125281810760720e-01
7.058837026357650535e-01
7.046578794717788252e-01
7.042540431022643599e-01
7.083362698554992454e-01
7.083349466323852761e-01
7.113229691982269065e-01
7.125842928886413352e-01
7.041977763175963911e-01
7.104410290718078391e-01
7.063429653644561768e-01
7.084112346172333208e-01
7.079701602458954302e-01
7.036682516336441040e-01
7.083662211894988792e-01
7.094343990087509377e-01
7.069190829992294534e-01
7.034413576126098411e-01
7.102036714553833230e-01
7.118362426757812722e-01
7.019476830959320290e-01
7.042428553104400635e-01
7.072272777557373491e-01
7.114387929439545122e-01
7.050437986850738303e-01
7.046894907951355425e-01
7.080889552831649558e-01
7.109430551528930220e-01
7.099699854850769487e-01
7.078686743974685891e-01
7.064809709787368552e-01
7.059659659862518311e-01
7.058302521705627219e-01
7.088003635406494585e-01
7.041765153408050537e-01
7.003945887088776079e-01
7.077461272478103860e-01
7.082765042781830056e-01
7.050717592239379439e-01
7.075447231531143411e-01
7.092205524444580300e-01
7.089796423912048118e-01
7.044006854295730147e-01
7.059450685977936013e-01
7.041232943534850852e-01
7.100940823554993120e-01
7.082449018955230269e-01
7.086264759302138838e-01
7.059379994869232622e-01
7.057060360908508079e-01
7.106723606586455855e-01
7.063277184963225874e-01
7.037051379680633323e-01
7.043433010578155073e-01
7.048722565174102561e-01
7.066957473754882368e-01
7.082274436950684038e-01
7.074385523796081765e-01
7.071339517831802812e-01
7.025857448577881303e-01
7.065825164318084717e-01
7.051994919776916060e-01
7.086616784334183183e-01
7.100698351860046387e-01
7.068302929401397705e-01
7.049977481365203857e-01
7.045439898967742476e-01
7.066703855991363081e-01
7.124014228582382646e-01
7.054841190576552901e-01
7.092712581157684104e-01
7.082262039184570312e-01
7.106533229351044145e-01
7.074486672878265159e-01
7.070855975151062456e-01
7.072877824306488259e-01
7.101199448108672652e-01
7.088495552539825217e-01
7.089027285575866255e-01
7.046156704425812212e-01
7.041567653417587502e-01
7.045235097408294456e-01
7.074301540851593018e-01
7.058515191078186257e-01
7.085608124732971635e-01
7.067606747150421143e-01
7.103944122791290283e-01
7.091341078281402366e-01
7.074330508708953635e-01
7.112236261367798074e-01
7.057014107704162598e-01
7.079912245273589644e-01
7.061370730400085005e-01
7.026045918464660645e-01
7.101637005805969682e-01
7.070358633995056374e-01
7.027800083160400391e-01
7.111553490161895974e-01
7.031042605638504472e-01
7.057087838649749312e-01
7.050435304641723411e-01
7.117196440696715865e-01
7.068092286586761253e-01
7.064197063446044922e-01
7.052378505468368530e-01
7.081686437129974809e-01
7.087178349494933638e-01
7.017751485109329224e-01
7.090755939483642800e-01
7.056726902723312600e-01
7.132064342498779519e-01
7.012464106082916260e-01
7.066222965717315896e-01
7.115299999713897705e-01
7.097034335136414018e-01
7.058696031570435014e-01
7.050513088703155296e-01
7.051966428756714089e-01
7.073182702064514382e-01
7.071302324533462746e-01
7.096790701150894609e-01
7.133661746978759988e-01
7.068020343780517800e-01
7.051929295063018577e-01
7.074739634990692139e-01
7.104708075523376021e-01
7.119771599769592063e-01
7.013851642608642800e-01
7.062904596328735130e-01
7.068898797035216841e-01
7.143067836761474165e-01
7.075524508953094927e-01
7.076142251491546187e-01
7.049861729145050493e-01
7.060895204544067605e-01
7.118586093187332375e-01
7.096980422735214011e-01
7.092736840248108354e-01
7.055926501750946489e-01
7.136239886283874956e-01
7.087189197540283425e-01
7.060455262660980669e-01
7.074595272541046587e-01
7.091323047876357810e-01
7.077327609062195046e-01
7.051183462142944780e-01
7.101184934377670066e-01
7.104974508285522017e-01
7.065712422132491843e-01
7.043882787227631059e-01
7.113670021295547263e-01
7.040379941463470459e-01
7.074615418910980003e-01
7.131945163011550459e-01
7.095509916543960571e-01
7.083349406719208208e-01
7.047513067722320779e-01
7.064447104930877686e-01
7.090797096490859541e-01
7.120709776878356712e-01
7.033910691738128884e-01
7.053400546312331709e-01
7.110989451408386008e-01
7.057139575481414795e-01
7.103022843599319236e-01
7.034346103668213113e-01
7.064819455146789107e-01
7.043449640274047630e-01
7.074716776609420998e-01
7.110717535018921120e-01
7.036106616258621660e-01
7.052013278007507324e-01
7.135648578405380249e-01
7.081170618534088357e-01
7.117948353290557417e-01
7.150523096323013750e-01
7.091915428638457808e-01
7.054120033979416338e-01
7.061341941356659158e-01
7.069252371788025124e-01
7.101960599422454390e-01
7.058338761329651101e-01
7.050687015056610329e-01
7.058694869279861228e-01
7.099848449230193870e-01
7.097721815109252486e-01
7.052844107151031716e-01
7.074706256389617920e-01
7.048690557479858620e-01
7.091857492923736572e-01
7.033884823322296143e-01
7.064636468887328657e-01
7.042338013648986594e-01
7.073401540517807451e-01
7.042189896106719749e-01
7.141193121671676192e-01
7.037974774837494341e-01
7.080577433109283003e-01
7.060252368450165017e-01
7.083435833454132524e-01
7.043316364288330078e-01
7.100360572338104692e-01
7.086676418781280296e-01
7.058612704277038574e-01
7.036554217338562012e-01
7.065897285938262939e-01
7.078299045562743697e-01
7.097810506820678711e-01
7.057011336088180320e-01
7.070549428462982178e-01
7.064315736293792503e-01
7.061929523944854292e-01
7.038951694965362993e-01
6.997855544090271218e-01
7.051568120718002541e-01
7.084914028644562212e-01
7.112057089805603471e-01
7.059113562107086626e-01
7.058377623558044212e-01
7.077806532382965310e-01
7.123817920684814009e-01
7.022226542234420998e-01
7.136761307716369407e-01
7.020779490470886453e-01
7.063172459602355957e-01
7.104338705539703369e-01
7.105355113744735718e-01
7.116706520318984985e-01
7.090225368738174438e-01
7.064177066087722334e-01
7.046686291694641557e-01
7.096557289361953291e-01
7.096313834190368652e-01
7.042102813720703125e-01
7.095035791397095171e-01
7.054030835628509744e-01
7.032863706350326316e-01
7.082590579986571822e-01
7.084791302680969460e-01
7.076071441173553689e-01
7.050522238016128096e-01
7.056463152170181496e-01
7.068077206611633745e-01
7.064174950122833474e-01
7.052627444267273171e-01
7.090475916862487571e-01
7.033954858779907227e-01
7.090215086936950684e-01
7.081917583942413108e-01
7.072041153907775435e-01
7.087735652923583540e-01
7.077904522418976274e-01
7.061165809631347878e-01
7.085294812917709573e-01
7.096285283565521018e-01
7.030823349952697310e-01
7.051423549652099387e-01
7.041837334632873313e-01
7.107612460851668867e-01
7.034382581710815208e-01
7.034750521183014138e-01
7.074380517005920410e-01
7.060359060764312966e-01
7.056664884090423362e-01
7.148459732532501665e-01
7.062793731689452903e-01
7.081223249435424361e-01
7.072054326534271684e-01
7.044026643037796243e-01
7.030861020088196023e-01
7.115405023097991499e-01
7.070960104465484619e-01
7.123163580894470437e-01
7.031294345855713113e-01
7.073784887790679488e-01
7.104546576738357544e-01
7.052647352218628374e-01
7.055025100708007812e-01
7.107702642679214478e-01
7.080372989177703413e-01
7.070925444364547507e-01
7.071108490228652510e-01
7.064767718315124734e-01
7.074200868606567161e-01
7.127092778682708740e-01
7.076949119567871316e-01
7.051625728607178178e-01
7.080419510602951050e-01
7.051822066307067427e-01
7.038950353860855547e-01
7.078959822654724565e-01
7.072309553623199463e-01
7.068642139434814231e-01
7.036544501781463179e-01
7.086225748062133789e-01
7.122087925672531128e-01
7.080374836921692339e-01
7.041274011135101318e-01
7.081669211387634499e-01
7.076245546340942383e-01
7.084684491157531294e-01
7.105975508689880149e-01
7.029208064079284224e-01
7.047985911369323286e-01
7.063474059104919434e-01
7.052192568778992143e-01
7.065837323665619119e-01
7.061327219009398970e-01
7.068059742450714111e-01
7.062820374965668169e-01
7.063662350177765115e-01
7.076968193054199441e-01
7.107881009578704834e-01
7.094043135643005593e-01
7.060163915157318115e-01
7.072819113731384499e-01
7.048676490783691850e-01
7.044284939765930176e-01
7.036016404628753218e-01
7.063230395317077193e-01
7.118744909763335960e-01
7.095524847507477251e-01
7.119227945804595947e-01
7.052488505840301958e-01
7.052457273006439431e-01
7.092914104461669478e-01
7.070930421352386031e-01
7.094615250825881958e-01
7.052547842264175193e-01
7.035255789756774680e-01
7.067525178194046243e-01
7.068746447563171165e-01
7.125193238258361594e-01
7.087408512830734031e-01
7.073721647262573020e-01
7.064554750919341819e-01
7.039885044097899947e-01
