9.614050587018331262e-01
9.332455396652221680e-01
8.951810598373413086e-01
8.557014862696329383e-01
8.153802553812662390e-01
7.112543185551961633e-01
6.206665237744649621e-01
4.813610414663950787e-01
4.748488167921702252e-01
4.634203811486561908e-01
5.000873704751332971e-01
4.693756302197774066e-01
4.782610634962717877e-01
4.905043145020802631e-01
4.416141460339228497e-01
5.138097604115804407e-01
4.487033883730570660e-01
4.822404583295186176e-01
4.606854816277821674e-01
4.587072730064392090e-01
4.660114745299021588e-01
5.009884933630625037e-01
5.037962893644968299e-01
5.116975903511047363e-01
4.532962739467620850e-01
4.591610431671142578e-01
4.696261882781982422e-01
4.602693418661753522e-01
4.562328755855560303e-01
5.090169111887613562e-01
4.798908631006876813e-01
4.548393885294596539e-01
4.525720377763112201e-01
5.033702850341796875e-01
4.443478882312774658e-01
4.754418929417927875e-01
5.359978973865509033e-01
5.107608636220296594e-01
5.012071331342061731e-01
4.556470115979512348e-01
4.687241812547047748e-01
4.881453911463419781e-01
4.809565742810567035e-01
4.733902116616566791e-01
5.036021669705709192e-01
4.282310456037521362e-01
4.542192320028941022e-01
4.538917044798533307e-01
4.541831711928049908e-01
4.515456656614939557e-01
4.617808759212493896e-01
5.055294235547383996e-01
4.487231969833374023e-01
4.764964083830515729e-01
4.518406887849171771e-01
4.653050700823466168e-01
4.574067294597625732e-01
4.367559204498926984e-01
4.784680803616841449e-01
4.341494639714558734e-01
5.085762143135070801e-01
4.516337414582570209e-01
5.010337829589843750e-01
4.534968137741088867e-01
4.782738188902537213e-01
4.580033520857493268e-01
4.815071920553843365e-01
4.354388465483983173e-01
4.486986895402272357e-01
4.994243085384368896e-01
5.056159297625223425e-01
4.796889225641886578e-01
4.334214876095454083e-01
4.541330138842264996e-01
4.342970202366511212e-01
4.742223918437957764e-01
4.779996871948242188e-01
4.753917058308919086e-01
4.816812475522359027e-01
4.795670708020527973e-01
4.345799138148625507e-01
4.799355268478393555e-01
4.551872412363688336e-01
4.576052923997243060e-01
4.837766985098521100e-01
4.314250697692235126e-01
5.122686922550201416e-01
4.832142094771067486e-01
5.058575769265493127e-01
4.553145170211791992e-01
5.025503734747568396e-01
4.397481133540471210e-01
4.808569153149922504e-01
4.294215738773345947e-01
4.605477948983510150e-01
4.844803909460703717e-01
4.818312128384907855e-01
4.561128815015156879e-01
4.637062946955363141e-01
4.829331338405609131e-01
4.835587640603383197e-01
5.093997617562612268e-01
4.536504248778025494e-01
4.588481585184733258e-01
5.150915384292602539e-01
5.572597483793894080e-01
4.783422648906707764e-01
4.555008312066395892e-01
4.573223789532979144e-01
4.544778863588969098e-01
4.844301144282023297e-01
4.892256359259287701e-01
4.543822010358174457e-01
4.801947275797526227e-01
4.833606978257496967e-01
4.839451809724171771e-01
4.913904766241709576e-01
5.014837880929311487e-01
4.575848480065663471e-01
4.821154773235321045e-01
4.895445903142293109e-01
4.838151037693023682e-01
4.777928590774536133e-01
4.830476542313893451e-01
5.068163971106210974e-01
4.567597707112630023e-01
4.635537962118784772e-01
5.103402634461721155e-01
4.577803115049998151e-01
4.859235684076945172e-01
5.042889018853505823e-01
4.579787453015645160e-01
4.599847098191578998e-01
4.812585016091664447e-01
4.839419523874918805e-01
4.808420439561207904e-01
4.852242072423298969e-01
4.626685082912445068e-01
4.627087910970051898e-01
4.625645180543263568e-01
4.813060661156972064e-01
4.373052964607874737e-01
4.799331227938334332e-01
4.846875866254170551e-01
4.834519227345784320e-01
4.820176859696705951e-01
5.433854858080545691e-01
5.347366829713185998e-01
5.001533826192220422e-01
5.075212816397348670e-01
4.877376854419708252e-01
4.327948639790217267e-01
4.863812327384948730e-01
4.586318631966908588e-01
5.113968650499979285e-01
4.364364047845204486e-01
4.833737512429555072e-01
4.758478701114654541e-01
4.596862296263377057e-01
5.107651253541310998e-01
4.609949290752410889e-01
4.566408991813659668e-01
5.380708326896032068e-01
4.890892505645751953e-01
4.383750855922698975e-01
5.073227087656656531e-01
4.390427668889363422e-01
4.307900220155715942e-01
5.063224434852600098e-01
4.839261869589487897e-01
4.885736008485158099e-01
4.558039903640747070e-01
4.615474343299865723e-01
4.604222873846690045e-01
4.401195545991261615e-01
4.905782441298167096e-01
5.122125844160715369e-01
4.844582676887512207e-01
4.584765632947285785e-01
4.836982885996500836e-01
4.574885070323944092e-01
4.611617028713226318e-01
4.856052001317341937e-01
5.105442007382711145e-01
4.624487956364949359e-01
4.276463141043980731e-01
4.841810266176859723e-01
4.663654665152232037e-01
4.860807160536448346e-01
4.818789561589558734e-01
4.794716040293375836e-01
4.883427321910858154e-01
4.880011876424153461e-01
4.368978738784790039e-01
4.894022047519683838e-01
4.866534968217213764e-01
4.598854482173919678e-01
4.565832217534382953e-01
4.611291885375976562e-01
5.067129731178283691e-01
4.565740227699279785e-01
4.850163459777832031e-01
4.604105353355407715e-01
4.770813683668772565e-01
4.640201032161712646e-01
4.583938022454579486e-01
4.344942122697830200e-01
4.835705657800038471e-01
4.614949425061543598e-01
4.327292491992314472e-01
5.348800420761108398e-01
5.899816652139028283e-01
4.797981580098469867e-01
4.862876037756602154e-01
4.862886965274810791e-01
4.600206216176350726e-01
4.619724750518798828e-01
4.650283853212992535e-01
4.551822841167449951e-01
4.868985911210377826e-01
4.812226792176564349e-01
4.637680451075236188e-01
4.836732149124145508e-01
4.594201743602752686e-01
4.544288118680318012e-01
5.060563882191976282e-01
4.789569973945617676e-01
4.567475020885467529e-01
5.057367384433746338e-01
4.677755534648895264e-01
5.045109887917836877e-01
4.839822252591450824e-01
4.843825002511342181e-01
4.606951177120208740e-01
4.371438622474670410e-01
4.554385542869567871e-01
4.554273982842763080e-01
4.772183299064636230e-01
4.625026384989420758e-01
4.383562803268432617e-01
4.310077081123988019e-01
4.588124255339304791e-01
4.658303459485371723e-01
4.598831236362457275e-01
5.078452626864115027e-01
4.580109218756358014e-01
4.693617423375447406e-01
4.860346813996632709e-01
4.864314496517181396e-01
4.606153070926666260e-01
4.863909979661305560e-01
4.569623768329620361e-01
5.118574301401773718e-01
4.815913041432698383e-01
4.571387966473897113e-01
5.099046428998311731e-01
5.110198358694711951e-01
4.314544796943664551e-01
4.872145553429921283e-01
4.351451247930526733e-01
4.403923749923706055e-01
4.592930376529693604e-01
4.902497331301371442e-01
4.364682237307230817e-01
4.335627754529317035e-01
4.292640686035156250e-01
4.824022650718688965e-01
4.606835146745045795e-01
5.103960831960042688e-01
4.611751139163970947e-01
4.564794699350993024e-01
4.643117189407348633e-01
4.862977365652720319e-01
4.575433333714802875e-01
4.893087645371754779e-01
5.087842941284179688e-01
4.612607558568318500e-01
4.641662339369456158e-01
4.552667140960693359e-01
4.555425047874450684e-01
4.837180177370707379e-01
5.145432750384012488e-01
4.543788234392802106e-01
4.552652935187022076e-01
4.400530606508255005e-01
5.124164521694183350e-01
4.614881475766499652e-01
4.817204773426055908e-01
4.654637177785237445e-01
4.808159768581390381e-01
4.640518526236216412e-01
4.625912706057230817e-01
4.922244449456532611e-01
4.890675048033396588e-01
4.585081537564595355e-01
4.669126768906911029e-01
4.819336632887522565e-01
4.601758023103078021e-01
4.801802933216094971e-01
5.370887021223703650e-01
5.114874144395192834e-01
4.571125408013661517e-01
5.079311430454254150e-01
4.563613533973693848e-01
4.907294909159342633e-01
4.819601575533549176e-01
4.839862287044525146e-01
4.652533928553263531e-01
4.866457482179005756e-01
4.784296651681264056e-01
4.606246749560038434e-01
4.603514571984608783e-01
5.110873381296793250e-01
4.843758344650268555e-01
4.645992318789164410e-01
5.575333138306935998e-01
4.580938220024108887e-01
4.316713213920593262e-01
5.081843137741088867e-01
4.929942786693572998e-01
4.568443298339843750e-01
5.123528440793355676e-01
4.598254859447479248e-01
5.170145034790039062e-01
4.550047715504964008e-01
5.080868005752563477e-01
4.596709708372752057e-01
5.119079947471618652e-01
5.279425779978433875e-01
4.862004021803538190e-01
5.117754936218261719e-01
4.636141558488209857e-01
5.111364424228668213e-01
4.808742900689442767e-01
4.375218451023101807e-01
4.603372216224670410e-01
4.584324260552724017e-01
4.656516512235005512e-01
4.865898390611012592e-01
4.850203196207682477e-01
4.887835780779520856e-01
5.139539539813995361e-01
4.342513134082158222e-01
4.563317398230234967e-01
4.845042228698730469e-01
4.602094391981760846e-01
4.621222317218780518e-01
4.889396329720814838e-01
4.467889567216237201e-01
4.666617910067240582e-01
4.363990128040313721e-01
4.358017096916834698e-01
4.646365344524383545e-01
5.118247767289479944e-01
4.877863228321075439e-01
5.082768897215524939e-01
4.325798153877258301e-01
4.588022927443186627e-01
5.121098657449086877e-01
4.914675851662953510e-01
4.346222778161366596e-01
5.038590331872304651e-01
4.885575473308563232e-01
4.859738846619923724e-01
4.591014385223388672e-01
4.610531330108642578e-01
4.566313425699869977e-01
4.890399078528086529e-01
4.904402295748392926e-01
4.567749500274658203e-01
4.594170451164245605e-01
5.185986955960592004e-01
4.710123638312022076e-01
4.364813417196273804e-01
4.573758244514465332e-01
4.563813706239064349e-01
4.378336419661839618e-01
5.634142657121022912e-01
4.611527323722839355e-01
4.896228710810343610e-01
5.131602088610330847e-01
5.359657307465871545e-01
4.905931750933329449e-01
4.641181528568267822e-01
4.575415352980296002e-01
4.555772244930267334e-01
5.121992329756418494e-01
4.881916145483652936e-01
4.821414947509765625e-01
4.859921634197235107e-01
4.818330307801564349e-01
4.596022168795267926e-01
5.139164129892984656e-01
4.607842266559600830e-01
4.833360115687052594e-01
4.629377027352650775e-01
4.845896164576212750e-01
4.370518376429875507e-01
4.306065440177917480e-01
4.838402171929677142e-01
4.606390098730723248e-01
4.630556007226308002e-01
4.573473731676737652e-01
4.403456250826517926e-01
5.142145355542501184e-01
4.637908339500427246e-01
4.376758883396784650e-01
4.937097231547037945e-01
4.584137996037800922e-01
5.097797016302744177e-01
5.105287134647369385e-01
4.838883678118388043e-01
5.579034785429636267e-01
4.617768724759419574e-01
4.926924407482147217e-01
5.089961191018422815e-01
4.577825566132863178e-01
4.584885040918986188e-01
4.865137139956156598e-01
4.870407084623972760e-01
4.872441490491231098e-01
4.669391910235087262e-01
4.591411352157592773e-01
4.572060406208038330e-01
4.868917266527811871e-01
5.097336967786153528e-01
4.617601831754048480e-01
4.576206505298614502e-01
4.583893915017445697e-01
4.627374807993571149e-01
4.769375622272491455e-01
4.588412245114644183e-01
4.915463825066884174e-01
4.886070092519124164e-01
4.557228883107503070e-01
4.902084072430928363e-01
4.885889589786529541e-01
4.346964458624522076e-01
5.115616818269094201e-01
4.571973582108815326e-01
4.363206376632054462e-01
5.130639771620432166e-01
5.093081692854563025e-01
4.928560952345530377e-01
5.042161146799722937e-01
4.653427104155222760e-01
4.866769711176554547e-01
4.849163989226023541e-01
4.627368648846943988e-01
5.109688937664031982e-01
4.600111842155456543e-01
4.578685959180195941e-01
4.819747507572174072e-01
4.880618155002593994e-01
4.949709276358286725e-01
4.548985163370768414e-01
4.911984701951344623e-01
4.552556872367858887e-01
4.606153567632039203e-01
5.100251038869222375e-01
4.340035865704218732e-01
4.618374109268188477e-01
4.860957364241282330e-01
5.355213880538940430e-01
5.340173840522766113e-01
4.549231032530466901e-01
4.841896990935007916e-01
4.659377336502075195e-01
4.874228338400523053e-01
4.552132189273834229e-01
5.147006710370382043e-01
4.606690208117167340e-01
5.074399411678314209e-01
4.841283559799194336e-01
5.154663423697153357e-01
4.324753681818644391e-01
4.840309520562489642e-01
4.348132312297821045e-01
5.072767635186513635e-01
4.818592667579650879e-01
4.655307133992512836e-01
4.633068243662516461e-01
4.343540271123250140e-01
4.865791499614715576e-01
4.888679782549540387e-01
4.582826395829518451e-01
4.776465694109598981e-01
4.377998660008112775e-01
4.551660716533660889e-01
4.567699134349822998e-01
4.646577934424082623e-01
4.837341109911600934e-01
4.644661049048106061e-01
4.575444261233012067e-01
4.616948862870534076e-01
4.865266780058543072e-01
4.631333649158477783e-01
4.533965885639190674e-01
4.628912607828776227e-01
4.568420946598052979e-01
4.604378342628479004e-01
4.345496942599614276e-01
4.389986246824264526e-01
4.601786732673645020e-01
4.650678038597106934e-01
4.648041923840840473e-01
4.864205420017242432e-01
4.605002800623576031e-01
5.161790549755096436e-01
4.385048101345698224e-01
5.053450961907705041e-01
4.830056031545003070e-01
4.319186856349309100e-01
4.551944434642791748e-01
4.593480030695597516e-01
4.528485635916392194e-01
4.851573805014292584e-01
5.146131515502929688e-01
4.864839514096577777e-01
4.663007458051045551e-01
4.344180623690287457e-01
4.815813799699147357e-01
5.136523346106210974e-01
4.817622303962707520e-01
5.146426558494567871e-01
4.867629309495289935e-01
5.078438023726145056e-01
4.656451940536499023e-01
4.896509846051533832e-01
5.082218746344248084e-01
4.887535870075225830e-01
4.584262271722157611e-01
4.353513469298680438e-01
4.340822498003641949e-01
4.601913491884867535e-01
4.594201644261677875e-01
5.093649725119272498e-01
4.289561311403910504e-01
4.587555229663848877e-01
4.932367702325184955e-01
4.573593835035960065e-01
4.592775901158650531e-01
4.618636866410573139e-01
4.593660235404968262e-01
4.835973580678303851e-01
4.385730276505152569e-01
4.373788982629776001e-01
5.073683758576711389e-01
4.292112936576207294e-01
4.374178697665532245e-01
4.834279219309489117e-01
4.586316049098968506e-01
4.605262478192647113e-01
4.601153035958607806e-01
4.617647429307301654e-01
4.817583660284678326e-01
4.876463711261749268e-01
4.619719783465067731e-01
4.312652001778284894e-01
4.604303141434987201e-01
4.897036651770274029e-01
4.852966268857319965e-01
5.099221070607503625e-01
5.081083327531814575e-01
5.056393146514892578e-01
5.632673799991607666e-01
5.349265933036804199e-01
4.361450026432673321e-01
4.851830999056498395e-01
4.573471844196319580e-01
4.632003804047902240e-01
4.868842860062916889e-01
4.365498820940653668e-01
4.864862362543742047e-01
4.613131880760192871e-01
4.783185621102650775e-01
4.860216677188873291e-01
4.864778021971384869e-01
4.852394560972849713e-01
4.607506195704142438e-01
5.617578923702239990e-01
4.636936287085215436e-01
4.594486157099406110e-01
4.871424436569213867e-01
5.115769108136495325e-01
4.578150113423665180e-01
4.542334079742431641e-01
4.891514877478281842e-01
4.576658805211384906e-01
4.674249986807505475e-01
4.639290670553843365e-01
4.817790587743123187e-01
4.583420554796854840e-01
5.111453831195831299e-01
4.325163364410400391e-01
4.620499809583027973e-01
5.089376866817474365e-01
5.061763326327005652e-01
5.140019059181213379e-01
4.623761375745137348e-01
4.321655432383219586e-01
4.367139190435409546e-01
4.636561075846354352e-01
4.369448175032933368e-01
4.347552110751469745e-01
4.633150895436604633e-01
4.796303113301594867e-01
4.848986367384592877e-01
5.557089050610860559e-01
4.898250401020050049e-01
4.398513336976369037e-01
4.608045021692911969e-01
5.081217388312021521e-01
5.133709510167440149e-01
5.133842130502065393e-01
4.563593665758768902e-01
4.907165269056956158e-01
5.036622981230417517e-01
4.592619041601816998e-01
4.856728911399841309e-01
4.616250793139139996e-01
4.865395625432332172e-01
4.597811599572499408e-01
4.866099258263905658e-01
4.553768237431843890e-01
4.875994026660919189e-01
4.842702150344848633e-01
4.644963542620341168e-01
4.819592932860056744e-01
4.588381846745808734e-01
4.649936060110728131e-01
4.597427944342295514e-01
4.605369269847869873e-01
4.637647668520609723e-01
4.551882644494374408e-01
5.094857414563497278e-01
4.369898786147435321e-01
5.309391915798187256e-01
4.896384378274281635e-01
4.544190069039662494e-01
5.129326283931732178e-01
4.349244534969329834e-01
4.284453690052032471e-01
4.893572926521301270e-01
4.616986711819966449e-01
4.708645840485890521e-01
4.892898102601369037e-01
4.617364505926768170e-01
4.810521999994913922e-01
5.148813525835672644e-01
4.607309997081756592e-01
4.634307722250620709e-01
4.819809794425964355e-01
4.615819553534190045e-01
4.628717601299285889e-01
5.122927129268646240e-01
4.525017738342285156e-01
5.105379223823547363e-01
4.858353833357493268e-01
4.619158605734507428e-01
5.102006246646245691e-01
4.821986258029937744e-01
4.871331155300140381e-01
4.920013745625813617e-01
4.904740502436955585e-01
4.598791102568308697e-01
5.080015957355499268e-01
4.842047393321990967e-01
4.395548154910405292e-01
4.351996133724848614e-01
4.617246290047963275e-01
4.575351178646087646e-01
4.603357315063476562e-01
4.891857206821441650e-01
4.837089180946350098e-01
5.067377487818399695e-01
4.628391067186991559e-01
4.827953875064849854e-01
4.619729916254679547e-01
4.543832937876383649e-01
4.609919587771098004e-01
4.636642734209696637e-01
4.614086051781972064e-01
4.856846332550048828e-01
4.541326463222503662e-01
4.622531930605570660e-01
5.065998037656148645e-01
4.814032216866810931e-01
4.421434899171193256e-01
4.344544857740402222e-01
4.621257881323496686e-01
5.343569715817769739e-01
4.776922961076100482e-01
4.596104919910430908e-01
4.849861860275268555e-01
4.354998270670573102e-01
4.385326455036799298e-01
5.124632120132446289e-01
4.589031636714935303e-01
4.833713571230570660e-01
4.344723771015803204e-01
5.087697505950927734e-01
4.645510514577229633e-01
4.841806292533874512e-01
4.821996192137400494e-01
4.595749278863270892e-01
4.831212858359019147e-01
4.569843014081318988e-01
4.605165123939514160e-01
4.606878658135731830e-01
4.356124301751454486e-01
4.589326183001200543e-01
4.586075544357299805e-01
4.604153831799824848e-01
4.618795116742451801e-01
4.819543957710266113e-01
4.633055031299591064e-01
4.388556381066640033e-01
5.137924253940582275e-01
4.886440336704254150e-01
4.854593078295389996e-01
4.897682964801788330e-01
4.583624402681986676e-01
4.560413956642150879e-01
4.928101102511088238e-01
4.847636719544728412e-01
4.399426629145939960e-01
4.336522171894709454e-01
4.593687256177266254e-01
4.880043566226959229e-01
4.373469104369481220e-01
4.647947947184244977e-01
4.586995144685109271e-01
4.842906892299652100e-01
4.335282295942306519e-01
4.627110858758290424e-01
5.097021559874216345e-01
5.325608253479003906e-01
4.256891210873921527e-01
4.328036159276962280e-01
4.797572195529937744e-01
4.601164956887562885e-01
4.584063589572906494e-01
4.574009180068969727e-01
4.399013469616572247e-01
4.789804617563883649e-01
5.110357900460561487e-01
4.329474369684855328e-01
4.597126642862955914e-01
4.310860385497410907e-01
4.395594348510106220e-01
5.124744474887847900e-01
4.560782810052235736e-01
4.595016141732533588e-01
4.880223373572031842e-01
4.368660996357600079e-01
4.597285687923431396e-01
4.646756350994110107e-01
4.576773345470428467e-01
4.622615774472554340e-01
4.615657826264699115e-01
4.297223587830861224e-01
4.815838734308878766e-01
4.594344298044840680e-01
4.316308945417404175e-01
4.617464145024617328e-01
4.321678529183070050e-01
4.846134285132090436e-01
5.073288281758626672e-01
4.868352313836415424e-01
4.562558929125468121e-01
5.140152970949808386e-01
4.657983680566151752e-01
4.808706839879353656e-01
4.348181486129760742e-01
4.818516373634338379e-01
4.372951885064442767e-01
4.597438077131907330e-01
4.616330862045288086e-01
4.387808690468470441e-01
5.635280460119247437e-01
4.599589506785075055e-01
5.086060861746469763e-01
4.393784950176874982e-01
4.633301198482513428e-01
4.347922156254450665e-01
4.839023848374684467e-01
5.078738232453664514e-01
5.070142547289530066e-01
5.062711735566457483e-01
4.601706862449645996e-01
4.622569183508555279e-01
5.082842111587524414e-01
4.648170570532481061e-01
4.597204029560089111e-01
4.836964706579844342e-01
4.614384273687998639e-01
4.850683112939198627e-01
4.817264080047607422e-01
4.343592226505279541e-01
5.099437435468038293e-01
4.799530804157257080e-01
4.536915620168049945e-01
4.865378737449645996e-01
4.857455193996429443e-01
4.390809834003448486e-01
4.622115989526112689e-01
4.583900272846221924e-01
5.067765315373738977e-01
4.647581080595652447e-01
5.076986749966939660e-01
4.876325329144795551e-01
4.573399424552917480e-01
5.060606300830841064e-01
4.619664947191874371e-01
4.853301544984181537e-01
4.883496661980946674e-01
4.680304328600565777e-01
4.843218127886454449e-01
4.882044096787770404e-01
5.092739562193552283e-01
4.586352308591206683e-01
5.141045252482095984e-01
4.571686387062072754e-01
4.834478497505187988e-01
4.924439589182535992e-01
4.835580488046010150e-01
4.817672868569691791e-01
4.622433980305989398e-01
4.358252932627995624e-01
5.117265880107879639e-01
4.373875260353088379e-01
4.828456242879231586e-01
5.133330921332041052e-01
4.539652069409688129e-01
4.576327701409657611e-01
4.864474336306254254e-01
4.625663359959920062e-01
4.368830025196075439e-01
4.385108302036921368e-01
4.588617881139119281e-01
4.603490630785624371e-01
4.603521426518757953e-01
4.332963178555170880e-01
4.860861500104268207e-01
5.053737660249074670e-01
5.091999371846517297e-01
4.852879742781321393e-01
4.313632249832153320e-01
4.375240951776504517e-01
4.845353762308756695e-01
4.871482253074645996e-01
4.844878117243449078e-01
5.034577051798502234e-01
5.097782611846923828e-01
4.347578038771947040e-01
4.874960581461588727e-01
4.910277823607127057e-01
4.814984997113545551e-01
4.356769770383834839e-01
4.746881326039631976e-01
5.064501067002614709e-01
4.329376767079035626e-01
4.849631090958912982e-01
4.863270123799641742e-01
4.620892405509948730e-01
5.108466744422912598e-01
5.075267155965169641e-01
4.627713958422343121e-01
5.376095722119013098e-01
4.622666537761688232e-01
5.144186119238535193e-01
4.399031351010004864e-01
5.110497574011484412e-01
4.912572006384531842e-01
4.363042811552683697e-01
4.585008422533671246e-01
4.637391269207000732e-01
4.360586553812026978e-01
4.378317743539810181e-01
4.589369694391886578e-01
4.361350983381271362e-01
4.376668731371561871e-01
4.354295382897059308e-01
5.064449111620584754e-01
5.108286440372467041e-01
4.914906521638234271e-01
4.841081102689107074e-01
4.803389608860015869e-01
4.857683877150217877e-01
4.559512337048848285e-01
4.330298254887263165e-01
4.633815884590148926e-01
5.095609327157338830e-01
4.611837565898895264e-01
4.344575951496760235e-01
4.567648470401763916e-01
4.641663730144500732e-01
4.619538386662800922e-01
4.663725594679514752e-01
5.155065357685089111e-01
5.093488494555155066e-01
4.301837335030238019e-01
4.857736825942993164e-01
4.803795715173085346e-01
4.883394539356231689e-01
5.084950625896453857e-01
4.841675758361816406e-01
4.330222209294636859e-01
4.581637779871622906e-01
5.366871058940887451e-01
4.848766426245371686e-01
4.606075485547383441e-01
4.660917023817698346e-01
4.384934405485789166e-01
4.849069416522979736e-01
4.615815083185831891e-01
4.613231221834818707e-01
5.096917152404785156e-01
5.074545045693715783e-01
5.119573076566060754e-01
4.812324146429697858e-01
4.330267260471979962e-01
4.396335681279500140e-01
5.072565674781799316e-01
4.356122463941574097e-01
5.101573566595712927e-01
4.846272667249043598e-01
4.828638335069020404e-01
4.579364955425262451e-01
5.102569361527761194e-01
4.432810445626576556e-01
4.851750334103901996e-01
4.877981344858805524e-01
4.857960343360900879e-01
4.842432339986165180e-01
5.112892289956411096e-01
4.334100832541783466e-01
5.303495824337005615e-01
4.785050352414448871e-01
4.586616754531860352e-01
4.586673776308695660e-01
5.120188097159067420e-01
4.853501518567402973e-01
5.080537895361582068e-01
5.147417386372884485e-01
4.848575095335642682e-01
5.394255618254343299e-01
4.330186744530995502e-01
4.846041798591613770e-01
4.842000106970469342e-01
4.858065942923228131e-01
4.594769974549611224e-01
5.090088844299316406e-01
4.563274880250294818e-01
5.133387645085653039e-01
4.620567659536997662e-01
4.862890640894572125e-01
5.111747582753499719e-01
4.863424003124237061e-01
4.598784446716308594e-01
4.615408281485239850e-01
4.638846019903818951e-01
4.515983362992604389e-01
4.874879221121470319e-01
5.294930736223856238e-01
4.897052248318989887e-01
4.686939020951588764e-01
4.624408185482025146e-01
4.893664419651031494e-01
4.611125489075978412e-01
4.294540286064147949e-01
4.597109754880269183e-01
4.676290353139241351e-01
4.813702007134755267e-01
5.601190328598022461e-01
5.053185323874155310e-01
4.610497057437896729e-01
4.804248313109080182e-01
4.850120246410369873e-01
4.595067898432413922e-01
4.884781241416931152e-01
4.897539814313252582e-01
4.343700657288233624e-01
4.410738945007324219e-01
5.096783041954040527e-01
4.612855712572733746e-01
4.910616576671600342e-01
5.085952281951904297e-01
4.316530625025431500e-01
4.600020349025726318e-01
5.143013894557952881e-01
4.343797117471694946e-01
4.863689541816711426e-01
4.597089787324269428e-01
4.571033318837483539e-01
4.893622895081837787e-01
4.597112337748209820e-01
4.592939317226409912e-01
4.901786049207051410e-01
