2.140428733825683594e+01
2.026172256469726562e+01
1.878067525227864465e+01
1.736899375915527344e+01
1.637672678629557410e+01
1.353367296854654889e+01
1.172787412007649799e+01
1.001141428947448730e+01
1.126144790649414062e+01
9.926864862442016602e+00
1.126906331380208393e+01
1.122853183746337891e+01
1.064748700459798236e+01
1.206139787038167377e+01
9.476263125737508730e+00
1.326734781265258789e+01
9.894550561904907227e+00
1.119510682423909564e+01
1.072278372446695904e+01
1.081055641174316406e+01
1.079550647735595703e+01
1.205495484670003314e+01
1.237775850296020508e+01
1.314480622609456439e+01
1.080107482274373432e+01
1.059000682830810547e+01
1.103152910868326764e+01
1.086875406901041607e+01
1.054666471481323242e+01
1.303432242075602154e+01
1.191607697804768939e+01
1.061758724848429303e+01
1.086776447296142578e+01
1.286102199554443359e+01
1.066246716181437115e+01
1.169925371805826764e+01
1.415576553344726562e+01
1.256059296925862689e+01
1.290611314773559570e+01
1.092325659592946430e+01
1.081137847900390625e+01
1.206309731801350971e+01
1.160557079315185547e+01
1.167467006047566791e+01
1.292430337270100971e+01
9.774959961573282285e+00
1.077374045054117779e+01
1.110796737670898438e+01
1.076865339279174805e+01
1.094922367731730084e+01
1.077844699223836322e+01
1.298945824305216412e+01
1.087728722890218158e+01
1.181933514277140240e+01
1.108946975072224994e+01
1.098469607035318951e+01
1.063623237609863281e+01
1.020707432428995709e+01
1.173589849472045898e+01
1.014153937498728375e+01
1.280830224355061908e+01
1.090279118220011334e+01
1.301836363474527936e+01
1.093676551183064838e+01
1.178889417648315430e+01
1.055022239685058594e+01
1.216883865992228131e+01
9.887560566266378359e+00
1.082751560211181641e+01
1.311645889282226562e+01
1.287487840652465820e+01
1.179917430877685547e+01
1.020048205057779889e+01
1.106169271469116211e+01
9.731306672096252441e+00
1.208753283818562885e+01
1.190761264165242572e+01
1.200422048568725586e+01
1.219727420806884766e+01
1.174103577931722064e+01
1.027296010653177838e+01
1.140588665008544922e+01
1.126756048202514648e+01
1.079989067713419537e+01
1.247375551859537701e+01
9.898857315381368593e+00
1.306410646438598633e+01
1.229882605870564838e+01
1.280687506993611713e+01
1.121997992197672467e+01
1.301367791493733783e+01
1.030587712923685650e+01
1.167004807790120502e+01
9.990687568982442812e+00
1.105761909484863281e+01
1.202406279246012311e+01
1.222845363616943359e+01
1.123082145055135150e+01
1.107509899139404297e+01
1.218236986796061139e+01
1.176248073577880859e+01
1.354655392964681049e+01
1.078394444783528705e+01
1.123868242899576764e+01
1.337504291534423828e+01
1.514933013916015625e+01
1.219722143809000592e+01
1.073576720555623432e+01
1.109604756037394147e+01
1.102554480234781842e+01
1.214515336354573627e+01
1.252476978302001953e+01
1.092427523930867572e+01
1.202015892664591412e+01
1.211130412419637103e+01
1.239050308863321881e+01
1.241684436798095703e+01
1.280082654953002930e+01
1.129654630025227924e+01
1.184905179341634174e+01
1.276057847340901752e+01
1.189527861277262311e+01
1.201993910471598248e+01
1.198898967107137103e+01
1.309705861409505268e+01
1.115843470891316791e+01
1.123334185282389264e+01
1.321613057454427143e+01
1.114778614044189453e+01
1.240469710032145123e+01
1.297685575485229492e+01
1.112096738815307617e+01
1.115768416722615619e+01
1.234795999526977539e+01
1.188686609268188477e+01
1.207324361801147461e+01
1.233554474512735943e+01
1.090045245488484760e+01
1.129978020985921283e+01
1.095686912536621094e+01
1.240410137176513672e+01
9.971031506856283144e+00
1.198584413528442383e+01
1.229839261372884174e+01
1.210294500986734967e+01
1.215647284189859967e+01
1.530494165420532227e+01
1.365905475616455078e+01
1.307939720153808594e+01
1.343283430735270123e+01
1.193367417653401752e+01
9.972529808680215879e+00
1.265283775329589844e+01
1.083501100540161133e+01
1.317617909113566022e+01
1.026289121309916119e+01
1.181165313720703125e+01
1.224831565221150775e+01
1.110778331756591797e+01
1.328941742579142193e+01
1.133048311869303326e+01
1.083336385091145893e+01
1.477092611789703369e+01
1.200668525695800781e+01
1.044432353973388672e+01
1.322420406341552734e+01
1.013032607237497906e+01
1.004349366823832135e+01
1.329233566919962506e+01
1.218231614430745502e+01
1.252567863464355469e+01
1.125392977396647076e+01
1.134171787897745709e+01
1.118916877110799213e+01
1.001541467507680316e+01
1.272928110758463482e+01
1.319869697093963623e+01
1.214681482315063477e+01
1.114036687215169330e+01
1.212065060933431049e+01
1.126271835962931256e+01
1.112935829162597656e+01
1.225622638066609760e+01
1.334348726272583008e+01
1.126354757944742779e+01
1.012582389513651471e+01
1.194242795308431049e+01
1.165713469187418561e+01
1.173172823588053326e+01
1.205392042795816998e+01
1.228126049041748047e+01
1.224219799041748047e+01
1.244679546356201172e+01
1.004092371463775635e+01
1.244044113159179688e+01
1.205682373046875000e+01
1.119672870635986328e+01
1.127113628387451172e+01
1.136518351236979107e+01
1.315104452768961529e+01
1.118806203206380268e+01
1.234227975209554096e+01
1.134421380360921283e+01
1.227500963211059570e+01
1.121415456136067768e+01
1.112785641352335553e+01
1.020183817545572857e+01
1.236599063873291016e+01
1.100883611043294330e+01
1.012327106793721576e+01
1.440046469370524029e+01
1.689784928162892541e+01
1.202114089330037494e+01
1.226135047276814838e+01
1.253126653035481830e+01
1.072176599502563477e+01
1.167733764648437500e+01
1.103367646535237689e+01
1.113522497812906842e+01
1.240613158543904682e+01
1.227592341105143170e+01
1.110211753845214844e+01
1.249322382609049420e+01
1.096647246678670307e+01
1.116768232981363873e+01
1.310734462738037109e+01
1.252894274393717389e+01
1.116027863820393939e+01
1.340241257349650006e+01
1.133735831578572650e+01
1.337895520528157611e+01
1.229153919219970703e+01
1.223592599232991596e+01
1.127311706542968750e+01
1.013481628894805908e+01
1.112129751841227154e+01
1.113315101464589496e+01
1.218184280395507812e+01
1.130142434438069721e+01
1.009568254152933697e+01
1.017284214496612549e+01
1.112207253774007221e+01
1.126836617787679096e+01
1.117346747716267963e+01
1.321066077550252338e+01
1.139499855041503906e+01
1.106674846013387103e+01
1.232945950826009174e+01
1.236889537175496478e+01
1.109348074595133404e+01
1.250846513112386127e+01
1.133501911163330078e+01
1.304644409815470318e+01
1.249869998296101947e+01
1.092751518885294537e+01
1.342210245132446289e+01
1.351478449503580670e+01
9.887741367022195860e+00
1.247702232996622662e+01
1.026526006062825580e+01
9.948547482490539551e+00
1.138165585199991803e+01
1.249520524342854877e+01
1.002190780639648438e+01
1.016673783461252789e+01
1.008784719308217426e+01
1.205914306640625000e+01
1.130914894739786725e+01
1.314041439692179303e+01
1.109343242645263672e+01
1.139349889755249023e+01
1.124461189905802350e+01
1.214151207605997662e+01
1.123441616694132428e+01
1.236079057057698627e+01
1.327604754765828510e+01
1.138506317138671875e+01
1.104390796025594135e+01
1.135119930903116803e+01
1.099539661407470703e+01
1.237630828221639057e+01
1.364373954137166400e+01
1.106418609619140625e+01
1.109966071446736713e+01
1.013899103800455670e+01
1.356309382120768170e+01
1.110767396291097064e+01
1.224282201131184955e+01
1.123488903045654297e+01
1.221723047892252545e+01
1.112176609039306641e+01
1.161417134602864643e+01
1.210887686411539654e+01
1.226044877370198627e+01
1.117222054799397846e+01
1.107126140594482422e+01
1.249647458394368549e+01
1.112052647272745709e+01
1.224164199829101562e+01
1.448780790964762311e+01
1.325194009145100971e+01
1.134603881835937500e+01
1.320142316818237305e+01
1.109696722030639648e+01
1.233537403742472272e+01
1.223085467020670514e+01
1.216886679331461529e+01
1.132745456695556641e+01
1.252581437428792377e+01
1.203461837768554688e+01
1.083096567789713482e+01
1.143835337956746478e+01
1.320749314626058002e+01
1.220993900299072266e+01
1.134736108779907227e+01
1.548237482706705670e+01
1.104685592651367188e+01
1.023281125227610211e+01
1.338226016362508197e+01
1.224387709299723248e+01
1.134639294942220111e+01
1.324200137456258197e+01
1.123468081156412701e+01
1.364371379216512103e+01
1.118418804804483990e+01
1.332540861765543561e+01
1.116986290613810162e+01
1.358658007780710797e+01
1.412323077519734760e+01
1.210665702819824219e+01
1.365614382425943951e+01
1.117956574757893939e+01
1.330515511830647846e+01
1.248400847117106061e+01
1.016502916812896729e+01
1.123408540089925189e+01
1.124809487660725971e+01
1.154637845357259174e+01
1.206865231196085553e+01
1.215485048294067383e+01
1.244539594650268555e+01
1.352739651997884174e+01
1.005511228243509869e+01
1.115318870544433594e+01
1.243181419372558594e+01
1.112643369038899799e+01
1.125126838684082031e+01
1.257173919677734375e+01
1.008217795689900775e+01
1.137255573272705078e+01
1.022074540456136127e+01
9.948287804921468691e+00
1.132755788167317768e+01
1.333392922083536725e+01
1.242639827728271484e+01
1.335013198852539062e+01
1.018374900023142438e+01
1.096965217590332031e+01
1.378247737884521484e+01
1.201811742782592773e+01
1.022320695718129535e+01
1.320100450515747070e+01
1.239181423187255859e+01
1.245085859298706055e+01
1.101966508229573627e+01
1.108978605270385742e+01
1.124269358317057232e+01
1.217223167419433594e+01
1.244062201182047467e+01
1.099478530883789062e+01
1.108339246114095111e+01
1.377846368153890033e+01
1.135211038589477539e+01
1.010289116700490375e+01
1.121136760711669922e+01
1.122154919306437115e+01
1.009517669677734375e+01
1.566794729232788086e+01
1.128388992945353131e+01
1.219762293497721295e+01
1.346857325236002545e+01
1.445188220342000385e+01
1.242140928904215436e+01
1.102858861287434955e+01
1.133698050181070904e+01
1.118594153722127338e+01
1.329114007949829102e+01
1.232137632369995117e+01
1.223615010579427143e+01
1.224319299062093158e+01
1.215202919642130475e+01
1.127251593271891217e+01
1.330517339706420898e+01
1.109448655446370502e+01
1.252380593617757221e+01
1.092261934280395508e+01
1.246378199259440045e+01
9.981801430384317442e+00
1.005801610151926617e+01
1.220096270243326764e+01
1.115066401163736920e+01
1.137332185109456439e+01
1.117943271001180072e+01
1.014927065372467041e+01
1.350946362813313861e+01
1.136461003621419330e+01
9.974480430285135313e+00
1.265301656723022461e+01
1.106322511037190814e+01
1.358358017603556256e+01
1.333990875879923443e+01
1.227421442667643170e+01
1.515420182545979877e+01
1.117211325963338275e+01
1.246585051218668561e+01
1.346609735488891602e+01
1.115683555603027344e+01
1.108190155029296875e+01
1.237026723225911518e+01
1.262525685628255268e+01
1.214965089162190814e+01
1.146318785349527936e+01
1.126691961288452148e+01
1.114698441823323627e+01
1.251649030049641986e+01
1.339631859461466412e+01
1.104621982574462891e+01
1.124810393651326557e+01
1.125833050409952740e+01
1.117475064595540424e+01
1.209587574005126953e+01
1.141239833831787109e+01
1.231846904754638672e+01
1.230424404144287109e+01
1.107224766413370709e+01
1.219849363962809186e+01
1.257825724283854107e+01
1.007736965020497699e+01
1.314299869537353516e+01
1.126109425226847272e+01
1.024077411492665668e+01
1.326777950922648053e+01
1.359052022298177143e+01
1.236224889755249023e+01
1.315267419815063477e+01
1.124710051218668561e+01
1.240625158945719342e+01
1.229006767272949219e+01
1.112469402949015240e+01
1.348042329152425189e+01
1.157732200622558594e+01
1.099430306752522846e+01
1.211426703135172467e+01
1.244266223907470703e+01
1.235984802246093750e+01
1.135833581288655658e+01
1.228684616088867188e+01
1.112279891967773438e+01
1.114024051030476947e+01
1.330245415369669537e+01
1.019656066099802594e+01
1.120775334040323834e+01
1.245104376475016217e+01
1.427728764216105084e+01
1.462991396586100201e+01
1.109185695648193359e+01
1.221408907572428326e+01
1.140713214874267578e+01
1.210630162556966205e+01
1.126356077194213867e+01
1.351867548624674420e+01
1.126040379206339459e+01
1.349464829762776752e+01
1.218704414367675781e+01
1.363338645299275775e+01
1.000509846210479736e+01
1.243605343500773053e+01
9.952190717061361269e+00
1.351365168889363666e+01
1.221266841888427734e+01
1.120763969421386719e+01
1.111013968785603900e+01
1.023773547013600727e+01
1.218263832728067975e+01
1.242460123697916607e+01
1.118385775883992572e+01
1.225950336456298828e+01
1.015217705567677875e+01
1.100897010167439838e+01
1.127067899703979492e+01
1.130703035990397076e+01
1.217033688227335553e+01
1.126602490743001361e+01
1.092806911468505859e+01
1.145008993148803711e+01
1.228728421529134174e+01
1.112321313222249408e+01
1.106051969528198242e+01
1.141947968800862689e+01
1.112481609980265240e+01
1.121525382995605469e+01
1.024018458525339703e+01
1.020082469781239887e+01
1.107416423161824603e+01
1.139177958170572857e+01
1.125033696492513080e+01
1.233174673716227154e+01
1.120820951461791992e+01
1.353183126449584961e+01
1.013673388957977295e+01
1.323459418614705463e+01
1.243501440684000592e+01
1.013361354668935199e+01
1.091796350479125977e+01
1.125051069259643555e+01
1.108465862274169922e+01
1.225890413920084576e+01
1.343450323740641217e+01
1.260171063741048236e+01
1.126922925313313861e+01
1.009486214319864850e+01
1.230410512288411518e+01
1.341486644744873047e+01
1.187718105316162109e+01
1.383263715108235736e+01
1.232550319035848041e+01
1.332382980982462506e+01
1.126179107030232807e+01
1.233095200856526752e+01
1.346345392862955670e+01
1.244630384445190430e+01
1.109901126225789447e+01
1.013721271355946918e+01
1.011171678702036481e+01
1.121804761886596680e+01
1.123227739334106445e+01
1.315056467056274414e+01
1.013977380593617816e+01
1.136144606272379498e+01
1.212072292963663678e+01
1.116957537333170514e+01
1.135543155670166016e+01
1.115418863296508789e+01
1.125261624654134174e+01
1.216992521286010742e+01
1.020691243807474713e+01
1.036522185802459717e+01
1.338207515080769916e+01
9.904047369956970215e+00
1.024989600976308246e+01
1.215291086832682232e+01
1.118303092320760150e+01
1.111791499455769916e+01
1.104391145706176758e+01
1.136379305521647076e+01
1.233002376556396484e+01
1.226037915547688861e+01
1.130144246419270893e+01
1.005852901935577393e+01
1.121428966522216797e+01
1.242950963973999023e+01
1.239897553126017193e+01
1.335307916005452533e+01
1.342595867315928082e+01
1.319236564636230469e+01
1.577463638782501221e+01
1.467625029881795307e+01
1.024446833133697510e+01
1.207868560155232807e+01
1.134226957956949811e+01
1.120036172866821289e+01
1.235895315806070904e+01
1.012978732585906982e+01
1.216320943832397461e+01
1.119695472717285156e+01
1.238214715321858783e+01
1.218232790629068951e+01
1.223961321512858014e+01
1.225303332010904889e+01
1.126956621805826764e+01
1.571856176853179932e+01
1.131900008519490619e+01
1.107675059636433978e+01
1.237507025400797467e+01
1.350379165013631244e+01
1.122176615397135357e+01
1.113504123687744141e+01
1.209543275833129883e+01
1.123216295242309570e+01
1.127376111348470111e+01
1.130713717142740826e+01
1.216356388727823834e+01
1.113908815383911133e+01
1.330840063095092773e+01
1.021689271926879883e+01
1.130836248397827148e+01
1.322876199086507221e+01
1.310336494445800781e+01
1.353639984130859375e+01
1.129108079274495502e+01
1.012231604258219342e+01
1.003253912925720215e+01
1.133118959267934223e+01
1.016847705841064453e+01
1.010648608207702637e+01
1.136867904663085938e+01
1.210928376515706439e+01
1.235670884450276752e+01
1.541357405980428119e+01
1.204926538467407227e+01
1.039094026883443256e+01
1.126810852686564068e+01
1.333834743499755859e+01
1.328284438451131244e+01
1.347848463058471680e+01
1.120731719334920307e+01
1.248503239949544330e+01
1.341591755549112897e+01
1.118540255228678326e+01
1.238420422871907611e+01
1.119350210825602154e+01
1.221354961395263672e+01
1.119895251592000385e+01
1.212846628824869732e+01
1.099952952067057232e+01
1.258121267954508404e+01
1.210147968928019147e+01
1.127908881505330463e+01
1.227586905161539654e+01
1.112686316172281842e+01
1.141737858454386334e+01
1.119250901540120502e+01
1.128912893931070904e+01
1.135028107961018939e+01
1.103480037053426166e+01
1.341052277882893939e+01
1.020500938097635846e+01
1.432314395904541016e+01
1.228680181503295898e+01
1.115815480550130268e+01
1.339982891082763672e+01
1.007820634047190289e+01
1.017021282513936420e+01
1.236564048131307025e+01
1.121651967366536518e+01
1.152290089925130268e+01
1.238219165802001953e+01
1.108934752146402936e+01
1.240621884663899799e+01
1.333737548192342182e+01
1.130600516001383404e+01
1.131951983769734760e+01
1.236406993865966797e+01
1.131945037841796875e+01
1.129588699340820312e+01
1.341887601216634174e+01
1.107859134674072266e+01
1.345606835683186908e+01
1.233823887507120709e+01
1.123232746124267578e+01
1.348533999919891357e+01
1.230929279327392578e+01
1.237872123718261719e+01
1.247973537445068359e+01
1.231590302785237689e+01
1.110053412119547467e+01
1.347669506072998047e+01
1.242360766728719135e+01
1.015063170591990094e+01
1.009477643171946148e+01
1.125883801778157611e+01
1.131050968170166016e+01
1.101517315705617328e+01
1.243288596471150775e+01
1.237712351481119732e+01
1.325526396433512311e+01
1.133602428436279297e+01
1.219549338022867779e+01
1.128881390889485736e+01
1.107597319285074811e+01
1.119636185963948627e+01
1.132153177261352539e+01
1.118864186604817768e+01
1.232120227813720703e+01
1.104057025909423828e+01
1.112652730941772461e+01
1.335319471359252930e+01
1.218227545420328717e+01
1.019781176249186139e+01
1.017344423135121723e+01
1.114298979441324811e+01
1.441760492324829102e+01
1.214940468470255475e+01
1.116727670033772846e+01
1.231710624694824219e+01
1.019613162676493268e+01
1.007997556527455707e+01
1.336600462595621686e+01
1.111216672261556049e+01
1.227372678120931049e+01
1.013618393739064594e+01
1.331342426935831647e+01
1.128413263956705670e+01
1.213744068145751953e+01
1.226080195109049420e+01
1.127778895696004291e+01
1.237705612182617188e+01
1.102179018656412701e+01
1.117873732248941998e+01
1.112929646174112897e+01
1.022319968541463275e+01
1.122451384862264057e+01
1.123956664403279682e+01
1.113732957839965820e+01
1.118064244588216205e+01
1.240696303049723248e+01
1.128725051879882812e+01
1.016349156697591205e+01
1.328487873077392578e+01
1.230359633763631244e+01
1.239556884765625000e+01
1.231247456868489643e+01
1.110454098383585553e+01
1.111000823974609375e+01
1.248849836985270123e+01
1.221945508321126361e+01
1.012784417470296283e+01
1.019753706455230713e+01
1.118544038136800189e+01
1.235291496912638287e+01
1.018890325228373150e+01
1.122954368591308594e+01
1.122118838628133197e+01
1.229476769765218158e+01
1.011837255954742432e+01
1.123589738210042377e+01
1.340406640370686908e+01
1.442571755250295062e+01
1.003637683391571045e+01
1.006933303674062152e+01
1.231337102254231830e+01
1.123732217152913471e+01
1.124596897761026959e+01
1.115727869669596295e+01
1.016272405783335309e+01
1.208121156692504883e+01
1.338748661677042584e+01
1.012607995669046979e+01
1.127632554372151752e+01
1.020843164126078229e+01
1.018912820021311383e+01
1.334175968170166016e+01
1.102434746424357037e+01
1.118605025609334369e+01
1.232519976298014264e+01
1.022596180438995361e+01
1.121992905934651752e+01
1.117588885625203510e+01
1.122113434473673443e+01
1.122936264673868756e+01
1.132420825958251953e+01
1.006491470336914062e+01
1.219278303782145123e+01
1.109594949086507221e+01
1.008245384693145752e+01
1.128423976898193359e+01
1.007861526807149311e+01
1.250347709655761719e+01
1.329530588785807232e+01
1.224829705556233783e+01
1.120462369918823242e+01
1.349655087788899799e+01
1.146332359313964844e+01
1.214606571197509766e+01
1.008268268903096576e+01
1.224151738484700580e+01
1.020342612266540527e+01
1.130471293131510357e+01
1.119454638163248639e+01
1.008655985196431537e+01
1.565971199671427350e+01
1.116989755630493164e+01
1.331239382425943951e+01
1.018606865406036377e+01
1.135929870605468750e+01
1.015393332640329938e+01
1.229001108805338482e+01
1.342566569646199603e+01
1.346288363138834576e+01
1.346048450469970703e+01
1.125739892323811908e+01
1.130272769927978516e+01
1.322523530324300189e+01
1.120585330327351947e+01
1.118396790822347064e+01
1.236293443044026752e+01
1.127621936798095703e+01
1.233585071563720703e+01
1.217816781997680664e+01
1.014102383454640766e+01
1.344787502288818359e+01
1.208438650767008404e+01
1.115236552556355853e+01
1.214030265808105469e+01
1.239779885609944721e+01
1.021103644371032715e+01
1.119471708933512311e+01
1.105574464797973633e+01
1.325736618041992188e+01
1.123865365982055664e+01
1.336873833338419537e+01
1.237928072611490826e+01
1.114926481246948242e+01
1.333524608612060547e+01
1.124796485900878906e+01
1.227834558486938477e+01
1.246369711558024029e+01
1.141541512807210346e+01
1.213776969909667969e+01
1.226225821177164654e+01
1.338702917098999023e+01
1.133232498168945312e+01
1.346810213724772076e+01
1.111730686823526959e+01
1.230491224924723248e+01
1.240532366434733014e+01
1.216129843393961529e+01
1.225683927536010742e+01
1.119197320938110352e+01
1.013069796562194824e+01
1.344957780838012695e+01
1.014845347404479980e+01
1.220006974538167377e+01
1.346373001734415631e+01
1.106204668680826764e+01
1.111036856969197650e+01
1.233484013875325580e+01
1.117982705434163471e+01
1.019625870386759381e+01
1.025835518042246441e+01
1.122219721476236920e+01
1.121935431162516217e+01
1.108754078547159772e+01
1.010973449548085590e+01
1.230659484863281250e+01
1.339068094889322857e+01
1.342818196614583393e+01
1.245851008097330670e+01
1.007103153069814105e+01
1.019071447849273682e+01
1.234832286834716797e+01
1.235890738169352154e+01
1.219123109181722064e+01
1.322444343566894531e+01
1.336470973491668701e+01
1.012081011136372943e+01
1.232655938466390033e+01
1.246103938420613666e+01
1.223664156595865826e+01
1.014116660753885846e+01
1.221277745564778705e+01
1.337582286198933978e+01
1.018645083904266357e+01
1.238675117492675781e+01
1.230317608515421490e+01
1.115553474426269531e+01
1.328182808558146100e+01
1.334423192342122455e+01
1.123590215047200580e+01
1.424364070097605328e+01
1.115765031178792377e+01
1.333971754709879498e+01
1.017703449726104736e+01
1.330567741394042969e+01
1.240310605367024799e+01
1.017900534470876117e+01
1.126034243901570697e+01
1.129524056116739850e+01
1.015244098504384418e+01
1.010984428723653217e+01
1.115810108184814453e+01
1.017178658644358258e+01
1.016272012392679791e+01
1.018652288118998150e+01
1.334036382039388080e+01
1.330869229634602924e+01
1.241881847381591797e+01
1.223207283020019531e+01
1.222978337605794330e+01
1.232253630956014057e+01
1.118629137674967389e+01
1.017608416080474854e+01
1.130873552958170514e+01
1.336407629648844342e+01
1.126260884602864643e+01
1.014198815822601318e+01
1.113752158482869525e+01
1.123277680079142193e+01
1.128714974721272846e+01
1.132674249013265033e+01
1.349581209818522076e+01
1.347691138585408588e+01
1.005165652434031109e+01
1.228279050191243549e+01
1.214459323883056641e+01
1.241935729980468750e+01
1.340934689839681049e+01
1.224082978566487689e+01
1.010237197081247906e+01
1.115742063522338867e+01
1.445033284028371234e+01
1.228274345397949219e+01
1.118606948852539062e+01
1.128386688232421875e+01
1.017987036705017090e+01
1.240676466623941998e+01
1.121157677968343158e+01
1.124515136082967182e+01
1.336227496465047260e+01
1.333923244476318359e+01
1.329262288411458393e+01
1.218991661071777344e+01
1.008390363057454486e+01
1.019119524955749512e+01
1.317958354949951172e+01
1.011336612701416016e+01
1.329956420262654682e+01
1.222954305013020893e+01
1.233378537495931049e+01
1.111715968449910541e+01
1.347315152486165424e+01
1.024742841720581055e+01
1.228288682301839252e+01
1.234816916783650775e+01
1.230644130706787109e+01
1.216447385152181049e+01
1.344431289037068744e+01
1.013330384095509906e+01
1.435351308186849018e+01
1.222216399510701557e+01
1.118361473083496094e+01
1.125149854024251361e+01
1.344390185674031635e+01
1.230342578887939453e+01
1.343226639429728131e+01
1.355218346913655658e+01
1.234992027282714844e+01
1.451578899224599262e+01
1.011692432562510113e+01
1.222631899515787701e+01
1.212775071461995502e+01
1.224918715159098248e+01
1.122375774383544922e+01
1.336086765925089459e+01
1.115945005416870117e+01
1.327509880065917969e+01
1.115128882726033588e+01
1.235474252700805664e+01
1.330864032109578510e+01
1.232663218180338482e+01
1.117929776509602924e+01
1.130117162068684955e+01
1.132473405202229877e+01
1.105109516779581647e+01
1.231477101643880268e+01
1.436003367106119732e+01
1.224781354268391986e+01
1.135923147201538086e+01
1.115953699747721295e+01
1.235306994120279889e+01
1.125981887181599994e+01
1.011450620492299457e+01
1.125156784057617188e+01
1.133408927917480469e+01
1.224428494771321674e+01
1.560262632369995117e+01
1.333572292327880859e+01
1.121170012156168561e+01
1.223336760203043561e+01
1.227193291982015033e+01
1.115461111068725586e+01
1.236129728953043561e+01
1.237461407979329486e+01
1.013464768727620502e+01
1.020897420247395893e+01
1.327219343185424805e+01
1.129642232259114643e+01
1.230486313501993756e+01
1.339538510640462299e+01
1.010047535101572613e+01
1.121107498804728131e+01
1.337799835205078125e+01
1.014974697430928607e+01
1.225694020589192768e+01
1.122353649139404297e+01
1.121687602996826172e+01
1.235677496592203717e+01
1.117661714553833008e+01
1.117596022288004498e+01
1.235514195760091205e+01
