2.228394571940104285e+01
2.004850896199544152e+01
1.693646144866943359e+01
1.514998881022135357e+01
1.311196740468343158e+01
1.375535964965820312e+01
1.314342832565307617e+01
1.270929400126139264e+01
1.307527224222818951e+01
1.360755157470703125e+01
1.405884456634521484e+01
1.286280345916748047e+01
1.359285688400268555e+01
1.253541628519693951e+01
1.358034706115722656e+01
1.218002382914225201e+01
1.193876902262369732e+01
1.237353229522705078e+01
1.181018384297688861e+01
1.158613459269205670e+01
1.039289013544718365e+01
1.206625000635782818e+01
1.201573212941487689e+01
1.305158456166585346e+01
1.393688360850016217e+01
1.290633138020833393e+01
1.133952999114990234e+01
1.190766207377115826e+01
1.274330838521321674e+01
1.198808383941650391e+01
1.279489103953043561e+01
1.162674903869628906e+01
1.279000600179036518e+01
1.259087371826171875e+01
1.271904468536376953e+01
1.516582409540812115e+01
1.142606131235758404e+01
1.400160566965738873e+01
1.214625040690104107e+01
1.197221628824869732e+01
1.390674336751302143e+01
1.057885535558064838e+01
1.130910738309224506e+01
1.192830181121826172e+01
1.276327546437581439e+01
1.166956361134847064e+01
1.155492464701334576e+01
1.070949363708496094e+01
1.055142768224080463e+01
1.292903470993041992e+01
1.269077889124552350e+01
1.185639127095540424e+01
1.164588292439778705e+01
1.278472471237182617e+01
1.193531036376953125e+01
1.328421449661254883e+01
1.225541814168294330e+01
1.179716014862060547e+01
1.247953669230143170e+01
1.357874870300292969e+01
1.243596363067626953e+01
1.355084021886189838e+01
1.038458371162414551e+01
1.167775630950927734e+01
1.259269905090332031e+01
1.189986228942871094e+01
1.195755704243977924e+01
1.195726585388183594e+01
1.164238293965657611e+01
1.248586193720499615e+01
1.215821488698323627e+01
1.072222868601481061e+01
1.381329774856567383e+01
1.419345871607462506e+01
1.164953104654947857e+01
1.156781466801961322e+01
1.371642017364501953e+01
1.143119366963704486e+01
1.190592575073242188e+01
1.083871849377950092e+01
1.082938480377197266e+01
1.279885705312093158e+01
1.355400307973225971e+01
1.187446912129720111e+01
1.362631940841674805e+01
1.232923380533854107e+01
1.233991845448811908e+01
1.411799526214599609e+01
1.406083615620931049e+01
1.193577067057291607e+01
1.264345359802246094e+01
1.133627510070800781e+01
1.148495133717854877e+01
1.252792072296142578e+01
1.070991373062133789e+01
1.076702284812927246e+01
1.453545093536376953e+01
1.043064077695210834e+01
1.079321773846944232e+01
1.158845297495524029e+01
1.265471108754475971e+01
1.275725460052490234e+01
1.372744464874267578e+01
1.072482760747273822e+01
1.194345760345458984e+01
1.275011555353800397e+01
1.320211569468180279e+01
1.224714851379394531e+01
1.080361517270406146e+01
1.267038536071777344e+01
1.164394760131835938e+01
1.474519666035970111e+01
1.267534319559733014e+01
1.153057575225830078e+01
1.276727771759033203e+01
1.172294203440348248e+01
1.245485877990722656e+01
1.148849519093831439e+01
1.171977678934733014e+01
1.257405185699462891e+01
1.054973137378692627e+01
1.168028895060221295e+01
1.088845817248026471e+01
1.076150822639465332e+01
1.355361620585123639e+01
1.317241032918294330e+01
1.234152221679687500e+01
1.243926064173380475e+01
1.093205006917317768e+01
1.256807041168212891e+01
1.279939270019531250e+01
1.241648070017496686e+01
1.177025508880615234e+01
1.223591725031534772e+01
1.156386057535807232e+01
1.290974458058675189e+01
1.273049004872640033e+01
1.171566772460937500e+01
1.529645061492919922e+01
1.164474964141845703e+01
1.043208273251851459e+01
1.304586156209309955e+01
1.447707851727803607e+01
1.061162360509236713e+01
1.050619979699452777e+01
1.197505569458007812e+01
1.164617379506429096e+01
1.212012163798014264e+01
1.197674020131429096e+01
1.312744649251302143e+01
1.116421429316202740e+01
1.157246176401774029e+01
1.399822600682576557e+01
1.199936453501383404e+01
1.119049032529195209e+01
1.158139737447102924e+01
1.252498340606689453e+01
1.309050432840983014e+01
1.094894393285115619e+01
1.267159366607666016e+01
1.310255781809488873e+01
1.141753133138020893e+01
1.182411066691080670e+01
1.274570782979329486e+01
1.401734511057535748e+01
1.169867293039957623e+01
1.245763842264811139e+01
1.279644997914632221e+01
1.156427383422851562e+01
1.125764942169189453e+01
1.276702769597371478e+01
1.071295094490051270e+01
1.276925277709960938e+01
1.096653834978739361e+01
1.428583224614461322e+01
1.247896766662597656e+01
1.313385899861653705e+01
1.065113139152526855e+01
1.230460532506307025e+01
1.292560148239135742e+01
1.395474720001220703e+01
1.279429912567138672e+01
1.300918706258138080e+01
1.167542425791422467e+01
1.139032697677612305e+01
1.207977008819580078e+01
1.181401443481445312e+01
1.338617992401123047e+01
1.314402135213216205e+01
1.086913506189982037e+01
1.318900998433431049e+01
1.179011058807373047e+01
1.296368122100830078e+01
1.183624013264974018e+01
1.177451992034912109e+01
1.300926081339518170e+01
1.186870002746582031e+01
1.207876888910929303e+01
1.435301844278971295e+01
1.179083506266275982e+01
1.299054400126139264e+01
1.277091566721598248e+01
1.085838214556376080e+01
1.285520474116007428e+01
1.290574836730957031e+01
1.084906450907389264e+01
1.309258397420247455e+01
1.203308677673339844e+01
1.168731784820556641e+01
1.087054610252380371e+01
1.191451581319173236e+01
1.255497487386067768e+01
1.324953333536783795e+01
1.309280618031819721e+01
1.483959770202636719e+01
1.421005789438883404e+01
1.313066228230794330e+01
1.217148590087890625e+01
1.072914373874664307e+01
1.244938055674234967e+01
1.318182722727457623e+01
1.125052356719970703e+01
1.392134126027425189e+01
1.416541544596354107e+01
1.053066094716390033e+01
1.083924722671508789e+01
1.308619308471679688e+01
1.038671962420145611e+01
1.203472550710042377e+01
1.208768272399902344e+01
1.230129686991373639e+01
1.224803702036539654e+01
1.205439949035644531e+01
1.244914944966634174e+01
1.199297968546549420e+01
1.168314139048258404e+01
1.097713796297709088e+01
1.203129259745279889e+01
1.284381596247355084e+01
1.208213996887207031e+01
1.188666470845540424e+01
1.164789311091105084e+01
1.080124457677205463e+01
1.264126110076904297e+01
1.181777334213256836e+01
1.410864130655924420e+01
1.170557562510172467e+01
1.242509937286376953e+01
1.259466234842936139e+01
1.310271326700846295e+01
1.397038396199544330e+01
1.266521167755126953e+01
1.186193752288818359e+01
1.099437038103739361e+01
1.231777477264404297e+01
1.073543381690979004e+01
1.205735238393147846e+01
1.179723517100016217e+01
1.303848648071289062e+01
1.557215531667073627e+01
1.177577050526936908e+01
1.326167027155558209e+01
1.191097195943196674e+01
1.190459378560384174e+01
1.300993569691975971e+01
1.339055633544921875e+01
1.169700876871744732e+01
1.114219315846761127e+01
1.405979887644449811e+01
1.218733565012613873e+01
1.445248413085937500e+01
1.303242397308349609e+01
1.416271750132242779e+01
1.306565260887145996e+01
1.231620121002197266e+01
1.313805468877156635e+01
1.283315499623616596e+01
1.196792745590209961e+01
1.091042955716451068e+01
1.196737988789876361e+01
1.082571911811828613e+01
1.178013420104980469e+01
1.309602801005045514e+01
1.158954238891601562e+01
1.288942146301269531e+01
1.081769474347432514e+01
1.106356668472290039e+01
1.331618213653564453e+01
1.304014968872070312e+01
1.210106245676676373e+01
1.274966986974080463e+01
1.378512700398763080e+01
1.088390938440958600e+01
1.290953095753987689e+01
1.360391362508138080e+01
1.288831901550292969e+01
1.302514870961507221e+01
1.419526878992716412e+01
1.208006064097086529e+01
1.292140293121337891e+01
1.129678408304850201e+01
1.289032999674479107e+01
1.046997181574503522e+01
1.290133412679036518e+01
1.294626124699910541e+01
1.169281069437662701e+01
1.177202606201171875e+01
1.293516000111897846e+01
1.393234284718831439e+01
1.170904604593912701e+01
1.195545514424641986e+01
1.171299616495768170e+01
1.424290418624877930e+01
1.201916853586832623e+01
1.185468546549479107e+01
1.220222822825113873e+01
1.267838160196940045e+01
1.151199356714884381e+01
1.385181045532226562e+01
1.515390809377034564e+01
1.197702153523763080e+01
1.074647943178812604e+01
1.452067470550537109e+01
1.087271396319071393e+01
1.297122446695963482e+01
1.268610445658365826e+01
1.265170860290527344e+01
1.089619278907775879e+01
1.134303696950276752e+01
1.278600025177001953e+01
1.093202265103658100e+01
1.422070566813150982e+01
1.187410100301106830e+01
1.288934040069580078e+01
1.157189877827962299e+01
1.075071756045023541e+01
1.257222429911295514e+01
1.192265097300211529e+01
1.343658383687337299e+01
1.289150365193684955e+01
1.120834128061930279e+01
1.101916901270548443e+01
1.453942553202311139e+01
1.314512364069620709e+01
1.192557462056477924e+01
1.305681514739990234e+01
1.248622798919677734e+01
1.291316636403401752e+01
1.538985681533813477e+01
1.172759898503621478e+01
1.175166432062784772e+01
1.181294759114583393e+01
1.190234057108561139e+01
1.373687458038330078e+01
1.181058851877848248e+01
1.292591508229573627e+01
1.378908284505208393e+01
1.185916582743326764e+01
1.220775190989176373e+01
1.201052538553873639e+01
1.069800909360249896e+01
1.301393222808837891e+01
1.328704579671224018e+01
1.253403695424397846e+01
1.226835505167643170e+01
1.035836946964263916e+01
1.394619337717691998e+01
1.174870570500691791e+01
1.299143091837565045e+01
1.508637046813964844e+01
1.329695574442545514e+01
1.369823010762532611e+01
1.271008809407552143e+01
1.184521547953287701e+01
1.304627211888631244e+01
1.408817418416341205e+01
1.065716799100240131e+01
1.215532557169596295e+01
1.131257303555806537e+01
1.327440023422241211e+01
1.219114621480306049e+01
1.168845113118489643e+01
1.279206053415934186e+01
1.333181603749593158e+01
1.215684747695922852e+01
1.113760701815287213e+01
1.373216327031453510e+01
1.406604369481404682e+01
1.435319169362386127e+01
1.459296576182047467e+01
1.293783410390218158e+01
1.315232467651367188e+01
1.186601384480794330e+01
1.408810758590698242e+01
1.175163586934407611e+01
1.326247914632161518e+01
1.213826847076416016e+01
1.303120803833007812e+01
1.312269941965738873e+01
1.417666085561116596e+01
1.222595945994059186e+01
1.277730083465576172e+01
1.146323537826538086e+01
1.202057298024495502e+01
1.223213036855061908e+01
1.325243345896402936e+01
1.207176653544108014e+01
1.318513615926106830e+01
1.208362674713134766e+01
1.330778519312540631e+01
1.325337251027425189e+01
1.490400997797648053e+01
1.431603940327962299e+01
1.228592650095621686e+01
1.186082267761230469e+01
1.189339987436930279e+01
1.364530197779337506e+01
1.300428040822347064e+01
1.209833176930745502e+01
1.057511258125305176e+01
1.185431989034016986e+01
1.202129443486531635e+01
1.228169568379720111e+01
1.290557320912679096e+01
1.280074946085611920e+01
1.332148202260335346e+01
1.097410567601521869e+01
1.338148212432861328e+01
1.298255157470703125e+01
1.166686979929606061e+01
1.304323609670003314e+01
1.198452885945638080e+01
1.185984929402669330e+01
1.227774238586425781e+01
1.209242153167724609e+01
1.257143878936767578e+01
1.184409141540527344e+01
1.325043551127115826e+01
1.434925619761149029e+01
1.203763008117675781e+01
1.254752604166666607e+01
1.207959651947021484e+01
1.320634555816650391e+01
1.282475185394287109e+01
1.296931711832682232e+01
1.322052860260009766e+01
1.345934677124023438e+01
1.208594767252604107e+01
1.185214805603027344e+01
1.312528133392333984e+01
1.293763049443562885e+01
1.277143796284993549e+01
1.335931396484375000e+01
1.159572792053222656e+01
1.265893713633219342e+01
1.220832188924153705e+01
1.140736166636149029e+01
1.562954505284627338e+01
1.371071052551269531e+01
1.175342210133870502e+01
1.283127148946126361e+01
1.304062906901041607e+01
1.065167172749837299e+01
1.190753682454427143e+01
1.215403699874877930e+01
1.211245822906494141e+01
1.185781383514404297e+01
1.256923389434814453e+01
1.338337993621826172e+01
1.311943340301513672e+01
1.308274650573730469e+01
1.504642105102539062e+01
1.207682482401529889e+01
1.289459737141927143e+01
1.321896839141845703e+01
1.383229796091715436e+01
1.448124376932779889e+01
1.332359600067138672e+01
1.393624035517374615e+01
1.035924685001373291e+01
1.193098354339599609e+01
1.214912064870198627e+01
1.293631521860758404e+01
1.209350180625915527e+01
1.149676831563313861e+01
1.320136038462320904e+01
1.407766032218933105e+01
1.329222488403320312e+01
1.165644582112630268e+01
1.411509768168131451e+01
1.328795655568440814e+01
1.324889802932739258e+01
1.391859769821166992e+01
1.201188882191975971e+01
1.396656672159830670e+01
1.190837160746256451e+01
1.309433555603027344e+01
1.534784889221191406e+01
1.287374178568522076e+01
1.400248845418294330e+01
1.094306051731109619e+01
1.146647342046101947e+01
1.037309749921162982e+01
1.059822106361389160e+01
1.168661244710286518e+01
1.168061065673828125e+01
1.225985972086588482e+01
1.051583147048950195e+01
1.395503393809000592e+01
1.080352584520975689e+01
1.287791601816813092e+01
1.344465223948160748e+01
1.313829549153645893e+01
1.086620759963989258e+01
1.291084098815917969e+01
1.426920620600382428e+01
1.067899926503499408e+01
1.208985710144042969e+01
1.061075993378957172e+01
1.171955426534016986e+01
1.286853186289469342e+01
1.437707773844400982e+01
1.408646043141683002e+01
1.174025090535481830e+01
1.324666150410970111e+01
1.313598791758219342e+01
1.195348230997721295e+01
1.175623607635498047e+01
1.098799745241800885e+01
1.398473707834879498e+01
1.096749671300252338e+01
1.314573256174723248e+01
1.052207978566487689e+01
1.198759873708089252e+01
1.220961538950602154e+01
1.087059466044108014e+01
1.091871396700541119e+01
1.313037999471028705e+01
1.393246459960937500e+01
1.291931239763895611e+01
1.268659051259358783e+01
1.065643779436747174e+01
1.199071375528971295e+01
1.318730322519938092e+01
1.299980926513671875e+01
1.186306667327880859e+01
1.304414431254068951e+01
1.092630553245544434e+01
1.539059106508890729e+01
1.087463633219400982e+01
1.304989020029703717e+01
1.178540293375650982e+01
1.169274234771728516e+01
1.217433834075927734e+01
1.189416662851969342e+01
1.368851661682128906e+01
1.169149732589721680e+01
1.185490385691324811e+01
1.516300408045450787e+01
1.307441266377766986e+01
1.084198538462320904e+01
1.085358174641927143e+01
1.191366577148437500e+01
1.330781523386637311e+01
1.315271981557210346e+01
1.557063770294189453e+01
1.402958186467488666e+01
1.368189001083374023e+01
1.200627295176188092e+01
1.208061790466308594e+01
1.296468480428059955e+01
1.266797685623168945e+01
1.338588841756184955e+01
1.425396410624186139e+01
1.202956899007161518e+01
1.196445846557617188e+01
1.073309540748596191e+01
1.092983897527058978e+01
1.306273269653320312e+01
1.055220842361450195e+01
1.187580712636311908e+01
1.220052878061930279e+01
1.202901077270507812e+01
1.155294704437255859e+01
1.179553890228271484e+01
1.188858795166015625e+01
1.199011294047037701e+01
1.200664170583089252e+01
1.333310429255167584e+01
1.087196977933247943e+01
1.328509076436360736e+01
1.202286052703857422e+01
1.061258721351623535e+01
1.080920275052388568e+01
1.325508260726928711e+01
1.302947044372558594e+01
1.315341472625732422e+01
1.213508319854736328e+01
1.083864128589630127e+01
1.297438017527262311e+01
1.065645404656728168e+01
1.199039109547933002e+01
1.182489442825317383e+01
1.297503471374511719e+01
1.308114973704020123e+01
1.318735949198404889e+01
1.111758955319722553e+01
1.539961878458658795e+01
1.300203577677408795e+01
1.174028046925862689e+01
1.318207931518554688e+01
1.207512664794921875e+01
1.293612766265869141e+01
1.606750369071960449e+01
1.201591142018636127e+01
1.328817494710286518e+01
1.303448931376139264e+01
1.198876349131266217e+01
1.179360103607177734e+01
1.200293763478597064e+01
1.327391815185546875e+01
1.077865358193715473e+01
1.390026593208312988e+01
1.361596806844075580e+01
1.297950681050618549e+01
1.190018049875895123e+01
1.159465694427490234e+01
1.322013219197591205e+01
1.102418216069539447e+01
1.407731691996256451e+01
1.112701872984568219e+01
1.102309187253316303e+01
1.173285706837972064e+01
1.279192543029785156e+01
1.235521888732910156e+01
1.199025440216064453e+01
1.094773411750793457e+01
1.312200450897216797e+01
1.448862012227376361e+01
1.367098919550577740e+01
1.437747653325398822e+01
1.429699420928955078e+01
1.300700521469116211e+01
1.091782991091410260e+01
1.298787307739257812e+01
1.203943220774332623e+01
1.223799069722493549e+01
1.216832892100016217e+01
1.297551266352335553e+01
1.193290233612060547e+01
1.309423859914143939e+01
1.200454680124918561e+01
1.214900128046671490e+01
1.165237712860107422e+01
1.259821287790934186e+01
1.212792936960856061e+01
1.195410935084025006e+01
1.251590696970621686e+01
1.064563365777333637e+01
1.192605622609456439e+01
1.342985947926839252e+01
1.214411989847818951e+01
1.229499340057373047e+01
1.091908208529154400e+01
1.257929579416910748e+01
1.432147026062011719e+01
1.193257459004720111e+01
1.295945008595784564e+01
1.308099079132080078e+01
1.313073380788167377e+01
1.283334954579671283e+01
1.291546916961669922e+01
1.070542208353678326e+01
1.177064704895019531e+01
1.203606096903483014e+01
1.058891602357228656e+01
1.276498985290527344e+01
1.327007293701171875e+01
1.325308322906494141e+01
1.298474216461181641e+01
1.403102779388427734e+01
1.275339825948079486e+01
1.187587261199951172e+01
1.292601267496744732e+01
1.089818072319030762e+01
1.539894676208496094e+01
1.400543562571207623e+01
1.299152501424153705e+01
1.193915843963623047e+01
1.189160792032877545e+01
1.440558497111002545e+01
1.307693703969319721e+01
1.408080196380615234e+01
1.156553681691487689e+01
1.425079981486002545e+01
1.337680498758951764e+01
1.096399370829264264e+01
1.008649865786234479e+01
1.274342632293701172e+01
1.207862854003906250e+01
1.074058564503987689e+01
1.273254044850667377e+01
1.127283000946044922e+01
1.039538311958312988e+01
1.186233043670654297e+01
1.182148448626200299e+01
1.184536647796630859e+01
1.089608975251515766e+01
1.210007031758626361e+01
1.435678259531656842e+01
1.292012786865234375e+01
1.337753009796142578e+01
1.182516860961914062e+01
1.189086182912190814e+01
1.315820376078287701e+01
1.308687750498453717e+01
1.314176781972249408e+01
1.204103883107503314e+01
1.314770221710205078e+01
1.193892033894856830e+01
1.213719431559244732e+01
1.348953644434610943e+01
1.167683919270833393e+01
1.453212102254231830e+01
1.113057597478230853e+01
1.197755845387776752e+01
1.178224436442057232e+01
1.178002580006917377e+01
1.393490290641784668e+01
1.196136283874511719e+01
1.266066392262776752e+01
1.414858547846476178e+01
1.173903210957845111e+01
1.306075922648111920e+01
1.416855239868164062e+01
1.318566004435221295e+01
1.082955892880757709e+01
1.078029974301656146e+01
1.300954627990722656e+01
1.175322500864664654e+01
1.084073650836944580e+01
1.305509503682454486e+01
1.278808784484863281e+01
1.193788146972656250e+01
1.319053300221761127e+01
1.103714386622110943e+01
1.176658153533935547e+01
1.416662979125976562e+01
1.196155929565429688e+01
1.387845357259114643e+01
1.077619600296020508e+01
1.321637153625488281e+01
1.300616137186686139e+01
1.384143257141113281e+01
1.301804478963216205e+01
1.058568012714385986e+01
1.202655474344889264e+01
1.164284960428873639e+01
1.215439732869466205e+01
1.440793402989705463e+01
1.291984049479166607e+01
1.200176048278808594e+01
1.168396504720052143e+01
1.297553920745849609e+01
1.456704282760620117e+01
1.207239023844400982e+01
1.178143755594889264e+01
1.191527716318766217e+01
1.205831209818522076e+01
1.202658430735270123e+01
1.296099058787027936e+01
1.102869431177775006e+01
1.308784294128417969e+01
1.105676023165384869e+01
1.197011597951253314e+01
1.170154921213785748e+01
1.204572041829427143e+01
1.400071493784586529e+01
1.185294850667317768e+01
1.413619550069173236e+01
1.282216644287109375e+01
1.201254304250081439e+01
1.445436763763427734e+01
1.286623509724934955e+01
1.231198088328043561e+01
1.196329021453857422e+01
1.067894053459167480e+01
1.423760732014974018e+01
1.182491095860799213e+01
1.192073758443196674e+01
1.285671297709147076e+01
1.191651948293050189e+01
1.189629522959391217e+01
1.223110262552897076e+01
1.139031251271565814e+01
1.412811978658040424e+01
1.392044639587402344e+01
1.309579881032308002e+01
1.192370478312174420e+01
1.218428897857666016e+01
1.218179829915364643e+01
1.410025421778360943e+01
1.191263802846272846e+01
1.087401986122131348e+01
1.109018385410308838e+01
1.285082403818766217e+01
1.305450820922851562e+01
1.304399808247884174e+01
1.162933031717936139e+01
1.112581380208333393e+01
1.102909207344055176e+01
1.105563978354136090e+01
1.315760326385498047e+01
1.397079849243164062e+01
1.304684797922770123e+01
1.101497546831766705e+01
1.229803101221720318e+01
1.305153274536132812e+01
1.182403119405110736e+01
1.305075422922770123e+01
1.284942976633707623e+01
1.291116046905517578e+01
1.097891942660013775e+01
1.176086743672688861e+01
1.390662829081217389e+01
1.449062824249267578e+01
1.315073839823404889e+01
1.081303787231445312e+01
1.432577673594156842e+01
1.294848346710205078e+01
1.186226844787597656e+01
1.186617024739583393e+01
1.524617211023966412e+01
1.389081859588623047e+01
1.181275749206542969e+01
1.304186471303304096e+01
1.072901145617167096e+01
1.307182312011718750e+01
1.077286195755004883e+01
1.184127807617187500e+01
1.091922545433044434e+01
1.273746140797933002e+01
1.329117075602213482e+01
1.291175015767415424e+01
1.381671969095865826e+01
1.126701871554056744e+01
1.177199808756510357e+01
1.165582005182901959e+01
1.186776955922444721e+01
1.636017402013142785e+01
1.223846022288004498e+01
1.308492596944173236e+01
1.298842048645019531e+01
1.193731848398844342e+01
1.291313648223876953e+01
1.073404272397359271e+01
1.169929885864257812e+01
1.167596499125162701e+01
1.192668056488037109e+01
1.537221781412760357e+01
1.219122727711995502e+01
1.197426096598307232e+01
1.325514094034830670e+01
1.418492523829142193e+01
1.158328247070312500e+01
1.400148423512776752e+01
1.185792668660481830e+01
1.409881623586018939e+01
1.054543153444925885e+01
1.421318848927815814e+01
1.198047765096028705e+01
1.323526000976562500e+01
1.191211827596028705e+01
1.197922420501708984e+01
1.408716424306233783e+01
1.196160634358724018e+01
1.210122585296630859e+01
1.399854691823323627e+01
1.437191804250081439e+01
1.183273410797119141e+01
1.308844184875488281e+01
1.339691766103108783e+01
1.540172012646993061e+01
1.101154931386311908e+01
1.279237683614095111e+01
1.212138017018636127e+01
1.087844332059224506e+01
1.305753962198893170e+01
1.215528392791748047e+01
1.357291444142659564e+01
1.311530971527099609e+01
1.185662301381429096e+01
1.439055983225504498e+01
1.108271781603495221e+01
1.277548408508300781e+01
1.275026448567708393e+01
1.292981783548990826e+01
1.379980913798014264e+01
1.187461694081624408e+01
1.175777435302734375e+01
1.074019742012023926e+01
1.472497224807739258e+01
1.313329362869262695e+01
1.055538173516591449e+01
1.522386233011881451e+01
1.263619581858316998e+01
1.414872868855794330e+01
1.314995543162027936e+01
1.382216485341390033e+01
1.277151997884114643e+01
1.200690460205078125e+01
1.220588811238606830e+01
1.286520036061604877e+01
1.304717032114664654e+01
1.313453531265258789e+01
1.199459679921468158e+01
1.302270062764485736e+01
1.128169965744018555e+01
1.160529788335164447e+01
1.291763750712076764e+01
1.074438516298929791e+01
1.031967798868815045e+01
1.078231692314147949e+01
1.187867101033528705e+01
1.286130078633626361e+01
1.194887892405191998e+01
1.078212277094523053e+01
1.219727993011474609e+01
1.271013164520263672e+01
1.303333600362141986e+01
1.205673535664876361e+01
1.096502141157785992e+01
1.408130772908528705e+01
1.195300292968750000e+01
1.339668941497802734e+01
1.086745941638946533e+01
1.186070823669433594e+01
1.405284500122070312e+01
1.192081960042317768e+01
1.181383387247721295e+01
1.284111722310384174e+01
1.430571969350179096e+01
1.453905042012532611e+01
1.354186026255289654e+01
1.308071358998616596e+01
1.273851203918457031e+01
1.088734682401021381e+01
1.285105228424072266e+01
1.194512557983398438e+01
1.287341372172037701e+01
1.186291249593099018e+01
1.109689370791117291e+01
1.543391704559326172e+01
1.282907899220784564e+01
1.310210895538330078e+01
1.444405635197957416e+01
1.295073580741882324e+01
1.274455006917317768e+01
1.109748458862304688e+01
1.267104180653890033e+01
1.224889087677001953e+01
1.331416988372802734e+01
1.091203165054321289e+01
1.123869784673055072e+01
1.205110613505045514e+01
1.422831598917643170e+01
1.057556255658467670e+01
1.526915168762207031e+01
1.406125974655151367e+01
1.417255767186482807e+01
1.427617104848225971e+01
1.311703777313232422e+01
1.172049172719319721e+01
1.214762767155965228e+01
1.338164838155110736e+01
1.304341443379720111e+01
1.103002802530924420e+01
1.200412400563558002e+01
1.185124429066975971e+01
1.096671056747436523e+01
1.217377599080403705e+01
1.191189797719319721e+01
1.306437365214029889e+01
1.350254567464192768e+01
1.409378528594970703e+01
1.215922959645589252e+01
1.295309702555338482e+01
1.412366390228271484e+01
1.165596898396809955e+01
1.221476046244303326e+01
1.328510475158691406e+01
1.168575398127237897e+01
1.184316158294677734e+01
1.317665990193684955e+01
1.078871361414591412e+01
1.213700167338053326e+01
1.098368668556213379e+01
1.217673746744791607e+01
1.077815485000610352e+01
1.552182165781656842e+01
