9.812936782836914062e-01
9.290797511736551550e-01
8.480661511421203613e-01
7.921214898427327844e-01
7.187553246815999719e-01
7.012195189793904992e-01
6.622674663861592981e-01
6.435559590657552453e-01
6.456411083539327356e-01
6.777146855990091590e-01
6.869464914004007605e-01
6.378138661384582520e-01
6.294366419315338135e-01
6.251534024874368933e-01
6.252467830975850793e-01
5.809451540311177942e-01
5.679324368635813025e-01
5.682709614435831336e-01
5.739476680755615234e-01
5.551405847072601318e-01
5.168170730272928504e-01
5.581148167451223108e-01
5.533755421638488770e-01
5.653482079505920410e-01
5.930055379867553711e-01
5.675123532613118860e-01
5.262866318225860596e-01
5.389450689156850549e-01
5.518867969512939453e-01
5.431525905927022668e-01
5.583029786745706824e-01
5.257985691229501990e-01
5.469486117362976074e-01
5.518243908882141113e-01
5.482656657695770264e-01
5.961864292621612549e-01
5.121346215407053259e-01
5.700637598832448694e-01
5.408998330434163782e-01
5.274094740549722937e-01
5.675368010997772217e-01
4.963434437910715924e-01
5.033945540587106970e-01
5.234071016311645508e-01
5.506086448828378943e-01
5.280891756216684607e-01
5.139588415622711182e-01
4.892156620820363178e-01
4.999495943387349262e-01
5.575436453024545935e-01
5.450366536776224402e-01
5.331670045852661133e-01
5.198454260826110840e-01
5.442400077978769568e-01
5.290385087331136438e-01
5.607204536596933631e-01
5.398603876431783410e-01
5.219112833340963098e-01
5.370798110961914062e-01
5.639008979002634314e-01
5.412228306134542200e-01
5.681913892428079871e-01
4.872272113958994733e-01
5.208562711874643592e-01
5.434042016665140418e-01
5.290436446666717529e-01
5.231257081031799316e-01
5.249008536338806152e-01
5.236634512742360803e-01
5.392503142356872559e-01
5.242008864879608154e-01
5.001655717690786096e-01
5.661540726820627478e-01
5.849583049615224573e-01
5.141558547814687463e-01
5.147655407587686804e-01
5.679432650407155725e-01
5.064221322536468506e-01
5.215818385283151892e-01
4.973093966643015729e-01
5.019695659478505823e-01
5.469622214635213586e-01
5.635498563448587683e-01
5.221513112386068078e-01
5.584158798058828088e-01
5.313114027182260779e-01
5.407966574033101770e-01
5.705278217792510986e-01
5.732416808605194092e-01
5.265002051989237097e-01
5.409551958243051795e-01
5.109199881553649902e-01
5.079894264539083215e-01
5.391061504681905481e-01
4.899964729944865094e-01
4.900229374567667828e-01
5.866406857967376709e-01
4.946370720863342285e-01
5.037146906057993201e-01
5.034881929556528357e-01
5.438928306102752686e-01
5.428750216960906982e-01
5.708033740520477295e-01
4.958634078502655029e-01
5.347888469696044922e-01
5.328997572263082239e-01
5.544141133626302453e-01
5.348767042160034180e-01
4.968816339969635010e-01
5.290930767854055139e-01
5.189380546410878869e-01
5.891366799672445032e-01
5.292157133420308801e-01
5.160149832566579553e-01
5.398698449134826660e-01
5.148415068785349158e-01
5.392348170280456543e-01
5.188885728518167761e-01
5.123509764671325684e-01
5.309056242307027551e-01
4.854556123415629254e-01
5.132134755452474328e-01
5.080105662345886230e-01
4.955325424671173096e-01
5.543848772843679162e-01
5.668000976244608191e-01
5.356008211771646765e-01
5.387717882792154578e-01
5.078037381172180176e-01
5.349264045556386682e-01
5.375163058439890174e-01
5.358762939771016809e-01
5.157082478205362586e-01
5.256369411945343018e-01
5.081610381603240967e-01
5.395385722319284705e-01
5.422390997409820557e-01
5.165581007798513147e-01
5.994413296381632117e-01
5.270684460798898963e-01
4.910103480021159039e-01
5.437422593434652063e-01
5.851405660311380652e-01
4.965268870194752826e-01
4.798511962095896588e-01
5.202596982320150110e-01
5.159049133459726599e-01
5.330412288506826135e-01
5.250732700030008582e-01
5.497118135293325158e-01
5.137338737646738318e-01
5.162114500999450684e-01
5.671381254990895959e-01
5.294421017169952393e-01
5.197479426860809326e-01
5.129422346750894812e-01
5.458874702453613281e-01
5.416978398958841590e-01
4.980604350566864014e-01
5.437754690647125244e-01
5.484250088532766076e-01
5.153269171714782715e-01
5.176680386066436768e-01
5.405802627404531213e-01
5.725212395191192627e-01
5.300922791163126258e-01
5.336333711942037317e-01
5.429073969523111609e-01
5.139748255411783484e-01
5.119529863198598596e-01
5.423303445180257532e-01
4.967735906442006244e-01
5.353213349978128699e-01
4.990313649177551270e-01
5.834841032822927209e-01
5.355032583077748987e-01
5.611912111441293982e-01
4.911526938279469623e-01
5.366776684919992713e-01
5.405301849047342566e-01
5.595451494057973596e-01
5.515305995941162109e-01
5.491276979446411133e-01
5.270287295182546350e-01
5.094255208969116211e-01
5.286798278490701941e-01
5.276302297910054895e-01
5.570680399735769006e-01
5.441459616025289270e-01
5.014127989610036584e-01
5.448093612988790246e-01
5.227811435858408240e-01
5.475416978200277063e-01
5.185248355070749549e-01
5.241994857788085938e-01
5.537985960642496375e-01
5.276160637537637976e-01
5.370592077573140832e-01
5.908538798491159705e-01
5.216890176137288782e-01
5.513475338617960242e-01
5.377096533775329590e-01
4.991082350413004742e-01
5.477309028307596472e-01
5.463456312815347937e-01
4.990234971046447754e-01
5.497944951057434082e-01
5.286962886651357385e-01
5.158115625381469727e-01
4.977987309296925678e-01
5.316868821779886511e-01
5.434737602869669226e-01
5.582262972990671424e-01
5.455516874790191650e-01
5.907416641712188721e-01
5.744216342767080041e-01
5.588601032892862586e-01
5.310190320014953613e-01
4.849487046400706158e-01
5.379445751508077356e-01
5.437244772911071777e-01
5.137646794319152832e-01
5.657003720601400110e-01
5.747808714707692834e-01
4.951720337073008404e-01
5.060083369414011267e-01
5.417407353719075891e-01
4.858034849166870117e-01
5.286391973495483398e-01
5.346010824044545862e-01
5.384497344493865967e-01
5.304542978604634973e-01
5.213540891806284217e-01
5.438247025012969971e-01
5.243687927722930908e-01
5.162080427010854455e-01
5.056227346261342737e-01
5.283955236275991174e-01
5.417857468128204346e-01
5.338164865970611572e-01
5.330391625563303259e-01
5.139228502909342078e-01
5.024345616499582556e-01
5.448216497898101807e-01
5.241805613040924072e-01
5.802973508834838867e-01
5.182186563809713098e-01
5.321567356586456299e-01
5.407956242561340332e-01
5.525606373945871619e-01
5.659026503562927246e-01
5.365168849627176550e-01
5.318442682425180701e-01
5.088794628779093054e-01
5.343753397464752197e-01
4.968339800834655762e-01
5.299633642037709924e-01
5.209384262561798096e-01
5.577425161997476843e-01
6.165193120638529090e-01
5.180523693561553955e-01
5.524513423442840576e-01
5.255269606908162805e-01
5.282018979390462610e-01
5.386930505434671668e-01
5.651894410451253625e-01
5.147662659486135217e-01
5.191183984279632568e-01
5.719379683335622522e-01
5.304995278517404822e-01
5.865556200345357629e-01
5.498091777165731164e-01
5.743307868639627722e-01
5.499504009882608679e-01
5.435131887594858435e-01
5.624202688535054895e-01
5.465716719627380371e-01
5.286065936088562012e-01
5.044184227784475061e-01
5.234871208667755127e-01
4.984480738639831543e-01
5.149145225683847693e-01
5.577775041262308386e-01
5.196267267068227502e-01
5.473426779111226770e-01
5.003712077935537073e-01
5.031228363513946533e-01
5.548791984717050818e-01
5.551858345667520789e-01
5.331230660279592248e-01
5.361453394095102576e-01
5.601543486118316650e-01
5.073112150033315393e-01
5.468874772389730188e-01
5.564741293589273718e-01
5.447532733281453821e-01
5.491015315055847168e-01
5.907514592011769983e-01
5.396749476591745642e-01
5.426725943883260461e-01
5.135425627231597900e-01
5.458379785219827918e-01
4.937595029671986713e-01
5.424736440181732178e-01
5.487734675407409668e-01
5.135606427987416955e-01
5.187900265057882043e-01
5.480786561965942383e-01
5.727008879184722900e-01
5.239491860071817664e-01
5.289694070816040039e-01
5.180868705113729211e-01
5.780907869338989258e-01
5.363559424877166748e-01
5.303534766038259241e-01
5.405810475349426270e-01
5.341460903485616418e-01
5.196689367294311523e-01
5.682944059371948242e-01
6.028749446074167517e-01
5.198933581511179236e-01
4.960886538028717041e-01
5.797053774197896692e-01
5.006006956100463867e-01
5.434048573176065711e-01
5.533479849497476843e-01
5.440647006034851074e-01
4.931994676589965820e-01
5.052705009778341028e-01
5.585499902566274377e-01
5.044081111749013635e-01
5.810732742150624963e-01
5.219296216964721680e-01
5.458347300688425330e-01
5.150708953539530066e-01
5.025781393051147461e-01
5.432389974594116211e-01
5.250689486662546424e-01
5.613745649655660364e-01
5.392642915248870850e-01
5.055910150210062293e-01
5.099192361036936072e-01
5.883895754814147949e-01
5.509638289610544470e-01
5.156902074813842773e-01
5.544693668683370325e-01
5.438648462295532227e-01
5.395286083221435547e-01
6.029201547304788855e-01
5.170307060082753869e-01
5.176168580849965783e-01
5.169492463270822791e-01
5.260565280914306641e-01
5.661818285783132287e-01
5.185475448767343787e-01
5.563713908195495605e-01
5.707345406214395789e-01
5.229100982348123816e-01
5.304206510384877893e-01
5.241611301898956299e-01
5.016557673613230017e-01
5.521661241849263879e-01
5.632699131965637207e-01
5.352090696493784217e-01
5.258350173632303504e-01
4.875444869200388776e-01
5.698178311189016076e-01
5.096720755100250244e-01
5.473358432451883582e-01
5.913257499535878869e-01
5.463169117768605920e-01
5.577944815158843994e-01
5.403067966302236291e-01
5.204954644044240686e-01
5.466564595699310303e-01
5.656202832857767371e-01
4.918467005093892230e-01
5.196305414040883752e-01
5.041748980681101111e-01
5.464631815751394006e-01
5.406662027041116980e-01
5.277978877226511267e-01
5.377720097700754431e-01
5.562399029731750488e-01
5.293831328550974158e-01
5.019053717454274866e-01
5.595611135164896277e-01
5.842941999435424805e-01
5.659957826137542725e-01
5.816712280114492151e-01
5.441344877084096643e-01
5.453979571660360071e-01
5.246705114841461182e-01
5.705815255641937256e-01
5.202131668726602820e-01
5.468270679314931604e-01
5.220171411832174035e-01
5.428495705127716064e-01
5.443104505538940430e-01
5.659815172354379920e-01
5.285626153151193884e-01
5.483083426952362061e-01
5.146736502647399902e-01
5.323858161767324182e-01
5.295427838961282996e-01
5.470927755037943152e-01
5.222604374090830115e-01
5.615650018056234094e-01
5.372013549009958533e-01
5.596617658933004114e-01
5.536113182703653601e-01
5.899018347263336182e-01
5.828124185403188440e-01
5.306426684061685828e-01
5.197651982307434082e-01
5.160804986953735352e-01
5.668002665042877197e-01
5.445698996384938928e-01
5.300233165423074988e-01
4.942356348037719727e-01
5.295822819073995325e-01
5.147197047869364050e-01
5.209322571754455566e-01
5.468250711758931848e-01
5.450051724910736084e-01
5.521614253520965576e-01
5.038003822167714807e-01
5.526833732922872278e-01
5.467474261919657019e-01
5.147843460241953162e-01
5.351461768150329590e-01
5.273071825504302979e-01
5.244928995768228797e-01
5.312084654966989783e-01
5.294711093107858924e-01
5.404713153839111328e-01
5.258112649122873572e-01
5.493152340253194543e-01
5.693345367908477783e-01
5.235561927159627649e-01
5.428309837977091101e-01
5.353993674119313928e-01
5.495531161626180383e-01
5.424572030703226355e-01
5.423088868459066125e-01
5.432817240556081506e-01
5.504738787810007361e-01
5.214707255363464355e-01
5.178284843762716028e-01
5.469015041987100867e-01
5.300737420717874793e-01
5.391484598318735388e-01
5.479287505149841309e-01
5.020646850268045691e-01
5.343962311744689941e-01
5.220530629158020020e-01
5.107559760411580774e-01
6.012736658255258826e-01
5.630245705445607873e-01
5.216034750143686560e-01
5.366729398568471643e-01
5.573812921841939660e-01
4.881509939829508649e-01
5.234751403331756592e-01
5.284929275512695312e-01
5.195193092028299597e-01
5.137807528177896765e-01
5.372627079486846924e-01
5.482757290204366418e-01
5.418945153554280969e-01
5.478966434796651575e-01
5.858643551667531701e-01
5.203662017981210974e-01
5.448421438535054895e-01
5.397557318210601807e-01
5.550256470839182166e-01
5.808726052443186072e-01
5.473259588082631799e-01
5.658518572648366662e-01
4.833028316497802734e-01
5.207433899243673059e-01
5.279058317343393592e-01
5.341203014055887488e-01
5.249214867750803259e-01
5.010905762513478967e-01
5.459085702896118164e-01
5.673287510871887207e-01
5.493138432502746582e-01
5.124433736006418494e-01
5.761907200018564490e-01
5.513282716274261475e-01
5.476256112257639197e-01
5.566617747147878381e-01
5.293007989724477502e-01
5.666218002637227746e-01
5.197451512018839148e-01
5.497561891873677942e-01
5.982978741327921179e-01
5.388747751712799072e-01
5.582813521226247522e-01
4.938215613365173340e-01
5.130519767602285119e-01
4.818424781163533344e-01
4.884497622648875104e-01
5.117551386356353760e-01
5.092680255572000769e-01
5.322360694408416748e-01
4.850890636444091797e-01
5.635428925355275842e-01
4.893043537934620990e-01
5.320861935615539551e-01
5.526186029116312293e-01
5.517213741938272742e-01
4.906021853288014545e-01
5.404799282550811768e-01
5.674939850966135291e-01
4.844573338826497211e-01
5.260094702243804932e-01
4.801077942053477154e-01
5.081827839215596887e-01
5.427756110827127722e-01
5.706107715765634802e-01
5.745311478773752478e-01
5.167927245299021033e-01
5.409695208072662354e-01
5.384194850921630859e-01
5.165483454863230017e-01
5.110778013865152625e-01
4.951374729474385394e-01
5.673947433630625037e-01
4.966222445170084820e-01
5.369791984558105469e-01
4.874768356482188092e-01
5.149667759736379358e-01
5.178910493850708008e-01
4.988914231459299908e-01
5.043218036492665979e-01
5.464348594347635535e-01
5.656595428784688684e-01
5.453833639621734619e-01
5.377517143885294226e-01
4.871184825897216797e-01
5.194607873757680627e-01
5.357663134733835486e-01
5.340612332026163367e-01
5.175295174121856689e-01
5.421644250551859168e-01
4.872738420963287354e-01
5.909342368443807336e-01
5.002764463424682617e-01
5.371077160040537146e-01
5.202731192111968994e-01
5.041122734546661377e-01
5.221540331840515137e-01
5.217049618562062951e-01
5.577618181705474854e-01
5.142874618371328088e-01
5.179849962393442420e-01
5.897867083549499512e-01
5.401277244091033936e-01
4.882797201474507465e-01
4.897647400697072162e-01
5.147103766600290564e-01
5.522215863068898889e-01
5.378626088301340369e-01
5.953164796034494666e-01
5.604939063390096399e-01
5.559720893700917932e-01
5.154787699381510047e-01
5.251153707504272461e-01
5.380463997522989539e-01
5.323852300643920898e-01
5.416933198769887658e-01
5.642175674438476562e-01
5.177743534247080115e-01
5.194726785024007532e-01
4.888767997423807965e-01
4.945143560568491803e-01
5.382414062817891809e-01
4.813655217488606586e-01
5.191832482814788818e-01
5.229638914267221717e-01
5.204944511254628869e-01
5.162399113178253174e-01
5.075439910093942908e-01
5.116880536079406738e-01
5.178624093532562256e-01
5.074147482713063928e-01
5.448298851648966101e-01
4.926040271917979108e-01
5.414014458656311035e-01
5.205243329207102088e-01
4.903607666492462158e-01
4.866449038187662945e-01
5.474929114182790491e-01
5.325582424799600867e-01
5.366111298402150842e-01
5.238687793413797644e-01
4.889826178550720215e-01
5.367793043454488489e-01
4.852566818396250592e-01
5.126483440399169922e-01
5.146194001038869592e-01
5.361582736174265174e-01
5.425872206687927246e-01
5.373029212156931189e-01
4.989782869815826416e-01
5.917226175467172888e-01
5.349718729654947547e-01
5.026462078094482422e-01
5.366630951563516883e-01
5.212956468264261511e-01
5.438783069451650354e-01
6.098499198754628869e-01
5.134634872277578088e-01
5.515175461769104004e-01
5.408097306887308386e-01
5.091375013192495080e-01
5.070910553137460974e-01
5.154023667176564905e-01
5.422968367735544470e-01
4.872773786385853900e-01
5.549590686957041052e-01
5.516925454139709473e-01
5.369518796602884558e-01
5.152094066143035889e-01
5.056968828042348596e-01
5.443257987499237061e-01
4.982570310433705463e-01
5.574829379717508582e-01
4.891352752844492779e-01
4.952855308850606098e-01
5.094138185183206824e-01
5.284895996252695349e-01
5.297563274701436731e-01
5.148919920126596717e-01
4.961466093858082904e-01
5.424659252166748047e-01
5.665681262811025354e-01
5.622047483921051025e-01
5.689225296179453162e-01
5.702826877435048791e-01
5.271159509817758826e-01
4.963668882846832275e-01
5.339482525984445838e-01
5.118597745895385742e-01
5.246669054031372070e-01
5.187242627143859863e-01
5.366668105125427246e-01
5.083436071872711182e-01
5.385397275288900110e-01
5.115412771701812744e-01
5.226529836654663086e-01
5.029635926087697717e-01
5.279685258865356445e-01
5.189643402894338342e-01
5.211126903692880896e-01
5.304490129152933386e-01
4.813314576943715228e-01
5.154384076595306396e-01
5.442268848419189453e-01
5.126022100448608398e-01
5.206847389539083215e-01
4.917704363663991107e-01
5.248599449793497351e-01
5.729986230532327918e-01
5.118353366851806641e-01
5.348903834819793701e-01
5.369538366794586182e-01
5.446350475152333948e-01
5.312858819961547852e-01
5.296289424101511267e-01
4.852348268032073975e-01
5.091365675131479529e-01
5.194288988908132287e-01
4.835627277692158832e-01
5.366233686606088904e-01
5.452448725700378418e-01
5.324882666269937781e-01
5.313850839932759973e-01
5.625078777472177771e-01
5.334235131740570068e-01
5.193756421407064172e-01
5.353402892748514441e-01
4.834363162517547607e-01
5.869789024194081994e-01
5.520885884761810303e-01
5.336458186308542517e-01
5.039218465487161902e-01
5.090353985627492639e-01
5.612311263879140588e-01
5.403085847695668908e-01
5.570352176825205115e-01
5.084219773610433313e-01
5.636848906675974158e-01
5.474395950635274621e-01
4.786657989025115967e-01
4.751584728558858051e-01
5.349427461624145508e-01
5.206227898597717285e-01
4.820813635985056744e-01
5.254466334978739050e-01
4.957889020442962646e-01
4.842205444971720563e-01
5.115840037663778039e-01
5.077072282632192346e-01
5.090707441171010705e-01
4.925038615862528668e-01
5.223884781201680871e-01
5.650558571020761756e-01
5.331721802552541467e-01
5.466501116752624512e-01
5.087024470170339319e-01
5.062195460001627234e-01
5.325904885927835730e-01
5.395300785700479773e-01
5.355193416277567175e-01
5.117242038249969482e-01
5.368256469567617151e-01
5.102639396985372278e-01
5.183146893978118896e-01
5.551784237225850793e-01
5.180133779843648645e-01
5.734064280986785889e-01
4.983818034331004010e-01
5.105683008829752234e-01
5.023097495237985877e-01
5.086504518985748291e-01
5.588755706946054724e-01
5.122361878554025916e-01
5.282821655273437500e-01
5.568237801392873498e-01
5.198471148808797571e-01
5.332523783047994348e-01
5.661049783229827881e-01
5.373011529445648193e-01
4.921211997667948590e-01
4.993477364381154193e-01
5.303389728069305420e-01
5.093187987804412842e-01
4.841470519701639996e-01
5.367847780386606482e-01
5.269209146499633789e-01
5.050789415836334229e-01
5.359135170777639123e-01
4.919053216775258197e-01
5.054657260576883582e-01
5.616645912329355506e-01
5.095255176226297644e-01
5.550185143947601318e-01
4.846340119838714600e-01
5.391490459442138672e-01
5.384749472141265869e-01
5.566288928190866736e-01
5.372871259848276404e-01
4.785528481006622314e-01
5.196842749913533899e-01
5.093200107415517541e-01
5.226413806279500696e-01
5.699064334233602258e-01
5.403145849704742432e-01
5.220430394013723108e-01
5.070101320743560791e-01
5.388071835041046143e-01
5.710317293802896765e-01
5.110007822513580322e-01
5.061019857724508020e-01
5.114034612973531457e-01
5.177454551060994836e-01
5.112237731615701941e-01
5.342732369899749756e-01
4.909725387891133441e-01
5.431030988693237305e-01
4.942947526772816791e-01
5.143711864948272705e-01
5.077907641728719446e-01
5.203804473082224158e-01
5.592276950677236291e-01
5.104813476403554651e-01
5.711273451646169397e-01
5.308399001757303504e-01
5.087523361047109338e-01
5.608352720737457275e-01
5.339268247286478308e-01
5.200520356496175500e-01
5.141474008560180664e-01
4.827986458937327252e-01
5.657924413681030273e-01
5.025328596433004114e-01
5.171501934528350830e-01
5.361711184183756140e-01
5.152780711650848389e-01
5.090575416882833215e-01
5.154953400293985633e-01
5.038370490074157715e-01
5.649510820706685754e-01
5.575772225856781006e-01
5.319268008073171350e-01
5.091213385264078406e-01
5.188500980536142615e-01
5.190054178237915039e-01
5.570351580778757361e-01
5.118899047374725342e-01
4.890981415907542096e-01
4.969400068124135150e-01
5.337093273798624304e-01
5.345103939374288293e-01
5.373897453149160119e-01
5.036087036132812500e-01
4.968041876951853619e-01
5.001743237177530554e-01
4.919814864794413434e-01
5.441336234410604211e-01
5.578654408454895020e-01
5.307011604309082031e-01
4.929849406083424701e-01
5.220454931259155273e-01
5.321638782819112512e-01
5.025833944479624060e-01
5.392837425072988244e-01
5.383827487627664832e-01
5.412430167198181152e-01
4.919337630271911621e-01
5.091531177361806604e-01
5.613872110843658447e-01
5.676910976568857459e-01
5.313441157341003418e-01
4.834924936294555664e-01
5.652111669381459924e-01
5.329484740893045691e-01
5.069202880064646033e-01
5.081715087095896033e-01
5.848115583260854455e-01
5.554420650005340576e-01
5.076627532641092566e-01
5.363228221734365198e-01
4.845359226067860736e-01
5.365005334218343469e-01
4.851103127002716064e-01
5.112832784652709961e-01
4.962147871653239117e-01
5.336092710494995117e-01
5.402327080567678186e-01
5.323829253514608117e-01
5.600166420141855506e-01
5.063502887884775427e-01
5.050299266974130896e-01
5.064209401607513428e-01
5.079756776491800574e-01
6.090555787086486816e-01
5.232739051183065149e-01
5.394620299339294434e-01
5.417037109533945349e-01
5.089852114518483850e-01
5.389392574628194543e-01
4.901406864325205670e-01
5.163778265317281457e-01
5.074961185455322266e-01
5.118765830993652344e-01
5.877892772356668738e-01
5.290775795777639123e-01
5.140248636404672888e-01
5.442130168279012414e-01
5.601820250352224084e-01
5.114770630995432166e-01
5.594053963820139197e-01
5.087482134501138953e-01
5.639006992181142541e-01
4.781634608904520856e-01
5.571781297524770471e-01
5.141308406988779334e-01
5.409706632296243933e-01
5.053527653217315674e-01
5.150944491227468225e-01
5.578884383042653772e-01
5.087985396385192871e-01
5.179989139238992957e-01
5.644969244798024866e-01
5.643315513928731653e-01
5.106504062811533240e-01
5.390535394350687293e-01
5.420308311780294153e-01
5.823484063148498535e-01
4.924585322539011822e-01
5.393098493417104455e-01
5.218855937321981164e-01
4.896656870841979980e-01
5.317453444004058838e-01
5.247131387392679480e-01
5.560348232587178918e-01
5.343680183092752722e-01
5.089797377586364746e-01
5.670071542263031006e-01
4.903964598973591937e-01
5.301089286804199219e-01
5.358156363169351843e-01
5.354994932810465125e-01
5.473688542842864990e-01
5.081629951794942590e-01
5.077397624651590613e-01
4.840497275193532123e-01
5.780913829803466797e-01
5.367727180322011682e-01
4.798838198184967041e-01
5.864723126093546179e-01
5.252960324287414551e-01
5.550754368305206299e-01
5.357220768928527832e-01
5.593875447909036902e-01
5.254319508870443078e-01
5.105854570865631104e-01
5.153432389100393030e-01
5.395113130410512658e-01
5.375482837359110144e-01
5.463556249936422082e-01
5.195611119270324707e-01
5.364802579085031775e-01
5.032120347023010254e-01
5.025556286176046106e-01
5.297291477521260950e-01
4.836124281088511334e-01
4.768762687842051373e-01
4.880243837833404541e-01
5.110386312007904053e-01
5.388039151827493933e-01
5.086572170257568359e-01
4.938922325770060406e-01
5.146299103895822791e-01
5.321310957272847864e-01
5.404795110225677490e-01
5.125162303447723389e-01
4.894757568836212158e-01
5.548191765944162634e-01
5.100939373175302771e-01
5.479663809140523645e-01
4.808150629202525006e-01
5.065862536430358887e-01
5.622098048528035852e-01
5.106242001056671143e-01
5.081955095132192346e-01
5.345727801322937012e-01
5.625807344913482666e-01
5.772181550661722449e-01
5.480224291483560828e-01
5.392463008562723425e-01
5.264978806177774695e-01
4.833500087261199951e-01
5.285489559173583984e-01
5.038594802220662805e-01
5.312090019385019568e-01
5.078856448332468299e-01
4.949042797088623047e-01
5.956302583217620850e-01
5.320246915022531775e-01
5.354275802771250037e-01
5.649677614370981482e-01
5.374691486358642578e-01
5.324261685212453576e-01
4.905722737312316895e-01
5.264426569143930701e-01
5.199483136336008338e-01
5.360252062479654578e-01
4.919841190179188861e-01
5.010062654813131067e-01
5.145286520322164270e-01
5.618883073329925537e-01
4.833972752094268799e-01
5.808858772118886682e-01
5.567326744397481653e-01
5.603912870089212683e-01
5.623113115628560754e-01
5.344489216804504395e-01
5.094489256540933875e-01
5.166036089261373254e-01
5.402581493059793738e-01
5.371417601903279992e-01
4.945168594519297467e-01
5.157618820667266846e-01
5.170037746429443359e-01
4.942194223403930664e-01
5.183794697125753137e-01
5.114266971747080115e-01
5.330854753653208045e-01
5.446072419484456750e-01
5.582882861296335486e-01
5.164925853411356238e-01
5.319372812906900672e-01
5.668128530184427527e-01
5.053433378537496301e-01
5.163588523864746094e-01
5.403699874877929688e-01
5.082263549168904992e-01
5.057361125946044922e-01
5.483968655268350867e-01
4.865841269493103027e-01
5.079338153203328821e-01
4.918897449970245361e-01
5.232544541358947754e-01
4.908293982346852435e-01
5.892477929592132568e-01
