1.241489971056580544e+00
3.279669950716197491e-01
3.344388939440250397e-01
3.179475129581987858e-01
3.115655239671468735e-01
3.434987259097397327e-01
3.187885233201086521e-01
2.895463458262383938e-01
3.107634331099689007e-01
3.003186499699950218e-01
2.928885412402451038e-01
2.862445418722927570e-01
3.729876717552542686e-01
3.220858480781316757e-01
3.543895590119063854e-01
3.062552181072533131e-01
3.242806512862443924e-01
3.182495026849210262e-01
3.261492131277918816e-01
3.221629080362617970e-01
3.190407534129917622e-01
3.119776649400591850e-01
3.072054297663271427e-01
3.056315770372748375e-01
3.098900630138814449e-01
3.141676681116223335e-01
3.258012621663510799e-01
3.606951972469687462e-01
2.982823480851948261e-01
2.888405262492597103e-01
3.111415342427790165e-01
3.090184498578310013e-01
3.283965461887419224e-01
3.072169190272688866e-01
3.260560729540884495e-01
3.110144641250371933e-01
3.030602540820837021e-01
2.968169059604406357e-01
2.966061648912727833e-01
3.028417341411113739e-01
3.069904991425573826e-01
3.004488409496843815e-01
2.932157511822879314e-01
3.027912531979382038e-01
2.969722659327089787e-01
2.944487133063375950e-01
3.019676231779158115e-01
2.835858189500868320e-01
3.087090812623500824e-01
3.041212661191821098e-01
3.129420862533152103e-01
3.185447240248322487e-01
3.057132372632622719e-01
3.319642809219658375e-01
3.106877719983458519e-01
2.955743051134049892e-01
3.272391739301383495e-01
3.066285080276429653e-01
3.117139749228954315e-01
3.083306909538805485e-01
3.213234767317771912e-01
2.995610390789806843e-01
3.054438070394098759e-01
3.141293982043862343e-01
2.962412256747484207e-01
2.820723471231758595e-01
3.025626917369663715e-01
2.695104009471833706e-01
2.694751205854117870e-01
2.672125976532697678e-01
2.747272481210529804e-01
2.859277618117630482e-01
2.706430628895759583e-01
2.783543318510055542e-01
3.071447089314460754e-01
2.861160230822861195e-01
2.839549197815358639e-01
3.009084109216928482e-01
2.855739919468760490e-01
2.841521091759204865e-01
3.014684519730508327e-01
2.909025386907160282e-01
3.104281532578170300e-01
2.791695236228406429e-01
2.540238820947706699e-01
2.554414239712059498e-01
2.582852970808744431e-01
2.642754553817212582e-01
2.588560781441628933e-01
2.646460053510963917e-01
2.570011662319302559e-01
2.651708559133112431e-01
2.501047160476446152e-01
2.368658091872930527e-01
2.458610017783939838e-01
2.533186110667884350e-01
2.566338046453893185e-01
2.675277381204068661e-01
2.643522936850786209e-01
2.619485310278832912e-01
2.622222327627241611e-01
2.644321140833199024e-01
2.655049869790673256e-01
2.824900778941810131e-01
2.684078700840473175e-01
2.911014580167829990e-01
2.651493353769183159e-01
2.729084161110222340e-01
2.703273119404911995e-01
2.709883842617273331e-01
2.845785398967564106e-01
2.695971820503473282e-01
2.549404026940464973e-01
2.544121919199824333e-01
2.489710156805813313e-01
2.503438871353864670e-01
2.502219071611762047e-01
2.536043012514710426e-01
2.695397315546870232e-01
2.647829842753708363e-01
2.595425988547503948e-01
2.562569449655711651e-01
2.585575766861438751e-01
2.699311720207333565e-01
3.376100282184779644e-01
3.028767728246748447e-01
2.948527028784155846e-01
2.665219670161604881e-01
2.676183087751269341e-01
2.595025287009775639e-01
2.641503247432410717e-01
2.697356007993221283e-01
2.674891981296241283e-01
2.726201061159372330e-01
2.566370051354169846e-01
2.574714361689984798e-01
2.585655977018177509e-01
2.577944858931005001e-01
2.591003980487585068e-01
2.627969328314065933e-01
2.739200969226658344e-01
2.673357678577303886e-01
2.730386559851467609e-01
2.749039190821349621e-01
2.707047932781279087e-01
2.710472433827817440e-01
2.695658197626471519e-01
2.660145070403814316e-01
2.732741958461701870e-01
2.734088562428951263e-01
2.779277618974447250e-01
2.629464427009224892e-01
2.613378008827567101e-01
2.624818622134625912e-01
2.642236137762665749e-01
2.699263519607484341e-01
2.691830112598836422e-01
2.665038779377937317e-01
2.790261530317366123e-01
2.778878509998321533e-01
2.769477698020637035e-01
2.877893438562750816e-01
2.744334982708096504e-01
2.754503688775002956e-01
2.802727753296494484e-01
2.903801677748560905e-01
2.915701288729906082e-01
2.925724410451948643e-01
2.683443096466362476e-01
2.872558943927288055e-01
2.840861300937831402e-01
2.705626520328223705e-01
3.971744915470480919e-01
3.543834988959133625e-01
3.367721759714186192e-01
3.606896069832146168e-01
3.562612719833850861e-01
3.441036259755492210e-01
3.373623369261622429e-01
3.338625021278858185e-01
3.367246659472584724e-01
3.394595198333263397e-01
3.292231359519064426e-01
3.418436930514872074e-01
3.637637402862310410e-01
3.432815140113234520e-01
3.615344380959868431e-01
3.681325763463973999e-01
3.151112990453839302e-01
3.296450381167232990e-01
3.463660893030464649e-01
3.641390209086239338e-01
3.616222972050309181e-01
2.979255169630050659e-01
3.105348031967878342e-01
3.337206630967557430e-01
3.257308527827262878e-01
3.366907970048487186e-01
3.119338047690689564e-01
3.244938207790255547e-01
3.207125458866357803e-01
4.337553898803889751e-01
3.633188800886273384e-01
3.448834158480167389e-01
3.379938188008964062e-01
3.738974332809448242e-01
3.636841806583106518e-01
3.623495791107416153e-01
3.581900042481720448e-01
3.928043181076645851e-01
3.486134707927703857e-01
3.540657791309058666e-01
3.893383927643299103e-01
3.843848360702395439e-01
4.834170928224921227e-01
5.295288995839655399e-01
5.102083659730851650e-01
3.983092051930725574e-01
3.376251971349120140e-01
3.444205671548843384e-01
3.540605781599879265e-01
3.499345527961850166e-01
3.819558541290462017e-01
3.786424188874661922e-01
3.226086678914725780e-01
3.329679621383547783e-01
2.795565142296254635e-01
2.743402379564940929e-01
2.829397977329790592e-01
2.858490529470145702e-01
3.167091608047485352e-01
3.161688898690044880e-01
3.204536647535860538e-01
3.117581629194319248e-01
2.952923248521983624e-01
2.965197646990418434e-01
3.012742321006953716e-01
3.060891279019415379e-01
3.269560239277780056e-01
3.431021850556135178e-01
3.255093921907246113e-01
3.439031364396214485e-01
3.316178899258375168e-01
3.247140613384544849e-01
3.077300977893173695e-01
3.056239979341626167e-01
3.338700826279819012e-01
3.395103299990296364e-01
3.981826640665531158e-01
4.375379346311092377e-01
3.257225616835057735e-01
2.939529027789831161e-01
2.993461391888558865e-01
3.967503230087459087e-01
3.497776421718299389e-01
3.154453099705278873e-01
3.228086591698229313e-01
3.311193687841296196e-01
2.974648368544876575e-01
3.158060400746762753e-01
2.985824379138648510e-01
3.097826419398188591e-01
3.188319038599729538e-01
3.074199487455189228e-01
3.063958380371332169e-01
3.338038930669426918e-01
3.275205143727362156e-01
3.132458073087036610e-01
3.267118437215685844e-01
3.278750451281666756e-01
3.357212152332067490e-01
3.281991751864552498e-01
3.461690386757254601e-01
3.510906952433288097e-01
3.247309010475873947e-01
3.386193891055881977e-01
3.139205770567059517e-01
3.107430841773748398e-01
3.121875249780714512e-01
3.141890983097255230e-01
3.278605858795344830e-01
3.335946123115718365e-01
2.998383799567818642e-01
3.097875332459807396e-01
3.296794071793556213e-01
3.113106242381036282e-01
3.372554271481931210e-01
3.176466231234371662e-01
3.113758130930364132e-01
3.268521139398217201e-01
3.205851456150412560e-01
3.262583944015204906e-01
3.202738058753311634e-01
3.381725582294166088e-01
3.597486857324838638e-01
3.176872818730771542e-01
3.295724079944193363e-01
3.242000113241374493e-01
3.432753751985728741e-01
3.317937287501990795e-01
3.450502669438719749e-01
3.285813559778034687e-01
3.407616810873150826e-01
3.255743933841586113e-01
3.326754807494580746e-01
3.235186296515166759e-01
3.308554887771606445e-01
3.295200071297585964e-01
3.208537059836089611e-01
3.171731699258089066e-01
3.459935388527810574e-01
3.314456902444362640e-01
3.082873802632093430e-01
3.389475801959633827e-01
3.196461251936852932e-01
3.376277568750083447e-01
3.275586240924894810e-01
3.321762098930776119e-01
3.218396883457899094e-01
3.611207678914070129e-01
3.327488102950155735e-01
3.291186071000993252e-01
3.177493829280138016e-01
3.242273610085248947e-01
3.166081709787249565e-01
3.288810965605080128e-01
3.472641999833285809e-01
3.190414640121161938e-01
3.392647895961999893e-01
3.292901972308754921e-01
3.251017420552670956e-01
3.251972212456166744e-01
3.209660761058330536e-01
3.413663618266582489e-01
3.209540070965886116e-01
3.097014119848608971e-01
3.063524081371724606e-01
3.062608581967651844e-01
3.164339908398687840e-01
3.412507730536162853e-01
3.197605949826538563e-01
3.372504669241607189e-01
3.359739948064088821e-01
3.326076110824942589e-01
3.217951580882072449e-01
3.107085842639207840e-01
3.215673272497951984e-01
3.333679419010877609e-01
3.260024227201938629e-01
3.228642093017697334e-01
3.676757263019680977e-01
3.430973552167415619e-01
3.483975110575556755e-01
3.331187209114432335e-01
3.143227691762149334e-01
3.128282856196165085e-01
3.158714002929627895e-01
3.442686158232390881e-01
3.889305721968412399e-01
3.198870862834155560e-01
3.137477170675992966e-01
3.046375960111618042e-01
3.048922959715127945e-01
3.240992608480155468e-01
3.115911637432873249e-01
3.056128770112991333e-01
3.024227730929851532e-01
3.222346878610551357e-01
2.954366048797965050e-01
2.780185318551957607e-01
3.094428018666803837e-01
2.726351451128721237e-01
2.677520900033414364e-01
2.747192778624594212e-01
2.850724309682846069e-01
2.937898919917643070e-01
2.985658966936171055e-01
3.180069732479751110e-01
3.056436670012772083e-01
3.689425769262015820e-01
3.037560847587883472e-01
2.882188749499619007e-01
2.824289379641413689e-01
2.829774278216063976e-01
2.815098674036562443e-01
2.686405600979924202e-01
2.808643146418035030e-01
3.551841201260685921e-01
2.757486794143915176e-01
2.924989298917353153e-01
2.955189747735857964e-01
2.863981127738952637e-01
2.805848047137260437e-01
2.845519911497831345e-01
2.804631851613521576e-01
2.742085666395723820e-01
2.806327161379158497e-01
2.890200656838715076e-01
2.983233081176877022e-01
2.907271082513034344e-01
2.881530928425490856e-01
2.762883300893008709e-01
2.675808491185307503e-01
2.681742287240922451e-01
2.702039727009832859e-01
2.808948662132024765e-01
2.808736949227750301e-01
2.857854021713137627e-01
2.879112642258405685e-01
3.442577258683741093e-01
2.957350444048643112e-01
3.092426718212664127e-01
2.955120941624045372e-01
3.053061361424624920e-01
3.240869813598692417e-01
3.165649008005857468e-01
3.032131539657711983e-01
3.048123358748853207e-01
3.260665228590369225e-01
3.224096186459064484e-01
3.458436881192028522e-01
3.274557450786232948e-01
3.074480993673205376e-01
3.055740976706147194e-01
3.302761870436370373e-01
3.512779148295521736e-01
3.450549566186964512e-01
3.105852343142032623e-01
3.387014288455247879e-01
3.117560651153326035e-01
3.525771270506083965e-01
2.987365177832543850e-01
3.202792759984731674e-01
2.930457913316786289e-01
3.009268417954444885e-01
3.524121250957250595e-01
3.021166329272091389e-01
2.913699289783835411e-01
2.845229101367294788e-01
2.768901009112596512e-01
2.686956212855875492e-01
2.722986149601638317e-01
2.696239510551095009e-01
2.659425572492182255e-01
2.688463609665632248e-01
2.754627489484846592e-01
2.656775158829987049e-01
2.679594401270151138e-01
2.791869319044053555e-01
2.727891248650848866e-01
2.719998951070010662e-01
2.744946070015430450e-01
2.755541191436350346e-01
2.727845045737922192e-01
2.804835261777043343e-01
2.707196818664669991e-01
2.726275050081312656e-01
2.727520349435508251e-01
3.050927659496665001e-01
2.949610939249396324e-01
2.876567840576171875e-01
2.671612380072474480e-01
2.758150389418005943e-01
2.762777097523212433e-01
2.747771176509559155e-01
2.812454169616103172e-01
2.835176889784634113e-01
2.950358437374234200e-01
2.888681758195161819e-01
3.015418322756886482e-01
2.965877153910696507e-01
2.900768378749489784e-01
3.047594362869858742e-01
3.047167351469397545e-01
3.073290591128170490e-01
3.151175300590693951e-01
3.147591277956962585e-01
3.145411089062690735e-01
3.185849026776850224e-01
3.129770159721374512e-01
3.002488608472049236e-01
3.042751448228955269e-01
2.952980836853384972e-01
3.023279230110347271e-01
2.980869780294597149e-01
3.012666911818087101e-01
3.021639520302414894e-01
2.871436937712132931e-01
3.045160160399973392e-01
3.015370019711554050e-01
2.995643187314271927e-01
3.155725388787686825e-01
3.090552822686731815e-01
2.987785879522562027e-01
3.073335597291588783e-01
3.142011980526149273e-01
3.073981688357889652e-01
2.976607861928641796e-01
3.151316703297197819e-01
3.015637323260307312e-01
2.997310287319123745e-01
3.366818767972290516e-01
2.949234140105545521e-01
2.822604770772159100e-01
2.936978619545698166e-01
2.968394560739398003e-01
2.926953509449958801e-01
2.960673449560999870e-01
2.947519943118095398e-01
3.064521569758653641e-01
2.939305817708373070e-01
3.074696590192615986e-01
3.088066810742020607e-01
3.064243178814649582e-01
2.979407869279384613e-01
2.970174360089004040e-01
2.954036951996386051e-01
3.038353640586137772e-01
3.010893012396991253e-01
2.955145840533077717e-01
2.987661482766270638e-01
2.919324301183223724e-01
3.010980412364006042e-01
2.897314568981528282e-01
2.925968007184565067e-01
2.956066448241472244e-01
3.005041801370680332e-01
2.932304320856928825e-01
2.989465789869427681e-01
2.998687592335045338e-01
2.929409807547926903e-01
2.944982629269361496e-01
2.982561383396387100e-01
2.859030510298907757e-01
2.926529212854802608e-01
2.897994574159383774e-01
2.900886568240821362e-01
2.922193002887070179e-01
2.983785970136523247e-01
3.025506529957056046e-01
3.032430340535938740e-01
3.191897138021886349e-01
2.936063022352755070e-01
3.039631252177059650e-01
3.039724151603877544e-01
3.072553579695522785e-01
3.030861839652061462e-01
3.031811937689781189e-01
3.010742007754743099e-01
2.938170619308948517e-01
2.992704189382493496e-01
2.918227501213550568e-01
2.877028440125286579e-01
3.008794011548161507e-01
3.043920858763158321e-01
2.944853431545197964e-01
2.991662588901817799e-01
2.959055840037763119e-01
3.011012510396540165e-01
2.967142458073794842e-01
3.634548909030854702e-01
2.872358341701328754e-01
3.097974318079650402e-01
2.983125275932252407e-01
2.952669239602982998e-01
3.009841321036219597e-01
3.047981159761548042e-01
3.046400258317589760e-01
3.109140931628644466e-01
2.917323089204728603e-01
2.873722240328788757e-01
2.904711980372667313e-01
2.953788740560412407e-01
2.967161657288670540e-01
2.912693591788411140e-01
2.925311597064137459e-01
3.013756820000708103e-01
2.933597420342266560e-01
3.111827736720442772e-01
3.028431939892470837e-01
2.897758460603654385e-01
2.909770091064274311e-01
2.948181331157684326e-01
2.928406111896038055e-01
2.930512418970465660e-01
2.922028899192810059e-01
3.037945451214909554e-01
3.069094191305339336e-01
2.962359148077666759e-01
2.984095676802098751e-01
3.390358998440206051e-01
3.170631509274244308e-01
3.306140969507396221e-01
3.213743567466735840e-01
2.968629859387874603e-01
3.190579642541706562e-01
3.172689122147858143e-01
3.017481421120464802e-01
3.082509208470582962e-01
3.029251331463456154e-01
3.176054120995104313e-01
3.025042833760380745e-01
3.129578870721161366e-01
3.119107745587825775e-01
3.186438130214810371e-01
3.214384168386459351e-01
3.191983238793909550e-01
3.048914070241153240e-01
2.971584559418261051e-01
3.066532085649669170e-01
3.302980577573180199e-01
3.191530946642160416e-01
3.147348677739500999e-01
3.139443481341004372e-01
3.191001340746879578e-01
3.205389748327434063e-01
4.009272968396544456e-01
3.153921286575496197e-01
3.019334431737661362e-01
3.026205827482044697e-01
3.155976398847997189e-01
2.925805007107555866e-01
2.952427542768418789e-01
3.065840881317853928e-01
3.228537188842892647e-01
3.063057078979909420e-01
3.054193761199712753e-01
2.899682079441845417e-01
3.044955655932426453e-01
3.034529839642345905e-01
3.082869611680507660e-01
3.357200650498270988e-01
3.217557677999138832e-01
3.267913539893925190e-01
3.073588688857853413e-01
3.412891933694481850e-01
3.062458182685077190e-01
3.174530919641256332e-01
3.275453839451074600e-01
2.997309798374772072e-01
3.147856676951050758e-01
3.009873908013105392e-01
2.995294490829110146e-01
2.926518409512937069e-01
2.970222458243370056e-01
3.205417757853865623e-01
3.166055311448872089e-01
3.144654380157589912e-01
3.211129270493984222e-01
3.158700391650199890e-01
3.065246092155575752e-01
3.166635907255113125e-01
3.113247640430927277e-01
3.054685969837009907e-01
3.091236623004078865e-01
3.115242146886885166e-01
3.030062643811106682e-01
2.942012520506978035e-01
3.086572401225566864e-01
3.151110890321433544e-01
3.082310296595096588e-01
3.300036173313856125e-01
3.052714569494128227e-01
3.009359412826597691e-01
3.221285589970648289e-01
3.055600370280444622e-01
3.151613990776240826e-01
3.853424978442490101e-01
3.387432689778506756e-01
3.128290469758212566e-01
3.065763781778514385e-01
3.079457199200987816e-01
3.147175270132720470e-01
3.002570513635873795e-01
2.932146908715367317e-01
3.436068352311849594e-01
3.437340152449905872e-01
3.081719898618757725e-01
2.930258009582757950e-01
2.959687551483511925e-01
2.954865838401019573e-01
3.141861078329384327e-01
3.043256253004074097e-01
2.909350190311670303e-01
3.042256240732967854e-01
3.088185912929475307e-01
3.303476078435778618e-01
3.287518066354095936e-01
3.144923378713428974e-01
3.104835529811680317e-01
2.995368987321853638e-01
2.997841602191329002e-01
3.128067161887884140e-01
2.976738372817635536e-01
3.027646038681268692e-01
3.081229189410805702e-01
2.965764561668038368e-01
3.221583380363881588e-01
3.193994546309113503e-01
3.433273448608815670e-01
3.348901737481355667e-01
3.073696698993444443e-01
3.212072071619331837e-01
3.379882979206740856e-01
3.169662812724709511e-01
3.146477178670465946e-01
3.262314228340983391e-01
3.214528970420360565e-01
3.520118757151067257e-01
3.372566667385399342e-01
3.258512928150594234e-01
3.226861385628581047e-01
3.055608868598937988e-01
3.207872360944747925e-01
3.412533723749220371e-01
3.272072440013289452e-01
3.184503340162336826e-01
3.086916296742856503e-01
3.180789533071219921e-01
3.202251559123396873e-01
3.163521699607372284e-01
3.042488051578402519e-01
3.216115967370569706e-01
3.095323420129716396e-01
3.559767613187432289e-01
3.234234093688428402e-01
3.155934400856494904e-01
3.094207416288554668e-01
3.063896680250763893e-01
3.071037372574210167e-01
3.187585128471255302e-01
3.168510119430720806e-01
3.320567598566412926e-01
2.998168990015983582e-01
3.164367810823023319e-01
3.563005519099533558e-01
3.359805652871727943e-01
3.106849128380417824e-01
3.146418789401650429e-01
3.045233059674501419e-01
3.135383757762610912e-01
3.218752378597855568e-01
3.187865042127668858e-01
3.023488228209316730e-01
3.087486210279166698e-01
3.287885468453168869e-01
3.092763712629675865e-01
3.134353170171380043e-01
3.131474759429693222e-01
3.179203029721975327e-01
2.940854132175445557e-01
2.869249121285974979e-01
2.903814078308641911e-01
2.812123359180986881e-01
2.992688193917274475e-01
3.013367210514843464e-01
2.952010640874505043e-01
2.983446167781949043e-01
3.020680821500718594e-01
2.977177673019468784e-01
2.977241082116961479e-01
3.137064473703503609e-01
2.964205960743129253e-01
2.992328479886054993e-01
2.985997977666556835e-01
3.011024920269846916e-01
3.005105997435748577e-01
3.006143309175968170e-01
3.122676759958267212e-01
3.197324550710618496e-01
3.148011392913758755e-01
3.126888861879706383e-01
3.502862337045371532e-01
2.852150611579418182e-01
3.414684929884970188e-01
3.507986529730260372e-01
3.027748037129640579e-01
2.966045858338475227e-01
2.945663030259311199e-01
2.844007299281656742e-01
2.856516116298735142e-01
2.870000540278851986e-01
2.909681890159845352e-01
2.869670432992279530e-01
2.939914329908788204e-01
2.888534357771277428e-01
2.817678670398890972e-01
2.790464619174599648e-01
2.759795403108000755e-01
3.165713306516408920e-01
3.021086929365992546e-01
3.122372650541365147e-01
3.047137060202658176e-01
3.001213399693369865e-01
3.145351177081465721e-01
3.142510680481791496e-01
3.309971597045660019e-01
3.398664901033043861e-01
3.268201830796897411e-01
3.311037500388920307e-01
3.366591958329081535e-01
3.437327858991920948e-01
3.491431018337607384e-01
3.377505680546164513e-01
3.277854262851178646e-01
3.277422650717198849e-01
3.831145651638507843e-01
3.427443639375269413e-01
3.123758062720298767e-01
3.142443574033677578e-01
2.886320259422063828e-01
2.915427889674901962e-01
3.034781147725880146e-01
3.071734588593244553e-01
2.869812138378620148e-01
2.950404137372970581e-01
3.010386112146079540e-01
3.127311058342456818e-01
3.040480050258338451e-01
3.033527852967381477e-01
3.246223409660160542e-01
3.009603801183402538e-01
3.032615547999739647e-01
3.214039970189332962e-01
3.100709132850170135e-01
3.045185348019003868e-01
2.995993592776358128e-01
3.150768191553652287e-01
3.023749329149723053e-01
3.452724977396428585e-01
3.197669149376451969e-01
3.148235487751662731e-01
3.061373569071292877e-01
3.147105779498815536e-01
3.734341431409120560e-01
3.263005027547478676e-01
3.124733059667050838e-01
2.909256680868566036e-01
2.817535358481109142e-01
2.850440409965813160e-01
2.910345480777323246e-01
2.820601980201900005e-01
2.771728709340095520e-01
2.723953551612794399e-01
2.854709010571241379e-01
2.791224732063710690e-01
2.779767117463052273e-01
2.914386987686157227e-01
2.942222030833363533e-01
2.965318453498184681e-01
2.918959087692201138e-01
3.012779420241713524e-01
2.926253606565296650e-01
2.861227020621299744e-01
2.889577159658074379e-01
2.936567710712552071e-01
2.733732461929321289e-01
2.805248741060495377e-01
2.839034101925790310e-01
2.901944378390908241e-01
2.769512911327183247e-01
2.806617151945829391e-01
3.396119200624525547e-01
3.363139363937079906e-01
2.969315359368920326e-01
2.851674705743789673e-01
2.938440120778977871e-01
2.814749861136078835e-01
2.795310439541935921e-01
2.635801127180457115e-01
2.641835650429129601e-01
2.731993659399449825e-01
2.799165551550686359e-01
2.756807091645896435e-01
2.804739051498472691e-01
2.755746599286794662e-01
2.970403661020100117e-01
2.944156527519226074e-01
2.756480490788817406e-01
2.983721080236136913e-01
3.044407861307263374e-01
2.946193418465554714e-01
3.225154587998986244e-01
3.283165460452437401e-01
3.009433611296117306e-01
3.108046641573309898e-01
2.956121349707245827e-01
3.317489097826182842e-01
3.276015748269855976e-01
3.234123196452856064e-01
3.130165757611393929e-01
3.059987481683492661e-01
3.648391221649944782e-01
3.381591979414224625e-01
3.424702640622854233e-01
3.420250131748616695e-01
3.348076036199927330e-01
3.103644340299069881e-01
3.345439131371676922e-01
3.361799446865916252e-01
3.012562007643282413e-01
3.618078380823135376e-01
2.866830932907760143e-01
2.731846859678626060e-01
3.176970109343528748e-01
3.097263621166348457e-01
3.179430533200502396e-01
3.291578469797968864e-01
3.802886209450662136e-01
3.303230083547532558e-01
3.268959736451506615e-01
3.148986990563571453e-01
3.200639458373188972e-01
3.186058229766786098e-01
3.322695200331509113e-01
3.265643930062651634e-01
3.193501648493111134e-01
3.075273591093719006e-01
2.994243986904621124e-01
3.182471334002912045e-01
3.355357553809881210e-01
3.240270009264349937e-01
3.227992090396583080e-01
3.137605069205164909e-01
3.328188420273363590e-01
3.212645272724330425e-01
3.282345947809517384e-01
3.213187670335173607e-01
3.321041008457541466e-01
3.354344251565635204e-01
3.433976951055228710e-01
3.212326071225106716e-01
4.016595990397036076e-01
3.416401529684662819e-01
3.185555529780685902e-01
3.401739597320556641e-01
3.368808347731828690e-01
3.563913609832525253e-01
3.432751349173486233e-01
3.236511698924005032e-01
3.251546821556985378e-01
3.287935666739940643e-01
3.220109180547297001e-01
3.170152711682021618e-01
3.287281165830790997e-01
3.198565049096941948e-01
3.147844290360808372e-01
3.105901721864938736e-01
3.280294360592961311e-01
3.167507410980761051e-01
3.298445283435285091e-01
3.466237192042171955e-01
3.292196169495582581e-01
3.631518199108541012e-01
3.285183659754693508e-01
3.484309408813714981e-01
3.076306199654936790e-01
3.121646353974938393e-01
3.150325077585875988e-01
3.097844920121133327e-01
3.282861858606338501e-01
3.172119017690420151e-01
3.191323839128017426e-01
3.291859966702759266e-01
3.365365769714117050e-01
3.334707920439541340e-01
3.330070720985531807e-01
3.366126571781933308e-01
3.090104609727859497e-01
3.262870628386735916e-01
3.244494711980223656e-01
3.332348219119012356e-01
3.181669833138585091e-01
3.464386188425123692e-01
3.330567018128931522e-01
3.202837356366217136e-01
3.146074879914522171e-01
3.321887310594320297e-01
3.336002132855355740e-01
3.211093270219862461e-01
3.202397841960191727e-01
3.135172380134463310e-01
3.242929698899388313e-01
3.303328379988670349e-01
3.309592190198600292e-01
3.251466718502342701e-01
3.381318892352283001e-01
3.271875442005693913e-01
3.474225797690451145e-01
3.246151222847402096e-01
3.170052808709442616e-01
3.206239962019026279e-01
3.511544442735612392e-01
3.116906438954174519e-01
3.174506030045449734e-01
3.373883971944451332e-01
3.518724259920418262e-01
3.464346192777156830e-01
3.555984701961278915e-01
3.645178424194455147e-01
