7.629665091633797136e-01
6.739666782319545524e-01
6.715253613889217155e-01
6.629588291049003379e-01
6.556432306766509788e-01
6.511688321828842385e-01
6.495874017477035745e-01
6.529214136302471383e-01
6.546526506543159929e-01
6.434680044651031050e-01
6.358479663729668108e-01
6.343861818313598633e-01
6.368024244904517683e-01
6.367109574377536330e-01
6.254517756402492301e-01
6.249867178499698417e-01
6.314520031213760598e-01
6.235360376536845939e-01
6.207536108791827933e-01
6.261006727814674155e-01
6.247713372111320940e-01
6.226993203163146973e-01
6.237138658761978149e-01
6.206707671284675820e-01
6.197770893573760764e-01
6.178463220596313032e-01
6.181736424565315025e-01
6.187481842935085297e-01
6.187586195766925368e-01
6.154603756964206474e-01
6.159192509949207306e-01
6.180395863950252089e-01
6.139021627604961395e-01
6.183562666177749856e-01
6.150679469108581987e-01
6.152176864445209059e-01
6.167554289102554765e-01
6.203065991401672807e-01
6.151310235261917558e-01
6.140003785490989463e-01
6.124027781188488007e-01
6.155871689319610818e-01
6.111936055123805556e-01
6.100141532719135506e-01
6.093678683042526023e-01
6.186204597353934798e-01
6.141718119382858498e-01
6.127413481473922285e-01
6.100585229694843736e-01
6.110342860221862349e-01
6.203866198658942732e-01
6.130513027310371399e-01
6.170275762677193132e-01
6.130281820893287437e-01
6.085382834076881187e-01
6.100147232413292153e-01
6.116822920739650726e-01
6.091712832450866255e-01
6.159201242029667123e-01
6.138887837529182212e-01
6.105999685823917389e-01
6.088380955159664598e-01
6.093569971621036752e-01
6.105023063719272614e-01
6.080499194562435372e-01
6.140942476689815743e-01
6.107172615826129691e-01
6.105691611766814741e-01
6.087167911231518014e-01
6.141741596162318961e-01
6.125792771577834861e-01
6.097282789647578971e-01
6.090119719505310281e-01
6.065902583301067130e-01
6.092736274003982544e-01
6.137438461184501204e-01
6.121171057224273904e-01
6.090887941420077833e-01
6.101215220987796783e-01
6.063186235725879225e-01
6.093090273439883964e-01
6.168628253042698351e-01
6.078357934951782449e-01
6.062264434993267503e-01
6.096231162548064741e-01
6.080117553472519365e-01
6.084243737161159071e-01
6.069698862731456313e-01
6.092219270765781847e-01
6.082847565412521362e-01
6.053955644369125588e-01
6.084473542869091034e-01
6.076839573681354079e-01
6.111832953989505546e-01
6.064847171306609885e-01
6.132949255406856537e-01
6.073834508657455222e-01
6.074118673801421897e-01
6.081630833446979301e-01
6.045650936663150565e-01
5.995017960667610168e-01
5.989025995135307534e-01
5.990743771195411460e-01
6.003792941570281760e-01
6.000226482748984846e-01
5.991432473063469377e-01
5.993632100522517936e-01
6.000207781791686568e-01
6.001409009099006875e-01
5.989625714719295502e-01
6.021769888699054496e-01
5.989890351891518083e-01
6.008648805320262465e-01
5.985495604574679884e-01
5.989176385104656442e-01
6.011314310133457628e-01
5.986567892134189162e-01
6.003267578780651093e-01
5.998068295419216600e-01
5.990560203790664673e-01
6.013793990015983137e-01
6.006682440638542175e-01
5.995245710015296714e-01
6.012129325419663939e-01
5.999585077166557090e-01
5.994342476129531638e-01
5.989237584173678908e-01
5.998062588274478690e-01
5.977447777986526489e-01
6.010642312467098236e-01
6.000756919384002686e-01
5.996074065566062705e-01
6.006750777363777383e-01
5.982958346605300459e-01
5.997584294527769089e-01
5.991166375577450243e-01
5.991287067532539146e-01
5.987203299999237505e-01
5.985180579125881639e-01
5.992704391479491965e-01
5.983963362872600777e-01
5.975485719740391000e-01
5.979707852005958779e-01
6.002460263669491258e-01
5.981224037706851515e-01
5.983097508549690691e-01
5.983156256377697435e-01
6.001685954630374686e-01
5.972948960959911791e-01
5.972197145223617776e-01
5.975163884460925612e-01
5.974468283355236498e-01
5.985355190932750702e-01
5.983280338346957938e-01
5.970735348761081474e-01
5.975453093647956626e-01
5.986926563084125075e-01
6.009553119540214094e-01
5.980544537305831909e-01
6.000405795872211234e-01
5.996285684406756911e-01
5.977419406175613625e-01
5.982148163020610809e-01
5.970917262136936632e-01
5.977820202708243880e-01
5.982017897069453749e-01
5.980489015579223411e-01
5.984289847314357980e-01
6.001259140670299752e-01
5.990472868084907310e-01
6.010867469012737274e-01
5.962243914604187234e-01
6.017388522624969038e-01
6.005221918225288613e-01
5.993703708052635637e-01
5.978774473071097884e-01
5.962651416659354719e-01
5.958753056824207528e-01
5.990138359367846999e-01
5.994975842535495980e-01
5.978136263787746651e-01
5.974672861397266610e-01
5.980751842260361162e-01
6.013125397264957872e-01
5.985886797308921370e-01
5.986890986561774763e-01
5.974755503237247911e-01
5.988150492310524431e-01
5.971860893070697340e-01
5.986160792410373244e-01
5.974316805601119773e-01
5.990290276706218275e-01
5.973103307187557220e-01
5.964079730212688002e-01
5.964391060173511727e-01
5.999016314744949341e-01
5.999161787331104279e-01
5.983463667333126512e-01
5.988025061786175218e-01
5.987161144614219221e-01
5.945215068757534471e-01
5.947972804307937178e-01
5.941335938870906386e-01
5.937273681163788286e-01
5.942673504352569136e-01
5.931028291583061440e-01
5.944139055907726732e-01
5.935771398246287855e-01
5.945308960974216017e-01
5.941087543964386208e-01
5.947383619844913705e-01
5.940351285040378349e-01
5.938272878527641740e-01
5.937888115644455178e-01
5.938889767974615541e-01
5.933977760374545829e-01
5.937470540404319319e-01
5.947719730436802354e-01
5.938573800027370231e-01
5.948347665369511095e-01
5.953078363090753555e-01
5.935289002954959869e-01
5.928775556385517120e-01
5.935526736080646293e-01
5.944740213453769684e-01
5.946132756769657579e-01
5.949790522456168684e-01
5.937539853155613390e-01
5.928389191627502219e-01
5.932423360645771027e-01
5.935961045324802399e-01
5.935019277036189811e-01
5.945393942296505196e-01
5.948110118508338484e-01
5.939501345157622847e-01
5.942489139735698256e-01
5.931990198791027291e-01
5.934481129050255266e-01
5.931834131479263306e-01
5.939871557056903839e-01
5.930309507995843443e-01
5.940021030604839547e-01
5.940256111323833910e-01
5.938968881964683533e-01
5.948548115789890067e-01
5.948365032672882080e-01
5.942392341792583910e-01
5.947231560945510642e-01
5.940272435545921326e-01
5.935903690755367501e-01
5.938104160130024400e-01
5.943345844745635542e-01
5.929343283176422563e-01
5.933964535593986289e-01
5.946426659822463545e-01
5.940825514495372550e-01
5.931259661912917647e-01
5.932725444436073303e-01
5.938291847705841064e-01
5.936904281377792802e-01
5.924765124917030779e-01
5.940414577722549216e-01
5.928872935473918915e-01
5.932303406298160553e-01
5.935275532305240853e-01
5.935439929366111977e-01
5.930339708924293740e-01
5.934120096266269906e-01
5.946459136903285980e-01
5.931977458298206551e-01
5.940565958619117293e-01
5.936031922698020713e-01
5.932321369647979292e-01
5.937129892408847809e-01
5.927579775452613831e-01
5.934037014842032942e-01
5.934284791350364907e-01
5.931341312825679779e-01
5.942278884351253065e-01
5.935654781758785692e-01
5.937350191175937431e-01
5.928602300584315810e-01
5.936499878764152083e-01
5.932208210229873435e-01
5.920769013464450836e-01
5.942049875855446306e-01
5.932199344038963096e-01
5.940952137112617271e-01
5.945905335247516632e-01
5.936801537871361223e-01
5.936825722455978394e-01
5.942497424781322257e-01
5.930443421006202920e-01
5.926495648920535597e-01
5.951261870563030465e-01
5.937175147235393968e-01
5.926079556345940080e-01
5.935667358338833077e-01
5.935990013182163016e-01
5.926647916436195151e-01
5.917037338018417136e-01
5.905430823564529197e-01
5.916811928153038469e-01
5.913078777492046800e-01
5.911770775914192422e-01
5.911008290946483390e-01
5.914433442056179491e-01
5.911360271275043488e-01
5.915538243949413078e-01
5.907548569142818673e-01
5.918334834277629852e-01
5.920008033514022605e-01
5.911075562238693459e-01
5.906844615936279741e-01
5.914789602160454018e-01
5.912020102143287215e-01
5.909878857433795707e-01
5.914712272584438102e-01
5.913273982703686205e-01
5.911971934139728102e-01
5.909968167543411255e-01
5.913546063005924447e-01
5.910035036504268646e-01
5.911246590316295846e-01
5.917387440800666587e-01
5.913054123520851135e-01
5.909666433930397256e-01
5.917339615523815599e-01
5.912964753806591034e-01
5.914866127073764579e-01
5.913762122392653975e-01
5.921310357749461906e-01
5.906135842204094377e-01
5.913093298673629539e-01
5.911809340119361655e-01
5.911951161921024100e-01
5.908449091017246024e-01
5.915591731667518838e-01
5.902742594480514526e-01
5.905681550502777100e-01
5.913402527570724709e-01
5.909699372947215812e-01
5.907593980431556924e-01
5.908211916685104370e-01
5.910544633865356667e-01
5.911612436175346375e-01
5.911075860261917336e-01
5.910285167396068795e-01
5.909418888390064462e-01
5.910050153732300249e-01
5.910302676260471566e-01
5.917290307581424269e-01
5.907378405332565086e-01
5.907464466989040819e-01
5.909575432538985984e-01
5.907325483858585358e-01
5.907954648137092590e-01
5.909988410770893319e-01
5.905311778187751770e-01
5.908435791730880515e-01
5.911220423877239227e-01
5.908685207366943803e-01
5.910672217607497725e-01
5.910809427499771340e-01
5.913262560963630232e-01
5.903671674430370775e-01
5.903422325849533303e-01
5.910900473594665749e-01
5.907885238528252092e-01
5.911201752722263780e-01
5.905396796762942824e-01
5.907785311341285928e-01
5.911223791539669259e-01
5.912759199738502058e-01
5.902604416012764421e-01
5.907693833112717119e-01
5.909660950303077254e-01
5.903043285012244956e-01
5.907728292047977892e-01
5.904366951435804367e-01
5.903523735702037589e-01
5.913191214203834534e-01
5.901511773467064126e-01
5.908250674605369790e-01
5.906497843563556227e-01
5.903995275497436745e-01
5.902691870927810891e-01
5.904491387307644334e-01
5.897995583713054879e-01
5.903567925095558611e-01
5.909803278744221178e-01
5.915011718869209734e-01
5.904669269919395891e-01
5.913787789642810377e-01
5.903666526079177634e-01
5.904528222978114860e-01
5.910480566322803275e-01
5.902418769896030648e-01
5.911309540271758589e-01
5.907249569892882857e-01
5.901203803718090279e-01
5.893021583557128684e-01
5.893153391778469530e-01
5.891951724886894670e-01
5.896782591938972695e-01
5.892757885158061981e-01
5.895614735782146454e-01
5.896024867892265542e-01
5.894607514142989890e-01
5.892019521445035490e-01
5.892810530960559401e-01
5.893999077379703522e-01
5.893076501786709276e-01
5.892774231731892076e-01
5.892052501440048218e-01
5.893629416823387146e-01
5.893619664013385329e-01
5.893118903040885925e-01
5.899090208113193512e-01
5.896578177809714827e-01
5.893954321742057578e-01
5.892615854740143044e-01
5.897311657667160256e-01
5.895742058753967729e-01
5.893165193498134391e-01
5.893915042281150374e-01
5.893036283552646193e-01
5.892557486891746299e-01
5.897533096373080985e-01
5.896331712603568587e-01
5.901437029242515564e-01
5.894379422068596330e-01
5.891873151063918845e-01
5.895960249006748644e-01
5.894503675401210341e-01
5.892178803682327493e-01
5.888974867761135323e-01
5.892251759767532793e-01
5.898632161319256051e-01
5.889769271016120911e-01
5.892316557466983351e-01
5.893952958285808563e-01
5.895421460270882097e-01
5.893875688314438310e-01
5.893604077398777452e-01
5.890949442982673645e-01
5.889900699257850647e-01
5.895742319524288622e-01
5.892167828977108446e-01
5.894997239112853560e-01
5.895230904221534507e-01
5.892677646130323188e-01
5.892472900450229645e-01
5.895154006779194100e-01
5.894981145858764204e-01
5.895363733172416243e-01
5.893806651234626548e-01
5.893834769725799783e-01
5.892000630497932212e-01
5.891773641109466775e-01
5.890465229749679565e-01
5.898544520139694658e-01
5.895469091832638009e-01
5.894702818244695885e-01
5.894860379397869332e-01
5.890146091580390486e-01
5.895349673926830736e-01
5.891692005097866058e-01
5.890999279916286913e-01
5.894660130143165588e-01
5.898015342652798143e-01
5.895049944519996643e-01
5.890930466353893058e-01
5.889550298452377319e-01
5.892850741744041221e-01
5.889146775007247925e-01
5.890103094279766083e-01
5.888676024973392709e-01
5.888962022960185783e-01
5.889402776956558228e-01
5.893171586096286330e-01
5.891139812767505202e-01
5.891783997416496499e-01
5.888138048350810561e-01
5.891699373722076860e-01
5.893493376672267470e-01
5.894718110561371072e-01
5.889796361327170882e-01
5.894082069396973100e-01
5.890031039714813677e-01
5.888169422745704873e-01
5.891070932149886641e-01
5.889138653874397278e-01
5.890277639031410439e-01
5.887656390666962114e-01
5.889924228191375510e-01
5.889530107378959656e-01
5.890813171863555908e-01
5.892319038510323015e-01
5.888001225888729318e-01
5.885350450873374495e-01
5.883833482861519082e-01
5.885584764182567596e-01
5.886326178908347639e-01
5.883325628936291185e-01
5.884053960442543474e-01
5.883816227316855940e-01
5.884551715105772463e-01
5.884854331612586753e-01
5.883939605206250922e-01
5.885256491601467133e-01
5.883728578686714394e-01
5.885736823081970659e-01
5.884399212896823661e-01
5.883438818156718764e-01
5.885042287409305573e-01
5.884197667241096719e-01
5.881983719766139540e-01
5.884278707206249681e-01
5.883957445621490479e-01
5.882643938064575639e-01
5.885348014533520189e-01
5.885223470628261344e-01
5.882108546793460846e-01
5.883567713201045546e-01
5.883654803037643433e-01
5.883262470364570840e-01
5.883467864245176537e-01
5.884944226592778715e-01
5.885386012494564500e-01
5.883522450923919234e-01
5.882228389382362366e-01
5.883573047816753609e-01
5.882676735520362410e-01
5.884965904057025687e-01
5.884513638913630995e-01
5.886562660336494002e-01
5.882540218532085197e-01
5.884420685470104218e-01
5.884060770273208396e-01
5.883171238005161507e-01
5.885705292224884255e-01
5.884557135403156725e-01
5.885499142110347526e-01
5.883298799395560996e-01
5.882216811180114302e-01
5.881941668689251168e-01
5.882399663329124229e-01
5.882775224745273590e-01
5.882343776524067147e-01
5.884585000574589220e-01
5.882784828543663469e-01
5.885592445731162581e-01
5.883579052984714286e-01
5.882499709725379500e-01
5.882170490920544115e-01
5.882788829505443129e-01
5.883351989090442880e-01
5.882620699703693390e-01
5.883682444691658020e-01
5.884012371301651223e-01
5.882733449339866416e-01
5.882601663470268250e-01
5.883599922060966936e-01
5.882530722767114195e-01
5.883544042706490007e-01
5.882884502410888894e-01
5.883216358721256034e-01
5.880623869597911835e-01
5.887821935117244498e-01
5.880369015038013902e-01
5.880194596946239916e-01
5.879168689250946489e-01
5.881566114723681959e-01
5.881184093654155953e-01
5.880339905619621499e-01
5.879388377070426941e-01
5.882907092571258989e-01
5.884007979184389114e-01
5.877657271921634674e-01
5.879772163927554640e-01
5.877868428826331648e-01
5.879109777510166390e-01
5.876855887472629547e-01
5.877121888101101144e-01
5.880899228155612724e-01
5.879794307053088920e-01
5.876533098518847975e-01
5.876138322055339813e-01
5.876765601336956246e-01
5.877472423017024994e-01
5.876225717365741730e-01
5.877461984753609148e-01
5.876594267785548720e-01
5.875799447298050149e-01
5.875733435153961404e-01
5.874590829014778581e-01
5.874525114893913713e-01
5.878329180181026681e-01
5.873094126582145691e-01
5.870839469134807587e-01
5.871863819658755812e-01
5.871501155197620392e-01
5.871509954333304915e-01
5.871514417231082916e-01
5.870776839554310289e-01
5.871458765119313972e-01
5.871323458850383759e-01
5.869865648448466811e-01
5.870251476764678511e-01
5.869677655398846117e-01
5.871437802910804971e-01
5.869551070034504381e-01
5.870250664651394112e-01
5.871278516948222892e-01
5.869719572365283966e-01
5.870137251913547516e-01
5.870128273963928223e-01
5.869263984262943490e-01
5.870507314801216570e-01
5.869757022708654848e-01
5.869086652994155440e-01
5.869513854384422746e-01
5.870249718427658081e-01
5.869559567421674950e-01
5.869694814085960610e-01
5.869715958833694458e-01
5.870333254337311013e-01
5.869050748646259530e-01
5.867993451654911485e-01
5.869492284953594652e-01
5.869008190929889679e-01
5.869100473821162733e-01
5.869630858302116172e-01
5.869272060692309889e-01
5.869308121502399000e-01
5.869906701147555861e-01
5.868152379989624023e-01
5.870441883802414162e-01
5.868604514747858270e-01
5.868522547185420768e-01
5.868468470871448517e-01
5.868582926690578683e-01
5.866856858134269492e-01
5.867801249027252419e-01
5.868586987257004006e-01
5.867744557559489982e-01
5.868554599583148956e-01
5.868475891649722609e-01
5.868861600756645203e-01
5.867420330643653426e-01
5.867416366934776750e-01
5.867984190583228621e-01
5.867355048656464067e-01
5.868553735315800157e-01
5.867469564080238786e-01
5.867652148008346558e-01
5.867328930646180662e-01
5.867886602878570335e-01
5.867283806204796059e-01
5.866691626608371291e-01
5.867207713425159898e-01
5.867003567516804186e-01
5.867249317467212455e-01
5.867545381188392639e-01
5.868413202464580758e-01
5.867992199957370314e-01
5.866580367088317649e-01
5.868075378239154816e-01
5.866320587694644484e-01
5.866980545222759691e-01
5.866823732852936013e-01
5.869602791965007338e-01
5.866679824888706429e-01
5.867633558809757233e-01
5.865565285086631331e-01
5.867617972195148246e-01
5.867251016199588332e-01
5.865914367139339891e-01
5.866001412272453530e-01
5.866518251597880873e-01
5.865974940359592882e-01
5.868010763078927994e-01
5.867436356842518075e-01
5.865831792354583296e-01
5.867206372320652452e-01
5.865125425159931627e-01
5.866807080805301888e-01
5.865569882094859855e-01
5.865537479519844499e-01
5.867234311997890917e-01
5.865646637976169586e-01
5.865935124456882477e-01
5.866083495318890062e-01
5.866637505590915902e-01
5.865111503750085609e-01
5.866337746381760088e-01
5.867287199944257736e-01
5.867959529161452803e-01
5.865410849452018516e-01
5.865070879459380881e-01
5.862628988921642081e-01
5.863261856138706207e-01
5.863510467112064140e-01
5.863831952214241250e-01
5.863022811710834059e-01
5.863700434565544128e-01
5.863498799502849801e-01
5.863616980612278429e-01
5.863054990768432617e-01
5.863193973898888078e-01
5.862908452749252541e-01
5.862946093082428423e-01
5.863275550305843131e-01
5.863448701798915641e-01
5.863556563854217529e-01
5.864315420389175637e-01
5.865120641887188180e-01
5.863242387771606667e-01
5.863565415143966453e-01
5.863387249410152435e-01
5.862417995929718462e-01
5.862612947821617126e-01
5.863090425729751143e-01
5.862522106617689133e-01
5.863504819571971893e-01
5.862793356180191484e-01
5.863254010677337869e-01
5.862268649041653124e-01
5.864341713488101515e-01
5.862991340458393319e-01
5.862733431160449538e-01
5.863284975290298240e-01
5.863108292222023454e-01
5.862141542136669603e-01
5.862439811229706033e-01
5.862673684954643472e-01
5.862674534320830855e-01
5.862149853259325250e-01
5.863834410905838235e-01
5.863585907965898070e-01
5.862775526940822157e-01
5.862725503742695077e-01
5.862835802137851271e-01
5.862252220511436906e-01
5.863659773021936417e-01
5.863109469413757546e-01
5.862422510981559753e-01
5.863026455044746399e-01
5.862765692174434218e-01
5.863562479615211931e-01
5.862425997853278892e-01
5.862061135470867379e-01
5.861949190497398599e-01
5.862372152507304701e-01
5.862096823751926644e-01
5.862591318786144479e-01
5.862062886357307656e-01
5.861931793391704781e-01
5.862636782228947130e-01
5.863076999783516374e-01
5.861798420548438582e-01
5.862244956195354906e-01
5.863057333976030572e-01
5.862363554537296517e-01
5.863430179655552132e-01
5.861756846308707747e-01
5.862059235572815163e-01
5.862202744930982146e-01
5.862118646502494368e-01
5.861354008316993491e-01
5.861482851207255873e-01
5.862089715898036735e-01
5.861972093582152876e-01
5.861099772155284882e-01
5.861442796885967255e-01
5.861970774829388109e-01
5.862793140113353729e-01
5.861545726656913757e-01
5.862027913331985252e-01
5.862744722515345064e-01
5.862282909452914970e-01
5.861533269286155479e-01
5.861590489745139854e-01
5.861549198627471480e-01
5.861383363604545371e-01
5.861825339496136156e-01
5.861737810075282606e-01
5.861532863229512724e-01
5.862137760967016664e-01
5.861952900886535645e-01
5.861339993774891122e-01
5.861853733658790588e-01
5.861758895218371901e-01
5.862326446920633760e-01
5.862131401896476524e-01
5.861145988106727378e-01
5.861178539693355782e-01
5.862255550920962843e-01
5.862435430288315263e-01
5.860822945833206177e-01
5.860276713967322859e-01
5.860556855797767195e-01
5.860202424228191376e-01
5.860336959362030251e-01
5.860274959355592506e-01
5.860474623739719835e-01
5.859843276441096815e-01
5.860498592257499251e-01
5.860320530831814034e-01
5.861024558544158936e-01
5.860497236251831499e-01
5.860297694802284463e-01
5.860122159123420937e-01
5.859892446547746436e-01
5.860339224338531050e-01
5.860063306987285392e-01
5.859864160418510881e-01
5.860141862183809724e-01
5.860008180141449419e-01
5.859658248722553475e-01
5.860458590090275033e-01
5.860327854752540588e-01
5.860220082104206085e-01
5.860059402883053270e-01
5.860003851354121940e-01
5.860108636319637521e-01
5.859995804727077262e-01
5.860294744372367415e-01
5.860031709074974282e-01
5.859846286475658417e-01
5.860010877251624617e-01
5.860342033207416312e-01
5.859620295464992301e-01
5.859907455742359161e-01
5.859695047140121016e-01
5.859875205904245821e-01
5.859541349112987740e-01
5.859920196235179901e-01
5.859590657055377960e-01
5.860175430774688943e-01
5.859727904200553450e-01
5.859820753335952537e-01
5.859766133129596932e-01
5.859630532562732919e-01
5.859720915555953757e-01
5.859696239233016524e-01
5.859618447721004486e-01
5.859709016978740248e-01
5.860009849071502464e-01
5.859734408557415453e-01
5.859538279473781586e-01
5.859811134636402352e-01
5.859763406217097792e-01
5.859508268535137399e-01
5.859789259731769118e-01
5.859782256186008009e-01
5.860034033656120744e-01
5.860049813985824807e-01
5.859733551740646806e-01
5.859285481274127960e-01
5.859169971197843996e-01
5.859769232571124808e-01
5.859735704958438651e-01
5.859530158340930939e-01
5.859775759279728380e-01
5.859680354595184770e-01
5.859754726290702376e-01
5.859839119017123954e-01
5.859153650701045546e-01
5.859269723296165466e-01
5.859708964824676958e-01
5.859338372945785967e-01
5.859300822019577470e-01
5.859777614474296348e-01
5.859710730612277541e-01
5.859724275767803636e-01
5.859563976526260820e-01
5.859616577625275102e-01
5.859395422041415724e-01
5.859105184674262556e-01
5.859293252229690330e-01
5.859049528837203535e-01
5.859125643968582375e-01
5.859381791204214540e-01
5.859298922121525255e-01
5.858994379639625993e-01
5.859322436153888702e-01
5.859517365694045798e-01
5.859086930751800093e-01
5.859032534062862396e-01
5.859103128314018250e-01
5.858938567340373771e-01
5.858844496309757455e-01
5.858886897563934104e-01
5.859308034181595071e-01
5.859194986522198167e-01
5.859515622258186784e-01
5.859132707118988037e-01
5.858927011489868386e-01
5.858319416642189248e-01
5.858408525586128457e-01
5.858378581702708976e-01
5.858342766761779341e-01
5.858499296009540558e-01
5.858357183635234389e-01
5.858429841697215812e-01
5.858191095292568651e-01
5.858417414128780365e-01
5.858289703726768938e-01
5.858218744397163391e-01
5.858252394944429842e-01
5.858377553522586823e-01
5.858253896236419456e-01
5.858395602554082870e-01
5.858158558607101662e-01
5.858714431524276733e-01
5.858237862586974654e-01
5.858456149697304216e-01
5.858192831277847512e-01
5.858382865786552207e-01
5.858258299529552904e-01
5.858470533043146355e-01
5.858192585408688036e-01
5.858187571167945418e-01
5.858090952038764732e-01
5.858358062803745714e-01
5.858340881764888541e-01
5.858346913009881973e-01
5.858078196644782576e-01
5.858221210539340529e-01
5.858233712613583055e-01
5.858213335275650469e-01
5.858212880790233390e-01
5.858078479766846147e-01
5.858060367405414359e-01
5.858238622546195762e-01
5.858251646161078963e-01
5.858092978596687317e-01
5.858168095350265725e-01
5.858307983726263046e-01
5.857968531548977120e-01
5.858562488108873811e-01
5.858151849359274355e-01
5.858278553932905197e-01
5.857946593314409256e-01
5.858002148568630663e-01
5.858026817440986633e-01
5.857850342988968340e-01
5.857974715530872567e-01
5.857797183096409288e-01
5.858048513531685098e-01
5.857989601790904999e-01
5.857991680502891985e-01
5.858202449977397697e-01
5.857939802110194716e-01
5.858108475804328918e-01
5.857867978513240370e-01
5.858072400093078391e-01
5.858049839735031128e-01
5.858012452721595986e-01
5.858077287673950639e-01
5.857981815934181213e-01
5.857914052903652191e-01
5.857829801738262399e-01
5.858006715774536355e-01
5.857885494828224404e-01
5.857895001769065635e-01
5.858048416674137560e-01
5.857762113213539346e-01
5.857938103377818839e-01
5.858014244586229324e-01
5.857703082263470140e-01
5.857883140444755110e-01
5.857782311737537162e-01
5.857617542147636192e-01
5.857880711555480957e-01
5.857954874634743181e-01
5.857932664453983085e-01
5.857764489948749098e-01
5.857705362141132355e-01
5.857914231717586961e-01
5.857871003448963387e-01
5.857878468930721727e-01
5.857950080186128394e-01
5.857744455337524636e-01
5.857753038406372514e-01
5.857576243579387665e-01
5.857857499271631463e-01
5.857780158519745317e-01
5.857742600142955558e-01
5.857927523553371207e-01
5.857543483376502769e-01
5.857647597789764626e-01
5.857712436467409356e-01
5.857836693525314553e-01
5.857792019844054732e-01
5.857718914747238603e-01
5.857556924223900063e-01
5.857799120247364488e-01
