3.062103134579956601e-02
2.493618206353858183e-02
2.444642457412555744e-02
2.390425322810187797e-02
2.346110425423830748e-02
2.311472488800063799e-02
2.303513661026954790e-02
2.311341942986473372e-02
2.316962985787540674e-02
2.263410522136837313e-02
2.205320720095187495e-02
2.184761727694422076e-02
2.193681878270581365e-02
2.186262297909706900e-02
2.133228091988712688e-02
2.121440933551639249e-02
2.144349327427335153e-02
2.109037690097466042e-02
2.088931000325828721e-02
2.118724152678623865e-02
2.105112252756953170e-02
2.092889858176931808e-02
2.106513773323968192e-02
2.082576164975762437e-02
2.078447596868500044e-02
2.065292288316413621e-02
2.064012052724138041e-02
2.069564820267260144e-02
2.068330345209688087e-02
2.053046573419124027e-02
2.052772952010855148e-02
2.060897244373336573e-02
2.042629828792996705e-02
2.058205771027132869e-02
2.049429345643147965e-02
2.042083007982000570e-02
2.055082669248804381e-02
2.061865589348599315e-02
2.053395841503515701e-02
2.036414179019629955e-02
2.035501202335581253e-02
2.050615856423974176e-02
2.026619804091751506e-02
2.015985675388947199e-02
2.012959753628820042e-02
2.053003323962911825e-02
2.036010347073897650e-02
2.037203308427706222e-02
2.018777101766318013e-02
2.024976344546303153e-02
2.060815995791926911e-02
2.031951885437592933e-02
2.051913402392529021e-02
2.032953865127638121e-02
2.011956505011767288e-02
2.017775609856471350e-02
2.022827706532552908e-02
2.013816207181662321e-02
2.036099408287555049e-02
2.035162429092451930e-02
2.019762067357078195e-02
2.010913604171946784e-02
2.010475774295628071e-02
2.014414629666134646e-02
1.998854729463346233e-02
2.026652042986825178e-02
2.015710535924881627e-02
2.011348981177434395e-02
1.999868458369746804e-02
2.029807290527969529e-02
2.024389825528487633e-02
2.014129908056929569e-02
2.004076571902260046e-02
1.993327873060479760e-02
2.009467973839491536e-02
2.028410871280357172e-02
2.028060443699359824e-02
2.005309431115165353e-02
2.012810001615434816e-02
1.992505781818181346e-02
2.000379598466679384e-02
2.035266601014882465e-02
1.999970265896990756e-02
1.987972632050514360e-02
2.010575359454378624e-02
2.000841445988044143e-02
2.000194486463442375e-02
1.993601052090525697e-02
1.999563190620392422e-02
2.002983719576150248e-02
1.983900287887081434e-02
1.997877713292837282e-02
2.000800967216491769e-02
2.010358239058405300e-02
1.988575564464554329e-02
2.018089292105287175e-02
1.992079528281465173e-02
1.987060251412913273e-02
1.994024108862504224e-02
1.980768705834634602e-02
1.950314025161787798e-02
1.948886571917683025e-02
1.942372862249612878e-02
1.956650943029671769e-02
1.947049276204779883e-02
1.946327391779050300e-02
1.943127436097711463e-02
1.945466718170791795e-02
1.948310063453391125e-02
1.944062591646798094e-02
1.958928947569802542e-02
1.942525909980758955e-02
1.953594690421596100e-02
1.943732907529920409e-02
1.941408608108758857e-02
1.953878448111936311e-02
1.939525258494540980e-02
1.950234605465084314e-02
1.945476105902343988e-02
1.942455063108354876e-02
1.956609908957034419e-02
1.945323606487363646e-02
1.943489370169117908e-02
1.951438442338258167e-02
1.942757436772808363e-02
1.943147461861371994e-02
1.943345520412549307e-02
1.948443511500954489e-02
1.939384405268356273e-02
1.950699054868891905e-02
1.949255157960578730e-02
1.941281541949137907e-02
1.953263095347210904e-02
1.942426096647977690e-02
1.940684836590662529e-02
1.943020423641428351e-02
1.943517744075506926e-02
1.941856485791504383e-02
1.940537519985809783e-02
1.941371447173878551e-02
1.939499923028051992e-02
1.936350140022113919e-02
1.937131216982379556e-02
1.942842151038348675e-02
1.937144948751665791e-02
1.937446469673886895e-02
1.940230121836066315e-02
1.947761132614687224e-02
1.934633038472384145e-02
1.933230957947671552e-02
1.935119866393506666e-02
1.932918783277273039e-02
1.934908378170803120e-02
1.938853752799332003e-02
1.933312637265771627e-02
1.930905265035107871e-02
1.935977140674367478e-02
1.948995438870042632e-02
1.935906923608854413e-02
1.944582298165187240e-02
1.939814414363354514e-02
1.936889251228422065e-02
1.936451842775568227e-02
1.929202544270083169e-02
1.934233057545498013e-02
1.940394141711294582e-02
1.934905864181928406e-02
1.936449655331671377e-02
1.945248653646558523e-02
1.939190841512754629e-02
1.951471044449135800e-02
1.931601300602778931e-02
1.952553114388138125e-02
1.948114922270178725e-02
1.945708813145756791e-02
1.936475214315578480e-02
1.925401565385982325e-02
1.924162812065333128e-02
1.939446256728842924e-02
1.943213419290259342e-02
1.936687295092269848e-02
1.931961509399116039e-02
1.939284315449185669e-02
1.946036411682143877e-02
1.934704936575144460e-02
1.936909769428894063e-02
1.938310425030067424e-02
1.936985820066183805e-02
1.933656799374148388e-02
1.934824461350217323e-02
1.932815954787656804e-02
1.941934319911524723e-02
1.928440046031027963e-02
1.929355011670850356e-02
1.920388513244688372e-02
1.943672262132167816e-02
1.941596253309398751e-02
1.934100656071677943e-02
1.937471850542351465e-02
1.937418844318017364e-02
1.919277419801801443e-02
1.917377547360956530e-02
1.917523049050941925e-02
1.912562740035355160e-02
1.916826602537185023e-02
1.911212757695466419e-02
1.917111739749088883e-02
1.913110883906483581e-02
1.917031644843518803e-02
1.911112001398578356e-02
1.917447756277397206e-02
1.916485161054879566e-02
1.911802198737859795e-02
1.911776586202904721e-02
1.910900217480957647e-02
1.909735095687210490e-02
1.911713817389681935e-02
1.915100519545376301e-02
1.911707667168229680e-02
1.915655981283635040e-02
1.918966304510831902e-02
1.908599538728594780e-02
1.909463709453120689e-02
1.910993583733215997e-02
1.915391500806435873e-02
1.915704431012272765e-02
1.915973249706439535e-02
1.913502200040966342e-02
1.906420314917340805e-02
1.911179383751004934e-02
1.908968826755881240e-02
1.903887705411761930e-02
1.914905350422486593e-02
1.917184642516076704e-02
1.909730755724012990e-02
1.912891952088102698e-02
1.909571076976135373e-02
1.908427318558096955e-02
1.905526558402925730e-02
1.910909494617953758e-02
1.903766125906258821e-02
1.913239969871938229e-02
1.909744249423965881e-02
1.909686909057200024e-02
1.909807319752871921e-02
1.912809626664966484e-02
1.911226366646587987e-02
1.914429776370525291e-02
1.910780097823589971e-02
1.909329157788306613e-02
1.908594288397580385e-02
1.913295706035569171e-02
1.906287070596590638e-02
1.904990918701514671e-02
1.914284195518121262e-02
1.911936985561624169e-02
1.908647443633526564e-02
1.904525338904932211e-02
1.911488164914771845e-02
1.908487254986539552e-02
1.904000052018091013e-02
1.910121041582897236e-02
1.906209129374474356e-02
1.906813451787457009e-02
1.908122363965958357e-02
1.907938027288764646e-02
1.906761300633661588e-02
1.908959745196625590e-02
1.912269752938300371e-02
1.908781032543629269e-02
1.911533020902424912e-02
1.911036731908098002e-02
1.907741724280640622e-02
1.906978096812963347e-02
1.905755614861846109e-02
1.907825064845383028e-02
1.908316178014501929e-02
1.903904065256938408e-02
1.908966295886784653e-02
1.910059692454524338e-02
1.905790395103395055e-02
1.905006831511855264e-02
1.907954501220956306e-02
1.903981276554986973e-02
1.901883434038609266e-02
1.910710205556824873e-02
1.905290986178442836e-02
1.910222796723246713e-02
1.911598365404643118e-02
1.908683596411719918e-02
1.907565337605774541e-02
1.912148239789530565e-02
1.905162863549776306e-02
1.905512723606079747e-02
1.914915431989356806e-02
1.907138124806806445e-02
1.903064071666449308e-02
1.909404327161610265e-02
1.907296454301104019e-02
1.901330733671784470e-02
1.898799948394298484e-02
1.893672030419111391e-02
1.898288289667107026e-02
1.896418697433546047e-02
1.894626341527327895e-02
1.896648333640769263e-02
1.897712607169523696e-02
1.894804318435490062e-02
1.897116703912615776e-02
1.893517138669267158e-02
1.896830676123499940e-02
1.898974169744178583e-02
1.894220064277760823e-02
1.892474906053394010e-02
1.895615115063264966e-02
1.895913996268063645e-02
1.892536839586682687e-02
1.896635580342263122e-02
1.894100096542388270e-02
1.895425051916390519e-02
1.892732523847371479e-02
1.895013209432363371e-02
1.892627102788537602e-02
1.895838798955083032e-02
1.895627477206289838e-02
1.892757231835275750e-02
1.893505371408537100e-02
1.894849603995680740e-02
1.893938871799036999e-02
1.894484548829495837e-02
1.893858567345887284e-02
1.898170158965513041e-02
1.891258870600722591e-02
1.895231242524459889e-02
1.895232420065440238e-02
1.896834817016497185e-02
1.891740751452743868e-02
1.896135316928848624e-02
1.889114998048171262e-02
1.888023368082940648e-02
1.894709304906427860e-02
1.891965972026810050e-02
1.892077026423066854e-02
1.892143349396064808e-02
1.892006444977596333e-02
1.894631732720881631e-02
1.893820663681253930e-02
1.892972419736906747e-02
1.892304028151556988e-02
1.891822285251692007e-02
1.893273684545420180e-02
1.894424199126660754e-02
1.892053281189873953e-02
1.892397372866980870e-02
1.891650703037157585e-02
1.891321425209753146e-02
1.890525124035775592e-02
1.892694999696686864e-02
1.889154243981465767e-02
1.891137093771249125e-02
1.894145304104313116e-02
1.892266059294343133e-02
1.891082907095551630e-02
1.892548662144690613e-02
1.892503601266071200e-02
1.888880832702852924e-02
1.889636873966082931e-02
1.891280785785056512e-02
1.889874410117044906e-02
1.892104770522564511e-02
1.889043271075934241e-02
1.889676286373287439e-02
1.891314308159053326e-02
1.891771045047789881e-02
1.887678618077188661e-02
1.890817021485418151e-02
1.890722027746960521e-02
1.889009835431352397e-02
1.888434492284431915e-02
1.890812276978976955e-02
1.887286055134609203e-02
1.894764469470828702e-02
1.886725925141945551e-02
1.890261837979778647e-02
1.889500727411359479e-02
1.889512266498059173e-02
1.888354368275031378e-02
1.889680757885798743e-02
1.885411340044811437e-02
1.888042342616245289e-02
1.891371709061786394e-02
1.891009339597076247e-02
1.888382808538153698e-02
1.891347123309970041e-02
1.887746984139084677e-02
1.887979930033907225e-02
1.892546792514622142e-02
1.888218064559623460e-02
1.891668908065185020e-02
1.890504969051107903e-02
1.886871479218825767e-02
1.882948409765958925e-02
1.883531693601980805e-02
1.882853030110709369e-02
1.884837896795943379e-02
1.883723739301785757e-02
1.884808928007259896e-02
1.884377024834975670e-02
1.884505767375230928e-02
1.883493093773722787e-02
1.882079617353156140e-02
1.883052706252783676e-02
1.882128819124773145e-02
1.882105960976332426e-02
1.881509756203740905e-02
1.882805649656802555e-02
1.883424917468801141e-02
1.882524584070779244e-02
1.885055217426270108e-02
1.883814280154183507e-02
1.882918521296233008e-02
1.882937105838209529e-02
1.884584673098288476e-02
1.884977183071896364e-02
1.883040996035561035e-02
1.881885627517476678e-02
1.882181282853707602e-02
1.882516959449276328e-02
1.884382551070302655e-02
1.884434361709281733e-02
1.885148332221433382e-02
1.882765833288431098e-02
1.880513570504262905e-02
1.884741103276610374e-02
1.883667570073157410e-02
1.881388811161741753e-02
1.881115194410085817e-02
1.881628897972404887e-02
1.884854325326159458e-02
1.880296382587403128e-02
1.881544403731822898e-02
1.883067114977166057e-02
1.883970372145995359e-02
1.881967204390093754e-02
1.882260533748194437e-02
1.881181846256367932e-02
1.881774932844564388e-02
1.882902829675003886e-02
1.882619644748046925e-02
1.882751648081466486e-02
1.882403058698400855e-02
1.881679192883893917e-02
1.881055462872609566e-02
1.882055143360048671e-02
1.883317000465467572e-02
1.883199012372642825e-02
1.882490477291866998e-02
1.881219650385901332e-02
1.880950552877038578e-02
1.880993511294946213e-02
1.881223912932910095e-02
1.883558801491744955e-02
1.882417412707582116e-02
1.882739297579973797e-02
1.881091777468100329e-02
1.880096606910228868e-02
1.881825498421676318e-02
1.882320785662159462e-02
1.880377947236411273e-02
1.881421796279027919e-02
1.882544775726273725e-02
1.881568558746948838e-02
1.881299142260104557e-02
1.879556508501991491e-02
1.881095826975070009e-02
1.879991056630387833e-02
1.880744578083977034e-02
1.878942204639315675e-02
1.879134410992264886e-02
1.879830270772799711e-02
1.882912385044619580e-02
1.880715050501748781e-02
1.882351185195147922e-02
1.879000490298494627e-02
1.880086106248200079e-02
1.880300047341734032e-02
1.881424041930586030e-02
1.879774112021550397e-02
1.882486268877982954e-02
1.879754367982968549e-02
1.878974861465394428e-02
1.879345434135757525e-02
1.878265429986640880e-02
1.879908160772174666e-02
1.879502711817622115e-02
1.879684713203460047e-02
1.878993305144831608e-02
1.879304490284994245e-02
1.881022206507623057e-02
1.880122044822201202e-02
1.877948207547888021e-02
1.876708003692328930e-02
1.877645289641804993e-02
1.877958485856652190e-02
1.876731944503262639e-02
1.876572435721755167e-02
1.877322873333469103e-02
1.876863918732851744e-02
1.876682502916082740e-02
1.877358193742111395e-02
1.877588772331364314e-02
1.876811278052627902e-02
1.877329790731891920e-02
1.877388344146311422e-02
1.876613304484635661e-02
1.877699641045182943e-02
1.876384959323331575e-02
1.875618921476416429e-02
1.876877816393971582e-02
1.876691634533926914e-02
1.875440111616626451e-02
1.877220146707259119e-02
1.876604143762961030e-02
1.875996849266812344e-02
1.875836609397083660e-02
1.876873178407549927e-02
1.875670843292027642e-02
1.876135725760832290e-02
1.876796896103769680e-02
1.876994023332372377e-02
1.875133536523208161e-02
1.875720644602552056e-02
1.875560224289074540e-02
1.875752611085772584e-02
1.876286118058487912e-02
1.876351517857983639e-02
1.879062880761921475e-02
1.875774161890149047e-02
1.876727985218167374e-02
1.876163894776254962e-02
1.875996580347418646e-02
1.876530641457065801e-02
1.876655851956456761e-02
1.877885869471356342e-02
1.875695358030498097e-02
1.875084543135017295e-02
1.876137088984251161e-02
1.876203181454911759e-02
1.875686821294948389e-02
1.876022390206344426e-02
1.877166437916457514e-02
1.875762168783694575e-02
1.877113047521561384e-02
1.875464837066829343e-02
1.876062740338966389e-02
1.875653951428830554e-02
1.876309587387368222e-02
1.875523695489391546e-02
1.875982970232143929e-02
1.875788639299571375e-02
1.875968772219493985e-02
1.874580179573968192e-02
1.875977318268269231e-02
1.875534856226295302e-02
1.876248056069016595e-02
1.875731217442080240e-02
1.875759661197662354e-02
1.875772781204432249e-02
1.876165634021163126e-02
1.877039013779722293e-02
1.874041941482573748e-02
1.874250050168484519e-02
1.874829147709533572e-02
1.874808485154062440e-02
1.873561542015522718e-02
1.873487371485680480e-02
1.873026111861690948e-02
1.874652701662853430e-02
1.875740939285606285e-02
1.872754248324781656e-02
1.873490096768364380e-02
1.872550253756344318e-02
1.873032889561727574e-02
1.872988832183182170e-02
1.872287548612803360e-02
1.874366941628977795e-02
1.873541949316859245e-02
1.872243133839219739e-02
1.871747383847832680e-02
1.870989247690886190e-02
1.872012958629056673e-02
1.871728462865576009e-02
1.873270929791033199e-02
1.871952458750456710e-02
1.871091509237885614e-02
1.871679730247706105e-02
1.870497752679511905e-02
1.870780836325138669e-02
1.872268583392724256e-02
1.869671213207766552e-02
1.868119576247408847e-02
1.869374151574447820e-02
1.869449645746499439e-02
1.868872427148744395e-02
1.868973876116797328e-02
1.869656675262376666e-02
1.869217936764471302e-02
1.869365695165470243e-02
1.868576548295095702e-02
1.868498107651248713e-02
1.868324478855356435e-02
1.868768102722242336e-02
1.868577589048072557e-02
1.868798555224202712e-02
1.869093469576910138e-02
1.868297578766942024e-02
1.868642803747206857e-02
1.868677693419158389e-02
1.868154221447184543e-02
1.868013556813821058e-02
1.867977860383689473e-02
1.867673140950500826e-02
1.867867677356116474e-02
1.868164237821474602e-02
1.867883228696882655e-02
1.868605945492163301e-02
1.868343080859631231e-02
1.868253229185938905e-02
1.867999293608590961e-02
1.866825113538652520e-02
1.868571123341098567e-02
1.868441144470125298e-02
1.868444918654859135e-02
1.867463906528428128e-02
1.867884553503245185e-02
1.868035260122269392e-02
1.868271366111002793e-02
1.867222501896321704e-02
1.868794409092515776e-02
1.867211046628653934e-02
1.868143768515437980e-02
1.867374387802556157e-02
1.867269813083112170e-02
1.866563762305304547e-02
1.866830381331965188e-02
1.867334586568176677e-02
1.867095074849203090e-02
1.867402946809306602e-02
1.867272091330960532e-02
1.867809728719294071e-02
1.867389297112822394e-02
1.866806998150423100e-02
1.867018941557034920e-02
1.867012436268851092e-02
1.867317513097077608e-02
1.866794808302074671e-02
1.866687434958293895e-02
1.866579905617982149e-02
1.866649428848177195e-02
1.866474053822457860e-02
1.866253362968563895e-02
1.866521717747673254e-02
1.866779528791084886e-02
1.867190485354512999e-02
1.866457981523126503e-02
1.866807645419612388e-02
1.866654886398464580e-02
1.866704027052037279e-02
1.866888750810176065e-02
1.865964017342775991e-02
1.867051117587834735e-02
1.867264820612035692e-02
1.866829002974555035e-02
1.866659705992788215e-02
1.867297922726720433e-02
1.865871001500636270e-02
1.866474655689671566e-02
1.866497932933270862e-02
1.866206942941062152e-02
1.865832911571487646e-02
1.866635749465785782e-02
1.866006429772824188e-02
1.866434009280055692e-02
1.866257253568619559e-02
1.865768400020897250e-02
1.866445115301757982e-02
1.865378401707857778e-02
1.865961698349565337e-02
1.865743887610733440e-02
1.865931486245244603e-02
1.866452766116708656e-02
1.866115592420101305e-02
1.865527832414954831e-02
1.866108743706718087e-02
1.866007057833485305e-02
1.865138514549471299e-02
1.866216161288320949e-02
1.866095408331602812e-02
1.866549430415034155e-02
1.865030437475070219e-02
1.865045875310897966e-02
1.863925221841782401e-02
1.864645906025543670e-02
1.864457643241621693e-02
1.864650844363495777e-02
1.864682312007061998e-02
1.864616775419563124e-02
1.864641482243314247e-02
1.864658229751512547e-02
1.864587373565882583e-02
1.864268588833510945e-02
1.864550599129870603e-02
1.864189072512090206e-02
1.864516534842550893e-02
1.864521265961229662e-02
1.864655531244352460e-02
1.864777269074693183e-02
1.865101573057472567e-02
1.864581739064306160e-02
1.864486463600769500e-02
1.864157173549756477e-02
1.864157781237736275e-02
1.864271119702607532e-02
1.864172746427357127e-02
1.864064950495958328e-02
1.864497023634612699e-02
1.864483191166073014e-02
1.864322443725541234e-02
1.863756800303235581e-02
1.864595937076956103e-02
1.864194276276975870e-02
1.863927361555397372e-02
1.864754284033551951e-02
1.864136058138683369e-02
1.863440502784214844e-02
1.864263381576165488e-02
1.864121494581922819e-02
1.863805091707036038e-02
1.863700788235291700e-02
1.864785009529441526e-02
1.864242118317633798e-02
1.864366730442270498e-02
1.863712941412814031e-02
1.863760291598737240e-02
1.863659680821001460e-02
1.864547963486984372e-02
1.864292672835290293e-02
1.863909844541922212e-02
1.863822330487891962e-02
1.864018312189728160e-02
1.864312997786328127e-02
1.863878627773374319e-02
1.863793538650497864e-02
1.863516580779105494e-02
1.863871034001931409e-02
1.863813801901414990e-02
1.864036690094508092e-02
1.863479348830878596e-02
1.863709995523095062e-02
1.863961602211929719e-02
1.864086781861260672e-02
1.863408408826217055e-02
1.863857767311856081e-02
1.863796174293384095e-02
1.863981838105246286e-02
1.864061598898842861e-02
1.863423929316922883e-02
1.863502184860408445e-02
1.863561515929177542e-02
1.863695572246797452e-02
1.862935327226295998e-02
1.863115653395652771e-02
1.863734453218057752e-02
1.863743485882878373e-02
1.863257497316226502e-02
1.863053019624203582e-02
1.863504637731239200e-02
1.864198364783078293e-02
1.863144233357161283e-02
1.863416222622617940e-02
1.863410955993458767e-02
1.863631135784089496e-02
1.863001555902883341e-02
1.863180571235716412e-02
1.863165262038819422e-02
1.863425318151712418e-02
1.863148452248424361e-02
1.863467897055670619e-02
1.863230820745229860e-02
1.863608851563185523e-02
1.863393827807158232e-02
1.862909868359565596e-02
1.863641670206561685e-02
1.863197002094239135e-02
1.863821863662451506e-02
1.863352939253672819e-02
1.862801613751798729e-02
1.863047369988635182e-02
1.862842848058789830e-02
1.863764728186651995e-02
1.863146666437387466e-02
1.862621684558689664e-02
1.862683584913611343e-02
1.862510878127068142e-02
1.862617504084482928e-02
1.862826924771070550e-02
1.862862554844468832e-02
1.862403474515304108e-02
1.862635961733758588e-02
1.862489269115030766e-02
1.862876421073451569e-02
1.862688160035759141e-02
1.862562616588547826e-02
1.862481167772784760e-02
1.862493877997621963e-02
1.862667262321338058e-02
1.862500408897176454e-02
1.862420410616323282e-02
1.862490187631920049e-02
1.862208053935319324e-02
1.862263467628508945e-02
1.862928096670657396e-02
1.862731043947860737e-02
1.862615701975300908e-02
1.862622441258281539e-02
1.862479709088802476e-02
1.862765315454453091e-02
1.862529781647026539e-02
1.862659405451267888e-02
1.862456582020968060e-02
1.862224241485819359e-02
1.862629415700212121e-02
1.862637081649154425e-02
1.862320039654150744e-02
1.862551389494910767e-02
1.862450000480748644e-02
1.862303954549133708e-02
1.862240018090233207e-02
1.862418728414922883e-02
1.862349308794364333e-02
1.862469962798058917e-02
1.862405887804925372e-02
1.862178102601319551e-02
1.862238018075004081e-02
1.862252039136364987e-02
1.862283258233219524e-02
1.862179319141432643e-02
1.862248535035177996e-02
1.862325804540887475e-02
1.862356822239235113e-02
1.862043812870979240e-02
1.862103001330979099e-02
1.862225226359441946e-02
1.862267936812713603e-02
1.861992353224195540e-02
1.862075623357668450e-02
1.862296176841482520e-02
1.862331387819722225e-02
1.862363622058182955e-02
1.861999809043481807e-02
1.861756449798122187e-02
1.862104521133005688e-02
1.861961401300504804e-02
1.862222551135346224e-02
1.862084085587412119e-02
1.862049431074410538e-02
1.862184402998536686e-02
1.862270357087254455e-02
1.862171037355437805e-02
1.861943915719166398e-02
1.861903844401240418e-02
1.862027203897014330e-02
1.862000477267429163e-02
1.861894512549042840e-02
1.862061573192477087e-02
1.862284813541919062e-02
1.862027881434187224e-02
1.862167995423078676e-02
1.861929941223934223e-02
1.862077118130400777e-02
1.861915469635277987e-02
1.861961354734376073e-02
1.861797627061605523e-02
1.861986566800623993e-02
1.862156398710794816e-02
1.862060573184862872e-02
1.861823417712003131e-02
1.861976489890366723e-02
1.862117134733125637e-02
1.862092828960158070e-02
1.861721618333831568e-02
1.862007591407745938e-02
1.861750477692112465e-02
1.861728294752538343e-02
1.861600375268608262e-02
1.861923391697928309e-02
1.861610750202089687e-02
1.861644668970257113e-02
1.861749369418248465e-02
1.861549284076318214e-02
1.861596028320491175e-02
1.861565721337683429e-02
1.861548873130232026e-02
1.861570162000134726e-02
1.861508856527507166e-02
1.861549185123294661e-02
1.861643749289214680e-02
1.861424933886155625e-02
1.861604165751486878e-02
1.861483986722305486e-02
1.861411423888057609e-02
1.861475411569699784e-02
1.861452257726341555e-02
1.861460565123707056e-02
1.861452325247228007e-02
1.861428401898592572e-02
1.861671323422342539e-02
1.861434595193713765e-02
1.861499223159625988e-02
1.861302101751789381e-02
1.861452820012345771e-02
1.861567926825955649e-02
1.861618598923087120e-02
1.861439583590254049e-02
1.861395260784775088e-02
1.861316873691976070e-02
1.861430277349427481e-02
1.861526202410459380e-02
1.861429428681731293e-02
1.861329392995685408e-02
1.861504848347976873e-02
1.861293321708217333e-02
1.861420153873041133e-02
1.861329062376171350e-02
1.861319323070347379e-02
1.861319178715348244e-02
1.861347880912944674e-02
1.861463831737637450e-02
1.861183166038244893e-02
1.861453820019960334e-02
1.861358289606869151e-02
1.861170955235138397e-02
1.861627894104458253e-02
1.861480221850797534e-02
1.861529307207092712e-02
1.861289794323965976e-02
1.861271071247756412e-02
1.861269355285912613e-02
1.861178623512387345e-02
1.861237300327047567e-02
1.861231831135228346e-02
1.861346414079889655e-02
1.861276909476146033e-02
1.861398495966568728e-02
1.861444236710667680e-02
1.861187679460272332e-02
1.861298319417983155e-02
1.861106147989630838e-02
1.861332461703568697e-02
1.861226097680628369e-02
1.861343669006600837e-02
1.861321897013112903e-02
1.861208523623645444e-02
1.861237431876361370e-02
1.861166856251656940e-02
1.861208035261370172e-02
1.861196494428440928e-02
1.861265847692266176e-02
1.861191836651414702e-02
1.861047737766057322e-02
1.861108347075059871e-02
1.861236559925600817e-02
1.861102583352476289e-02
1.861122224945575138e-02
1.861216144170612166e-02
1.861080385278910537e-02
1.861226035980507662e-02
1.861244317842647433e-02
1.861324389465153148e-02
1.861082781106233527e-02
1.861153459176421304e-02
1.861135766375809908e-02
1.861281647579744389e-02
1.861142620909959217e-02
1.861222428269684176e-02
1.861049633007496457e-02
1.861084223492071033e-02
1.861117337830364704e-02
1.861232973169535398e-02
1.861134270438924432e-02
1.861194856464862962e-02
1.861142609268427034e-02
1.861054879846051405e-02
1.861129417084157397e-02
1.861066413111984660e-02
1.861029027495533089e-02
1.861167835304513435e-02
1.860953737050295015e-02
1.860955106094479630e-02
1.861088322475552490e-02
