2.471301648765802245e-02
2.417816948145628045e-02
2.447402216494083335e-02
2.318890690803527763e-02
2.279992066323757033e-02
2.303978921845555375e-02
2.254135599359869888e-02
2.235651602968573640e-02
2.305866535753011565e-02
2.176594045013189455e-02
2.138654710724949976e-02
2.135241432115435670e-02
2.112462325021624565e-02
2.114548450335860391e-02
2.066422356292605539e-02
2.110082553699612479e-02
2.069921568036079546e-02
2.044649003073573112e-02
2.018638523295521875e-02
2.037904467433691164e-02
2.100180378183722635e-02
2.031945372000336716e-02
2.065969528630375723e-02
2.023428548127412935e-02
2.005012147128582001e-02
2.024292359128594329e-02
2.025384148582816055e-02
2.024296959862113138e-02
2.095734300091862609e-02
1.985580231994390349e-02
2.031915951520204405e-02
1.998444907367229531e-02
2.030078181996941566e-02
2.062171855941414764e-02
1.962461164221167634e-02
2.005217317491769791e-02
2.008028868585825036e-02
2.054240191355347772e-02
1.995836189016699652e-02
1.982102058827877114e-02
1.972077563405037065e-02
2.000565547496080399e-02
1.967241093516349654e-02
1.997952582314610481e-02
1.967957559973001341e-02
1.974492492154240539e-02
1.993001690134406020e-02
1.980688124895095895e-02
2.071862146258354048e-02
2.025835225358605524e-02
1.985011436045169830e-02
1.967616127803921769e-02
2.066568946465850015e-02
1.987728290259838104e-02
1.972385616973042557e-02
1.965512679889798095e-02
1.991910031065344949e-02
1.977529907599091460e-02
2.030038721859455178e-02
1.969987917691469123e-02
1.969008455052971909e-02
1.940550748258829117e-02
1.957056643441319396e-02
1.973093785345554282e-02
1.951614627614617348e-02
1.947161071002483437e-02
1.966839339584112306e-02
1.984764896333217690e-02
2.013471797108650277e-02
1.952490285038948128e-02
1.965994155034422874e-02
1.965629504993558069e-02
1.945159547030925890e-02
1.972153941169381072e-02
1.959134433418512414e-02
1.969447126612067223e-02
1.986769689247012277e-02
1.942513743415474892e-02
1.937375981360673835e-02
1.929668383672833443e-02
1.974728871136903832e-02
1.968099838122725626e-02
1.994026377797126701e-02
2.004859130829572678e-02
1.917485194280743599e-02
1.946789417415857246e-02
1.944912308827042441e-02
1.979010906070470879e-02
1.967092510312795639e-02
1.985000986605882714e-02
1.935481680557131837e-02
1.999875120818615098e-02
1.943279067054391046e-02
1.952304244041442802e-02
1.958651458844542365e-02
1.934049706906080385e-02
1.926898760721087317e-02
1.975498823449015756e-02
1.944938963279128213e-02
1.904465919360518594e-02
1.908233668655157089e-02
1.896800817921757629e-02
1.895770691335201333e-02
1.913020424544811110e-02
1.918639382347464561e-02
1.903721159324050019e-02
1.921991677954792976e-02
1.902092704549431662e-02
1.909650284796953271e-02
1.893188897520303726e-02
1.902129519730806281e-02
1.895130192860960960e-02
1.882926849648356576e-02
1.906066974624991486e-02
1.940932348370551924e-02
1.892737979069352219e-02
1.904548099264502525e-02
1.899330290034413268e-02
1.907718395814299653e-02
1.920327022671699385e-02
1.891898587346076827e-02
1.911442466080188682e-02
1.912625804543495109e-02
1.887084254994988303e-02
1.898111868649721146e-02
1.888905139639973640e-02
1.884604403749108245e-02
1.912077087908983092e-02
1.894108057022094588e-02
1.946754660457372665e-02
1.897337082773447106e-02
1.899397084489464621e-02
1.913415770977735381e-02
1.873965049162507057e-02
1.905152546241879394e-02
1.903277141973376205e-02
1.890023900195956369e-02
1.933470824733376364e-02
1.873531918972730706e-02
1.897340863943099837e-02
1.898770630359649519e-02
1.897293245419860025e-02
1.887022927403449873e-02
1.894545303657651017e-02
1.901623811572790076e-02
1.902641905471682410e-02
1.902951020747423172e-02
1.892079487442970345e-02
1.907620271667838027e-02
1.891389600932598045e-02
1.880451468750834326e-02
1.890577785670757155e-02
1.904253959655761649e-02
1.895284131169319014e-02
1.883852845057844977e-02
1.929200617596506934e-02
1.882619429379701545e-02
1.901377085596323013e-02
1.884797802194953034e-02
1.902868999168276856e-02
1.898868773132562568e-02
1.907900990918278555e-02
1.884545888751745085e-02
1.893275631591677735e-02
1.904001459479331970e-02
1.881346534937620302e-02
1.913524083793163161e-02
1.875252304598689149e-02
1.917709531262517045e-02
1.948457499966025491e-02
1.894821766763925622e-02
1.897696461528539796e-02
1.907655065879225800e-02
1.894509894773364206e-02
1.884471829980611732e-02
1.869696946814656396e-02
1.894436394795775275e-02
1.910662781447172026e-02
1.883774250745773315e-02
1.906227888539433618e-02
1.899749571457505157e-02
1.900163171812891891e-02
1.949923047795891831e-02
1.879110215231776307e-02
1.892698537558317254e-02
1.897952714934945245e-02
1.871568402275443008e-02
1.905768914148211340e-02
1.885650418698787620e-02
1.876593213528394630e-02
1.901921182870864799e-02
1.945842579007148881e-02
1.882191486656665733e-02
1.879346752539277215e-02
1.894086031243204932e-02
1.907722074538469384e-02
1.925533162429928641e-02
1.905695796012878487e-02
1.913244118914008210e-02
1.894899709150195052e-02
1.874575950205326080e-02
1.870376942679286003e-02
1.867315871641039848e-02
1.874870043247938226e-02
1.871684845536947250e-02
1.875930763781070640e-02
1.880457643419504096e-02
1.871677208691835403e-02
1.861423403024673601e-02
1.882849605754017761e-02
1.864989595487713883e-02
1.878206385299563408e-02
1.862953202798962524e-02
1.864319508895278046e-02
1.872338894754648278e-02
1.864978820085525651e-02
1.858685351908206940e-02
1.879476476460695267e-02
1.864916346967220376e-02
1.860632700845599174e-02
1.879946421831846237e-02
1.861768141388893058e-02
1.863187644630670547e-02
1.879385057836770873e-02
1.870105806738138129e-02
1.877941340208053728e-02
1.867642840370535920e-02
1.856262050569057465e-02
1.870117420330643515e-02
1.857474083080887933e-02
1.857524579390883515e-02
1.876074178144335886e-02
1.849909331649541785e-02
1.861350508406758170e-02
1.858953181654214928e-02
1.881933007389307091e-02
1.861597830429673195e-02
1.867025727406144281e-02
1.883835867047310014e-02
1.871187994256615778e-02
1.869892533868551185e-02
1.861463198438286643e-02
1.868125600740313391e-02
1.896600732579827378e-02
1.883923374116420676e-02
1.863969508558511665e-02
1.873418474569916656e-02
1.890537850558757921e-02
1.854982106015086105e-02
1.862487914040684631e-02
1.870352327823638847e-02
1.852860394865274429e-02
1.865636799484491487e-02
1.869948422536253999e-02
1.863884008489549021e-02
1.868108464404940466e-02
1.867250325158238342e-02
1.892514536157250543e-02
1.891745375469327042e-02
1.854669833555817535e-02
1.860056594014167924e-02
1.875209650024771760e-02
1.853650230914354394e-02
1.869755759835243364e-02
1.874377420172095368e-02
1.877134367823600838e-02
1.858212677761912276e-02
1.870844746008515358e-02
1.861632773652672698e-02
1.861518621444702148e-02
1.868959870189428399e-02
1.850025430321693490e-02
1.871807463467121263e-02
1.873735263943672111e-02
1.860498096793889930e-02
1.876389514654874802e-02
1.862872596830129554e-02
1.881250813603401253e-02
1.861650338396430085e-02
1.851890683174133370e-02
1.859871512278914521e-02
1.857167230919003556e-02
1.860500369220972200e-02
1.863041976466774802e-02
1.862028902396559854e-02
1.871839836239814689e-02
1.852204483002424171e-02
1.870256196707487106e-02
1.853437637910246988e-02
1.853526970371604035e-02
1.904809400439262321e-02
1.877478035166859488e-02
1.854883544147014479e-02
1.849385108798742156e-02
1.885238736867904732e-02
1.855490477755665849e-02
1.853289958089589934e-02
1.867414573207497666e-02
1.849770164117216925e-02
1.868561180308461050e-02
1.852429006248712540e-02
1.848110072314739297e-02
1.855607135221361975e-02
1.846554139629006525e-02
1.851890785619616370e-02
1.851282948628068040e-02
1.851789280772209167e-02
1.859734347090125084e-02
1.844514813274145126e-02
1.856488902121782372e-02
1.864782543852925439e-02
1.855962099507451127e-02
1.842889431864023347e-02
1.845803679898381372e-02
1.856420123949647019e-02
1.848964449018240114e-02
1.848619841039180617e-02
1.852639969438314368e-02
1.847935467958450317e-02
1.851939549669623375e-02
1.846862118691205978e-02
1.847072253003716538e-02
1.852922765538096359e-02
1.845834627747535567e-02
1.851306147873401503e-02
1.839992338791489671e-02
1.861558686941862037e-02
1.848451104015112062e-02
1.841475544497370859e-02
1.852699881419539452e-02
1.853033900260925293e-02
1.854587690904736449e-02
1.850922489538788657e-02
1.856869757175445487e-02
1.863540792837738852e-02
1.845831861719489028e-02
1.848590997979044845e-02
1.852578092366457055e-02
1.849083434790372779e-02
1.853492483496665955e-02
1.854287562891841074e-02
1.843545157462358336e-02
1.855088351294398308e-02
1.836878368631005357e-02
1.836195392534136633e-02
1.853961432352662156e-02
1.872176043689250877e-02
1.850592587143182893e-02
1.844783462584018846e-02
1.848219679668545654e-02
1.842201016843319009e-02
1.843588314950466225e-02
1.845806213095784257e-02
1.848134063184261183e-02
1.847262615337967942e-02
1.844528727233409743e-02
1.849577100947499136e-02
1.847422979772090842e-02
1.840430144220590522e-02
1.843861313536763330e-02
1.848868550732731680e-02
1.841399492695927620e-02
1.868678964674472948e-02
1.841910313814878325e-02
1.842576358467340469e-02
1.862874086946248939e-02
1.848057350143790176e-02
1.842915592715144157e-02
1.851910911500453949e-02
1.843711156398058007e-02
1.844120770692825317e-02
1.849004318937659194e-02
1.837901687249541421e-02
1.840851129963994026e-02
1.835895581170916488e-02
1.852535968646407127e-02
1.845480110496282647e-02
1.842214157804846625e-02
1.850828528404235840e-02
1.843364182859659126e-02
1.843223460018634727e-02
1.846313513815402846e-02
1.854798942804336548e-02
1.844072723761201044e-02
1.841860804706811974e-02
1.841085907071828703e-02
1.857809098437428544e-02
1.836605006828904291e-02
1.840585432946682115e-02
1.836910266429185937e-02
1.850174991413950851e-02
1.843588314950466225e-02
1.853574840351939271e-02
1.838359208777546813e-02
1.849052160978317122e-02
1.848794678226113250e-02
1.845739427953958442e-02
1.851044408977031708e-02
1.852438710629939964e-02
1.850395025685429642e-02
1.842089770361781190e-02
1.842351350933313370e-02
1.837531290948390961e-02
1.836122451350092818e-02
1.837810529395937989e-02
1.841321587562561035e-02
1.835499396547675063e-02
1.839256528764963289e-02
1.833862243220209937e-02
1.837041834369301796e-02
1.836232915520668099e-02
1.838294044137001038e-02
1.837221998721361160e-02
1.833970025181770255e-02
1.839760765433311532e-02
1.833830643445253511e-02
1.832505296915769646e-02
1.843891488388180872e-02
1.839957991614937782e-02
1.835789307951927324e-02
1.841959301382303099e-02
1.836091112345457008e-02
1.839443007484078269e-02
1.839333642274141450e-02
1.836995426565408637e-02
1.836502095684409280e-02
1.839912757277488778e-02
1.834013210609555106e-02
1.835835138335823943e-02
1.844113450497388701e-02
1.835799934342503478e-02
1.839933376759290626e-02
1.832305742427706857e-02
1.838188972324132989e-02
1.839067805558443000e-02
1.835552174597978453e-02
1.835820544511079788e-02
1.842040782794356416e-02
1.838846178725361824e-02
1.830935478210449219e-02
1.835002442821860244e-02
1.836169012822210650e-02
1.838345834985375543e-02
1.831288589164614677e-02
1.836440972983837197e-02
1.837701881304383209e-02
1.831935280933976243e-02
1.836337642744183610e-02
1.835116464644670486e-02
1.831961041316389899e-02
1.833414449356496334e-02
1.838246248662471841e-02
1.831558663398027281e-02
1.831299439072608948e-02
1.835753312334418436e-02
1.841516718268394401e-02
1.845501326024532457e-02
1.842192951589822700e-02
1.832801550626754830e-02
1.833387203514575889e-02
1.832496924325823645e-02
1.832341635599732399e-02
1.841554418206214905e-02
1.832605339586734772e-02
1.837424384430050989e-02
1.841400684788823197e-02
1.833725860342383385e-02
1.837396360933780601e-02
1.840725978836417129e-02
1.844913111999630859e-02
1.828917013481259207e-02
1.836525592952966551e-02
1.830381304025650163e-02
1.836757641285657883e-02
1.828287485986947875e-02
1.830710526555776735e-02
1.830682149156927924e-02
1.836310755461454530e-02
1.840683920308947702e-02
1.832740316167473862e-02
1.830346528440713813e-02
1.837391918525099754e-02
1.835397565737366746e-02
1.842632079496979783e-02
1.829984197393059661e-02
1.836808091029524734e-02
1.838855873793363710e-02
1.833794675767421584e-02
1.829771641641855101e-02
1.830176897346973489e-02
1.829976364970207353e-02
1.827700808644294739e-02
1.833797199651598930e-02
1.841915780678391595e-02
1.831832081079482963e-02
1.832945635542273383e-02
1.826083287596702576e-02
1.835531713441014220e-02
1.833047168329358240e-02
1.831168336793780396e-02
1.832976359874010155e-02
1.832303320989012857e-02
1.829308783635497093e-02
1.832835022360086372e-02
1.831739768385887146e-02
1.831242032349109788e-02
1.829234557226300240e-02
1.831323988735675951e-02
1.829807804897427490e-02
1.833140049129724364e-02
1.830265130847692420e-02
1.834910959005355696e-02
1.830906793475151062e-02
1.831010160967707495e-02
1.836270540952682565e-02
1.830058814957737784e-02
1.829476142302155495e-02
1.829784773290157179e-02
1.828626403585076332e-02
1.829393170773983140e-02
1.829349612817168097e-02
1.831014668568968842e-02
1.827750802040100167e-02
1.831699740141630103e-02
1.829949496313929697e-02
1.833972353488206794e-02
1.835153037682175567e-02
1.831203093752264977e-02
1.833331156522035460e-02
1.829489674419164727e-02
1.829420886933803489e-02
1.830522064119577408e-02
1.828873604536056588e-02
1.829763194546103408e-02
1.833325186744332383e-02
1.828947588801383903e-02
1.835236465558409691e-02
1.828214908018708368e-02
1.828168760985136171e-02
1.833482151851057937e-02
1.828799005597829888e-02
1.829493893310427804e-02
1.828459333628416200e-02
1.830907044932246139e-02
1.836591800674796174e-02
1.829865304753184457e-02
1.828813115134835313e-02
1.830888185650110175e-02
1.826565451920032432e-02
1.829274240881204744e-02
1.828263616189360757e-02
1.829875186085700919e-02
1.839098781347274850e-02
1.830106098204851289e-02
1.829502563923597266e-02
1.836986867710948060e-02
1.828229399397969177e-02
1.834257198497652938e-02
1.829636702314019203e-02
1.829819567501544952e-02
1.831889562308788161e-02
1.827640132978558540e-02
1.825943309813737869e-02
1.830270811915397575e-02
1.831284333020448754e-02
1.830782154574990203e-02
1.827119169756770065e-02
1.827786611393094132e-02
1.829512314870953421e-02
1.830074992030859132e-02
1.825878378003835747e-02
1.826165467500686507e-02
1.832134705036878725e-02
1.829199446365237236e-02
1.825686404481530190e-02
1.832788605242967675e-02
1.828303094953298569e-02
1.825819667428731780e-02
1.824538949877023766e-02
1.828600475564599176e-02
1.826210571452975204e-02
1.828058715909719467e-02
1.826513996347784927e-02
1.827851021662354331e-02
1.826956868171691895e-02
1.827128492295742104e-02
1.824092241004109452e-02
1.826231107115745475e-02
1.825085701420903206e-02
1.826764466241002222e-02
1.826280048117041518e-02
1.824679579585790704e-02
1.824407568201422830e-02
1.824747258797287941e-02
1.827400727197527747e-02
1.823993222787976404e-02
1.824182625859975884e-02
1.821998078376054625e-02
1.821416253224015375e-02
1.821335186250507693e-02
1.825899044051766326e-02
1.822315119206905504e-02
1.820476017892360548e-02
1.820601429790258408e-02
1.824655374512076239e-02
1.824375991709530423e-02
1.822099015116691520e-02
1.822831509634852479e-02
1.822340581566095352e-02
1.821770668029785295e-02
1.825218359008431296e-02
1.820731814950704575e-02
1.822552131488919258e-02
1.821961989626288275e-02
1.822465127333998750e-02
1.820643469691276412e-02
1.822651242837309768e-02
1.821223469451069971e-02
1.823056470602750848e-02
1.820818968117237160e-02
1.823708312585949759e-02
1.825628466904163222e-02
1.821255246177315781e-02
1.823021639138460229e-02
1.824520984664559226e-02
1.821051388978957991e-02
1.825563181191682677e-02
1.823503747582435469e-02
1.820358438417315344e-02
1.819502990692854066e-02
1.821583444252610276e-02
1.821875572204589844e-02
1.822179751470685144e-02
1.820558216422796249e-02
1.820855587720870972e-02
1.821622457355260780e-02
1.823035525158047537e-02
1.820092713460326125e-02
1.819282611832022736e-02
1.824927842244505882e-02
1.819855598732829025e-02
1.823008768260479112e-02
1.823923969641327858e-02
1.822691513225436349e-02
1.819313010200858047e-02
1.821092600002884726e-02
1.819082209840416908e-02
1.820948775857687135e-02
1.820919932797551016e-02
1.821884112432598998e-02
1.821212572976946970e-02
1.819624342024326463e-02
1.820487054064869742e-02
1.822075126692652633e-02
1.819740738719701628e-02
1.818719990551471641e-02
1.822969801723956992e-02
1.820098767057061126e-02
1.823279792442917754e-02
1.820165226235985825e-02
1.819242993369698386e-02
1.818051859736442497e-02
1.817900296300649712e-02
1.820347625762224267e-02
1.821250412613153319e-02
1.818990604951977591e-02
1.818726016208529334e-02
1.822077920660376479e-02
1.817563613876700332e-02
1.820109775289893012e-02
1.822880180552601675e-02
1.818425962701439996e-02
1.821547551080584387e-02
1.821165699511766503e-02
1.818745685741305490e-02
1.818866636604070733e-02
1.819811780005693366e-02
1.817763103172182967e-02
1.819408470764756133e-02
1.818561824038624625e-02
1.818203758448362281e-02
1.820224868133664062e-02
1.818762589246034761e-02
1.818866217508912156e-02
1.818460039794445038e-02
1.817089663818478515e-02
1.818704651668667793e-02
1.817617267370224068e-02
1.818981776013970514e-02
1.817488232627511094e-02
1.818312564864754677e-02
1.816640747711062431e-02
1.820423193275928428e-02
1.817994415760040144e-02
1.816229810938239236e-02
1.821392271667719026e-02
1.817170139402151177e-02
1.818778645247220993e-02
1.821873979642987113e-02
1.821770854294300218e-02
1.817662073299288611e-02
1.818114379420876503e-02
1.816514916718005995e-02
1.818243265151977400e-02
1.817222917452454567e-02
1.818576510995626588e-02
1.816642144694924355e-02
1.817390890792012353e-02
1.817254684865474840e-02
1.816945606842636923e-02
1.818040870130062034e-02
1.817285921424627304e-02
1.816313108429312706e-02
1.817072406411170821e-02
1.818628059700131555e-02
1.818945677950978279e-02
1.818078868091106345e-02
1.816193778067827155e-02
1.817256188951432705e-02
1.819546716287732263e-02
1.816580705344677041e-02
1.816604444757103851e-02
1.817655023187398841e-02
1.817909218370914598e-02
1.818610290065407822e-02
1.817672448232770036e-02
1.816880423575639725e-02
1.817606156691908836e-02
1.816129339858889649e-02
1.816983260214328696e-02
1.819581268355250497e-02
1.818047668784856727e-02
1.817583031952381065e-02
1.817638706415891647e-02
1.817995244637131760e-02
1.817077016457915167e-02
1.816910998895764420e-02
1.818655654788017134e-02
1.816359050571918557e-02
1.817044056951999664e-02
1.817421847954392433e-02
1.817587641999125411e-02
1.817202558740973334e-02
1.816695109009742667e-02
1.818065205588936806e-02
1.817132756114005904e-02
1.818053219467401574e-02
1.816731169819831709e-02
1.818457767367363115e-02
1.816823687404394219e-02
1.816937737166881423e-02
1.818355889990925719e-02
1.816531913354992728e-02
1.815939601510763168e-02
1.817571679130196641e-02
1.817755503579974313e-02
1.817083088681101938e-02
1.816853815689683030e-02
1.816398892551660676e-02
1.816657632589340279e-02
1.816568719223141809e-02
1.816827049478888373e-02
1.816774634644389291e-02
1.816056575626134872e-02
1.816776646301150253e-02
1.816667020320892473e-02
1.817348292097449233e-02
1.817265739664435456e-02
1.816764259710907867e-02
1.815601848065852980e-02
1.816537268459796767e-02
1.815992482006549905e-02
1.816222649067640235e-02
1.815421152859926154e-02
1.815280169248580794e-02
1.815455853939056466e-02
1.817012010142207007e-02
1.814894145354628563e-02
1.818828489631414344e-02
1.815811125561594963e-02
1.817039381712675164e-02
1.815702002495527337e-02
1.816797284409403870e-02
1.817398099228739738e-02
1.815375499427318573e-02
1.815972020849585672e-02
1.816308684647083282e-02
1.815768331289291382e-02
1.816923618316650460e-02
1.815734505653381417e-02
1.816326109692454477e-02
1.816267743706703047e-02
1.816647285595536163e-02
1.816282868385315011e-02
1.816435912624001642e-02
1.816210467368364195e-02
1.816381569951772829e-02
1.815503006801009317e-02
1.816825931891798834e-02
1.814812915399670670e-02
1.816137749701738496e-02
1.815521493554115434e-02
1.815214399248361518e-02
1.815882483497261932e-02
1.816666536033153395e-02
1.815434154123067925e-02
1.816124804317951341e-02
1.815152438357472281e-02
1.815495910122990469e-02
1.816948996856808732e-02
1.816200632601976464e-02
1.815370600670575957e-02
1.815999699756503175e-02
1.816010773181915214e-02
1.814842438325285981e-02
1.815815661102533271e-02
1.815277142450213294e-02
1.816331883892417093e-02
1.815713038668036530e-02
1.815757779404520919e-02
1.815972132608294556e-02
1.815643906593322754e-02
1.815910069271921973e-02
1.815664833411574294e-02
1.816163817420601845e-02
1.815184764564037323e-02
1.814528917893767218e-02
1.815248569473624368e-02
1.815050905570387771e-02
1.815651459619403024e-02
1.814386500045657089e-02
1.814762949943542550e-02
1.815608749166131020e-02
1.814701696857810159e-02
1.815434079617261887e-02
1.814665300771594117e-02
1.815834129229187965e-02
1.814879095181822638e-02
1.817020438611507277e-02
1.814440051093697479e-02
1.815654067322611948e-02
1.815442694351077080e-02
1.815105667337775161e-02
1.815266888588666985e-02
1.814826605841517518e-02
1.816423507407307486e-02
1.815188731998205324e-02
1.814549658447504182e-02
1.814734209328889777e-02
1.815330730751156876e-02
1.814338555559515814e-02
1.814536536112427642e-02
1.814543996006250451e-02
1.815005512908101151e-02
1.814024960622191360e-02
1.814379682764410973e-02
1.815259419381618639e-02
1.814823430031537940e-02
1.814821017906069825e-02
1.815700232982635567e-02
1.814482007175683906e-02
1.814626939594745497e-02
1.815480990335345199e-02
1.814420744776725630e-02
1.815154450014233589e-02
1.814844831824302673e-02
1.815940979868173669e-02
1.815012954175472190e-02
1.815176913514733245e-02
1.814959319308400224e-02
1.814853092655539443e-02
1.814426220953464439e-02
1.815095841884612968e-02
1.814484419301152368e-02
1.814457383006811211e-02
1.814233558252453804e-02
1.815618937835097174e-02
1.814623465761542459e-02
1.814460307359695365e-02
1.814419366419315477e-02
1.814962252974510262e-02
1.813949961215257506e-02
1.813985090702772279e-02
1.814806824550032477e-02
1.815233370289206366e-02
1.814312227070331504e-02
1.814909167587757180e-02
1.814481243491172791e-02
1.815140964463353088e-02
1.815168140456080437e-02
1.814551549032330374e-02
1.814473243430256982e-02
1.814739387482404778e-02
1.814170451834797720e-02
1.814341340214014123e-02
1.814321978017687659e-02
1.816197363659739425e-02
1.814526496455073218e-02
1.815637778490781715e-02
1.814167741686105798e-02
1.814547078683972220e-02
1.814846657216549058e-02
1.814745478332042625e-02
1.813970664516091277e-02
1.814450491219759057e-02
1.814376395195722511e-02
1.814568797126412530e-02
1.814439790323376517e-02
1.814780095592141013e-02
1.814315505325794081e-02
1.814489448443055292e-02
1.814620662480592728e-02
1.814948879182338645e-02
1.814436214044690132e-02
1.814559241756796837e-02
1.814586240798234801e-02
1.814486701041460176e-02
1.813937630504369736e-02
1.813930375501513620e-02
1.814073016867041518e-02
1.814028928056359360e-02
1.813793536275625298e-02
1.814075494185090134e-02
1.813818020746111800e-02
1.813570940867066314e-02
1.813854472711682458e-02
1.813996182754635741e-02
1.814641533419489999e-02
1.813865043222904344e-02
1.813990902155637741e-02
1.814433746039867401e-02
1.814003027975559165e-02
1.814126716926693986e-02
1.814474510028958251e-02
1.813866915181279113e-02
1.813910305500030656e-02
1.814184747636318068e-02
1.813798109069466452e-02
1.813672976568341325e-02
1.813833806663751533e-02
1.813666671514511247e-02
1.815348342061042647e-02
1.814545504748821259e-02
1.814506426453590254e-02
1.814094465225934982e-02
1.813719766214489867e-02
1.813735095784068177e-02
1.814108761027455330e-02
1.813637102022767206e-02
1.813892908394336770e-02
1.814066916704177787e-02
1.814170684665441374e-02
1.813627118244767050e-02
1.814564000815153261e-02
1.813969789072871278e-02
1.813705647364258905e-02
1.814172193408012529e-02
1.813587741926312585e-02
1.813898719847202232e-02
1.814048737287521362e-02
1.814023992046713898e-02
1.813717111945152213e-02
1.813527159392833848e-02
1.813439298421144416e-02
1.813899204134940962e-02
1.814484428614377906e-02
1.813840391114353995e-02
1.813781531527638297e-02
1.813766881823539873e-02
1.814430616796016554e-02
1.813694280572235654e-02
1.813768437132239411e-02
1.813420373946428299e-02
1.814144663512706757e-02
1.813800763338804106e-02
1.813608985394239356e-02
1.813742285594344139e-02
1.813480397686362267e-02
1.813920466229319503e-02
1.813734956085681985e-02
1.813636338338255743e-02
1.813830956816673418e-02
1.814144281670451025e-02
1.813686741515994211e-02
1.813435843214392801e-02
1.813432602211833070e-02
1.813745507970452447e-02
1.813683072105050018e-02
1.813761014491319795e-02
1.814297176897525926e-02
1.813100259751081536e-02
1.813456099480390687e-02
1.813114527612924576e-02
1.813870752230286459e-02
1.813736073672771523e-02
1.813875837251543999e-02
1.813578223809599738e-02
1.813676245510578017e-02
1.814549770206213067e-02
1.814021421596407821e-02
