5.647323012351990190e-01
5.184760361909865889e-01
5.770581305027008279e-01
5.218456923961639626e-01
5.135171890258789507e-01
4.890324771404266357e-01
4.712513417005538829e-01
4.749813258647918590e-01
4.580075085163116677e-01
4.530596643686294334e-01
4.729912132024765015e-01
4.447654426097870095e-01
4.224489659070968517e-01
4.452197432518005260e-01
4.353177487850189431e-01
4.168659865856170765e-01
4.461725294589996560e-01
4.378943413496017567e-01
4.190675318241119385e-01
4.246511727571487538e-01
4.150710701942443848e-01
4.360642254352569691e-01
4.163711845874786266e-01
4.178001016378402599e-01
4.173903465270996094e-01
4.145089417695999034e-01
4.151563614606857411e-01
4.302239060401916726e-01
4.096843272447586171e-01
4.172472208738327026e-01
4.016203641891479270e-01
4.248169302940368874e-01
4.142554819583892933e-01
4.036740005016327126e-01
3.990377247333526389e-01
4.060621768236160056e-01
4.002913355827331654e-01
4.068980336189270131e-01
3.976287275552749523e-01
4.374315470457076915e-01
4.295967668294906616e-01
4.020135760307311790e-01
4.082740724086761364e-01
3.858314007520675659e-01
4.194872736930846946e-01
4.083097398281097523e-01
3.979164093732833751e-01
3.971518009901046642e-01
3.853990167379379161e-01
3.990748733282089011e-01
3.965422928333282582e-01
4.076584160327911266e-01
3.907290399074554443e-01
4.365910410881042591e-01
4.012729912996292336e-01
3.972063362598419189e-01
3.920392423868179210e-01
3.905524194240569957e-01
4.047829657793045044e-01
3.839551180601120106e-01
4.153164982795715110e-01
3.839309811592102051e-01
4.202641010284423606e-01
4.268022209405898937e-01
3.762206107378006092e-01
4.048035979270935281e-01
3.955903440713882668e-01
3.998001694679260143e-01
4.012564063072204812e-01
3.962608397006988636e-01
4.063913285732269065e-01
3.763557851314544567e-01
3.816195279359817505e-01
4.031814426183700784e-01
3.893154263496398926e-01
3.873984396457672008e-01
3.902358055114746316e-01
3.781578421592712291e-01
3.845229923725128063e-01
3.919708609580993541e-01
3.931684195995330811e-01
3.796108573675155418e-01
4.151631534099579079e-01
4.137669503688812256e-01
3.731817722320556752e-01
3.721488445997238048e-01
4.078520178794861062e-01
4.010657757520675881e-01
3.871134877204894797e-01
3.914800137281417847e-01
4.118469208478927612e-01
4.050351202487945668e-01
3.961016178131103738e-01
4.101211994886398426e-01
3.930790424346923828e-01
3.759663313627242820e-01
4.198290854692459106e-01
3.796975702047348245e-01
3.783228546380996704e-01
3.791463792324066273e-01
3.676873415708541981e-01
3.690613299608230813e-01
3.625853598117828591e-01
3.612146437168121116e-01
3.675660878419876321e-01
3.663587421178817749e-01
3.823356807231902965e-01
3.650388717651367188e-01
3.627882391214370950e-01
3.709792762994766346e-01
3.676801711320877297e-01
3.678983956575393455e-01
3.643828541040420310e-01
3.721487641334533802e-01
3.706415086984634621e-01
3.652318865060806274e-01
3.644040197134018055e-01
3.661914736032486073e-01
3.856516510248184093e-01
3.758086770772933738e-01
3.725506156682968362e-01
3.641121715307235607e-01
3.698279529809951893e-01
3.633539408445358165e-01
3.760961443185806274e-01
3.725896567106247170e-01
3.681017637252807506e-01
3.648667931556701660e-01
3.712508231401443481e-01
3.786719232797622903e-01
3.686741471290588268e-01
3.697639137506484874e-01
3.675094485282898171e-01
3.706794619560241921e-01
3.715580970048904530e-01
3.723453015089034923e-01
3.591016113758087047e-01
3.595071852207183949e-01
3.699890702962875255e-01
3.650121808052063099e-01
3.696585357189178245e-01
3.701189249753952248e-01
3.587405920028686745e-01
3.624216675758361594e-01
3.663203746080398449e-01
3.592361807823181152e-01
3.572275102138519065e-01
3.630138039588928223e-01
3.739932924509048462e-01
3.761096298694610596e-01
3.671061903238296287e-01
3.550299346446991189e-01
3.583039313554763905e-01
3.661253154277801514e-01
3.642301440238952526e-01
3.693720579147338756e-01
3.578190445899963601e-01
3.638814151287078635e-01
3.605195492506027000e-01
3.518823295831680076e-01
3.708960056304931863e-01
3.617154896259308083e-01
3.598288238048553689e-01
3.732771903276443370e-01
3.658262670040130504e-01
3.561035364866256825e-01
3.630165606737136841e-01
3.544774562120437400e-01
3.556506782770156860e-01
3.784637272357940785e-01
3.630724638700485452e-01
3.737549394369125144e-01
3.683635085821151955e-01
3.578292489051818626e-01
3.647765964269638062e-01
3.702032387256622425e-01
3.529626071453094704e-01
3.611835718154907116e-01
3.609112948179244995e-01
3.679773509502410889e-01
3.641092568635940774e-01
3.550823241472244041e-01
3.559286415576934925e-01
3.502061873674392478e-01
3.616693288087844960e-01
3.671452462673187034e-01
3.820908725261688010e-01
3.690270215272903331e-01
3.589570611715316995e-01
3.551159650087356567e-01
3.604745745658874401e-01
3.622728258371353260e-01
3.675856739282608032e-01
3.530303895473480003e-01
3.534547358751297108e-01
3.609137952327728383e-01
3.636830210685729758e-01
3.638351798057556374e-01
3.632519811391830555e-01
3.592402249574661033e-01
3.548440635204315186e-01
3.474766492843627819e-01
3.477011352777480968e-01
3.466135680675506703e-01
3.473369508981704601e-01
3.478552907705306785e-01
3.471727073192596436e-01
3.513848543167114036e-01
3.523582309484482034e-01
3.511834144592285156e-01
3.438065141439438088e-01
3.472065895795822255e-01
3.465813785791397317e-01
3.511415600776672252e-01
3.463428407907486184e-01
3.506358385086059681e-01
3.489987730979919323e-01
3.543624311685562023e-01
3.484523177146911510e-01
3.533155113458633645e-01
3.458128452301025280e-01
3.477792888879776001e-01
3.467695116996765137e-01
3.480146706104278453e-01
3.477868378162384255e-01
3.513907730579376443e-01
3.518881380558013805e-01
3.597440659999847634e-01
3.453848958015441895e-01
3.474461436271667480e-01
3.508664935827255360e-01
3.479276657104491965e-01
3.478254586458205955e-01
3.490320235490799172e-01
3.524107992649078147e-01
3.427046865224838146e-01
3.513365507125854603e-01
3.443525910377502330e-01
3.450749814510345459e-01
3.454556733369827382e-01
3.507505446672439797e-01
3.454064518213272317e-01
3.476036876440048440e-01
3.473057061433791892e-01
3.458675622940063366e-01
3.462732940912246482e-01
3.441226631402969360e-01
3.495770514011383168e-01
3.461561501026153564e-01
3.525311112403869407e-01
3.534753978252410667e-01
3.524316787719726785e-01
3.487568736076355203e-01
3.498608261346817239e-01
3.435413390398025513e-01
3.484510987997054832e-01
3.514169454574584961e-01
3.466631829738616721e-01
3.441306889057159646e-01
3.448770642280578613e-01
3.498022466897964255e-01
3.474175512790679821e-01
3.482250213623047097e-01
3.503538459539413674e-01
3.490995347499847301e-01
3.449932217597961315e-01
3.496396958827972523e-01
3.524389177560806052e-01
3.454033613204955944e-01
3.475505143404006847e-01
3.472691714763641579e-01
3.475663542747497448e-01
3.476082295179366843e-01
3.464199990034103616e-01
3.460487663745880349e-01
3.423229753971099854e-01
3.436231881380081288e-01
3.440905243158340343e-01
3.448841869831085205e-01
3.473900079727172963e-01
3.481132477521896584e-01
3.427231281995773426e-01
3.506939500570297463e-01
3.447285801172256248e-01
3.498113393783569558e-01
3.506524085998535267e-01
3.412943691015243308e-01
3.471497565507888905e-01
3.434467792510986217e-01
3.476402699947357400e-01
3.592489898204803689e-01
3.470570087432861550e-01
3.470405399799346702e-01
3.542582184076309426e-01
3.583815723657607921e-01
3.418248534202575906e-01
3.414905905723571999e-01
3.505876183509826771e-01
3.464560359716415405e-01
3.421172380447387584e-01
3.431466400623321422e-01
3.410198748111724631e-01
3.406158238649368286e-01
3.409503012895583884e-01
3.403891444206237904e-01
3.381872087717056052e-01
3.438159734010696189e-01
3.392994850873947144e-01
3.397782802581786887e-01
3.377496421337127797e-01
3.422193378210067749e-01
3.407986789941787609e-01
3.377496749162673950e-01
3.404286324977874867e-01
3.391958236694335715e-01
3.424286901950835960e-01
3.382857948541641013e-01
3.402502536773681641e-01
3.423902541399002075e-01
3.390641719102859275e-01
3.466066211462021096e-01
3.391309559345245250e-01
3.448288857936859242e-01
3.419533193111419789e-01
3.498508274555206521e-01
3.401001483201980813e-01
3.393982768058776966e-01
3.453189283609390259e-01
3.397663861513137706e-01
3.410752803087234719e-01
3.421288430690765381e-01
3.423518925905227883e-01
3.382086783647537120e-01
3.434902489185333030e-01
3.381036132574081199e-01
3.411483585834503285e-01
3.421247452497482300e-01
3.378171890974044911e-01
3.365091413259506115e-01
3.387357026338577159e-01
3.383297741413116566e-01
3.423592925071716198e-01
3.401013672351836936e-01
3.441725939512252919e-01
3.368441194295883068e-01
3.381295859813689964e-01
3.411977380514145120e-01
3.369382321834564209e-01
3.399143189191818348e-01
3.367283731698990090e-01
3.407889723777771107e-01
3.431799620389938132e-01
3.383089393377304299e-01
3.385680854320526345e-01
3.410156875848769920e-01
3.367908358573913352e-01
3.398556858301162720e-01
3.418105185031891091e-01
3.358290344476699829e-01
3.371710479259490967e-01
3.379935115575790627e-01
3.360341727733612283e-01
3.370508402585983276e-01
3.396378129720687977e-01
3.387629359960556141e-01
3.395902603864670022e-01
3.392711728811264038e-01
3.384581476449966542e-01
3.376893192529678567e-01
3.386036336421966442e-01
3.386179953813552856e-01
3.381252497434615867e-01
3.348292320966720359e-01
3.371399223804473766e-01
3.379909276962280162e-01
3.361564636230468528e-01
3.385158061981201061e-01
3.392219930887222512e-01
3.375536620616912953e-01
3.443304359912872092e-01
3.391262769699096569e-01
3.386355012655258290e-01
3.376447409391403198e-01
3.411467552185058483e-01
3.380847811698913796e-01
3.415377110242843739e-01
3.373007357120513805e-01
3.365079373121261375e-01
3.410374641418457142e-01
3.365220487117767112e-01
3.352663695812225231e-01
3.388273060321808083e-01
3.442164331674575917e-01
3.411288261413574219e-01
3.438383549451827781e-01
3.379480332136154397e-01
3.393151193857192882e-01
3.359647333621978982e-01
3.372921079397201427e-01
3.397674620151519553e-01
3.349868923425674549e-01
3.349443078041076660e-01
3.339698553085327370e-01
3.380015373229980358e-01
3.363880008459091409e-01
3.356261670589447133e-01
3.347159266471863015e-01
3.381643533706665261e-01
3.345325201749801414e-01
3.347932934761047585e-01
3.358675211668014637e-01
3.356928944587707631e-01
3.339622706174850686e-01
3.356520205736160389e-01
3.348357051610946766e-01
3.346472859382629284e-01
3.361942797899246105e-01
3.352126032114028931e-01
3.340273827314376720e-01
3.347609758377075306e-01
3.352519184350967185e-01
3.360510587692260853e-01
3.329345285892486572e-01
3.362650066614151223e-01
3.375771969556808361e-01
3.359068959951400646e-01
3.394139528274536244e-01
3.332090348005294911e-01
3.345644414424896462e-01
3.348610699176788330e-01
3.338265001773834117e-01
3.332111477851867898e-01
3.366647750139236672e-01
3.348556101322174294e-01
3.363160938024520874e-01
3.335258096456527599e-01
3.342115163803100475e-01
3.349392324686050193e-01
3.355421721935272217e-01
3.332489192485809104e-01
3.353606402873993142e-01
3.325983345508575217e-01
3.340988665819167869e-01
3.380262583494186290e-01
3.363421618938445823e-01
3.332634270191192627e-01
3.334294438362121471e-01
3.354293286800384410e-01
3.333353728055953868e-01
3.342648595571517944e-01
3.339535027742385753e-01
3.325424611568451039e-01
3.367459714412689431e-01
3.348956048488617165e-01
3.348520487546920998e-01
3.402281939983368142e-01
3.365667551755905373e-01
3.330642104148864857e-01
3.332034260034560935e-01
3.353274285793304554e-01
3.352433562278747670e-01
3.376467227935791016e-01
3.344307631254196389e-01
3.333747863769531139e-01
3.417664289474487416e-01
3.328760296106338390e-01
3.325742512941360363e-01
3.362492620944976807e-01
3.329855799674987793e-01
3.335101068019866721e-01
3.355204313993453979e-01
3.347344487905502541e-01
3.369760453701019509e-01
3.331540733575820701e-01
3.340934365987777710e-01
3.332910060882568470e-01
3.352225244045257679e-01
3.350917547941207886e-01
3.360000252723693848e-01
3.339073002338409646e-01
3.361097097396850697e-01
3.392857313156127930e-01
3.337224036455154197e-01
3.345196783542633279e-01
3.345362514257431141e-01
3.344384402036666981e-01
3.330976039171218983e-01
3.349925905466079601e-01
3.337304115295410267e-01
3.330913752317428700e-01
3.334223955869674572e-01
3.326396167278289906e-01
3.364681363105773704e-01
3.341819077730178722e-01
3.335147470235824696e-01
3.348041176795959473e-01
3.369478255510330311e-01
3.360128194093704446e-01
3.342022955417632835e-01
3.358743280172348245e-01
3.325792163610458152e-01
3.327870488166809193e-01
3.318272650241851918e-01
3.325232923030853049e-01
3.317597925662994496e-01
3.321833044290542492e-01
3.323714673519134744e-01
3.341714113950729481e-01
3.322816878557205422e-01
3.320965111255645974e-01
3.330446064472198375e-01
3.343829929828643910e-01
3.333153754472732433e-01
3.325252413749694713e-01
3.314526200294494740e-01
3.340365916490554699e-01
3.332209557294845692e-01
3.316717177629470714e-01
3.321941733360290749e-01
3.329739660024643166e-01
3.329971998929977528e-01
3.331163108348846325e-01
3.324037641286849976e-01
3.321757435798645131e-01
3.318857938051223977e-01
3.311620831489562877e-01
3.324919074773788341e-01
3.315495431423187145e-01
3.326556801795959584e-01
3.353431880474090354e-01
3.324541926383972057e-01
3.328501313924789318e-01
3.331342726945877297e-01
3.314739942550659069e-01
3.314037680625915305e-01
3.325278669595718162e-01
3.314069002866745217e-01
3.327213197946548573e-01
3.351428449153900369e-01
3.313349246978759544e-01
3.343932509422302135e-01
3.327142298221588135e-01
3.313913315534591786e-01
3.313972294330597146e-01
3.327472656965255737e-01
3.315621256828308328e-01
3.334068924188614003e-01
3.325033217668533214e-01
3.323915243148803933e-01
3.317412644624709861e-01
3.317873775959014893e-01
3.313678294420242532e-01
3.343122154474258423e-01
3.313818782567977683e-01
3.327637404203415139e-01
3.324966371059417947e-01
3.307933628559112660e-01
3.328447878360748513e-01
3.333181113004684559e-01
3.329927623271942139e-01
3.318343967199325339e-01
3.323750406503677146e-01
3.331481933593750111e-01
3.328388720750808938e-01
3.315834730863571056e-01
3.317212551832199319e-01
3.311495900154113881e-01
3.331231236457824485e-01
3.315980732440948486e-01
3.315682828426361195e-01
3.326060205698013195e-01
3.323589265346527100e-01
3.314616739749908225e-01
3.325735002756118885e-01
3.349674314260482899e-01
3.325993031263351218e-01
3.316622167825699075e-01
3.305741846561431885e-01
3.338531434535980114e-01
3.314749747514724731e-01
3.312451422214507946e-01
3.327092587947845237e-01
3.330416142940521018e-01
3.315720826387405507e-01
3.332465827465057595e-01
3.308972358703613503e-01
3.312016040086745994e-01
3.304462641477584617e-01
3.326017826795578114e-01
3.313077569007873424e-01
3.315456926822662465e-01
3.314241468906402588e-01
3.323944389820098766e-01
3.314173012971878274e-01
3.337006717920303345e-01
3.317426621913909801e-01
3.322939783334731834e-01
3.314514845609665139e-01
3.318991959095001221e-01
3.327588587999343872e-01
3.300739377737045288e-01
3.301826566457748413e-01
3.309200406074523926e-01
3.314402580261230358e-01
3.305810630321502908e-01
3.314364910125732200e-01
3.302121281623840443e-01
3.297195017337798961e-01
3.308274060487746970e-01
3.302023202180862649e-01
3.311685591936111561e-01
3.308009088039398082e-01
3.302780419588088878e-01
3.311729460954666027e-01
3.311949014663696511e-01
3.319998323917389138e-01
3.304102987051010243e-01
3.320569634437561257e-01
3.305481404066085704e-01
3.304386705160141102e-01
3.307741463184356578e-01
3.301112502813339233e-01
3.308337241411208884e-01
3.314571797847747914e-01
3.309753715991973766e-01
3.303419977426528820e-01
3.306869119405746460e-01
3.298751622438430564e-01
3.300000965595245583e-01
3.315520882606506348e-01
3.308993697166442982e-01
3.308089345693588368e-01
3.306136518716812356e-01
3.303569674491882435e-01
3.304755896329879539e-01
3.314387857913970725e-01
3.299179762601852639e-01
3.309581130743026733e-01
3.302714139223098533e-01
3.317140609025955311e-01
3.300207585096359142e-01
3.305831491947174294e-01
3.311254501342773549e-01
3.307314902544021828e-01
3.299053221940994041e-01
3.309745550155639426e-01
3.304325968027114757e-01
3.305392354726791604e-01
3.308770030736923329e-01
3.305792152881622536e-01
3.299472361803054699e-01
3.299520164728164673e-01
3.311124324798583873e-01
3.320522457361221313e-01
3.301030546426773071e-01
3.303849279880523571e-01
3.310309380292892345e-01
3.304097741842270120e-01
3.298827767372131126e-01
3.302824139595031960e-01
3.307060986757278664e-01
3.300721853971481101e-01
3.299460858106613159e-01
3.303883820772171021e-01
3.310350805521011242e-01
3.310347497463226318e-01
3.311028212308883556e-01
3.306560188531875721e-01
3.309035718441009633e-01
3.296936750411987305e-01
3.297919929027557373e-01
3.315172523260116466e-01
3.297344624996185192e-01
3.313536822795867809e-01
3.316345542669296154e-01
3.308420985937118308e-01
3.311904966831207275e-01
3.307004719972610474e-01
3.301550418138504139e-01
3.296833932399749756e-01
3.303027451038360596e-01
3.298194050788879617e-01
3.309001743793487660e-01
3.306279122829437478e-01
3.318490862846374401e-01
3.302191525697708019e-01
3.328795880079269409e-01
3.304462701082229725e-01
3.310071915388107522e-01
3.301662862300872581e-01
3.301105648279190063e-01
3.303771495819091686e-01
3.306143283843994141e-01
3.294227421283721924e-01
3.298912644386291504e-01
3.297816544771194347e-01
3.303370296955108754e-01
3.299436956644058450e-01
3.307685017585754172e-01
3.311882078647613303e-01
3.297049760818481223e-01
3.298289090394973533e-01
3.307290613651275857e-01
3.296496510505676492e-01
3.296894609928130992e-01
3.303123205900192483e-01
3.302093863487243763e-01
3.294159233570098655e-01
3.294793546199798473e-01
3.301744937896728405e-01
3.298602968454361073e-01
3.299821823835372703e-01
3.290774017572403176e-01
3.296868562698364036e-01
3.297184616327285545e-01
3.301157951354980469e-01
3.297181427478790283e-01
3.301273494958877341e-01
3.297779917716979758e-01
3.305836081504821555e-01
3.296927928924560658e-01
3.303607463836669700e-01
3.303901851177215576e-01
3.292751699686050637e-01
3.297744512557983509e-01
3.303412169218063466e-01
3.298916608095169289e-01
3.307988643646240234e-01
3.298676431179046742e-01
3.301238566637039185e-01
3.308023035526275746e-01
3.299585551023483387e-01
3.300424903631210549e-01
3.299832135438919289e-01
3.307356119155883678e-01
3.301274329423904419e-01
3.298751622438430564e-01
3.309603631496429443e-01
3.301317542791366577e-01
3.302993446588516346e-01
3.301820516586303489e-01
3.295462757349014171e-01
3.304689317941665871e-01
3.300764113664627075e-01
3.306525170803070179e-01
3.300550132989883423e-01
3.297996819019317627e-01
3.297779768705367820e-01
3.299931734800338745e-01
3.298907786607742088e-01
3.296279937028884777e-01
3.294436365365981945e-01
3.297448873519897572e-01
3.298481285572051891e-01
3.301904380321502575e-01
3.302392899990082009e-01
3.300046145915985218e-01
3.298819273710250632e-01
3.304828524589538685e-01
3.300536990165710560e-01
3.300999701023101807e-01
3.293817132711410745e-01
3.296619236469268688e-01
3.299220830202102550e-01
3.296061635017394909e-01
3.294560164213180542e-01
3.302107363939285056e-01
3.299569159746170155e-01
3.299995303153991921e-01
3.295242667198181041e-01
3.306456714868545310e-01
3.293974727392196544e-01
3.298644661903381570e-01
3.295645773410796897e-01
3.295690774917602317e-01
3.297851800918579213e-01
3.293296873569488414e-01
3.306975573301315086e-01
3.301685363054275291e-01
3.299360632896423118e-01
3.302296340465545876e-01
3.299041032791137917e-01
3.309215128421783558e-01
3.298594355583190918e-01
3.292241781949997170e-01
3.299735337495803833e-01
3.303481221199035534e-01
3.297902494668960571e-01
3.298097580671310314e-01
3.301525324583053367e-01
3.303342610597610474e-01
3.297691732645035012e-01
3.293741703033447044e-01
3.296705305576324574e-01
3.290191531181335671e-01
3.298661112785339355e-01
3.301384091377258523e-01
3.297606319189071433e-01
3.299312829971313699e-01
3.294717609882354958e-01
3.294283062219619529e-01
3.296140015125274547e-01
3.294877290725707897e-01
3.293785303831100464e-01
3.302301853895187600e-01
3.295572429895400890e-01
3.298883706331253163e-01
3.292046278715133889e-01
3.295880287885665783e-01
3.292251646518707386e-01
3.291167497634887584e-01
3.294754981994628684e-01
3.293693631887436024e-01
3.293745726346969382e-01
3.297887980937957986e-01
3.293389827013015747e-01
3.290772378444671853e-01
3.294661968946456798e-01
3.299015045166015514e-01
3.291551142930984608e-01
3.297394037246704213e-01
3.294652163982391135e-01
3.291288465261459351e-01
3.295681506395339855e-01
3.292265087366104126e-01
3.294760763645172008e-01
3.299248516559600830e-01
3.296327710151672474e-01
3.291830271482467651e-01
3.293128073215484397e-01
3.294401586055755726e-01
3.291937202215194924e-01
3.294496208429336659e-01
3.296145111322402732e-01
3.292331755161285178e-01
3.297731697559356800e-01
3.298387169837951882e-01
3.290120810270309448e-01
3.295741170644760354e-01
3.293886870145797952e-01
3.292920857667923085e-01
3.293000161647796631e-01
3.292923301458358654e-01
3.293137013912200706e-01
3.298752844333648904e-01
3.294482380151748657e-01
3.296873569488525391e-01
3.290823340415954812e-01
3.294214606285095215e-01
3.299349904060363547e-01
3.291944652795791848e-01
3.291705578565597423e-01
3.295165747404098511e-01
3.293964624404907005e-01
3.294281303882599099e-01
3.292395383119582908e-01
3.294990211725234985e-01
3.294606804847717285e-01
3.296785384416580089e-01
3.296368479728698508e-01
3.293442606925964244e-01
3.295841991901397594e-01
3.294462710618972778e-01
3.290892153978347556e-01
3.295194000005722268e-01
3.293260633945465088e-01
3.291838198900222667e-01
3.297807276248931885e-01
3.295817643404007069e-01
3.290580540895461925e-01
3.292094171047210693e-01
3.293020009994506725e-01
3.295647770166397206e-01
3.295837074518203624e-01
3.290057361125945934e-01
3.294294863939285500e-01
3.291775614023208507e-01
3.293786078691482433e-01
3.288866341114043967e-01
3.302504301071166881e-01
3.292317867279052623e-01
3.290903896093368419e-01
3.292330235242843517e-01
3.291136860847473367e-01
3.291999101638793945e-01
3.294787943363189919e-01
3.293663293123245128e-01
3.291597902774811013e-01
3.293417185544967873e-01
3.290546834468841553e-01
3.294166743755340687e-01
3.294699460268020741e-01
3.293707013130188210e-01
3.292877584695815818e-01
3.295395553112029918e-01
3.294465571641921886e-01
3.289882004261016624e-01
3.295459866523742787e-01
3.293129891157150491e-01
3.289954155683517678e-01
3.291959822177886741e-01
3.294379532337188832e-01
3.291292577981949075e-01
3.290603250265121682e-01
3.292174428701400979e-01
3.293243199586868286e-01
3.290793210268020408e-01
3.290035486221313255e-01
3.290810078382492287e-01
3.293131858110427967e-01
3.292552947998046986e-01
3.290069550275802612e-01
3.291730523109436257e-01
3.291456699371337891e-01
3.290690630674362183e-01
3.290786027908325084e-01
3.292486339807510487e-01
3.294627368450164795e-01
3.290910661220550759e-01
3.291490912437439187e-01
3.291966140270233265e-01
3.291503310203552357e-01
3.292654395103454812e-01
3.292417347431182972e-01
3.290965527296066395e-01
3.291063129901886097e-01
3.291152358055114968e-01
3.290521293878555520e-01
3.292521536350250244e-01
3.290142476558685081e-01
3.291043698787688987e-01
3.293247759342193826e-01
3.291073352098464744e-01
3.291947901248931663e-01
3.291065692901611328e-01
3.289445549249648826e-01
3.293738573789596336e-01
3.294581413269043191e-01
3.292940884828567394e-01
3.291219055652618297e-01
3.291937410831451416e-01
3.289882719516754039e-01
3.294181168079376443e-01
3.292519271373748890e-01
3.293434649705886952e-01
3.289645344018936046e-01
3.292497813701629750e-01
3.292636722326278687e-01
3.291167736053466908e-01
3.293262064456939919e-01
3.289580553770065086e-01
3.292526453733444214e-01
3.292801707983016857e-01
3.289795279502868430e-01
3.291320323944091908e-01
3.291496604681015126e-01
3.292128145694732666e-01
3.290427625179290771e-01
3.291159003973007091e-01
3.294395744800567849e-01
3.291580229997634888e-01
3.289418458938598855e-01
3.294333189725875966e-01
3.290726035833358987e-01
3.290091812610625999e-01
3.291849970817565807e-01
3.290310293436050637e-01
3.292354226112365612e-01
3.291600972414016613e-01
3.290470987558364868e-01
3.291425555944442749e-01
3.290622830390930176e-01
3.289637029170989768e-01
3.291086733341216930e-01
3.290004253387451283e-01
3.290630251169204823e-01
3.291824340820312389e-01
3.290761619806289451e-01
3.290238946676254383e-01
3.290955901145934948e-01
3.291980028152465820e-01
3.289498031139374001e-01
3.292152434587478638e-01
3.290026813745498546e-01
3.291277259588241688e-01
3.290509372949600442e-01
3.291557043790817039e-01
3.289753019809723011e-01
3.290061444044113381e-01
3.291811227798461803e-01
3.290244370698928722e-01
3.290629953145980946e-01
3.291165143251418845e-01
3.292517274618148582e-01
3.289816737174987571e-01
3.291811078786849865e-01
3.291447669267654197e-01
3.290322035551070945e-01
3.291762322187423706e-01
3.290687948465347290e-01
