4.351036071777343583e-02
3.461067199707031083e-02
2.942704677581787012e-02
2.687143325805664215e-02
2.434231996536254800e-02
2.269956588745117299e-02
2.089150428771972823e-02
1.993308901786804144e-02
1.911863088607788225e-02
1.808116912841796833e-02
1.846748232841491713e-02
1.703464865684509166e-02
1.686559557914733831e-02
1.747317314147949288e-02
1.646178364753723283e-02
1.570326805114746066e-02
1.693807005882263031e-02
1.547706246376037535e-02
1.613894820213317843e-02
1.432046413421630797e-02
1.409696698188781655e-02
1.622905850410461329e-02
1.370469093322753892e-02
1.410742878913879422e-02
1.963897943496704240e-02
1.679045915603637543e-02
1.611788034439086761e-02
1.387292981147766197e-02
1.275258064270019462e-02
1.297184944152831969e-02
1.316854715347290025e-02
1.274927616119384682e-02
1.227427959442138616e-02
1.229898214340209919e-02
1.580493569374084514e-02
1.195646882057189997e-02
1.509087324142456034e-02
1.340109109878540039e-02
1.466133356094360268e-02
1.171916842460632262e-02
1.106749176979065011e-02
1.087143778800964307e-02
1.091449618339538491e-02
1.052932500839233454e-02
1.063330531120300348e-02
1.053702116012573270e-02
1.017673015594482491e-02
1.015642166137695375e-02
1.016906499862670933e-02
1.157945871353149338e-02
1.400538921356201186e-02
1.279009819030761663e-02
1.147672653198242125e-02
1.000875115394592348e-02
9.614613652229309776e-03
9.236990809440612238e-03
9.159547090530396202e-03
9.181001186370850442e-03
9.144432544708251676e-03
9.297680258750915666e-03
9.226673841476440083e-03
8.777111768722534180e-03
9.178011417388916640e-03
8.500473499298095634e-03
9.814344644546509067e-03
8.558480739593506484e-03
8.261240124702452781e-03
9.804760217666625213e-03
8.625268340110778253e-03
8.949383497238158625e-03
9.048647284507750632e-03
8.554747104644775182e-03
7.747330665588378872e-03
7.550041675567626537e-03
8.888364434242249090e-03
7.274434566497802422e-03
7.380045652389526090e-03
8.387498259544372281e-03
7.200564146041870013e-03
7.706757783889770647e-03
8.696857690811157088e-03
7.894038558006286066e-03
8.266984224319458632e-03
8.396927118301391463e-03
6.821123957633972237e-03
7.194145917892456367e-03
6.585279703140258997e-03
8.332701921463013181e-03
7.623604536056518589e-03
7.018316984176636159e-03
6.839323043823242361e-03
7.078130245208740651e-03
1.017638444900512661e-02
9.174223542213439525e-03
7.981441020965575339e-03
8.993816375732422569e-03
7.586082220077514440e-03
7.222800254821777101e-03
7.635446190834045341e-03
7.209378480911255056e-03
5.923725366592406949e-03
5.835656523704529225e-03
5.819499492645263672e-03
5.847665071487426376e-03
5.896021127700806080e-03
5.896641016006469796e-03
5.984442234039306571e-03
5.684503316879272426e-03
5.883174538612365341e-03
5.987868309020995781e-03
6.504894495010376219e-03
5.843244194984435758e-03
6.585353016853332485e-03
5.531722307205199848e-03
5.516889095306396103e-03
5.421552658081054549e-03
5.585110783576965367e-03
5.379775166511535298e-03
5.412847995758056883e-03
5.515685081481933386e-03
5.463066101074218368e-03
5.480215549468993828e-03
5.265138745307922086e-03
5.352499485015868759e-03
5.332667827606201588e-03
5.218385457992553468e-03
5.245673656463623220e-03
5.176413059234619314e-03
5.507652163505554616e-03
4.997612833976745536e-03
5.101149082183837995e-03
5.236600041389465748e-03
5.413019061088561977e-03
5.311349630355835169e-03
4.963648319244384592e-03
4.902901351451873987e-03
4.855674207210541188e-03
4.942575097084045063e-03
4.895214438438415944e-03
5.023432374000549698e-03
4.841868877410888776e-03
5.540239810943603689e-03
4.846497774124145820e-03
4.799198508262634416e-03
4.748702943325042690e-03
4.666525125503540213e-03
5.200332403182983745e-03
5.235022306442261089e-03
4.656757116317748919e-03
4.802098274230956823e-03
5.168049335479736085e-03
4.952461123466491387e-03
5.823851823806762938e-03
4.975242018699646378e-03
6.239769458770752335e-03
4.674521684646606827e-03
4.614072740077972308e-03
4.671614766120910783e-03
4.958759546279906810e-03
5.220429897308349540e-03
4.565244615077972481e-03
4.806500971317291364e-03
4.517438113689422816e-03
4.644069373607635082e-03
4.896085262298583568e-03
4.601958096027374163e-03
4.648644030094146312e-03
4.641110599040984726e-03
4.619289934635162180e-03
4.670602083206176584e-03
5.254736542701721538e-03
4.276427030563354111e-03
4.647501409053802178e-03
4.604154229164123500e-03
4.396531581878661971e-03
4.301327168941497699e-03
4.328874945640564034e-03
4.981468021869659042e-03
4.200259447097778528e-03
4.258076846599579031e-03
4.300839602947235420e-03
4.186152219772338624e-03
4.171064198017120431e-03
4.222736656665801967e-03
4.410927295684814557e-03
4.275791049003600797e-03
4.282003343105316231e-03
4.230615794658660993e-03
4.480838477611541470e-03
4.663082361221313095e-03
4.146197438240050923e-03
4.877528548240661968e-03
4.503780305385589842e-03
4.416371583938598529e-03
4.189493954181671038e-03
4.165256619453430384e-03
4.402378201484679829e-03
4.196057617664336777e-03
4.411567747592925852e-03
4.708836674690246478e-03
4.304476976394653286e-03
4.032586812973022565e-03
3.941299319267272880e-03
3.915625512599944964e-03
3.922350108623504951e-03
3.943458199501037598e-03
3.907682299613952567e-03
3.930195569992065742e-03
4.023981094360351389e-03
3.973196148872375384e-03
3.908779919147491871e-03
3.870262503623962593e-03
3.896152079105377145e-03
3.906860351562500312e-03
3.903888463973998867e-03
3.895516991615295428e-03
3.855207860469818046e-03
3.924182057380676616e-03
3.854359388351440326e-03
3.865090608596801706e-03
3.871952593326568551e-03
3.841599225997924597e-03
3.956756293773650880e-03
3.857396543025970459e-03
3.805464506149291905e-03
3.825962841510772549e-03
3.928800821304321081e-03
3.793922960758209020e-03
3.835713863372802648e-03
3.809167444705963048e-03
3.833965659141540337e-03
3.800095915794372489e-03
3.799213767051696968e-03
3.815266489982605154e-03
3.924824893474578545e-03
3.777504265308379971e-03
3.761538267135620082e-03
3.763451576232910035e-03
3.841156065464019706e-03
3.758784532546997209e-03
3.738166093826293754e-03
4.146065413951873641e-03
3.981035947799682444e-03
3.797816038131713798e-03
3.739662170410156406e-03
3.780993521213531390e-03
3.752038478851318481e-03
3.711035847663879308e-03
3.767227828502655099e-03
3.719724118709564088e-03
3.812147378921508858e-03
3.699759840965270892e-03
3.790699839591979946e-03
3.818176686763763428e-03
3.715350627899169800e-03
3.729776740074157524e-03
3.695379197597503836e-03
3.823012411594390713e-03
3.660679161548614346e-03
3.655806183815002441e-03
3.671592175960540841e-03
3.786583542823791608e-03
4.026144146919250801e-03
3.779392540454864363e-03
3.624191880226135167e-03
3.745359182357787912e-03
3.604718446731567348e-03
3.626297116279601947e-03
3.689100146293640241e-03
3.683765828609466501e-03
3.642720282077789411e-03
3.683157563209533535e-03
3.923537135124206474e-03
3.997820615768432791e-03
3.987826406955718994e-03
3.931109607219695871e-03
3.647080063819885167e-03
3.840636909008026106e-03
3.735417127609253016e-03
4.432712495326995676e-03
3.798809051513672014e-03
4.158830344676971505e-03
3.660258054733276506e-03
3.568561077117919731e-03
3.810278177261352574e-03
3.557533919811248745e-03
3.529808223247528267e-03
3.649383187294006226e-03
3.542854189872741890e-03
3.541323840618133562e-03
3.662659227848052892e-03
3.488020896911621024e-03
3.558834791183471472e-03
3.540997803211212106e-03
3.553276062011718854e-03
3.534372150897979910e-03
3.485817909240722639e-03
3.531615138053893939e-03
3.514394760131836059e-03
3.554075658321380771e-03
