1.681139755249023426e-01
1.373526573181152455e-01
1.286710453033447221e-01
1.233856582641601612e-01
1.132298278808593767e-01
1.056409931182861334e-01
9.493141174316406528e-02
8.243934631347656083e-02
7.543725013732910378e-02
6.755430221557617854e-02
6.389609336853027677e-02
6.578094959259032926e-02
6.212985992431640375e-02
6.229948043823241993e-02
6.014632225036620899e-02
5.662108898162841741e-02
5.580440521240234708e-02
5.694998741149902288e-02
5.838472366333007785e-02
5.546291351318359542e-02
5.755100727081299133e-02
5.929297447204590066e-02
5.300311088562011802e-02
5.388224601745605219e-02
5.051568984985351646e-02
5.635412693023681557e-02
5.238081455230712835e-02
5.130820751190185575e-02
5.384472846984863365e-02
5.349252223968505721e-02
5.349452972412109542e-02
5.427140712738037082e-02
5.210054874420166210e-02
5.169223785400390431e-02
4.957395553588866965e-02
5.177717208862304965e-02
5.013616561889648604e-02
4.964177608489990512e-02
5.563826560974120816e-02
4.717719078063965094e-02
5.046985149383544783e-02
4.953282833099365012e-02
5.028974533081054937e-02
5.325403213500976701e-02
4.885231971740722906e-02
5.157950401306152233e-02
4.654918670654296931e-02
4.607378959655761969e-02
5.083532810211181807e-02
4.825275421142578153e-02
4.907148361206054715e-02
5.433167457580566351e-02
4.919618606567383035e-02
4.920192241668701338e-02
4.589602470397949330e-02
4.991915702819824108e-02
5.026187419891357117e-02
4.767571449279785212e-02
4.726591110229492326e-02
4.922236442565917913e-02
4.833614349365234625e-02
5.539484977722167885e-02
4.806993484497070618e-02
4.547582149505615540e-02
4.733915328979491910e-02
4.547410011291504184e-02
5.335118293762206726e-02
4.763494491577148493e-02
5.176891326904296819e-02
4.969044685363769448e-02
4.912025928497314176e-02
4.788527011871338002e-02
4.590404987335205272e-02
5.057807922363281167e-02
4.502341270446777455e-02
4.665078639984130554e-02
4.574230194091796764e-02
4.627784729003905917e-02
4.528094768524169866e-02
4.623632431030273715e-02
5.118453502655029297e-02
4.428812980651855580e-02
4.586410045623779547e-02
4.741766929626464733e-02
4.835237503051757757e-02
4.649489402770996122e-02
4.801759719848632674e-02
5.028587818145752175e-02
4.671442508697509766e-02
4.483566284179687361e-02
4.885368347167969028e-02
4.744790554046630915e-02
5.049681186676025640e-02
4.724424362182617215e-02
4.915255069732665794e-02
4.881769180297851340e-02
4.579163074493407953e-02
4.655718326568603765e-02
4.673564434051513672e-02
4.410387516021728460e-02
4.456977844238281528e-02
4.385551452636718417e-02
4.380830764770507479e-02
4.441030979156494057e-02
4.404837608337402316e-02
4.419885635375976618e-02
4.440336227416992465e-02
4.434100151062012052e-02
4.469403266906737948e-02
4.451065063476562778e-02
4.488591194152832115e-02
4.404105663299560242e-02
4.464605808258056974e-02
4.471018791198730358e-02
4.319725036621093611e-02
4.383968830108642828e-02
4.419948577880859070e-02
4.438254356384277455e-02
4.516090869903564148e-02
4.554887294769287276e-02
4.480268478393554382e-02
4.323517799377441656e-02
4.266757011413574441e-02
4.374990463256835799e-02
4.421608924865722684e-02
4.366234779357910240e-02
4.460348129272460882e-02
4.349091053009033342e-02
4.360576629638671792e-02
4.314418792724609292e-02
4.424119472503661860e-02
4.428891658782958818e-02
4.269967079162597517e-02
4.316699504852294922e-02
4.247246265411377258e-02
4.290342330932617188e-02
4.395973682403564453e-02
4.327063560485840121e-02
4.361625671386718667e-02
4.426261901855468861e-02
4.369845390319824358e-02
4.387331008911132812e-02
4.261197090148925726e-02
4.333129882812500333e-02
4.239106178283691406e-02
4.371251106262206976e-02
4.378202915191650724e-02
4.251963138580322488e-02
4.285302639007568248e-02
4.567384243011474859e-02
4.539087295532226451e-02
4.332475662231445590e-02
4.130677223205566490e-02
4.309668540954589983e-02
4.267279624938964677e-02
4.470465660095215149e-02
4.356081962585449385e-02
4.304941654205322182e-02
4.351984024047851618e-02
4.230108261108398576e-02
4.271054744720458735e-02
4.266918659210205272e-02
4.216322422027588002e-02
4.403090476989746094e-02
4.407723426818847823e-02
4.215999126434326338e-02
4.295521736145019309e-02
4.384807586669921958e-02
4.208656787872314120e-02
4.408912658691406528e-02
4.475412845611572571e-02
4.305052280426025640e-02
4.873218536376953264e-02
4.400483131408691739e-02
4.282776832580566240e-02
4.226356506347656028e-02
4.293222427368163785e-02
4.326187133789062556e-02
4.552992820739745761e-02
4.487337112426757757e-02
4.448960781097412165e-02
4.339530944824218639e-02
4.235242843627929493e-02
4.364166259765624861e-02
4.421826362609863198e-02
4.217601776123047069e-02
4.283879280090332337e-02
4.394409179687500111e-02
4.316185951232909962e-02
4.395070552825927623e-02
4.812695980072021623e-02
4.544555187225341603e-02
4.473632812500000222e-02
4.541395664215087946e-02
4.457535266876220398e-02
4.457683563232421597e-02
4.474286079406738365e-02
4.298176288604736023e-02
4.324003219604492104e-02
4.206823348999023243e-02
4.327972412109375167e-02
4.282742977142334206e-02
4.351711750030517328e-02
4.315076351165771790e-02
4.327496528625487948e-02
4.304745674133300670e-02
4.282922267913818332e-02
4.308461189270019337e-02
4.311001777648925531e-02
4.376945495605468611e-02
4.349279403686523438e-02
4.336775779724121038e-02
4.335167884826660045e-02
4.332125663757323969e-02
4.330019950866699496e-02
4.354601860046386497e-02
4.314133644104004017e-02
4.346826553344726451e-02
4.278078079223632951e-02
4.425380706787109680e-02
4.300824642181396568e-02
4.351707458496093667e-02
4.304726600646972823e-02
4.322160720825195257e-02
4.358936309814453319e-02
4.288313865661621399e-02
4.416368484497070618e-02
4.345036506652832226e-02
4.353328227996826338e-02
4.315742492675780917e-02
4.329598426818847406e-02
4.290349483489989957e-02
4.321688652038574441e-02
4.397261619567870844e-02
4.391962051391601340e-02
4.366152763366699247e-02
4.413435935974121399e-02
4.379544734954834290e-02
4.379621028900146373e-02
4.266869544982910406e-02
4.279826641082763727e-02
4.266120433807372991e-02
4.325744152069091464e-02
4.368622779846191573e-02
4.376228332519531417e-02
4.404001235961914340e-02
4.371146202087402427e-02
4.327209472656250167e-02
4.286267280578612976e-02
4.358874320983886774e-02
4.298018455505370899e-02
4.315587043762206948e-02
4.391222953796386497e-02
4.288551330566406361e-02
4.369355201721191601e-02
4.292966842651366882e-02
4.274752140045166154e-02
4.283196449279785128e-02
4.304118156433105191e-02
4.344307899475097906e-02
4.320000171661377009e-02
4.418700218200683622e-02
4.461096763610839649e-02
4.268578052520752286e-02
4.263186454772949219e-02
4.235277652740478821e-02
4.355426311492920088e-02
4.310120582580566351e-02
4.284647941589355552e-02
4.386469841003418080e-02
4.329949378967284934e-02
4.386707305908203042e-02
4.282091140747070618e-02
4.350887298583984431e-02
4.337298393249511969e-02
4.247600555419921847e-02
4.245301246643066323e-02
4.291818618774414368e-02
4.427021026611328153e-02
4.368480682373046542e-02
4.227708816528320118e-02
4.233620643615722962e-02
4.307477951049804715e-02
4.300303459167480191e-02
4.352441310882568248e-02
4.437714099884033231e-02
4.371644020080566601e-02
4.215852737426757646e-02
4.321594238281249722e-02
4.314205169677734486e-02
4.338756084442138561e-02
4.267018318176269559e-02
4.316355705261230163e-02
4.321901321411132646e-02
4.355053901672363559e-02
4.302548408508300587e-02
4.311304092407226840e-02
4.295389175415038896e-02
4.503170490264892661e-02
4.371393203735351313e-02
