1.991982898712158345e+01
1.880286045074462820e+01
1.766065216064453125e+01
1.626033153533935405e+01
1.458300638198852539e+01
1.341150112152099538e+01
1.304702663421630859e+01
1.287394151687622035e+01
1.283591699600219727e+01
1.276899757385253942e+01
1.273231706619262660e+01
1.271471977233886719e+01
1.270313420295715368e+01
1.268428211212158274e+01
1.262746486663818324e+01
1.261101417541503977e+01
1.259478511810302770e+01
1.259171581268310547e+01
1.256617002487182688e+01
1.256266317367553675e+01
1.256731033325195312e+01
1.255481853485107457e+01
1.252423610687255895e+01
1.251251163482666051e+01
1.251320438385009837e+01
1.249094057083129883e+01
1.248718147277832102e+01
1.247724399566650355e+01
1.247482414245605398e+01
1.246093301773071360e+01
1.247478847503662180e+01
1.246092920303344798e+01
1.243760213851928675e+01
1.242526836395263601e+01
1.241782331466674805e+01
1.243594007492065501e+01
1.243663673400878977e+01
1.239241352081298864e+01
1.238106279373169016e+01
1.236892404556274450e+01
1.236343202590942347e+01
1.235422916412353445e+01
1.233080787658691335e+01
1.232570028305053711e+01
1.230548324584960973e+01
1.229832944869995082e+01
1.228027229309082102e+01
1.225594401359558105e+01
1.224350557327270472e+01
1.222735872268676793e+01
1.220974168777465785e+01
1.219341497421264719e+01
1.215670280456543040e+01
1.212926664352417028e+01
1.210952405929565501e+01
1.208071737289428782e+01
1.204809160232543874e+01
1.201592597961425746e+01
1.197655935287475515e+01
1.193211965560913157e+01
1.189298038482666087e+01
1.186055488586425710e+01
1.182798562049865687e+01
1.179217042922973668e+01
1.172957086563110352e+01
1.165070738792419469e+01
1.159724731445312429e+01
1.153419103622436559e+01
1.147851018905639719e+01
1.139093332290649485e+01
1.135340280532836843e+01
1.127071723937988246e+01
1.118130664825439524e+01
1.110791749954223562e+01
1.101585245132446289e+01
1.095007629394531179e+01
1.092320117950439418e+01
1.082447862625122070e+01
1.074089479446411133e+01
1.070207910537719798e+01
1.063672819137573278e+01
1.056423702239990270e+01
1.048444213867187536e+01
1.044524183273315465e+01
1.038419885635375906e+01
1.033355574607849192e+01
1.033337402343750000e+01
1.026513080596923899e+01
1.016918659210205078e+01
1.013756780624389719e+01
1.006796979904174805e+01
1.005847778320312536e+01
1.001282148361206126e+01
9.933115720748901367e+00
9.898341846466063743e+00
9.860461997985840554e+00
9.810505962371825817e+00
9.762113189697265270e+00
9.729388904571532493e+00
9.683817863464355469e+00
9.645615673065185192e+00
9.657546854019164684e+00
9.609653568267821910e+00
9.590428352355957031e+00
9.544991970062255859e+00
9.518313312530517933e+00
9.486698675155640359e+00
9.466458272933959250e+00
9.415979146957397461e+00
9.408868551254272461e+00
9.336157178878783824e+00
9.306261062622070312e+00
9.278550720214843395e+00
9.238095140457152965e+00
9.207480001449585671e+00
9.214801502227782493e+00
9.167773962020874023e+00
9.126618671417237039e+00
9.088101673126221414e+00
9.061680364608765359e+00
9.041718053817749734e+00
9.021111297607422586e+00
8.971764183044433238e+00
8.972036552429198508e+00
8.934697246551513317e+00
8.902721929550171609e+00
8.883905220031738992e+00
8.868807029724120383e+00
8.849027824401854758e+00
8.845882844924926047e+00
8.797718620300292613e+00
8.791986560821532848e+00
8.776740312576293945e+00
8.775183773040771129e+00
8.737586450576781516e+00
8.709152507781983132e+00
8.702283573150634055e+00
8.671235084533691406e+00
8.659090662002563832e+00
8.628075456619262340e+00
8.618983602523803356e+00
8.603238868713379617e+00
8.590652608871460316e+00
8.550979089736937766e+00
8.530128765106201882e+00
8.502743005752563477e+00
8.496383666992187500e+00
8.471697092056274414e+00
8.453689718246460316e+00
8.439719152450560813e+00
8.419131660461426137e+00
8.425405788421631570e+00
8.387810230255126953e+00
8.381806993484497426e+00
8.355704402923583629e+00
8.350573015213011985e+00
8.344111251831055398e+00
8.321184825897216086e+00
8.310706710815429332e+00
8.302756118774414773e+00
8.281413984298705344e+00
8.279348325729369407e+00
8.256532526016234996e+00
8.244715785980224254e+00
8.220887041091918590e+00
8.211617183685302024e+00
8.204697751998901722e+00
8.199264144897460582e+00
8.175528812408447976e+00
8.159662342071532848e+00
8.141749906539917703e+00
8.131678676605224254e+00
8.120001029968261008e+00
8.105552625656127219e+00
8.097604560852051492e+00
8.086054468154907582e+00
8.065442323684692383e+00
8.071729183197021484e+00
8.050836801528930664e+00
8.036783123016357777e+00
8.020033740997314808e+00
8.015203952789306641e+00
8.009018754959106090e+00
8.023949241638183238e+00
7.983235549926757990e+00
7.974139833450317738e+00
7.960823345184325994e+00
7.946891355514526190e+00
7.930033063888549449e+00
7.919157314300536932e+00
7.913860750198364435e+00
7.901984834671020863e+00
7.895646190643310192e+00
7.891271591186523438e+00
7.868309593200683238e+00
7.851690196990967152e+00
7.841297721862792613e+00
7.840744066238403143e+00
7.821162128448486683e+00
7.847620344161986949e+00
7.803251123428344371e+00
7.792919540405273793e+00
7.780670690536498846e+00
7.782451009750365856e+00
7.779965353012085139e+00
7.774166345596313477e+00
7.754044294357299805e+00
7.754627227783203125e+00
7.746975898742675781e+00
7.740808629989624379e+00
7.732523775100707653e+00
7.728358697891235529e+00
7.728722047805786310e+00
7.718648433685302734e+00
7.716941165924072088e+00
7.704470157623291016e+00
7.700950050354004262e+00
7.703436946868896129e+00
7.691121482849121449e+00
7.684236764907836914e+00
7.682831764221191406e+00
7.671439790725708363e+00
7.669893217086792170e+00
7.670766401290893377e+00
7.657487916946410955e+00
7.655135822296142756e+00
7.644879674911498668e+00
7.638262605667113903e+00
7.632124519348144176e+00
7.628418397903442560e+00
7.622318410873413441e+00
7.625841379165649414e+00
7.643798351287841797e+00
7.611225557327270685e+00
7.604696321487426580e+00
7.599571990966796697e+00
7.608306264877318981e+00
7.583143091201781871e+00
7.598543071746826527e+00
7.580663013458251775e+00
7.577401590347290217e+00
7.563811731338501154e+00
7.561265802383422496e+00
7.559386539459228338e+00
7.551880931854247692e+00
7.545182609558105824e+00
7.536623239517211914e+00
7.535187816619872692e+00
7.530270385742187322e+00
7.527221727371215643e+00
7.521109056472778498e+00
7.528152608871460316e+00
7.523931503295898438e+00
7.507545948028564453e+00
7.501060676574707209e+00
7.497718572616577148e+00
7.510728597640991211e+00
7.496290111541748402e+00
7.488159704208373846e+00
7.485112380981445490e+00
7.476564502716064098e+00
7.475042629241943182e+00
7.473588609695434926e+00
7.463702249526977361e+00
7.454271078109741211e+00
7.452582406997680486e+00
7.446836709976196289e+00
7.462413072586059570e+00
7.445522403717040660e+00
7.436226511001587269e+00
7.437649297714233221e+00
7.429520273208618519e+00
7.429092741012572887e+00
7.420292901992797674e+00
7.417273426055908558e+00
7.416842174530029475e+00
7.408383846282958984e+00
7.404560899734496715e+00
7.398943805694580433e+00
7.397477674484252752e+00
7.388107347488403143e+00
7.388765573501586914e+00
7.387674760818481623e+00
7.384007835388183949e+00
7.383885145187377930e+00
7.372633790969848278e+00
7.366965341567992986e+00
7.361201572418212713e+00
7.358448839187621715e+00
7.355026578903197887e+00
7.353662872314453480e+00
7.348750638961791815e+00
7.347906827926635742e+00
7.346725940704345703e+00
7.336097240447998047e+00
7.331050109863281428e+00
7.327962541580200551e+00
7.322063732147216619e+00
7.325829887390137074e+00
7.320026731491088512e+00
7.310644388198852539e+00
7.306549739837646662e+00
7.309980344772339045e+00
7.310194873809814808e+00
7.305230951309203746e+00
7.307423782348632990e+00
7.302367401123047053e+00
7.296164417266846058e+00
7.296148538589477539e+00
7.293617439270019709e+00
7.293765354156493963e+00
7.291390752792358043e+00
7.290068578720092951e+00
7.296132421493529918e+00
7.286339616775512340e+00
7.281648635864257812e+00
7.283148193359375355e+00
7.280310201644897283e+00
7.280309486389159979e+00
7.275162076950072887e+00
7.280999135971069514e+00
7.272114133834838512e+00
7.268615293502807440e+00
7.268533134460449574e+00
7.278612947463988903e+00
7.268786764144897106e+00
7.261958599090576172e+00
7.260882043838501332e+00
7.258235549926757457e+00
7.258159685134887518e+00
7.255446910858154297e+00
7.256918811798096058e+00
7.252447605133056641e+00
7.252351951599121271e+00
7.249022912979126154e+00
7.245935201644897461e+00
7.246203756332397106e+00
7.243733406066894531e+00
7.243364000320434926e+00
7.241166019439697621e+00
7.242870664596557262e+00
7.236720371246337713e+00
7.236086940765380504e+00
7.235386705398559215e+00
7.233764553070068715e+00
7.228925943374633789e+00
7.230850267410278143e+00
7.229207897186279652e+00
7.225083160400390447e+00
7.225652980804443182e+00
7.221351718902587535e+00
7.221971368789672496e+00
7.217137813568115234e+00
7.214572191238403320e+00
7.220223331451416371e+00
7.212661981582641602e+00
7.211006736755370738e+00
7.209895706176757457e+00
7.208001136779785156e+00
7.205421733856200994e+00
7.206259632110596058e+00
7.201424598693847656e+00
7.200726270675659180e+00
7.200313568115234375e+00
7.197495269775390447e+00
7.195415639877319691e+00
7.193679618835449041e+00
7.192748880386352184e+00
7.191498422622681019e+00
7.189535140991210938e+00
7.189286041259765447e+00
7.185276842117309215e+00
7.183707618713379262e+00
7.183561325073242188e+00
7.184823417663574574e+00
7.179909658432007014e+00
7.175025510787963690e+00
7.176041889190673650e+00
7.173481607437134144e+00
7.179444456100464222e+00
7.187608718872070312e+00
7.173029136657715021e+00
7.165340566635132191e+00
7.167788839340209606e+00
7.167306280136108043e+00
7.161814785003661754e+00
7.168868875503539684e+00
7.157989168167114613e+00
7.155467700958252131e+00
7.152484750747680309e+00
7.152154493331909002e+00
7.151230859756469549e+00
7.150381898880004528e+00
7.146342945098877131e+00
7.148655128479004084e+00
7.142958974838256481e+00
7.141966915130614879e+00
7.141308259963989435e+00
7.135525321960448863e+00
7.135721683502197266e+00
7.134881114959716442e+00
7.131709575653076172e+00
7.130911827087402344e+00
7.130230951309203924e+00
7.128088140487671254e+00
7.128473520278930664e+00
7.127958536148071289e+00
7.127314758300781428e+00
7.125842046737671076e+00
7.124711418151855824e+00
7.122542428970336736e+00
7.125701379776001154e+00
7.121442651748656871e+00
7.119849205017089844e+00
7.119425725936889826e+00
7.117999505996704279e+00
7.117126083374023082e+00
7.116104221343993785e+00
7.115728521347046254e+00
7.114778327941894354e+00
7.113126516342163086e+00
7.112677955627441762e+00
7.113455057144165039e+00
7.110277223587035955e+00
7.109287166595459340e+00
7.108902549743651988e+00
7.107847261428832830e+00
7.106588888168334783e+00
7.105842304229736506e+00
7.104627752304077504e+00
7.106644535064697621e+00
7.103590774536132635e+00
7.103092288970946910e+00
7.100590085983276012e+00
7.101388597488403676e+00
7.099962472915649414e+00
7.099194908142090199e+00
7.097896957397461293e+00
7.099416017532348633e+00
7.095215177536010387e+00
7.094638442993163707e+00
7.093438720703124645e+00
7.091834545135498047e+00
7.091466808319092152e+00
7.093419599533080877e+00
7.091552352905273082e+00
7.089416313171386541e+00
7.086227655410766602e+00
7.087651777267455877e+00
7.085029315948486506e+00
7.087175846099853516e+00
7.081914615631103693e+00
7.081754302978515270e+00
7.080879306793212535e+00
7.081905555725097834e+00
7.083498096466064098e+00
7.079393625259399414e+00
7.078143262863159535e+00
7.077174615859985529e+00
7.075153017044067738e+00
7.074539899826049805e+00
7.075742721557617188e+00
7.072540187835693715e+00
7.072005081176757635e+00
7.071070861816406428e+00
7.069467306137084961e+00
7.067703008651733398e+00
7.068286180496215820e+00
7.066679096221923473e+00
7.066421127319335582e+00
7.064390039443969371e+00
7.062599277496337535e+00
7.065419292449950817e+00
7.063801145553588512e+00
7.063666343688964844e+00
7.058669185638427379e+00
7.058936834335327148e+00
7.058684253692627308e+00
7.057101964950561523e+00
7.056478166580200551e+00
7.055335903167724965e+00
7.053426074981689275e+00
7.053011798858642933e+00
7.052674818038940252e+00
7.051561164855956854e+00
7.050594425201415660e+00
7.052361106872558238e+00
7.050220441818237482e+00
7.048778629302978160e+00
7.046928024291991832e+00
7.045327329635620472e+00
7.045555210113525035e+00
7.044457578659057972e+00
7.043530607223511097e+00
7.042559337615966975e+00
7.042009162902831854e+00
7.040504264831542791e+00
7.038472127914428889e+00
7.039813327789306463e+00
7.037323904037475764e+00
7.036246204376221058e+00
7.035880517959594904e+00
7.036417436599731623e+00
7.034608983993530629e+00
7.034165382385253906e+00
7.033579206466674449e+00
7.033228731155395153e+00
7.032842969894408824e+00
7.032377195358276545e+00
7.031625366210937145e+00
7.031707859039306285e+00
7.031386518478393910e+00
7.031030845642090021e+00
7.029974508285522283e+00
7.031141519546508789e+00
7.029208374023437678e+00
7.029057073593139471e+00
7.028212261199951350e+00
7.028185224533080699e+00
7.027693319320678533e+00
7.028401041030884144e+00
7.026393747329711559e+00
7.026656436920165838e+00
7.026071310043334961e+00
7.024778175354003729e+00
7.025355291366577326e+00
7.024169683456420898e+00
7.023816585540771484e+00
7.023927640914917170e+00
7.023099184036254883e+00
7.022482204437255682e+00
7.022599744796752752e+00
7.021379327774047496e+00
7.020979213714599432e+00
7.020641231536865590e+00
7.021871757507324396e+00
7.019365501403808771e+00
7.020677375793456854e+00
7.018527650833130238e+00
7.018518733978271307e+00
7.017799758911133168e+00
7.018438386917114080e+00
7.017226266860961736e+00
7.016860151290893910e+00
7.016058874130249201e+00
7.016472816467285156e+00
7.015299987792968928e+00
7.014672946929931818e+00
7.014467239379882812e+00
7.013800859451293945e+00
7.013744974136352894e+00
7.014552164077758611e+00
7.014509487152099432e+00
7.011845827102661133e+00
7.012075805664062855e+00
7.011357736587524592e+00
7.010570716857910334e+00
7.011298179626464844e+00
7.009441947937011363e+00
7.010488080978393377e+00
7.008692932128906428e+00
7.008765602111816762e+00
7.008409309387206854e+00
7.008249473571777521e+00
7.009937953948974787e+00
7.008203887939453480e+00
7.006669092178344549e+00
7.006245613098144531e+00
7.006081056594848810e+00
7.005341148376464488e+00
7.004356670379638494e+00
7.004812860488891957e+00
7.003420686721801403e+00
7.003243255615234197e+00
7.002680826187133611e+00
7.002377939224243342e+00
7.001706790924072443e+00
7.001757240295409801e+00
7.001443958282470348e+00
7.000480318069458363e+00
7.000962162017822621e+00
6.999866819381713512e+00
6.998790168762207387e+00
6.999420785903931019e+00
6.998752164840698065e+00
6.999752664566040394e+00
6.997728919982909801e+00
6.997045850753783824e+00
6.996594047546386363e+00
6.996512985229491832e+00
6.997099733352660778e+00
6.995067310333252131e+00
6.995881319046020508e+00
6.994140148162841797e+00
6.994577121734619318e+00
6.993351411819458185e+00
6.993291044235229847e+00
6.992162227630615234e+00
6.993576669692993519e+00
6.991908836364745916e+00
6.990927219390869141e+00
6.990510320663451793e+00
6.990291023254394887e+00
6.990417194366455256e+00
6.989919614791870295e+00
6.990359306335449219e+00
6.989528036117553356e+00
6.989502573013306019e+00
6.989120721817016602e+00
6.988867473602295100e+00
6.988512611389159801e+00
6.988642644882202326e+00
6.988009166717529475e+00
6.987825584411621271e+00
6.987625980377197621e+00
6.988396263122558238e+00
6.987038421630859197e+00
6.986999082565307440e+00
6.986611127853393555e+00
6.986445140838623225e+00
6.986332368850708185e+00
6.986025953292847035e+00
6.985881233215332387e+00
6.985401868820190430e+00
6.985902357101440252e+00
6.985101890563965021e+00
6.984873390197753551e+00
6.984967565536498668e+00
6.984397888183593750e+00
6.984194850921630504e+00
6.983879280090332209e+00
6.983764743804931285e+00
6.983515977859497070e+00
6.983516120910644887e+00
6.983625936508178533e+00
6.983150672912597834e+00
6.982897186279297230e+00
6.982631587982178090e+00
6.982413053512573242e+00
6.982488346099853693e+00
6.981560277938842596e+00
6.981332445144653676e+00
6.981492137908935192e+00
6.981376934051513494e+00
6.981408977508545277e+00
6.981005382537841975e+00
6.980476713180541637e+00
6.980144214630127131e+00
6.979977083206176935e+00
6.979885149002075018e+00
6.979739475250243963e+00
6.979440879821777521e+00
6.978923225402832387e+00
6.979001665115356801e+00
6.978406763076781871e+00
6.978182554244995117e+00
6.977900505065917969e+00
6.978381872177124023e+00
6.977685880661010920e+00
6.977681875228881836e+00
6.977303552627563299e+00
6.977139329910277965e+00
6.976917934417724787e+00
6.976515150070190074e+00
6.976379251480102184e+00
6.976017332077026012e+00
6.975936365127563654e+00
6.975647783279418590e+00
6.975267553329468129e+00
6.975156736373901545e+00
6.974950551986694336e+00
6.975646734237670898e+00
6.974820661544799627e+00
6.974450063705444514e+00
6.974282407760620472e+00
6.973989534378051580e+00
6.973745679855346324e+00
6.973280811309814808e+00
6.973081779479980646e+00
6.973134756088256836e+00
6.973261404037475408e+00
6.973091316223144709e+00
6.972655820846557440e+00
6.972014427185058594e+00
6.973030900955199840e+00
6.971863460540771662e+00
6.971491336822509766e+00
6.971148395538330433e+00
6.971058464050292613e+00
6.971142768859863281e+00
6.970687341690063654e+00
6.970233011245727361e+00
6.970614814758301137e+00
6.970068693161010742e+00
6.970239210128784002e+00
6.969639015197754084e+00
6.969261121749878107e+00
6.969060039520263317e+00
6.969929075241088512e+00
6.968800163269042613e+00
6.968339967727660955e+00
6.968309402465820312e+00
6.968132495880126953e+00
6.968050432205200373e+00
6.967988300323486150e+00
6.967767858505249379e+00
6.967781734466552912e+00
6.967511224746703924e+00
6.967547273635863903e+00
6.967633342742919567e+00
6.967259979248046520e+00
6.967219638824462713e+00
6.966986846923828303e+00
6.967028903961181463e+00
6.966869354248046875e+00
6.966677808761597035e+00
6.966593790054321111e+00
6.966583442687988459e+00
6.966459178924560902e+00
6.966326522827148260e+00
6.966607379913329900e+00
6.965987968444824041e+00
6.965986871719360707e+00
6.965796852111816762e+00
6.965752887725829900e+00
6.965643978118896129e+00
6.965517473220825373e+00
6.965510559082031428e+00
6.965508794784545543e+00
6.965210771560668590e+00
6.965115165710448863e+00
6.964934778213501154e+00
6.965030670166015625e+00
6.964791965484619318e+00
6.964635133743286133e+00
6.964601945877075373e+00
6.964422702789306641e+00
6.964367485046386363e+00
6.964206314086913707e+00
6.964294528961181285e+00
6.963996362686157404e+00
6.963893699645995916e+00
6.964015913009643732e+00
6.963730764389038264e+00
6.963599157333374201e+00
6.963528490066527965e+00
6.963512325286865590e+00
6.963301658630371094e+00
6.963649082183837713e+00
6.963321733474731268e+00
6.963036012649536310e+00
6.963153934478759410e+00
6.962792015075683238e+00
6.962744522094726385e+00
6.962511062622070312e+00
6.962961959838867010e+00
6.962281751632690252e+00
6.962571191787719549e+00
6.962465095520019354e+00
6.961997318267822088e+00
6.962082672119140447e+00
6.961869573593139293e+00
6.961682701110840199e+00
6.961594820022583008e+00
6.961433267593383434e+00
6.961476182937621715e+00
6.961727094650268732e+00
6.961122798919677557e+00
6.960989332199096324e+00
6.961669588088989613e+00
6.960721635818481801e+00
6.961600780487060547e+00
6.960655927658081055e+00
6.960575151443481268e+00
6.960434913635253906e+00
6.960232877731323597e+00
6.960262250900268732e+00
6.960873174667358221e+00
6.960000467300415217e+00
6.960147047042847035e+00
6.959854030609131215e+00
6.959644365310668768e+00
6.959530019760132191e+00
6.959490919113159535e+00
6.959745502471923473e+00
6.959311914443969904e+00
6.959194660186767578e+00
6.959134483337402699e+00
6.959057903289794567e+00
6.958802700042724609e+00
6.958973407745361328e+00
6.958623409271240234e+00
6.958726739883422496e+00
6.958648538589477184e+00
6.958337259292602717e+00
6.958213090896606445e+00
6.958306360244750799e+00
6.957934617996215820e+00
6.958203315734863281e+00
6.957739591598510742e+00
6.957634353637695668e+00
6.957636880874633611e+00
6.957559156417846502e+00
6.957493495941162287e+00
6.957424449920654119e+00
6.957605504989624379e+00
6.957287597656249822e+00
6.957362842559814631e+00
6.957196569442748668e+00
6.957178401947021307e+00
6.957399606704711914e+00
6.957053709030151190e+00
6.956983900070190074e+00
6.957000732421875000e+00
6.956945037841796520e+00
6.956852960586547674e+00
6.956858825683593928e+00
6.956737327575683416e+00
6.956738615036011097e+00
6.956626176834106445e+00
6.956658411026000799e+00
6.956624364852904918e+00
6.956573772430419744e+00
6.956479597091674627e+00
6.956357860565185902e+00
6.956336212158203303e+00
6.956298637390136541e+00
6.956214952468871893e+00
6.956209611892700373e+00
6.956189775466919301e+00
6.956108522415161310e+00
6.955986309051513494e+00
6.956026458740234730e+00
6.956026220321655629e+00
6.955877685546875355e+00
6.955825614929199041e+00
6.955822467803955078e+00
6.955735874176025568e+00
6.955659961700439098e+00
6.955657815933227184e+00
6.955588054656982600e+00
6.955646944046020685e+00
6.955519390106201350e+00
6.955420684814453303e+00
6.955404949188232600e+00
6.955664968490600231e+00
6.955198001861572443e+00
6.955228710174560902e+00
6.955338191986084162e+00
6.955179405212402521e+00
6.955135059356689631e+00
6.955033302307128906e+00
6.954935407638549449e+00
6.954933929443359197e+00
6.954845619201660334e+00
6.954820346832275568e+00
6.954867696762084606e+00
6.954722261428832653e+00
6.954660701751708807e+00
6.954635190963744940e+00
6.954550218582153498e+00
6.954531288146972301e+00
6.954429197311401190e+00
6.954357147216796875e+00
6.954296016693115590e+00
6.954346799850464222e+00
6.954207754135131481e+00
6.954168558120727539e+00
6.954061985015869141e+00
6.954037427902221680e+00
6.954033422470092596e+00
6.953940200805663885e+00
6.953876543045043768e+00
6.953904914855956854e+00
6.953890228271484730e+00
6.953808355331420721e+00
6.953838396072387518e+00
6.953617000579834340e+00
6.953575658798217596e+00
6.953490400314331410e+00
6.953483772277832209e+00
6.953425359725952326e+00
6.953384256362914684e+00
6.953316831588745472e+00
6.953310441970825373e+00
6.953262948989868519e+00
6.953156518936157049e+00
6.953175544738769531e+00
6.953091764450073597e+00
6.952988767623901722e+00
6.952959775924682617e+00
6.952899456024169922e+00
6.952973413467407049e+00
6.952831792831420721e+00
6.952733945846557795e+00
6.952701520919799982e+00
6.952626419067382990e+00
6.952775192260742365e+00
6.952612209320068182e+00
6.952582931518554332e+00
6.952438640594482244e+00
6.952402734756470082e+00
6.952397584915161133e+00
6.952342987060546875e+00
6.952356338500976562e+00
6.952303457260131658e+00
6.952269601821899236e+00
6.952286815643310192e+00
6.952221345901489435e+00
6.952183866500854847e+00
6.952166557312011719e+00
6.952122783660888317e+00
6.952124118804931641e+00
6.952097797393799183e+00
6.952101087570190074e+00
6.952043247222900568e+00
6.952015733718871715e+00
6.951983451843261719e+00
6.951946258544921875e+00
6.951905250549316406e+00
6.951892280578613637e+00
6.951921701431274414e+00
6.951928806304931818e+00
6.951834821701050160e+00
6.951837682723999379e+00
6.951752567291260121e+00
6.951752567291260121e+00
6.951730918884277521e+00
6.951673603057860973e+00
6.951664304733276012e+00
6.951647520065307617e+00
6.951668024063110352e+00
6.951570510864257812e+00
6.951567602157592951e+00
6.951549053192138672e+00
6.951505422592163086e+00
6.951500129699707209e+00
6.951488828659057262e+00
6.951426553726196111e+00
6.951470422744750799e+00
6.951486587524414062e+00
6.951385688781738459e+00
6.951350975036620916e+00
6.951316690444945934e+00
6.951275253295898793e+00
6.951272106170653942e+00
6.951230812072753729e+00
6.951215505599975586e+00
6.951165199279785156e+00
6.951131248474121449e+00
6.951137542724609375e+00
6.951084804534912287e+00
6.951085472106933949e+00
6.951083707809448065e+00
6.951013278961181818e+00
6.951000499725341619e+00
6.950960206985473455e+00
6.950928068161010387e+00
6.950935268402099965e+00
6.950975656509399414e+00
6.950886583328246715e+00
6.950931787490844727e+00
6.950825500488281072e+00
6.950813579559325994e+00
6.950808620452880504e+00
6.950717592239380238e+00
6.950690174102783558e+00
6.950732040405273260e+00
6.950736379623412731e+00
6.950688409805297674e+00
6.950608062744140447e+00
6.950601816177368164e+00
6.950688266754150746e+00
6.950557994842529119e+00
6.950544166564941229e+00
6.950585603713989258e+00
6.950447225570679066e+00
6.950405883789062322e+00
6.950411033630371271e+00
6.950440835952758967e+00
6.950432205200195668e+00
6.950369787216186701e+00
6.950310754776000799e+00
6.950323200225829723e+00
6.950277471542358754e+00
6.950292634963989080e+00
6.950212717056274414e+00
6.950140857696533558e+00
6.950153827667236328e+00
6.950174331665039062e+00
6.950099611282348988e+00
6.950097513198852717e+00
6.950056505203247248e+00
6.950048971176147283e+00
6.950048923492431641e+00
6.949946641921997070e+00
6.949930477142333807e+00
6.949911451339721324e+00
6.949947166442870916e+00
6.950001144409180043e+00
