2.183443889617920064e+01
1.944662971496581960e+01
1.725279226303100444e+01
1.532069206237792969e+01
1.407741146087646555e+01
1.452884988784790110e+01
1.457671747207641566e+01
1.355897717475891184e+01
1.307112970352172887e+01
1.311448554992675852e+01
1.330085592269897532e+01
1.339233150482177770e+01
1.343284244537353445e+01
1.291818151473998988e+01
1.280473394393920827e+01
1.321264772415161204e+01
1.320410871505737305e+01
1.328565740585327148e+01
1.301987981796264648e+01
1.297121815681457591e+01
1.328329033851623464e+01
1.295780315399169957e+01
1.296958918571472097e+01
1.313219723701477015e+01
1.297681961059570277e+01
1.294290904998779368e+01
1.305365705490112305e+01
1.308130388259887766e+01
1.299032649993896449e+01
1.305229158401489187e+01
1.308281612396240234e+01
1.277507629394531286e+01
1.295115661621093750e+01
1.306732482910156179e+01
1.273585376739501918e+01
1.313115444183349645e+01
1.283524107933044434e+01
1.276456704139709508e+01
1.304249248504638636e+01
1.280795421600341832e+01
1.277892041206359863e+01
1.278635730743408239e+01
1.266117658615112340e+01
1.295750799179077184e+01
1.272932572364807058e+01
1.276069021224975586e+01
1.256450061798095774e+01
1.249532046318054235e+01
1.267566952705383265e+01
1.237919750213623082e+01
1.245054721832275391e+01
1.240888056755065882e+01
1.222438879013061452e+01
1.223872609138488698e+01
1.215176157951355052e+01
1.204900784492492605e+01
1.198917284011840856e+01
1.188798410892486501e+01
1.190040450096130442e+01
1.160103106498718262e+01
1.157551507949829173e+01
1.135583338737487757e+01
1.156747288703918386e+01
1.115507006645202637e+01
1.117349257469177282e+01
1.100470986366272008e+01
1.074946255683898855e+01
1.077423911094665598e+01
1.039936232566833496e+01
1.037986850738525391e+01
1.028168306350707972e+01
1.021662058830261266e+01
9.813836956024170277e+00
9.566327047348021750e+00
9.511316061019897461e+00
9.429128456115723367e+00
9.160827207565308328e+00
9.314371109008789062e+00
8.949300670623779652e+00
8.781521511077880149e+00
8.687032413482665305e+00
8.610973501205444691e+00
8.411546850204468129e+00
8.256869077682495117e+00
8.246757984161376953e+00
8.342531013488770242e+00
7.881884908676147106e+00
8.052525568008423562e+00
7.856756114959717152e+00
7.599394702911377308e+00
7.631287002563476918e+00
7.690605068206787465e+00
7.566350698471069336e+00
7.364933919906616389e+00
7.309390068054199219e+00
7.260859203338623225e+00
7.182089042663574396e+00
7.105956125259399236e+00
7.074886798858642578e+00
6.884217739105224609e+00
6.910911083221435547e+00
6.858937501907348633e+00
6.855048704147338690e+00
6.790084552764892756e+00
6.674563074111938832e+00
6.699048948287964045e+00
6.657535743713379084e+00
6.578632020950317738e+00
6.459719824790954412e+00
6.556088495254516424e+00
6.393975591659545543e+00
6.285396957397461293e+00
6.265319252014160512e+00
6.221563577651977539e+00
6.151758742332458674e+00
6.226652216911316096e+00
6.080744767189026234e+00
6.022081327438354670e+00
5.975513744354247869e+00
5.920963740348815563e+00
5.899005794525146840e+00
5.861894845962524414e+00
5.818179082870483576e+00
5.813484263420105158e+00
5.747598409652709961e+00
5.724918961524963379e+00
5.695729732513427734e+00
5.668567657470703125e+00
5.641796731948852894e+00
5.617285156250000355e+00
5.543900704383849742e+00
5.585444784164428356e+00
5.552681303024291637e+00
5.568857407569884899e+00
5.488813757896423340e+00
5.448737668991088690e+00
5.456539821624756037e+00
5.378411865234374645e+00
5.368358850479125977e+00
5.339951086044311346e+00
5.343612575531006215e+00
5.316228389739990234e+00
5.286512041091919301e+00
5.236593270301819203e+00
5.234216713905334828e+00
5.194644975662231268e+00
5.179312729835510609e+00
5.149686527252197443e+00
5.128715276718139648e+00
5.110809588432312367e+00
5.092710757255554554e+00
5.094515872001648127e+00
5.049596190452575684e+00
5.023346734046936213e+00
4.985786247253417791e+00
5.008296847343444824e+00
5.009182643890381037e+00
4.947642803192138672e+00
4.960080480575561168e+00
4.935457444190978649e+00
4.899547767639160334e+00
4.927138805389404297e+00
4.896544170379638850e+00
4.864927434921265004e+00
4.837899065017699840e+00
4.820419001579284490e+00
4.825967288017272594e+00
4.838687372207641779e+00
4.818244171142578303e+00
4.772129917144775746e+00
4.746834111213684260e+00
4.730569338798522594e+00
4.716262602806091664e+00
4.709879159927368164e+00
4.695064902305603027e+00
4.677463364601135432e+00
4.656603026390075506e+00
4.710594105720519842e+00
4.675789022445679066e+00
4.625496292114258168e+00
4.594600677490234375e+00
4.573842835426330744e+00
4.598196482658385875e+00
4.688942456245422719e+00
4.584876060485839844e+00
4.521557664871215465e+00
4.517259097099303844e+00
4.533900976181030273e+00
4.512577676773071644e+00
4.499657392501831055e+00
4.488768696784973145e+00
4.459278535842895685e+00
4.474050545692444203e+00
4.457113289833069203e+00
4.432635426521301270e+00
4.408318257331847789e+00
4.402742362022399547e+00
4.422485756874084295e+00
4.394730043411255060e+00
4.395563125610351562e+00
4.333761429786681774e+00
4.326093220710754750e+00
4.320874452590942383e+00
4.349146747589111683e+00
4.329824352264404652e+00
4.306061339378357111e+00
4.289188122749328258e+00
4.303125214576721369e+00
4.300202250480651855e+00
4.294048833847045721e+00
4.270563817024230602e+00
4.264195466041565297e+00
4.263147282600402654e+00
4.249686932563781383e+00
4.259257507324218928e+00
4.243626308441162287e+00
4.225368690490722834e+00
4.236757922172546209e+00
4.215040421485900524e+00
4.221902370452880859e+00
4.214877963066101074e+00
4.195966172218322576e+00
4.196675014495849787e+00
4.203837215900421143e+00
4.175614047050475897e+00
4.194328403472900035e+00
4.168872356414794922e+00
4.159153103828430176e+00
4.148667144775390447e+00
4.147216105461120961e+00
4.134876608848571777e+00
4.160742998123168945e+00
4.176740288734436035e+00
4.129209434986114147e+00
4.132946205139160334e+00
4.112898445129394176e+00
4.155473709106445312e+00
4.114194607734679821e+00
4.109963798522949574e+00
4.085351586341857910e+00
4.081788682937622426e+00
4.069259881973266602e+00
4.091319322586059570e+00
4.088794064521789728e+00
4.078721165657043457e+00
4.041565990447997692e+00
4.039689254760742365e+00
4.044364881515503107e+00
4.038320159912109020e+00
4.033489465713500977e+00
4.024978041648864746e+00
4.035560870170593617e+00
4.046229767799377264e+00
4.028943729400634943e+00
4.011081552505492809e+00
4.007834005355834783e+00
4.009507799148559926e+00
3.999607110023498446e+00
3.988832151889801114e+00
3.977054071426391779e+00
3.981382846832275391e+00
3.981853389739990146e+00
3.988288593292236506e+00
3.966464567184448065e+00
3.948376321792602450e+00
3.947994828224182129e+00
3.945609712600707919e+00
3.989216566085815430e+00
3.960204505920410067e+00
3.926157402992248358e+00
3.932204842567443848e+00
3.928653645515441717e+00
3.920242023468017756e+00
3.920734763145446777e+00
3.910545635223388494e+00
3.911584937572479159e+00
3.906711363792419345e+00
3.896679389476775945e+00
3.893381309509277521e+00
3.895373225212097168e+00
3.881529521942138850e+00
3.872285938262939542e+00
3.872448754310608088e+00
3.883772015571594238e+00
3.889772033691406339e+00
3.873555397987365811e+00
3.847966241836547674e+00
3.841877412796020685e+00
3.837878966331481845e+00
3.853515636920929133e+00
3.845589900016784579e+00
3.841632199287414728e+00
3.829264712333679377e+00
3.847544431686401367e+00
3.825551688671112061e+00
3.822339701652526678e+00
3.808237957954406561e+00
3.805551922321319669e+00
3.811552500724792569e+00
3.805323576927185147e+00
3.792972755432129084e+00
3.791771984100341886e+00
3.798198580741882324e+00
3.794887876510620206e+00
3.789314770698547274e+00
3.790836262702941717e+00
3.789915657043457120e+00
3.782640242576599032e+00
3.785273241996764959e+00
3.777285337448120117e+00
3.778269696235656561e+00
3.770214498043060303e+00
3.775854682922363370e+00
3.784451103210449308e+00
3.770348358154296697e+00
3.769423913955688654e+00
3.767400574684143244e+00
3.759291124343872248e+00
3.767495131492614835e+00
3.753693318367004483e+00
3.778520631790160955e+00
3.761701965332031161e+00
3.755572080612182617e+00
3.754723834991454900e+00
3.760504686832427890e+00
3.741102480888366610e+00
3.741504144668579279e+00
3.741101074218749822e+00
3.740156173706054688e+00
3.745343661308288663e+00
3.739429390430450528e+00
3.736432909965515137e+00
3.730134153366088778e+00
3.725319671630859197e+00
3.729854559898376554e+00
3.729504179954528986e+00
3.736267185211181729e+00
3.729975008964538485e+00
3.724738514423370450e+00
3.720322203636169611e+00
3.719746875762939275e+00
3.722377610206604182e+00
3.720400977134704412e+00
3.714273285865783869e+00
3.707969164848327726e+00
3.706046950817108332e+00
3.710610246658325284e+00
3.709336137771606534e+00
3.710652470588684082e+00
3.714939689636230558e+00
3.703062748908996671e+00
3.710678005218505771e+00
3.699336242675781428e+00
3.692627692222595126e+00
3.703194832801818936e+00
3.686147236824035556e+00
3.684703838825226008e+00
3.688323545455932440e+00
3.684817957878112615e+00
3.679976344108581543e+00
3.691825687885284424e+00
3.683921885490417658e+00
3.678262364864349543e+00
3.677372336387634277e+00
3.677668309211731046e+00
3.674502205848694025e+00
3.674967551231384189e+00
3.677150654792785467e+00
3.670850491523742765e+00
3.663531899452209473e+00
3.661718273162841708e+00
3.656433677673339933e+00
3.661166095733642489e+00
3.662991499900817960e+00
3.666583585739135565e+00
3.663295054435729892e+00
3.650786709785461603e+00
3.656756663322448642e+00
3.647105205059051336e+00
3.670527887344360529e+00
3.669568276405334561e+00
3.651638984680175781e+00
3.643909704685211359e+00
3.640318989753723145e+00
3.640418291091918945e+00
3.646918344497680486e+00
3.647818350791931064e+00
3.629654955863952814e+00
3.635672235488891513e+00
3.630621314048767090e+00
3.630000996589660467e+00
3.629436862468719660e+00
3.628550195693969638e+00
3.622774195671081721e+00
3.634819710254669101e+00
3.622760534286499023e+00
3.618546795845031916e+00
3.611569905281066806e+00
3.606577372550964444e+00
3.616111087799072088e+00
3.613917171955108643e+00
3.609451937675475897e+00
3.609824848175049006e+00
3.609359025955200195e+00
3.606418550014495850e+00
3.606696319580078303e+00
3.605193662643432440e+00
3.603891444206237971e+00
3.605682349205017179e+00
3.601699161529540838e+00
3.597331404685974121e+00
3.607400798797607333e+00
3.599808406829834162e+00
3.593898248672485529e+00
3.592169594764709650e+00
3.593840742111205966e+00
3.591987371444702148e+00
3.592247974872589289e+00
3.590781462192535578e+00
3.590215742588043213e+00
3.590252566337585272e+00
3.589320111274719061e+00
3.590284776687622248e+00
3.587458479404449285e+00
3.585746026039123624e+00
3.587218737602233976e+00
3.585724639892577947e+00
3.584660792350768954e+00
3.581446409225463867e+00
3.578313195705413730e+00
3.578440093994140536e+00
3.576940250396728693e+00
3.581006336212158025e+00
3.577810645103454590e+00
3.577586233615875244e+00
3.573382639884948642e+00
3.574191498756408514e+00
3.578909885883331476e+00
3.577878654003143311e+00
3.568545603752136142e+00
3.568584620952606201e+00
3.569540166854858310e+00
3.566617906093597412e+00
3.565359520912170233e+00
3.575009751319885076e+00
3.570617318153381348e+00
3.568055772781371981e+00
3.564180827140808194e+00
3.562411844730377197e+00
3.563517355918884189e+00
3.564060521125793635e+00
3.555781996250152677e+00
3.559279584884643466e+00
3.557430958747863858e+00
3.562014031410217108e+00
3.562520313262939275e+00
3.556525039672851385e+00
3.553343653678894043e+00
3.554522323608398260e+00
3.555050754547119052e+00
3.552178263664245605e+00
3.551698720455169767e+00
3.553104686737060369e+00
3.551121830940246582e+00
3.553213930130004972e+00
3.550976657867431552e+00
3.543782973289489657e+00
3.540621018409729093e+00
3.539827620983123868e+00
3.545126509666443049e+00
3.542059028148651034e+00
3.537039732933044522e+00
3.539970803260803045e+00
3.538530552387237460e+00
3.539745521545410334e+00
3.535666775703430353e+00
3.537649011611938565e+00
3.535352802276611417e+00
3.535053706169128507e+00
3.537485742568969638e+00
3.532208430767059149e+00
3.528418946266174139e+00
3.528690576553344727e+00
3.528725600242614835e+00
3.528612041473388583e+00
3.529111146926879883e+00
3.528835558891296298e+00
3.527626359462737948e+00
3.525533032417297541e+00
3.521348118782043457e+00
3.522102081775665194e+00
3.522204518318176270e+00
3.521596515178680331e+00
3.522031736373901545e+00
3.519622468948364169e+00
3.521744871139526278e+00
3.518927216529846191e+00
3.516339588165283025e+00
3.515089237689971835e+00
3.511052417755126775e+00
3.511335754394531161e+00
3.509475684165954679e+00
3.512062668800354004e+00
3.510701394081115811e+00
3.509065389633178711e+00
3.507965421676635831e+00
3.508592844009399414e+00
3.508687162399291903e+00
3.507326412200927557e+00
3.506908869743347257e+00
3.508816766738891424e+00
3.508927798271179288e+00
3.508975529670715243e+00
3.506864559650421320e+00
3.506987595558166415e+00
3.504736709594726385e+00
3.504678964614868164e+00
3.502843117713928311e+00
3.503021037578582852e+00
3.501441264152526767e+00
3.503829205036163241e+00
3.502263998985290616e+00
3.502175128459930509e+00
3.501238596439361750e+00
3.499683570861816584e+00
3.500025391578674316e+00
3.500226140022277832e+00
3.501529264450073065e+00
3.501394164562225519e+00
3.500108098983764737e+00
3.498541140556335360e+00
3.499394631385803311e+00
3.499541044235229492e+00
3.498935294151306330e+00
3.497529149055480957e+00
3.497579550743103116e+00
3.493211650848388583e+00
3.496977031230926514e+00
3.495960390567779630e+00
3.495098972320556552e+00
3.493638992309570312e+00
3.495295655727386652e+00
3.494305491447448730e+00
3.492533922195434570e+00
3.492434287071227939e+00
3.492522835731506348e+00
3.490343689918518066e+00
3.489365673065185636e+00
3.489784216880798429e+00
3.488963377475738703e+00
3.489827179908752353e+00
3.492858552932739169e+00
3.492852187156677335e+00
3.488703513145446689e+00
3.488615655899047763e+00
3.488539743423461736e+00
3.486558341979980380e+00
3.489138460159301847e+00
3.486496353149413974e+00
3.485801601409912021e+00
3.482309591770172297e+00
3.484551060199737371e+00
3.485067319869995295e+00
3.483600354194641202e+00
3.487762331962585449e+00
3.484920811653137385e+00
3.481300830841064453e+00
3.481542646884918213e+00
3.484123468399047852e+00
3.482293534278869451e+00
3.479400372505188077e+00
3.479446935653686346e+00
3.478047001361846746e+00
3.478596913814544500e+00
3.478570580482482910e+00
3.477752506732940674e+00
3.476438498497009366e+00
3.477812218666076483e+00
3.477800035476684481e+00
3.476072120666503729e+00
3.477493584156036377e+00
3.474671947956085027e+00
3.473691380023956388e+00
3.474913668632507502e+00
3.475910139083862482e+00
3.477240169048309237e+00
3.475676608085632502e+00
3.473546648025512606e+00
3.472064685821533381e+00
3.471676588058471680e+00
3.471162176132202237e+00
3.468419647216796964e+00
3.473980641365051358e+00
3.470687866210937500e+00
3.470817422866821378e+00
3.470739424228668213e+00
3.469865667819976629e+00
3.466902756690978915e+00
3.472435355186462402e+00
3.469187164306640536e+00
3.467132711410522372e+00
3.466721522808074774e+00
3.465976810455322354e+00
3.465660119056701571e+00
3.465293288230895996e+00
3.467310333251953036e+00
3.466067194938659668e+00
3.464786672592162997e+00
3.464346873760223211e+00
3.464612817764282315e+00
3.464579272270202459e+00
3.465477037429809393e+00
3.464316940307617276e+00
3.463602423667907715e+00
3.464202833175659357e+00
3.464763712882995783e+00
3.462095117568969815e+00
3.462359440326690851e+00
3.461638462543487726e+00
3.462161207199096591e+00
3.463089632987975897e+00
3.462482380867004217e+00
3.461540341377258301e+00
3.460559487342834473e+00
3.462761080265045255e+00
3.461735296249389471e+00
3.460741424560546786e+00
3.460739672183990479e+00
3.460546207427978693e+00
3.459568357467651456e+00
3.458934235572814764e+00
3.459885859489440829e+00
3.460395300388336093e+00
3.459411442279815674e+00
3.459800839424133301e+00
3.459037423133850098e+00
3.458449375629425226e+00
3.459274220466613592e+00
3.458506143093109220e+00
3.459171032905578702e+00
3.458397436141967596e+00
3.457550144195556729e+00
3.457395398616790683e+00
3.457999932765960516e+00
3.456952130794525235e+00
3.455442857742309748e+00
3.455967855453491389e+00
3.455689799785614191e+00
3.454926013946533203e+00
3.455174088478088379e+00
3.455573236942291349e+00
3.456753897666930975e+00
3.456220674514770330e+00
3.455442130565643311e+00
3.453949987888336182e+00
3.453315067291259588e+00
3.453120410442352295e+00
3.453710770606994718e+00
3.453184914588928400e+00
3.453766632080077947e+00
3.452505242824554621e+00
3.452622735500335605e+00
3.452854800224304022e+00
3.452422368526458563e+00
3.451756238937377930e+00
3.451807260513305664e+00
3.451840138435363858e+00
3.451915121078491300e+00
3.451503527164459406e+00
3.451549363136291682e+00
3.450690817832946955e+00
3.451161515712738215e+00
3.451018953323364169e+00
3.450359332561492742e+00
3.449287605285644709e+00
3.449377787113189875e+00
3.449708020687103360e+00
3.449276471138000399e+00
3.448694014549255282e+00
3.449189829826354803e+00
3.449841666221618475e+00
3.449340200424194425e+00
3.448391878604888827e+00
3.447616088390350164e+00
3.448403859138488681e+00
3.447015249729156405e+00
3.446772885322570978e+00
3.446610426902771085e+00
3.445949840545654119e+00
3.446995735168457031e+00
3.446462893486022860e+00
3.445821499824524015e+00
3.445732498168945224e+00
3.445416474342346103e+00
3.446125006675720304e+00
3.445464110374450772e+00
3.444840836524963201e+00
3.444330120086669833e+00
3.445083749294281183e+00
3.443640065193176447e+00
3.443454504013061523e+00
3.443818354606628329e+00
3.443526208400726318e+00
3.443579697608947665e+00
3.443937087059020907e+00
3.443502497673034846e+00
3.443466067314147949e+00
3.442943382263183416e+00
3.443162477016449063e+00
3.443553912639617742e+00
3.442979979515075506e+00
3.442636108398437589e+00
3.442115175724029363e+00
3.442518389225006192e+00
3.442166090011596680e+00
3.441769683361053378e+00
3.441908812522888272e+00
3.441829621791839600e+00
3.441425347328185946e+00
3.441355693340301336e+00
3.442677927017212092e+00
3.441795110702514648e+00
3.441730713844299405e+00
3.441471004486083896e+00
3.441169691085815607e+00
3.441292667388915927e+00
3.440994691848755060e+00
3.440898752212524503e+00
3.441133522987365634e+00
3.440794456005096258e+00
3.440701031684875399e+00
3.440533471107483088e+00
3.440404701232909979e+00
3.439990830421447932e+00
3.439917087554931641e+00
3.440232729911804288e+00
3.440158069133758545e+00
3.439942622184753329e+00
3.439519309997558505e+00
3.439480173587798895e+00
3.439244353771209628e+00
3.439330434799194425e+00
3.439325785636901944e+00
3.438894295692443759e+00
3.438813042640686213e+00
3.438710975646972479e+00
3.439081823825836270e+00
3.438833332061767667e+00
3.439121508598327548e+00
3.438222599029541193e+00
3.437972092628478915e+00
3.439189553260803223e+00
3.438652801513671697e+00
3.438413453102111994e+00
3.438083553314208896e+00
3.438208937644958496e+00
3.437384414672851385e+00
3.437745070457458585e+00
3.437983703613281428e+00
3.437876319885253995e+00
3.438282513618469149e+00
3.437408077716827215e+00
3.437091445922851651e+00
3.437132322788238437e+00
3.437055253982543856e+00
3.437292838096618564e+00
3.438330960273742853e+00
3.436972498893737793e+00
3.436385643482208430e+00
3.437731611728668035e+00
3.436571073532104670e+00
3.437148213386535645e+00
3.435286116600036799e+00
3.435195422172546476e+00
3.435598373413085938e+00
3.435329937934875399e+00
3.435269474983215332e+00
3.437328362464904696e+00
3.435954165458679377e+00
3.436285066604614080e+00
3.435408616065978915e+00
3.435303163528442560e+00
3.435032248497009277e+00
3.434806954860687433e+00
3.435003125667571933e+00
3.434509396553039551e+00
3.434038758277893066e+00
3.433925795555114568e+00
3.434014427661895574e+00
3.433926403522491455e+00
3.434458923339843928e+00
3.434086823463439853e+00
3.433973610401153564e+00
3.433871293067932040e+00
3.433630561828613370e+00
3.433398890495300115e+00
3.433811855316162287e+00
3.433420181274414062e+00
3.434329199790954412e+00
3.433401024341583341e+00
3.432947230339050471e+00
3.432926046848296942e+00
3.432866859436034979e+00
3.432816636562347590e+00
3.432717466354370028e+00
3.432839512825012207e+00
3.432404637336730957e+00
3.433010554313659757e+00
3.432779932022094638e+00
3.432593131065368564e+00
3.433278083801269531e+00
3.432619202136993231e+00
3.432374691963195890e+00
3.432573771476745694e+00
3.432422637939453125e+00
3.432196593284607022e+00
3.432328128814697177e+00
3.432188701629638850e+00
3.432285261154174982e+00
3.432080137729644598e+00
3.432065200805664240e+00
3.432044744491577148e+00
3.431949841976165594e+00
3.431746828556060613e+00
3.431551504135131658e+00
3.431657874584197909e+00
3.431766641139984308e+00
3.431736290454864502e+00
3.431530928611755460e+00
3.431541490554809393e+00
3.431433558464050293e+00
3.431256079673767001e+00
3.431333971023559748e+00
3.431253969669342041e+00
3.431045746803283780e+00
3.430995440483093351e+00
3.431180882453918279e+00
3.431086874008178800e+00
3.431127989292144687e+00
3.431283438205718905e+00
3.430991387367248624e+00
3.430914318561554044e+00
3.430813837051391424e+00
3.430791258811950684e+00
3.430783057212829501e+00
3.430994033813476562e+00
3.430387461185455233e+00
3.430621170997619540e+00
3.430857968330383478e+00
3.430716991424560547e+00
3.430576443672180176e+00
3.430261325836181818e+00
3.430153155326843173e+00
3.430178332328796209e+00
3.430050873756408603e+00
3.429982507228851230e+00
3.430196082592010587e+00
3.430057668685912997e+00
3.430030786991119296e+00
3.429966235160827548e+00
3.430031991004943936e+00
3.429889655113220304e+00
3.429631757736205877e+00
3.429625201225280584e+00
3.429722189903259277e+00
3.429816579818725675e+00
3.429378986358642578e+00
3.429341197013854980e+00
3.429259252548217951e+00
3.429314017295837402e+00
3.429622983932495206e+00
3.429476284980773837e+00
3.429206478595733465e+00
3.429242348670959561e+00
3.429469931125640692e+00
3.429351091384887695e+00
3.429520916938781916e+00
3.429307937622070312e+00
3.429047513008117498e+00
3.428804636001586914e+00
3.428894209861755193e+00
3.428742599487304865e+00
3.428673148155212402e+00
3.428726792335510254e+00
3.428608441352844149e+00
3.428522324562072843e+00
3.428278708457946689e+00
3.428411841392517090e+00
3.428345227241516024e+00
3.428207063674926669e+00
3.428365314006805331e+00
3.428217768669128418e+00
3.428164470195770086e+00
3.428125452995300471e+00
3.428100955486297785e+00
3.427891898155212225e+00
3.427823162078857511e+00
3.428187537193298162e+00
3.427979493141174228e+00
3.427698850631713867e+00
3.427592790126800626e+00
3.427666115760803045e+00
3.427569794654846014e+00
3.427532124519347967e+00
3.427589690685272306e+00
3.427510225772857577e+00
3.427535462379455389e+00
3.427508425712585627e+00
3.427398395538330256e+00
3.427415812015533358e+00
3.427336657047271640e+00
3.427348184585571111e+00
3.427355051040649414e+00
3.427306032180786222e+00
3.427386522293090820e+00
3.427266132831573664e+00
3.427291989326477051e+00
3.427287459373474121e+00
3.427287817001342773e+00
3.427194547653198420e+00
3.427127361297607422e+00
3.427147936820984064e+00
3.427129316329955877e+00
3.426934969425201594e+00
3.426988625526428134e+00
3.426985991001129328e+00
3.426939010620117188e+00
3.426875281333923162e+00
3.426800775527953924e+00
3.426797795295715154e+00
3.426861119270324885e+00
3.426847529411316096e+00
3.426700234413146973e+00
3.426799106597900213e+00
3.426762318611145108e+00
3.426677799224853604e+00
3.426703882217407404e+00
3.426773476600646795e+00
3.426721334457397461e+00
3.426822686195373446e+00
3.426775157451629639e+00
3.426688790321350098e+00
3.426638269424438388e+00
3.426629376411438166e+00
3.426617670059203924e+00
3.426509344577789218e+00
3.426425075531005948e+00
3.426416444778442205e+00
3.426351797580719172e+00
3.426321911811828436e+00
3.426359033584594815e+00
3.426317811012268066e+00
3.426344168186187922e+00
3.426405310630798340e+00
3.426292836666107178e+00
3.426212334632873446e+00
3.426162409782409490e+00
3.426100587844848722e+00
3.426229119300842285e+00
3.426242280006408514e+00
3.426111793518066495e+00
3.426177501678466797e+00
3.425946521759033025e+00
3.425877869129180908e+00
3.425956034660339267e+00
3.425905895233154475e+00
3.425907301902770818e+00
3.425881814956665217e+00
3.425976085662841619e+00
3.425842356681823908e+00
3.425688123703003019e+00
3.425728106498718173e+00
3.425822675228118896e+00
3.425760960578918546e+00
3.425835323333740412e+00
3.425799548625946045e+00
3.425714540481567205e+00
3.425647544860839666e+00
3.425692427158355535e+00
3.425841474533080966e+00
3.425768005847930731e+00
3.425625491142272772e+00
3.425527012348175138e+00
3.425682044029235929e+00
3.425692701339721591e+00
3.425805854797363104e+00
3.425692915916442871e+00
3.425582146644592374e+00
3.425513422489166349e+00
3.425424408912658869e+00
3.425239872932434260e+00
3.425216197967529297e+00
3.425224876403808683e+00
3.425285935401916504e+00
3.425264835357666016e+00
3.425161528587341131e+00
3.425176930427551447e+00
3.425141465663910090e+00
3.425283479690551580e+00
3.425295567512512296e+00
