1.586567783355712891e+01
1.487620925903320312e+01
1.327905623118082623e+01
1.112371826171875000e+01
9.194386084874471621e+00
8.318830410639444395e+00
8.246086120605468750e+00
8.178052266438802675e+00
8.164487044016519590e+00
8.126423120498657227e+00
8.123496055603027344e+00
8.089999278386434511e+00
8.081329186757406191e+00
8.074228127797445254e+00
8.040546894073486328e+00
8.050749222437540098e+00
8.023120244344076113e+00
8.022126674652099609e+00
8.003122170766195254e+00
7.997106234232584931e+00
7.995958169301350615e+00
7.985130310058593750e+00
7.979745864868164062e+00
7.968213558197021484e+00
7.968164920806884766e+00
7.958862940470377900e+00
7.953524271647135713e+00
7.956013520558674834e+00
7.942243973414103486e+00
7.949930349985758760e+00
7.935036659240722656e+00
7.931098222732543945e+00
7.939676443735758760e+00
7.933460553487141631e+00
7.921837568283081055e+00
7.940419197082519531e+00
7.933789094289143584e+00
7.926443974177042939e+00
7.917002121607462861e+00
7.921186923980712891e+00
7.909728924433390596e+00
7.906859874725341797e+00
7.907723903656005859e+00
7.911849021911621094e+00
7.904980500539143584e+00
7.900828043619791963e+00
7.892381668090820312e+00
7.894148429234822295e+00
7.894423325856526397e+00
7.887287219365437529e+00
7.888917922973632812e+00
7.880810578664143584e+00
7.883103211720784209e+00
7.873915036519368194e+00
7.876207351684570312e+00
7.864310582478840850e+00
7.857271035512288115e+00
7.850586414337158203e+00
7.847203811009724639e+00
7.835721969604492188e+00
7.822283188501994111e+00
7.804228862126667998e+00
7.805646419525146484e+00
7.811638116836547852e+00
7.775030692418416045e+00
7.758908112843831084e+00
7.725603580474853516e+00
7.715271393458048799e+00
7.697387536366780303e+00
7.674029032389323213e+00
7.643029689788818359e+00
7.617519696553547881e+00
7.598772843678792022e+00
7.566818873087565400e+00
7.547513882319132783e+00
7.513842821121215820e+00
7.489592075347900391e+00
7.504847923914591767e+00
7.458206812540690400e+00
7.446186621983845733e+00
7.400924762090046904e+00
7.387310266494750977e+00
7.349181969960530303e+00
7.332516193389892578e+00
7.370075543721516631e+00
7.295537471771240234e+00
7.228653033574421904e+00
7.344462712605793975e+00
7.225381692250569365e+00
7.189119418462117217e+00
7.255251010258992217e+00
7.182048241297404267e+00
7.186300357182820342e+00
7.112234989802042939e+00
7.186085700988769531e+00
7.092782815297444365e+00
7.105223973592122100e+00
7.098886410395304658e+00
7.050850232442219756e+00
7.042242844899495147e+00
7.063347339630126953e+00
7.020322004954020478e+00
7.058272759119669892e+00
6.993471225102742217e+00
7.013938188552856445e+00
7.037409464518229463e+00
7.003012498219807647e+00
6.934436480204264619e+00
6.960458517074584961e+00
7.031935691833496094e+00
6.940539598464965820e+00
6.902750333150227569e+00
6.940995454788208008e+00
6.930934508641560576e+00
6.886574904123942353e+00
6.949771404266357422e+00
6.844719807306925752e+00
6.895176251729329131e+00
6.872477213541666963e+00
6.864957412083943389e+00
6.857414166132609346e+00
6.836406071980793975e+00
6.896087964375813506e+00
6.827927271525065400e+00
6.829533576965332031e+00
6.866900602976481416e+00
6.826866467793782256e+00
6.820434411366780303e+00
6.839931011199951172e+00
6.745231707890828154e+00
6.838469743728637695e+00
6.847472826639811494e+00
6.773882786432902314e+00
6.816594600677490234e+00
6.768437226613362334e+00
6.770501454671223662e+00
6.770101308822631836e+00
6.732402960459391572e+00
6.761674245198567412e+00
6.759374936421711944e+00
6.780168692270915010e+00
6.725183645884196260e+00
6.682489156723022461e+00
6.759020725886027314e+00
6.752396583557128906e+00
6.718515872955322266e+00
6.714039087295532227e+00
6.731049140294392608e+00
6.684874455134074189e+00
6.724983056386311553e+00
6.715157826741536162e+00
6.675452550252278350e+00
6.695477565129597686e+00
6.639267762502034209e+00
6.668618996938069365e+00
6.715578953425089814e+00
6.648172696431477569e+00
6.641948223114013672e+00
6.681501388549804688e+00
6.636206944783528350e+00
6.640016396840413115e+00
6.677582581837971709e+00
6.605948925018310547e+00
6.616017023722331025e+00
6.614897569020588897e+00
6.614902814229329131e+00
6.670488278071085908e+00
6.654703219731648467e+00
6.642128547032673858e+00
6.594400087992350556e+00
6.600194454193115234e+00
6.586321036020915010e+00
6.551514625549316406e+00
6.632289648056030273e+00
6.562005599339802764e+00
6.568161487579345703e+00
6.580478668212890625e+00
6.650329271952311494e+00
6.585693677266438506e+00
6.532201528549194336e+00
6.502077897389729522e+00
6.492137114206950166e+00
6.600947221120198272e+00
6.633187373479207061e+00
6.508705933888752959e+00
6.480956951777140596e+00
6.551535050074259736e+00
6.536130825678507783e+00
6.551643848419189453e+00
6.562802155812581084e+00
6.487199862798054717e+00
6.507892767588297822e+00
6.544153213500976562e+00
6.474853436152140596e+00
6.536321401596069336e+00
6.491534074147542022e+00
6.486190716425578096e+00
6.551145871480305694e+00
6.485880533854166963e+00
6.391250133514404297e+00
6.455431620279948213e+00
6.457539876302083037e+00
6.489902734756469727e+00
6.514939308166503906e+00
6.446349461873372100e+00
6.430700620015461944e+00
6.484879175821940400e+00
6.502972920735676787e+00
6.500186602274577119e+00
6.477211952209472656e+00
6.464703083038330078e+00
6.465611139933268525e+00
6.426456451416015625e+00
6.470222870508830049e+00
6.492587407430012725e+00
6.457621415456135772e+00
6.442817608515421846e+00
6.437602281570434570e+00
6.456435680389404297e+00
6.467746734619140625e+00
6.424554109573364258e+00
6.450859069824218750e+00
6.462046066919962861e+00
6.434290250142415069e+00
6.432572523752848603e+00
6.474156379699707031e+00
6.436173359553019502e+00
6.435417175292968750e+00
6.437901496887207031e+00
6.416412989298502900e+00
6.411142587661743164e+00
6.469194650650024414e+00
6.368103186289469697e+00
6.463323434193928740e+00
6.428442955017089844e+00
6.417950789133707978e+00
6.493875503540039062e+00
6.432962258656819365e+00
6.341496308644612334e+00
6.412047704060872100e+00
6.393188317616780303e+00
6.436313152313232422e+00
6.451829115549723603e+00
6.443858464558918975e+00
6.396438280741373994e+00
6.371538241704304717e+00
6.398722330729166963e+00
6.420192639032999971e+00
6.396364450454711914e+00
6.391366163889567353e+00
6.402228832244873047e+00
6.364793141682942412e+00
6.462128480275471709e+00
6.404919703801472686e+00
6.396498680114746094e+00
6.407653013865153291e+00
6.328416188557942412e+00
6.418848514556884766e+00
6.363261381785075166e+00
6.361450036366780303e+00
6.426901817321777344e+00
6.389567375183105469e+00
6.415255626042683623e+00
6.365569591522216797e+00
6.372948567072550752e+00
6.379526933034260772e+00
6.390697638193766572e+00
6.423086484273274444e+00
6.370691776275634766e+00
6.363637606302897431e+00
6.394197305043538115e+00
6.353816986083984375e+00
6.357481161753336885e+00
6.381578127543131806e+00
6.351103146870930694e+00
6.375870227813720703e+00
6.367685874303181670e+00
6.384971300760905244e+00
6.354566971460978486e+00
6.386253515879313447e+00
6.351571083068847656e+00
6.328570048014323213e+00
6.378247340520222686e+00
6.378671010335286162e+00
6.398749510447184541e+00
6.351367791493733428e+00
6.318214813868205049e+00
6.331770896911621094e+00
6.340878009796142578e+00
6.385792732238769531e+00
6.375668207804362275e+00
6.326710542043049834e+00
6.362374067306518555e+00
6.385780811309814453e+00
6.349619865417480469e+00
6.346443176269531250e+00
6.327828566233317353e+00
6.343475023905436494e+00
6.357201735178629853e+00
6.326330343882243135e+00
6.340657313664753936e+00
6.351370731989542939e+00
6.363199869791666963e+00
6.318898200988769531e+00
6.342613617579142549e+00
6.314654986063639619e+00
6.365086078643798828e+00
6.358012835184733369e+00
6.353583256403605439e+00
6.345472892125447295e+00
6.334310849507649444e+00
6.332807620366414092e+00
6.365499655405680635e+00
6.325927972793579102e+00
6.355633417765299775e+00
6.354922453562418916e+00
6.322362184524536133e+00
6.321199417114257812e+00
6.342814842859904267e+00
6.332006613413493135e+00
6.368101040522257783e+00
6.362390836079915069e+00
6.345182259877522490e+00
6.342566013336181641e+00
6.279313882191975615e+00
6.328644434611002900e+00
6.328534364700317383e+00
6.335521539052327178e+00
6.333419561386108398e+00
6.348531564076741240e+00
6.338661670684814453e+00
6.309454600016276338e+00
6.320001761118571260e+00
6.313165982564290069e+00
6.339407205581665039e+00
6.343886137008666992e+00
6.351830720901489258e+00
6.345267057418823242e+00
6.309626976648966767e+00
6.317311445871989228e+00
6.335712909698486328e+00
6.336707115173339844e+00
6.334841807683308623e+00
6.311992804209391572e+00
6.310530026753743194e+00
6.328170776367187500e+00
6.307425816853840850e+00
6.342657883961995147e+00
6.327629566192626953e+00
6.345287243525187471e+00
6.324604352315266631e+00
6.342877864837646484e+00
6.325595696767170928e+00
6.308777491251627900e+00
6.319133520126342773e+00
6.300721645355224609e+00
6.297465403874714873e+00
6.314226229985554717e+00
6.316501935323079131e+00
6.313197533289591767e+00
6.340029160181681611e+00
6.317483425140380859e+00
6.314047018686930635e+00
6.321114142735798858e+00
6.315019130706787109e+00
6.318208853403727510e+00
6.332590738932291963e+00
6.330427328745524385e+00
6.299412091573079131e+00
6.313037792841593721e+00
6.291480779647827148e+00
6.285001913706461885e+00
6.320065975189208984e+00
6.330791791280110381e+00
6.328209638595581055e+00
6.308319648106892608e+00
6.314343134562174775e+00
6.315214077631632783e+00
6.311433315277099609e+00
6.328653176625569365e+00
6.267337640126545928e+00
6.324922402699788115e+00
6.311213016510009766e+00
6.283951997756958008e+00
6.315437873204548858e+00
6.322739124298095703e+00
6.275500694910685517e+00
6.308489799499511719e+00
6.321138461430867217e+00
6.314960797627766631e+00
6.309538682301838897e+00
6.299360434214274385e+00
6.301638603210449219e+00
6.313186248143513701e+00
6.324516534805297852e+00
6.304328600565592744e+00
6.284689585367838838e+00
6.273700873057047822e+00
6.301648616790771484e+00
6.320741971333821319e+00
6.300256013870239258e+00
6.314973672231038115e+00
6.304388840993245147e+00
6.312041282653808594e+00
6.308193842569987275e+00
6.312660853068034150e+00
6.290032863616943359e+00
6.306144714355468750e+00
6.307151158650715850e+00
6.305670897165934541e+00
6.295642217000325225e+00
6.297541936238606475e+00
6.301163355509440400e+00
6.293143590291340850e+00
6.294967730840046904e+00
6.292430400848388672e+00
6.294348398844401338e+00
6.300065199534098603e+00
6.296561797459919951e+00
6.302178064982096650e+00
6.298846562703450225e+00
6.301857630411784150e+00
6.301591714223225615e+00
6.298650344212849639e+00
6.299595514933268525e+00
6.297429561614990234e+00
6.305156230926513672e+00
6.305908521016438506e+00
6.286232709884643555e+00
6.285620768864949248e+00
6.271755933761596680e+00
6.293806234995524385e+00
6.307496388753254912e+00
6.303807894388834931e+00
6.285334269205729463e+00
6.279965480168660186e+00
6.301281849543253877e+00
6.312166849772135713e+00
6.288870970408122041e+00
6.292063951492309570e+00
6.290305614471435547e+00
6.290244738260905244e+00
6.289746999740600586e+00
6.288162469863891602e+00
6.313368320465087891e+00
6.291972557703654267e+00
6.296368439992268584e+00
6.297543207804362275e+00
6.293887774149577119e+00
6.298891862233479522e+00
6.286742210388183594e+00
6.292990366617838838e+00
6.301131645838419892e+00
6.291381518046061494e+00
6.309620300928751924e+00
6.286832332611083984e+00
6.284083366394042969e+00
6.299151579538981416e+00
6.289975007375081084e+00
6.302611589431762695e+00
6.300851186116536162e+00
6.294002453486124971e+00
6.302167892456054688e+00
6.309379816055297852e+00
6.303793112436930635e+00
6.300874948501586914e+00
6.285430351893107392e+00
6.279575506846110322e+00
6.285377025604248047e+00
6.291170835494995117e+00
6.291342417399088838e+00
6.290171623229980469e+00
6.280377070109049775e+00
6.271791776021321319e+00
6.294487794240315459e+00
6.298066775004069306e+00
6.293578147888183594e+00
6.293949047724406221e+00
6.301470518112182617e+00
6.295180320739746094e+00
6.286185105641682647e+00
6.290263334910075166e+00
6.295628547668457031e+00
6.291473388671875000e+00
6.292119185129801728e+00
6.297247091929118135e+00
6.273916641871134736e+00
6.292636632919311523e+00
6.281904379526774385e+00
6.290795167287190459e+00
6.283514738082885742e+00
6.288805484771728516e+00
6.286493619283040069e+00
6.295689821243286133e+00
6.283909559249877930e+00
6.296339591344197295e+00
6.296930074691772461e+00
6.285818179448445342e+00
6.271824757258097627e+00
6.274971167246500947e+00
6.277793248494465850e+00
6.276442448298136689e+00
6.289275407791137695e+00
6.286370197931925752e+00
6.282366275787353516e+00
6.279526392618815400e+00
6.283337910970051787e+00
6.282855908075968721e+00
6.283865292867024444e+00
6.284418423970540069e+00
6.288372993469238281e+00
6.286372979482014678e+00
6.291238228480021455e+00
6.285942157109578154e+00
6.280727386474609375e+00
6.277192115783691406e+00
6.284146149953206084e+00
6.281271060307820342e+00
6.276338815689086914e+00
6.278774340947468779e+00
6.273792266845703125e+00
6.281495491663615205e+00
6.282096227010090850e+00
6.278425057729084990e+00
6.280992428461710908e+00
6.278782208760579131e+00
6.286136309305827119e+00
6.284837245941162109e+00
6.287462711334228516e+00
6.284556627273559570e+00
6.281995455423991181e+00
6.288543939590454102e+00
6.288403113683064483e+00
6.288075447082519531e+00
6.280412594477335908e+00
6.271768331527709961e+00
6.277390321095784209e+00
6.287914911905924775e+00
6.285664637883503936e+00
6.282463312149047852e+00
6.279112497965495088e+00
6.278228203455607392e+00
6.283737579981486299e+00
6.284582058588664033e+00
6.284732500712077119e+00
6.277269283930460908e+00
6.273120085398356416e+00
6.274868488311767578e+00
6.276660283406575225e+00
6.278817574183146455e+00
6.280664126078288056e+00
6.283631563186645508e+00
6.286301930745442412e+00
6.281617959340413115e+00
6.279874563217163086e+00
6.282683213551838897e+00
6.277602036794026397e+00
6.284848690032958984e+00
6.280013481775919892e+00
6.270213762919108369e+00
6.274037361145019531e+00
6.278701464335123994e+00
6.279961585998535156e+00
6.273005326588948272e+00
6.284688075383503936e+00
6.272806485493977569e+00
6.271865288416544892e+00
6.279462258021037080e+00
6.283483346303303740e+00
6.273967345555623076e+00
6.273094971974690459e+00
6.275257110595703125e+00
6.273562351862589814e+00
6.270564238230387666e+00
6.277532895406086944e+00
6.273479223251342773e+00
6.272890090942382812e+00
6.280599117279052734e+00
6.277208646138508819e+00
6.276043256123860381e+00
6.271275202433268525e+00
6.270061254501342773e+00
6.274785200754801728e+00
6.278912623723347686e+00
6.283099174499511719e+00
6.273086388905842803e+00
6.279501120249430635e+00
6.276189565658569336e+00
6.273216406504313447e+00
6.268602530161540010e+00
6.262619018554687500e+00
6.270433823267619111e+00
6.276455402374267578e+00
6.275141239166259766e+00
6.282265186309814453e+00
6.277699867884318330e+00
6.272039572397868135e+00
6.271585782368977569e+00
6.276189486185709931e+00
6.274296919504801728e+00
6.276655753453572295e+00
6.274125258127848603e+00
6.274012168248494170e+00
6.270178556442260742e+00
6.271847963333129883e+00
6.276234626770019531e+00
6.272753715515136719e+00
6.269943237304687500e+00
6.273585478464762666e+00
6.273807366689045928e+00
6.272959232330322266e+00
6.275816758473713897e+00
6.272888819376627900e+00
6.273652871449788115e+00
6.274092435836791992e+00
6.268246730168660186e+00
6.270665963490803740e+00
6.270837306976318359e+00
6.270800669987996123e+00
6.271683851877848603e+00
6.274067083994547822e+00
6.271545569101969697e+00
6.269746303558349609e+00
6.270548899968464873e+00
6.275481462478637695e+00
6.272744655609130859e+00
6.270499865214030244e+00
6.272490342458088897e+00
6.270382960637410186e+00
6.271062056223551728e+00
6.269967714945475556e+00
6.271696090698242188e+00
6.272234678268432617e+00
6.268764336903889678e+00
6.273608843485514619e+00
6.272698005040486358e+00
6.268974463144938447e+00
6.272437254587809541e+00
6.268606424331665039e+00
6.273573160171508789e+00
6.273425738016764619e+00
6.271380265553792022e+00
6.273167530695597627e+00
6.269078095753987334e+00
6.265401363372802734e+00
6.263136227925618194e+00
6.268309911092122100e+00
6.269030094146728516e+00
6.266995112101237275e+00
6.271157979965209961e+00
6.272481044133503936e+00
6.273393472035725615e+00
6.271462361017863252e+00
6.267794291178385713e+00
6.267474015553792022e+00
6.267958720525105498e+00
6.268409570058186553e+00
6.265122810999552705e+00
6.268670558929443359e+00
6.267161846160888672e+00
6.265482823053996064e+00
6.270052591959635713e+00
6.269385337829589844e+00
6.268700440724690459e+00
6.268233935038248994e+00
6.269851764043171904e+00
6.268376509348551728e+00
6.267933527628581025e+00
6.268657843271891572e+00
6.268149058024088838e+00
6.266329924265543916e+00
6.270825465520222686e+00
6.268410682678222656e+00
6.267628192901611328e+00
6.263876994450886748e+00
6.267076492309570312e+00
6.267778237660725615e+00
6.267368157704670928e+00
6.267407178878784180e+00
6.269226392110188506e+00
6.271690924962361358e+00
6.266153573989868164e+00
6.268122911453247070e+00
6.268322467803955078e+00
6.261777400970458984e+00
6.264432748158772490e+00
6.264851093292236328e+00
6.265576839447021484e+00
6.263685782750447295e+00
6.268490711847941377e+00
6.265477975209553740e+00
6.265150705973307588e+00
6.264868259429931641e+00
6.265945196151733398e+00
6.263731797536213897e+00
6.267071962356567383e+00
6.266638914744059541e+00
6.264906326929728486e+00
6.261675993601481416e+00
6.265532732009887695e+00
6.265571435292561553e+00
6.266760269800822236e+00
6.266036987304687500e+00
6.266554752985636689e+00
6.265786647796630859e+00
6.265501260757446289e+00
6.264101266860961914e+00
6.264919201532999971e+00
6.266283512115478516e+00
6.267422358194987275e+00
6.266686598459879853e+00
6.264629125595092773e+00
6.264614899953206084e+00
6.265515327453613281e+00
6.264141956965128877e+00
6.264244238535563447e+00
6.264525095621745088e+00
6.263778924942016602e+00
6.262868007024128936e+00
6.264176686604817412e+00
6.266368150711059570e+00
6.265264193216959931e+00
6.264936606089274385e+00
6.264422734578450225e+00
6.265452146530151367e+00
6.265559355417887666e+00
6.264175732930501006e+00
6.264702479044596650e+00
6.265782674153645537e+00
6.265018224716186523e+00
6.265811284383137725e+00
6.265475908915202119e+00
6.263500452041625977e+00
6.264245669047038056e+00
6.264382203420002959e+00
6.264753103256225586e+00
6.264857530593872070e+00
6.264270146687825225e+00
6.263940731684367158e+00
6.264101028442382812e+00
6.263639052708943389e+00
6.264044602711995147e+00
6.262448072433471680e+00
6.262261231740315459e+00
6.263475100199381806e+00
6.263295968373616240e+00
6.265519539515177705e+00
6.265546639760334990e+00
6.263170719146728516e+00
6.261333465576171875e+00
6.263709624608357451e+00
6.265516042709350586e+00
6.263830025990803740e+00
6.264922459920247100e+00
6.263598283131917022e+00
6.261588811874389648e+00
6.262587706247965791e+00
6.260529915491740205e+00
6.264500776926676728e+00
6.264920393625895478e+00
6.266161600748698213e+00
6.263917525609334014e+00
6.264638821283976533e+00
6.263849099477131865e+00
6.263924598693847656e+00
6.264522393544514678e+00
6.266193072001139619e+00
6.264600912729899385e+00
6.263883272806803681e+00
6.266240437825520537e+00
6.265108744303385713e+00
6.260370175043742158e+00
6.260227441787719727e+00
6.261746327082316377e+00
6.262436787287394502e+00
6.262423197428385713e+00
6.261488199234008789e+00
6.265238761901855469e+00
6.263213793436686494e+00
6.264473597208659150e+00
6.262991269429524444e+00
6.263958136240641572e+00
6.263311703999836944e+00
6.263674338658650420e+00
6.261915365854899385e+00
6.262613137563069365e+00
6.262117942174275420e+00
6.260692914326985381e+00
6.261206944783528350e+00
6.261336326599121094e+00
6.263762394587199189e+00
6.263187170028686523e+00
6.262310107549031279e+00
6.261558850606282256e+00
6.261575539906819365e+00
6.261188189188639619e+00
6.262427727381388642e+00
6.262869596481323242e+00
6.264345248540242217e+00
6.263544082641601562e+00
6.263331969579060576e+00
6.263552824656168916e+00
6.263381799062092803e+00
6.262667735417683623e+00
6.262858867645263672e+00
6.261450290679931641e+00
6.262120803197224639e+00
6.262993176778157256e+00
6.262649218241373994e+00
6.262133836746215820e+00
6.263227303822834990e+00
6.262933254241943359e+00
6.262619336446126006e+00
6.263288338979084990e+00
6.262628873189290069e+00
6.262368361155192353e+00
6.263133525848388672e+00
6.262451966603596709e+00
6.262986580530802705e+00
6.262211720148722627e+00
6.261504252751667998e+00
6.262480338414509795e+00
6.261702934900919892e+00
6.261650403340657256e+00
6.262040932973225615e+00
6.262450297673542998e+00
6.262540181477864287e+00
6.262380917867024444e+00
6.261481285095214844e+00
6.262588977813720703e+00
6.262046337127685547e+00
6.262042045593261719e+00
6.261291503906250000e+00
6.260929107666015625e+00
6.260904471079508760e+00
6.261140664418538115e+00
6.262368758519490264e+00
6.262196143468220733e+00
6.262703339258830049e+00
6.262705723444621064e+00
6.261780182520548799e+00
6.261123259862263701e+00
6.262251536051432588e+00
6.261718908945719697e+00
6.262426853179931641e+00
6.260571797688801787e+00
6.261326471964518525e+00
6.261289119720458984e+00
6.262501398722331025e+00
6.263077815373738311e+00
6.261590798695881865e+00
6.261411905288696289e+00
6.261708339055378936e+00
6.260921160380045869e+00
6.261088848114013672e+00
6.260653654734293916e+00
6.261580546696980498e+00
6.261798302332560517e+00
6.261772155761718750e+00
6.261083682378132842e+00
6.261693318684895537e+00
6.260932127634684541e+00
6.261097749074299834e+00
6.261478662490844727e+00
6.261940479278564453e+00
6.261069456736247041e+00
6.261331558227539062e+00
6.260997295379638672e+00
6.261270682017008760e+00
6.261505524317423799e+00
6.261565764745076201e+00
6.261323690414428711e+00
6.261048952738444306e+00
6.262004852294921875e+00
6.262472470601399444e+00
6.261940717697143555e+00
6.262446085611979463e+00
6.262022097905476592e+00
6.261772871017456055e+00
6.261524200439453125e+00
6.261824289957682588e+00
6.260956764221191406e+00
6.261524041493733428e+00
6.261160373687744141e+00
6.261404116948445342e+00
6.260470072428385713e+00
6.260957241058349609e+00
6.261335372924804688e+00
6.260812600453694365e+00
6.260707457860310576e+00
6.261280854543049834e+00
6.260877291361491181e+00
6.260347525278727510e+00
6.261115709940592744e+00
6.261360645294189453e+00
6.260626713434855439e+00
6.260525544484456084e+00
6.261751651763916016e+00
6.260444959004719756e+00
6.260657946268717744e+00
6.261112054189045928e+00
6.260989745457966826e+00
6.260816733042399385e+00
6.260946750640869141e+00
6.260483582814534209e+00
6.260808944702148438e+00
6.260951598485310576e+00
6.260433991750081084e+00
6.260850429534912109e+00
6.260674635569254853e+00
6.260704755783081055e+00
6.260738929112751983e+00
6.260663986206054688e+00
6.260909239451090791e+00
6.260547320048014619e+00
6.260517279307047822e+00
6.260641892751057647e+00
6.260944843292236328e+00
6.261011600494384766e+00
6.260761896769206025e+00
6.260420799255371094e+00
6.260811885197957061e+00
6.260096708933512666e+00
6.260035435358683564e+00
6.260692437489827178e+00
6.260620037714640596e+00
6.260501702626545928e+00
6.260293006896972656e+00
6.260401487350463867e+00
6.260195811589558623e+00
6.260398864746093750e+00
6.260040203730265596e+00
6.260372161865234375e+00
6.260606606801350615e+00
6.260278860727946260e+00
6.260242303212483428e+00
6.260248740514119170e+00
6.260612090428669951e+00
6.260671138763427734e+00
6.260983308156331084e+00
6.260179042816162109e+00
6.260601043701171875e+00
6.260762532552083037e+00
6.260745763778686523e+00
6.260581811269124053e+00
6.260170698165893555e+00
6.260126113891601562e+00
6.260176340738932588e+00
6.260360876719157197e+00
6.260272264480590820e+00
6.260486125946044922e+00
6.260465065638224580e+00
6.260654290517170928e+00
6.260918776194254853e+00
6.260520140329997041e+00
6.260339180628458955e+00
6.260374307632446289e+00
6.260298887888590791e+00
6.260448296864827178e+00
6.259884834289550781e+00
6.260357777277628877e+00
6.259714841842651367e+00
6.259814500808715820e+00
6.259842793146769502e+00
6.259716431299845674e+00
6.260089556376139619e+00
6.260193983713786103e+00
6.260182698567708037e+00
6.260115146636962891e+00
6.259721199671427705e+00
6.259726206461588838e+00
6.260153770446777344e+00
6.259720961252848603e+00
6.260334809621174834e+00
6.259983857472737334e+00
6.260571320851643584e+00
6.260642051696777344e+00
6.260245482126872041e+00
6.260346889495849609e+00
6.260761419932047822e+00
6.259936650594075225e+00
6.260282039642333984e+00
6.260027170181274414e+00
6.260579744974772431e+00
6.260773022969563506e+00
6.260992527008056641e+00
6.261003255844116211e+00
6.260668118794758819e+00
6.260505199432373047e+00
6.260068893432617188e+00
6.260066827138264678e+00
6.259819030761718750e+00
6.260228792826334931e+00
6.259946187337239287e+00
6.259651184082031250e+00
6.259996970494587920e+00
6.259995857874552705e+00
6.259898900985717773e+00
6.260473092397053740e+00
6.259831587473551728e+00
