2.085728836059570312e+01
1.830700937906901160e+01
1.485654290517171283e+01
1.155598704020182232e+01
1.020028265317281146e+01
1.060602589448293109e+01
1.046723429361979107e+01
1.005566279093424420e+01
9.921128193537393614e+00
1.020278624693552594e+01
1.013905747731526752e+01
1.013397034009297748e+01
1.020275390148162842e+01
9.851877490679422422e+00
1.014494355519612689e+01
1.025679322083791156e+01
1.012843426068623920e+01
1.016136117776235004e+01
1.001107279459635357e+01
1.009288636843363385e+01
1.023662658532460590e+01
9.936267217000326113e+00
1.017942607402801514e+01
1.014921696980794330e+01
9.988902091979980469e+00
1.018348201115926166e+01
1.017319834232330322e+01
1.009263269106546979e+01
1.016516399383544922e+01
1.007879161834716797e+01
1.013553078969319721e+01
1.000401898225148578e+01
1.023113755385080914e+01
1.006975690523783307e+01
1.005126229921976666e+01
1.032095348834991455e+01
9.882248997688293457e+00
1.026770349343617816e+01
1.018268517653147320e+01
1.004501692454020123e+01
1.012826693058013916e+01
1.007001344362894635e+01
1.012363799413045307e+01
1.018893249829610248e+01
1.000960377852121930e+01
1.013718700408935547e+01
9.988211949666341738e+00
1.005134820938110352e+01
1.002018153667449951e+01
9.868929028511047363e+00
9.922256747881570860e+00
9.947746634483337402e+00
9.782668868700662657e+00
9.905935247739156679e+00
9.707709511121114687e+00
9.897506157557169004e+00
9.689617753028869629e+00
9.748485883076986269e+00
9.602074742317199707e+00
9.481156150499979063e+00
9.523416837056478457e+00
9.435496211051940918e+00
9.540596206982931093e+00
9.071375330289205507e+00
9.442119161287942930e+00
9.090584437052408262e+00
9.138405362764993711e+00
9.012087623278299375e+00
8.807026863098144531e+00
9.046724081039428711e+00
8.758457819620767637e+00
8.642072041829427675e+00
8.533057490984598203e+00
8.476065953572591738e+00
8.508834083875020937e+00
8.330002665519714355e+00
8.272173563639322325e+00
8.457640210787454649e+00
7.846950610478718779e+00
8.212134639422098203e+00
7.838313738505045869e+00
7.966160456339518525e+00
7.813731392224629424e+00
7.736778020858764648e+00
8.096005241076150938e+00
7.552650809288024902e+00
7.268814563751220703e+00
8.057574272155761719e+00
7.357663949330647490e+00
7.305247783660888672e+00
7.712252418200175264e+00
7.308431267738342285e+00
7.455004652341206572e+00
7.075878262519836426e+00
7.479595224062602021e+00
6.979068994522094727e+00
7.141192555427551270e+00
7.150747378667195342e+00
6.916458527247111299e+00
6.950199087460835479e+00
7.055901924769083955e+00
6.837488094965617158e+00
7.061058203379313447e+00
6.751461903254191377e+00
6.902961889902750947e+00
6.977801680564880371e+00
6.860476295153300264e+00
6.563120444615681670e+00
6.733821868896484375e+00
6.995761473973591826e+00
6.596417983373005889e+00
6.517393906911213897e+00
6.663542509078979492e+00
6.605911533037821748e+00
6.449241558710734346e+00
6.697769403457641602e+00
6.253231843312581084e+00
6.524689634641011260e+00
6.374147017796834014e+00
6.382794857025146484e+00
6.359164237976074219e+00
6.300086895624796846e+00
6.505287686983744599e+00
6.280229171117146514e+00
6.293208122253417969e+00
6.428395867347717285e+00
6.306301832199096680e+00
6.303111235300700166e+00
6.354757269223530791e+00
6.033011992772419951e+00
6.344327926635742188e+00
6.405881722768147490e+00
6.151063124338786103e+00
6.321259975433349609e+00
6.148575941721598603e+00
6.180300871531168916e+00
6.158976713816325166e+00
6.076244831085205078e+00
6.169560035069783233e+00
6.168739080429077148e+00
6.232588807741801240e+00
6.078419685363769531e+00
5.937609195709228516e+00
6.174852728843688965e+00
6.184761087099711396e+00
6.075893322626749971e+00
6.067302028338114717e+00
6.149852712949116729e+00
5.994258681933085420e+00
6.143266797065734863e+00
6.086380561192830108e+00
6.005651990572611787e+00
6.047411123911540010e+00
5.896836002667744658e+00
6.000739971796671846e+00
6.153276443481445312e+00
5.928977409998576142e+00
5.952343861262003877e+00
6.057306408882141113e+00
5.954481283823649385e+00
5.944147547086079619e+00
6.077011704444885254e+00
5.867751876513163545e+00
5.901980956395466826e+00
5.918044090270996094e+00
5.924001614252726533e+00
6.098121086756388642e+00
6.074756185213725068e+00
6.027016480763752959e+00
5.900339245796203613e+00
5.916553219159443877e+00
5.886203845342000029e+00
5.792379220326741240e+00
6.036803483963012695e+00
5.842832485834757783e+00
5.853253682454426787e+00
5.917460997899373076e+00
6.119553923606872559e+00
5.929155627886454560e+00
5.793187538782755830e+00
5.710705995559692383e+00
5.685882012049357392e+00
6.000394463539123535e+00
6.129269043604533174e+00
5.753255168596903779e+00
5.693711717923481963e+00
5.884425520896911621e+00
5.861872990926106475e+00
5.912710467974345185e+00
5.946961124738057158e+00
5.734368046124775908e+00
5.791773796081542969e+00
5.909558375676472686e+00
5.721000989278157256e+00
5.888932824134826660e+00
5.780959367752075195e+00
5.767829060554504395e+00
5.962561527887980439e+00
5.783276359240214326e+00
5.510602394739787080e+00
5.698689738909403779e+00
5.707656145095825195e+00
5.813982446988423369e+00
5.876706282297770478e+00
5.689003268877665498e+00
5.643209735552470185e+00
5.801926612854003906e+00
5.859431505203247070e+00
5.859518806139628389e+00
5.788733601570129395e+00
5.763661026954650879e+00
5.763839999834696748e+00
5.653268098831176758e+00
5.786619544029235840e+00
5.851470589637756348e+00
5.754934549331665039e+00
5.718062321345011689e+00
5.699877023696899414e+00
5.764392852783203125e+00
5.790099898974101045e+00
5.677600701649983428e+00
5.754631956418355010e+00
5.788945635159810088e+00
5.713171958923339844e+00
5.713879942893981934e+00
5.832384109497070312e+00
5.729523062705993652e+00
5.730978290239970185e+00
5.737317363421122529e+00
5.679576079050700166e+00
5.666458010673522949e+00
5.834133783976237275e+00
5.553228298823039033e+00
5.819244186083476045e+00
5.724917968114216826e+00
5.704161127408345244e+00
5.913688659667968750e+00
5.748600880304972627e+00
5.490975658098856904e+00
5.684381524721781709e+00
5.642718633015950225e+00
5.766540487607319854e+00
5.809435288111369111e+00
5.797272086143493652e+00
5.654982686042785645e+00
5.596153537432352998e+00
5.667024374008178711e+00
5.731196761131286621e+00
5.669336756070454619e+00
5.656496961911519072e+00
5.687456727027893066e+00
5.585816979408264160e+00
5.857756336530049346e+00
5.699976444244384766e+00
5.682874560356140137e+00
5.710873405138651826e+00
5.495384534200032256e+00
5.739708820978800752e+00
5.597341497739155791e+00
5.589021126429240205e+00
5.774138013521830537e+00
5.674667398134867646e+00
5.746462543805439971e+00
5.611697634061177276e+00
5.631244460741679170e+00
5.651963949203491211e+00
5.687264680862426758e+00
5.778595685958862305e+00
5.634467244148254395e+00
5.616637309392292998e+00
5.697911103566487334e+00
5.592424631118774414e+00
5.602038900057475068e+00
5.669579466183980010e+00
5.589350660641987822e+00
5.657900134722392060e+00
5.638117074966430664e+00
5.685706098874409697e+00
5.604193965593974092e+00
5.690933028856913545e+00
5.598854343096415498e+00
5.537729183832804658e+00
5.668700536092122100e+00
5.681130488713582061e+00
5.733065048853556611e+00
5.606813788414001465e+00
5.516411185264587402e+00
5.548658331235249541e+00
5.578658660252888701e+00
5.703642090161641143e+00
5.679463863372802734e+00
5.545182824134826660e+00
5.640312631924946807e+00
5.708124955495198272e+00
5.612432519594828584e+00
5.601710160573323272e+00
5.551966309547424316e+00
5.596388061841328643e+00
5.638319015502929688e+00
5.548417806625366211e+00
5.589634696642558076e+00
5.622115532557169892e+00
5.653379956881205537e+00
5.534154256184895537e+00
5.599555492401123047e+00
5.521998365720112822e+00
5.659339229265849092e+00
5.642677227656046846e+00
5.632232069969177246e+00
5.611346125602722168e+00
5.579127907752990723e+00
5.575046380360920928e+00
5.665095567703247070e+00
5.557808677355448701e+00
5.641806085904438994e+00
5.637943784395853974e+00
5.550570925076802276e+00
5.549634297688801787e+00
5.606166481971740723e+00
5.578935424486796357e+00
5.677372256914774873e+00
5.664391517639160156e+00
5.618567864100138642e+00
5.611563324928283691e+00
5.438273588816325166e+00
5.572411934534708955e+00
5.571067015329997041e+00
5.595023830731709502e+00
5.589937249819437959e+00
5.630173524220784209e+00
5.605186223983764648e+00
5.526026527086894014e+00
5.554179747899373076e+00
5.536212523778279326e+00
5.607805768648783662e+00
5.621094783147175811e+00
5.646298050880432129e+00
5.629854957262675264e+00
5.532242973645527861e+00
5.551658908526102998e+00
5.601163983345031738e+00
5.603948712348937988e+00
5.602643171946207978e+00
5.541570385297139190e+00
5.536750197410583496e+00
5.583117445309956572e+00
5.528961102167765596e+00
5.627346475919087432e+00
5.586571335792541504e+00
5.636436104774475098e+00
5.580759127934773467e+00
5.629596789677937529e+00
5.583620349566142060e+00
5.539317091306050322e+00
5.567158540089924834e+00
5.517674128214518525e+00
5.508428335189819336e+00
5.554166277249653838e+00
5.561646143595377900e+00
5.554403185844421387e+00
5.626353661219279267e+00
5.567185918490092256e+00
5.558506011962890625e+00
5.577897191047668457e+00
5.561960061391194365e+00
5.572130441665649414e+00
5.611448605855305694e+00
5.605262875556945801e+00
5.522401094436645508e+00
5.560007214546203613e+00
5.499730149904887178e+00
5.483180205027262666e+00
5.579162637392680146e+00
5.607449014981587432e+00
5.604245265324910186e+00
5.550855278968811035e+00
5.567870696385701201e+00
5.569047768910725615e+00
5.559629400571187041e+00
5.607617616653442383e+00
5.441920717557271026e+00
5.596318682034810088e+00
5.559225201606750488e+00
5.488840818405151367e+00
5.573803305625915527e+00
5.592002749443054199e+00
5.468516588211059570e+00
5.557112733523051240e+00
5.588411092758178711e+00
5.575643658638000488e+00
5.562895615895588897e+00
5.534104466438293457e+00
5.539998809496561982e+00
5.573321739832560517e+00
5.602668881416320801e+00
5.551727215449015596e+00
5.497098286946614287e+00
5.468222022056579590e+00
5.541855931282043457e+00
5.594378908475239776e+00
5.540668924649556182e+00
5.580697496732075713e+00
5.552856445312500000e+00
5.573344349861145020e+00
5.563687125841776826e+00
5.576243281364440918e+00
5.515329321225483916e+00
5.558537761370341279e+00
5.561312953631083467e+00
5.557716806729634307e+00
5.530816316604614258e+00
5.536361773808796904e+00
5.546702186266581514e+00
5.525220672289530732e+00
5.529865900675456025e+00
5.522759715716044404e+00
5.528651515642802217e+00
5.544180949529011748e+00
5.534812251726786592e+00
5.550088763236999512e+00
5.540963610013325713e+00
5.549272537231445312e+00
5.549427350362141631e+00
5.541891853014628389e+00
5.544524590174357392e+00
5.539578358332316377e+00
5.559589068094889619e+00
5.562091867129008271e+00
5.509488026301066377e+00
5.508225123087565400e+00
5.471131881078084014e+00
5.528927445411682129e+00
5.565404136975605986e+00
5.557169238726298310e+00
5.508819262186686494e+00
5.494033853212992646e+00
5.550624887148539521e+00
5.579862236976623535e+00
5.518136223157246611e+00
5.527428746223449707e+00
5.522198637326558135e+00
5.521927555402119658e+00
5.521261294682820342e+00
5.516961057980855010e+00
5.584429542223612764e+00
5.528344591458638213e+00
5.540592392285664580e+00
5.543464620908101104e+00
5.533283154169718721e+00
5.546296397844950654e+00
5.514817516009013154e+00
5.532141526540120147e+00
5.553273638089497588e+00
5.527117689450581572e+00
5.576299309730529785e+00
5.515946110089619658e+00
5.509122888247172334e+00
5.549196680386860869e+00
5.524712920188903809e+00
5.559183279673258760e+00
5.554390549659729004e+00
5.536277254422505401e+00
5.558687845865885713e+00
5.578804175059000947e+00
5.564323226610819795e+00
5.556731502215067842e+00
5.516098300615946748e+00
5.499968330065409639e+00
5.514838894208272002e+00
5.529508153597514131e+00
5.530966281890869141e+00
5.528926213582356475e+00
5.502878586451212861e+00
5.479813814163208008e+00
5.540597041447957061e+00
5.550562977790832520e+00
5.539370973904927276e+00
5.541012922922770478e+00
5.561902403831481934e+00
5.545187552769978545e+00
5.521601160367329619e+00
5.532177249590556123e+00
5.546817421913146973e+00
5.535462180773417451e+00
5.537702322006225586e+00
5.551884333292643525e+00
5.490637501080830596e+00
5.540371894836425781e+00
5.512655178705851533e+00
5.536719441413879395e+00
5.517440438270568848e+00
5.531727830568949678e+00
5.527073661486308076e+00
5.551275372505187988e+00
5.520255009333292939e+00
5.554326176643371582e+00
5.556586066881815889e+00
5.526955962181091309e+00
5.489721099535624482e+00
5.498224616050720215e+00
5.505846858024597168e+00
5.502299984296162627e+00
5.536530137062072754e+00
5.528786500295002959e+00
5.519098520278930664e+00
5.511735916137695312e+00
5.521556735038757324e+00
5.520903865496317842e+00
5.523752331733703613e+00
5.525233387947082520e+00
5.536165356636047363e+00
5.531138618787129424e+00
5.544270833333333037e+00
5.530041575431823730e+00
5.516819318135579131e+00
5.507785280545552276e+00
5.526314735412597656e+00
5.518873135248820283e+00
5.505817969640095733e+00
5.512310981750488281e+00
5.499195456504821777e+00
5.520068009694417022e+00
5.521763126055399873e+00
5.512381076812744141e+00
5.519261161486308076e+00
5.513381004333496094e+00
5.533226728439331055e+00
5.530161341031392119e+00
5.537721872329711914e+00
5.530475894610087373e+00
5.523520112037658691e+00
5.540724476178486846e+00
5.540805617968241670e+00
5.540272196133931182e+00
5.520210425059000947e+00
5.497279723485310576e+00
5.512641310691833496e+00
5.540550986925761201e+00
5.534679333368937471e+00
5.526582837104797363e+00
5.518015027046203613e+00
5.515809337298075654e+00
5.530475099881489776e+00
5.532822489738464355e+00
5.533557017644246123e+00
5.514172712961832978e+00
5.503212332725524902e+00
5.508149067560832002e+00
5.513009111086527803e+00
5.518894751866658233e+00
5.523859024047851562e+00
5.531444708506266572e+00
5.539555112520853974e+00
5.527195294698079131e+00
5.522939602533976533e+00
5.530433098475138642e+00
5.517279744148254395e+00
5.536515553792317412e+00
5.524097561836242676e+00
5.498232523600260713e+00
5.508426864941914580e+00
5.521031101544697783e+00
5.524217844009399414e+00
5.505848089853922822e+00
5.537276864051818848e+00
5.505938331286112764e+00
5.503748774528503418e+00
5.524140477180480957e+00
5.535015662511189483e+00
5.510027527809143066e+00
5.507929007212321260e+00
5.514065066973368623e+00
5.509635647137959502e+00
5.501583496729533174e+00
5.520392775535583496e+00
5.509673078854878447e+00
5.508725802103678681e+00
5.528789440790812471e+00
5.519944787025451660e+00
5.517455339431762695e+00
5.504865725835164092e+00
5.501811464627583526e+00
5.514448523521423340e+00
5.525939544041951201e+00
5.537285645802815459e+00
5.510837356249491670e+00
5.527921756108601592e+00
5.519540389378865264e+00
5.512055675188700654e+00
5.500359813372294404e+00
5.484375000000000000e+00
5.504771192868550322e+00
5.520710825920104980e+00
5.517518957455952666e+00
5.536690592765808105e+00
5.524951140085856416e+00
5.510322372118632295e+00
5.509574333826701142e+00
5.521652022997538545e+00
5.517008622487385772e+00
5.523029128710429170e+00
5.516670346260070801e+00
5.516610225041707061e+00
5.506548841794331572e+00
5.510905623435974121e+00
5.522772431373596191e+00
5.513667980829874971e+00
5.506174921989440918e+00
5.515850981076558135e+00
5.516538580258687041e+00
5.514235496520996094e+00
5.522012074788411162e+00
5.514381210009257295e+00
5.516627550125122070e+00
5.517892718315124512e+00
5.502410411834716797e+00
5.508895119031270049e+00
5.509409228960673310e+00
5.509459892908732392e+00
5.511967778205871582e+00
5.518283963203430176e+00
5.511711001396179199e+00
5.506947755813598633e+00
5.509113709131876924e+00
5.522479494412739776e+00
5.515329082806904815e+00
5.509514331817626953e+00
5.514991482098897002e+00
5.509470582008361816e+00
5.511205991109211944e+00
5.508542259534199736e+00
5.513132890065510772e+00
5.514685630798339844e+00
5.505612730979919434e+00
5.518450697263081572e+00
5.516197522481282256e+00
5.506420373916625977e+00
5.515669107437133789e+00
5.505541046460469268e+00
5.518879373868306182e+00
5.518599907557169892e+00
5.513161460558573701e+00
5.518132766087849639e+00
5.507359266281127930e+00
5.497655590375264190e+00
5.491815606753031709e+00
5.505545020103454590e+00
5.507469892501831055e+00
5.502193450927734375e+00
5.513258973757426240e+00
5.516955971717834473e+00
5.519407709439595244e+00
5.514420708020527861e+00
5.504583319028218291e+00
5.504054347674052217e+00
5.505566517512003877e+00
5.506806413332621553e+00
5.498065471649169922e+00
5.507693568865458467e+00
5.503711581230163574e+00
5.499276359875996611e+00
5.511546572049458526e+00
5.509737451871235869e+00
5.508051991462707520e+00
5.507026632626851104e+00
5.511369903882344268e+00
5.507551034291584990e+00
5.506531516710917451e+00
5.508651494979858398e+00
5.507415493329365752e+00
5.502418160438537598e+00
5.514644900957743623e+00
5.508224844932556152e+00
5.506293535232543945e+00
5.496423363685607910e+00
5.504918773969014190e+00
5.506886482238769531e+00
5.505768696467082002e+00
5.506162484486897490e+00
5.510956883430480957e+00
5.517639279365539551e+00
5.503030180931091309e+00
5.508331259091694854e+00
5.509018421173095703e+00
5.491922537485758760e+00
5.498811006546020508e+00
5.499910910924275420e+00
5.502008636792500518e+00
5.497160275777180694e+00
5.509914676348368623e+00
5.501996318499247529e+00
5.501276652018229463e+00
5.500495553016662598e+00
5.503338177998860381e+00
5.497637867927551270e+00
5.506659984588623047e+00
5.505578796068827607e+00
5.501039703687031768e+00
5.492678920427958467e+00
5.502946893374125459e+00
5.503121495246887207e+00
5.506265918413798310e+00
5.504389524459838867e+00
5.505802909533183076e+00
5.503842751185099580e+00
5.503163774808247588e+00
5.499539653460185029e+00
5.501780192057291963e+00
5.505313674608866670e+00
5.508487304051716826e+00
5.506536444028218291e+00
5.501125295956929229e+00
5.501201232274373076e+00
5.503563960393269561e+00
5.499953786532084443e+00
5.500298142433166504e+00
5.500992894172668457e+00
5.499087413152058623e+00
5.496680378913879395e+00
5.500161012013752959e+00
5.506134152412414551e+00
5.503285209337870576e+00
5.502444028854370117e+00
5.501112858454386689e+00
5.503795742988586426e+00
5.504201849301655791e+00
5.500558813412983916e+00
5.502022465070088408e+00
5.504954417546589873e+00
5.502874851226806641e+00
5.505088130633036592e+00
5.504243691762288115e+00
5.499041120211283662e+00
5.501116355260212920e+00
5.501484791437785127e+00
5.502458532651265166e+00
5.502806305885314941e+00
5.501304427782694795e+00
5.500498572985331514e+00
5.500972310702006318e+00
5.499818285306294463e+00
5.500943303108215332e+00
5.496687253316243194e+00
5.496208349863688447e+00
5.499475638071696260e+00
5.499014616012573242e+00
5.504879355430603027e+00
5.505105773607890107e+00
5.498896360397338867e+00
5.494056065877278350e+00
5.500324726104736328e+00
5.505198836326599121e+00
5.500755667686462402e+00
5.503699143727620147e+00
5.500289201736450195e+00
5.495092113812764190e+00
5.497701287269592285e+00
5.492342352867126465e+00
5.502795497576395967e+00
5.503929336865742705e+00
5.507267793019612334e+00
5.501370787620544434e+00
5.503314256668090820e+00
5.501380085945129395e+00
5.501608808835347197e+00
5.503228624661763213e+00
5.507769266764323213e+00
5.503475189208984375e+00
5.501689871152241729e+00
5.507998267809550264e+00
5.505037426948547363e+00
5.492576599121093750e+00
5.492209752400715850e+00
5.496171911557515166e+00
5.498044212659199736e+00
5.498111844062805176e+00
5.495602607727050781e+00
5.505631049474080108e+00
5.500286539395649932e+00
5.503745873769124053e+00
5.499836961428324678e+00
5.502419233322143555e+00
5.500681479771931670e+00
5.501649498939514160e+00
5.497077504793803193e+00
5.499013106028239228e+00
5.497744520505269072e+00
5.493964314460754395e+00
5.495367964108784697e+00
5.495740850766499541e+00
5.502125859260559082e+00
5.500672022501627900e+00
5.498443245887756348e+00
5.496524095535278320e+00
5.496631105740864776e+00
5.495586196581522920e+00
5.498991727828979492e+00
5.500195304552714326e+00
5.504204312960307099e+00
5.502046227455139160e+00
5.501489440600077607e+00
5.502082864443461396e+00
5.501702229181925752e+00
5.499846259752909639e+00
5.500370939572651885e+00
5.496673266092936494e+00
5.498463749885559082e+00
5.500802795092265107e+00
5.499873598416646026e+00
5.498542269070942901e+00
5.501454432805378936e+00
5.500666499137878418e+00
5.499915917714436553e+00
5.501737833023071289e+00
5.499981363614399932e+00
5.499292890230814912e+00
5.501339395840962432e+00
5.499505639076232910e+00
5.500990509986877441e+00
5.498973608016967773e+00
5.497116486231486299e+00
5.499779979387919404e+00
5.497715592384338379e+00
5.497543652852376006e+00
5.498634179433186553e+00
5.499715805053710938e+00
5.499975323677062988e+00
5.499582091967265107e+00
5.497284571329752900e+00
5.500181794166564941e+00
5.498799959818522431e+00
5.498768011728922822e+00
5.496780077616373994e+00
5.495875477790832520e+00
5.495821674664814971e+00
5.496424873669941924e+00
5.499675234158833526e+00
5.499290267626444795e+00
5.500699877738952637e+00
5.500684817632039092e+00
5.498267928759257295e+00
5.496529936790466309e+00
5.499530633290608428e+00
5.498192707697550752e+00
5.500066002209980986e+00
5.495194236437479951e+00
5.497188210487365723e+00
5.497116208076477051e+00
5.500289718310038545e+00
5.501878658930460908e+00
5.497976382573445342e+00
5.497529188791911103e+00
5.498352487881978057e+00
5.496298313140869141e+00
5.496745228767395020e+00
5.495596170425415039e+00
5.498070200284321807e+00
5.498646338780720733e+00
5.498603026072184541e+00
5.496824105580647490e+00
5.498452862103779815e+00
5.496472756067912080e+00
5.496917565663655303e+00
5.497881730397542022e+00
5.499154965082804658e+00
5.496889789899189971e+00
5.497611959775288604e+00
5.496789137522379853e+00
5.497509439786274932e+00
5.498147606849670410e+00
5.498318672180175781e+00
5.497702002525329590e+00
5.496949156125386260e+00
5.499501268068949678e+00
5.500812331835429170e+00
5.499394297599792480e+00
5.500759283701579072e+00
5.499664584795634248e+00
5.499013066291809082e+00
5.498410105705261230e+00
5.499198993047078154e+00
5.496930162111918428e+00
5.498461286226908662e+00
5.497517228126525879e+00
5.498192151387532256e+00
5.495723684628804229e+00
5.497011780738830566e+00
5.498080372810363770e+00
5.496666232744852998e+00
5.496476650238037109e+00
5.497985959053039551e+00
5.496935486793518066e+00
5.495576937993367217e+00
5.497608462969462373e+00
5.498235424359639190e+00
5.496379176775614717e+00
5.496151049931843779e+00
5.499339342117309570e+00
5.495903253555297852e+00
5.496489485104878447e+00
5.497709075609843232e+00
5.497404138247172334e+00
5.496964852015177705e+00
5.497299830118815400e+00
5.496094306310017608e+00
5.496971964836120605e+00
5.497352083524067901e+00
5.496008594830830596e+00
5.497106432914733887e+00
5.496656576792399385e+00
5.496737599372863770e+00
5.496827324231465361e+00
5.496638298034667969e+00
5.497293988863627412e+00
5.496356328328450225e+00
5.496307492256164551e+00
5.496633489926655791e+00
5.497433741887410186e+00
5.497647404670715332e+00
5.496983210245768525e+00
5.496106068293253877e+00
5.497129758199055694e+00
5.495269616444905303e+00
5.495097279548645020e+00
5.496850848197937012e+00
5.496662060419718721e+00
5.496387441953022979e+00
5.495826323827107451e+00
5.496123274167378447e+00
5.495591918627421357e+00
5.496134519577026367e+00
5.495197574297587373e+00
5.496089339256286621e+00
5.496702949206034639e+00
5.495853702227274873e+00
5.495802998542785645e+00
5.495811422665913604e+00
5.496762633323669434e+00
5.496947924296061494e+00
5.497771859169006348e+00
5.495658397674560547e+00
5.496780673662821748e+00
5.497215350468953154e+00
5.497172832489013672e+00
5.496758421262105010e+00
5.495687445004780791e+00
5.495597561200459502e+00
5.495723684628804229e+00
5.496216416358947754e+00
5.495985587437947295e+00
5.496581514676411651e+00
5.496537327766418457e+00
5.497045993804931641e+00
5.497761011123657227e+00
5.496725320816040039e+00
5.496248364448547363e+00
5.496345798174540498e+00
5.496172149976094268e+00
5.496589899063110352e+00
5.495084404945373535e+00
5.496362288792927764e+00
5.494654456774394014e+00
5.494927803675333955e+00
5.495017170906066895e+00
5.494690815607707002e+00
5.495691458384196260e+00
5.495967984199523926e+00
5.495933890342712402e+00
5.495781540870666504e+00
5.494755625724792480e+00
5.494766990343729951e+00
5.495908538500468232e+00
5.494810541470845244e+00
5.496416966120402314e+00
5.495499451955159209e+00
5.497058073679606416e+00
5.497262557347615264e+00
5.496234297752380371e+00
5.496511578559875488e+00
5.497601310412089326e+00
5.495445688565571807e+00
5.496356844902038574e+00
5.495695233345031738e+00
5.497175812721252441e+00
5.497689723968505859e+00
5.498281955718994141e+00
5.498327016830444336e+00
5.497443159421284697e+00
5.497035145759582520e+00
5.495872815450032256e+00
5.495862245559692383e+00
5.495233376820881865e+00
5.496348500251770020e+00
5.495615998903910615e+00
5.494828979174296357e+00
5.495754520098368623e+00
5.495766361554463408e+00
5.495511968930562041e+00
5.497055451075236299e+00
5.495366772015889190e+00
