8.812174270860850811e-01
2.873725630342960358e-02
2.476432174444198608e-02
2.185701765120029449e-02
2.183004701510071754e-02
2.098413696512579918e-02
2.129665669053792953e-02
2.018405590206384659e-02
2.047137590125203133e-02
2.170215686783194542e-02
2.208843780681490898e-02
2.122536720708012581e-02
2.165913768112659454e-02
2.129691699519753456e-02
2.027908479794859886e-02
2.021853486075997353e-02
2.184228831902146339e-02
2.015455486252903938e-02
2.154423715546727180e-02
2.143816696479916573e-02
2.243280922994017601e-02
2.294619893655180931e-02
2.226978773251175880e-02
2.146989712491631508e-02
2.468601195141673088e-02
2.234419761225581169e-02
2.155827730894088745e-02
2.192968688905239105e-02
2.162617770954966545e-02
2.012900495901703835e-02
2.075903583317995071e-02
1.998977502807974815e-02
2.207006793469190598e-02
2.187182800844311714e-02
2.207624819129705429e-02
1.981804473325610161e-02
2.180885802954435349e-02
2.053624577820301056e-02
2.028988581150770187e-02
2.129541710019111633e-02
2.039814600721001625e-02
2.096918644383549690e-02
2.145491726696491241e-02
2.228488773107528687e-02
2.042841585353016853e-02
2.158697741106152534e-02
2.218560781329870224e-02
2.269441913813352585e-02
2.163612842559814453e-02
2.132603712379932404e-02
2.204513782635331154e-02
2.133486699312925339e-02
2.179085696116089821e-02
2.190985810011625290e-02
2.219674829393625259e-02
2.683149417862296104e-02
2.306281914934515953e-02
2.362059010192751884e-02
2.243095776066184044e-02
2.240433916449546814e-02
2.111611701548099518e-02
2.208057790994644165e-02
2.191761694848537445e-02
2.211343683302402496e-02
2.261440781876444817e-02
2.254808880388736725e-02
2.198968781158328056e-02
2.300373930484056473e-02
2.186205796897411346e-02
2.295720903202891350e-02
2.328579919412732124e-02
2.196175837889313698e-02
2.269914885982871056e-02
2.283817902207374573e-02
2.229485800489783287e-02
2.118250681087374687e-02
2.148114796727895737e-02
2.082088589668273926e-02
2.257808903232216835e-02
2.105799596756696701e-02
2.420081105083227158e-02
2.157362736761569977e-02
2.088058600202202797e-02
2.220738772302865982e-02
2.327711973339319229e-02
2.051090588793158531e-02
2.598959300667047501e-02
3.216852061450481415e-02
2.162351692095398903e-02
2.207145793363451958e-02
2.188647771254181862e-02
2.160334680229425430e-02
2.257648902013897896e-02
2.266559889540076256e-02
2.190824830904603004e-02
2.064078627154231071e-02
2.131292736157774925e-02
1.983077498152852058e-02
2.005425561219453812e-02
2.097173593938350677e-02
2.016890607774257660e-02
2.228246815502643585e-02
2.311354875564575195e-02
2.033282630145549774e-02
2.052693581208586693e-02
2.055971603840589523e-02
2.138138795271515846e-02
2.219672780483961105e-02
2.104050619527697563e-02
2.195396786555647850e-02
2.093380689620971680e-02
2.101481659337878227e-02
2.109975600615143776e-02
2.061717724427580833e-02
2.138718683272600174e-02
2.168622706085443497e-02
2.275748876854777336e-02
2.244922891259193420e-02
2.201950782909989357e-02
2.108305599540472031e-02
2.192847803235054016e-02
2.162604779005050659e-02
2.203753776848316193e-02
2.153902687132358551e-02
2.072744583711028099e-02
2.289171889424324036e-02
2.123129693791270256e-02
2.183849783614277840e-02
2.270970866084098816e-02
2.234057802706956863e-02
2.117330720648169518e-02
2.282471908256411552e-02
2.113180700689554214e-02
2.149761701002717018e-02
2.145434822887182236e-02
2.206050790846347809e-02
2.168775675818324089e-02
2.019666600972414017e-02
2.091254619881510735e-02
2.184771792963147163e-02
2.155041694641113281e-02
2.117995731532573700e-02
2.166444808244705200e-02
2.146126702427864075e-02
2.011531591415405273e-02
2.152249682694673538e-02
2.105287695303559303e-02
2.127411682158708572e-02
2.195342816412448883e-02
2.043097512796521187e-02
2.296657906845211983e-02
2.247606823220849037e-02
2.130113728344440460e-02
2.091926708817481995e-02
2.201756788417696953e-02
2.192831784486770630e-02
2.187836682423949242e-02
2.210688777267932892e-02
2.119882637634873390e-02
2.231598878279328346e-02
2.209219802170991898e-02
2.310280874371528625e-02
2.123928675428032875e-02
2.255525905638933182e-02
2.246888820081949234e-02
2.238604892045259476e-02
2.238231804221868515e-02
2.253322908654808998e-02
2.310849912464618683e-02
2.108891727402806282e-02
2.133620716631412506e-02
2.123466692864894867e-02
2.124699717387557030e-02
2.182576805353164673e-02
2.199979824945330620e-02
2.181825693696737289e-02
2.282986929640173912e-02
2.084509702399373055e-02
2.093839598819613457e-02
2.235503913834691048e-02
2.104502590373158455e-02
2.124667679890990257e-02
2.397241117432713509e-02
2.107535721734166145e-02
2.101602638140320778e-02
2.114703692495822906e-02
2.081780601292848587e-02
2.188781695440411568e-02
2.149167796596884727e-02
2.140127681195735931e-02
2.105002617463469505e-02
3.657873626798391342e-02
5.521319899708032608e-02
4.342362517490983009e-02
3.111170977354049683e-02
2.309666899964213371e-02
2.871343586593866348e-02
2.374112000688910484e-02
2.604876318946480751e-02
2.319779898971319199e-02
2.194730797782540321e-02
2.235429827123880386e-02
2.397341001778841019e-02
2.439848100766539574e-02
2.372781978920102119e-02
2.379387011751532555e-02
2.535307267680764198e-02
3.852156782522797585e-02
2.512767119333148003e-02
2.535364171490073204e-02
2.492059068754315376e-02
2.865915698930621147e-02
2.418451989069581032e-02
2.316399011760950089e-02
2.306894864886999130e-02
2.165121724829077721e-02
2.102327626198530197e-02
2.088826708495616913e-02
2.210138831287622452e-02
2.211799798533320427e-02
2.346382010728120804e-02
2.306853886693716049e-02
2.103357668966054916e-02
2.286466863006353378e-02
2.055503614246845245e-02
2.097373595461249352e-02
2.251041866838932037e-02
2.071597613394260406e-02
2.054974623024463654e-02
2.043725596740841866e-02
2.187369763851165771e-02
2.181198820471763611e-02
2.082263585180044174e-02
2.058740612119436264e-02
2.113891718909144402e-02
2.345268009230494499e-02
2.312255930155515671e-02
2.036541607230901718e-02
2.160702785477042198e-02
2.079289592802524567e-02
2.090549701824784279e-02
2.308137901127338409e-02
2.264591911807656288e-02
2.138035697862505913e-02
2.277980884537100792e-02
2.188593801110982895e-02
2.192589687183499336e-02
2.231598878279328346e-02
2.134084701538085938e-02
2.174380701035261154e-02
2.308441977947950363e-02
2.158188680186867714e-02
2.220797818154096603e-02
2.022320590913295746e-02
2.112550660967826843e-02
2.038072608411312103e-02
2.294283872470259666e-02
2.122366707772016525e-02
2.036458579823374748e-02
2.061933605000376701e-02
2.101552719250321388e-02
2.226058766245841980e-02
2.100319601595401764e-02
2.237726794555783272e-02
2.186842774972319603e-02
2.066482556983828545e-02
2.062816638499498367e-02
2.109450707212090492e-02
2.155512711033225060e-02
2.174942800775170326e-02
2.250765915960073471e-02
2.122062724083662033e-02
2.218468813225626945e-02
2.227056818082928658e-02
2.129505714401602745e-02
2.053719572722911835e-02
2.125150710344314575e-02
2.198722818866372108e-02
2.047922601923346519e-02
2.093377709388732910e-02
2.097751619294285774e-02
2.151217823848128319e-02
2.256582817062735558e-02
2.084717713296413422e-02
2.161654690280556679e-02
2.071967720985412598e-02
2.210365794599056244e-02
2.065314585343003273e-02
2.204432804137468338e-02
2.211370784789323807e-02
2.082543587312102318e-02
2.254172926768660545e-02
2.062507579103112221e-02
2.176273800432682037e-02
2.141098678112030029e-02
2.228597784414887428e-02
2.138990722596645355e-02
2.248566877096891403e-02
2.240460785105824471e-02
2.042272593826055527e-02
2.208743803203105927e-02
2.174555789679288864e-02
2.124116709455847740e-02
2.207624819129705429e-02
2.202413789927959442e-02
2.344258967787027359e-02
2.249435801059007645e-02
2.305952040478587151e-02
2.166904695332050323e-02
2.292913896963000298e-02
2.662279410287737846e-02
2.208576770499348640e-02
2.169940806925296783e-02
2.106331568211317062e-02
2.182984817773103714e-02
2.285252930596470833e-02
2.228474803268909454e-02
2.339086867868900299e-02
2.250486891716718674e-02
2.229943824931979179e-02
2.260415861383080482e-02
2.225617831572890282e-02
2.196028782054781914e-02
2.294728904962539673e-02
2.355743991211056709e-02
2.206041803583502769e-02
2.252453891560435295e-02
2.235106797888875008e-02
2.233077818527817726e-02
2.245777891948819160e-02
2.178030693903565407e-02
2.272441890090703964e-02
2.298864908516407013e-02
2.075363695621490479e-02
2.311193943023681641e-02
2.276531886309385300e-02
2.319666882976889610e-02
2.131509687751531601e-02
2.269716793671250343e-02
2.339295018464326859e-02
2.290959889069199562e-02
2.258034888654947281e-02
2.339272899553179741e-02
2.308642910793423653e-02
2.251428831368684769e-02
2.256306866183876991e-02
2.333192992955446243e-02
2.223224798217415810e-02
2.232415787875652313e-02
2.265459904447197914e-02
2.217536699026823044e-02
2.139720739796757698e-02
2.293547894805669785e-02
2.300335932523012161e-02
2.226856816560029984e-02
2.105992706492543221e-02
2.274163905531167984e-02
2.250995766371488571e-02
2.505855169147253036e-02
2.302888920530676842e-02
2.333041978999972343e-02
2.302249893546104431e-02
2.422917122021317482e-02
2.262045908719301224e-02
2.260289806872606277e-02
2.205918775871396065e-02
2.384621137753129005e-02
2.247370779514312744e-02
2.211028803139925003e-02
2.225880790501832962e-02
2.201588777825236320e-02
2.194636780768632889e-02
2.193130785599350929e-02
2.212311793118715286e-02
2.232088800519704819e-02
2.148443693295121193e-02
2.122765686362981796e-02
2.132468717172741890e-02
2.171752694994211197e-02
2.105094725266098976e-02
2.133123716339468956e-02
2.302537858486175537e-02
2.253643888980150223e-02
2.135552698746323586e-02
2.161092776805162430e-02
2.209634799510240555e-02
2.210337808355689049e-02
2.193476818501949310e-02
2.178949723020195961e-02
2.130411705002188683e-02
2.149375807493925095e-02
2.139825699850916862e-02
2.268232870846986771e-02
2.233521826565265656e-02
2.214399818331003189e-02
2.169835800305008888e-02
2.209354797378182411e-02
2.270791819319128990e-02
2.158636692911386490e-02
2.170312730595469475e-02
2.184384688735008240e-02
2.167411800473928452e-02
2.230506762862205505e-02
2.239429764449596405e-02
2.165259700268507004e-02
2.195548778399825096e-02
2.216972783207893372e-02
2.214959776028990746e-02
2.195209823548793793e-02
2.189099788665771484e-02
2.138768695294857025e-02
2.248365804553031921e-02
2.183926710858941078e-02
2.721855510026216507e-02
2.157954685389995575e-02
2.190426830202341080e-02
2.233557775616645813e-02
2.151689818128943443e-02
2.164791664108633995e-02
2.181048830971121788e-02
2.166953682899475098e-02
2.187306759878993034e-02
2.258813893422484398e-02
2.129652677103877068e-02
2.159492718055844307e-02
2.243346907198429108e-02
2.234190842136740685e-02
2.151456708088517189e-02
2.213789895176887512e-02
2.207292709499597549e-02
2.197914710268378258e-02
2.344556013122200966e-02
2.223289804533123970e-02
2.153303707018494606e-02
2.216510800644755363e-02
2.223878772929310799e-02
2.150839706882834435e-02
2.213930804282426834e-02
2.175716683268547058e-02
2.180496789515018463e-02
2.298800880089402199e-02
2.218572795391082764e-02
2.183925779536366463e-02
2.179207792505621910e-02
2.266962826251983643e-02
2.444536006078124046e-02
2.281435765326023102e-02
2.215169789269566536e-02
2.152013685554265976e-02
2.323517901822924614e-02
2.185693802312016487e-02
2.229611808434128761e-02
2.217711880803108215e-02
2.256338810548186302e-02
2.277542883530259132e-02
2.255810890346765518e-02
2.190834796056151390e-02
2.213674783706665039e-02
2.209676802158355713e-02
2.270755916833877563e-02
2.301021898165345192e-02
2.123042708262801170e-02
2.207097830250859261e-02
2.195068821310997009e-02
2.288951864466071129e-02
2.315391879528760910e-02
2.382790064439177513e-02
2.335885865613818169e-02
2.204032801091670990e-02
2.946446789428591728e-02
2.471352089196443558e-02
2.368281036615371704e-02
2.394865080714225769e-02
2.205963805317878723e-02
2.096904581412672997e-02
2.141371695324778557e-02
2.001347625628113747e-02
2.131330734118819237e-02
2.075046580284833908e-02
2.222929894924163818e-02
2.026881510391831398e-02
2.129605691879987717e-02
2.048860583454370499e-02
2.029764605686068535e-02
1.990875508636236191e-02
1.998496614396572113e-02
2.261583786457777023e-02
2.479822095483541489e-02
2.204599790275096893e-02
2.635793434455990791e-02
2.588285179808735847e-02
2.951311832293868065e-02
2.158467704430222511e-02
2.153029758483171463e-02
2.117613703012466431e-02
2.119492739439010620e-02
2.114058611914515495e-02
2.143721794709563255e-02
2.106506610289216042e-02
2.207532804459333420e-02
2.212909795343875885e-02
2.154692728072404861e-02
2.338204020634293556e-02
2.106187585741281509e-02
2.217483799904584885e-02
2.077843667939305305e-02
2.091810619458556175e-02
2.296016924083232880e-02
2.248405804857611656e-02
2.239867905154824257e-02
2.120237518101930618e-02
2.099768584594130516e-02
2.246825909242033958e-02
2.191815758123993874e-02
2.038922533392906189e-02
2.298748912289738655e-02
2.132672676816582680e-02
2.023778483271598816e-02
2.138217771425843239e-02
2.103519579395651817e-02
2.067501703277230263e-02
2.065702574327588081e-02
1.982035487890243530e-02
2.201121766120195389e-02
2.260022889822721481e-02
2.209398802369832993e-02
2.172121684998273849e-02
2.132653677836060524e-02
2.182368794456124306e-02
2.163353841751813889e-02
2.525452198460698128e-02
2.207860769703984261e-02
2.118448726832866669e-02
2.385190036147832870e-02
2.201361814513802528e-02
2.109874691814184189e-02
2.252231817692518234e-02
2.303696889430284500e-02
2.144130785018205643e-02
2.256411779671907425e-02
2.408681111410260201e-02
2.174675790593028069e-02
2.300020912662148476e-02
2.265801886096596718e-02
2.146819699555635452e-02
2.197091793641448021e-02
2.408770984038710594e-02
2.126607717946171761e-02
2.275481913238763809e-02
2.478946186602115631e-02
2.348195994272828102e-02
2.067663613706827164e-02
2.322338894009590149e-02
2.226644894108176231e-02
2.276671770960092545e-02
2.235401794314384460e-02
2.251517772674560547e-02
2.234301762655377388e-02
2.186683798208832741e-02
2.039883472025394440e-02
2.142817713320255280e-02
2.039193594828248024e-02
2.057875599712133408e-02
2.280168887227773666e-02
2.242140797898173332e-02
2.089480683207511902e-02
2.173739718273282051e-02
2.175360778346657753e-02
2.270948886871337891e-02
2.119709691032767296e-02
2.150664664804935455e-02
2.150353696197271347e-02
2.207208797335624695e-02
2.127667702734470367e-02
2.178376773372292519e-02
2.276463899761438370e-02
2.225117757916450500e-02
2.067044610157608986e-02
2.257971884682774544e-02
2.193298796191811562e-02
2.211352763697504997e-02
2.286475943401455879e-02
2.114157704636454582e-02
2.175786811858415604e-02
2.106571570038795471e-02
2.064023679122328758e-02
2.328720921650528908e-02
2.220837771892547607e-02
2.279537916183471680e-02
2.254267875105142593e-02
2.140544680878520012e-02
2.239047782495617867e-02
2.284915884956717491e-02
2.101245569065213203e-02
2.306481916457414627e-02
2.258006809279322624e-02
2.177795767784118652e-02
2.013914519920945168e-02
1.993623562157154083e-02
2.177603682503104210e-02
2.164763770997524261e-02
2.319498918950557709e-02
2.260800916701555252e-02
2.190533839166164398e-02
2.321861917153000832e-02
2.259687893092632294e-02
2.093298686668276787e-02
2.228716807439923286e-02
2.353420993313193321e-02
2.209602762013673782e-02
2.265737904235720634e-02
2.152306726202368736e-02
2.109192684292793274e-02
2.115205721929669380e-02
2.201129682362079620e-02
2.160455705597996712e-02
2.019598567858338356e-02
2.038635499775409698e-02
2.210157783702015877e-02
2.021127473562955856e-02
2.043418632820248604e-02
2.170995809137821198e-02
2.173411706462502480e-02
2.145902812480926514e-02
2.011106535792350769e-02
2.030266588553786278e-02
2.173566771671175957e-02
2.060406608507037163e-02
2.233002800494432449e-02
2.546388190239667892e-02
2.341414988040924072e-02
2.238221885636448860e-02
2.207561815157532692e-02
2.088887616991996765e-02
2.161199785768985748e-02
2.194940717890858650e-02
2.156073786318302155e-02
2.326908893883228302e-02
2.130773616954684258e-02
2.294884901493787766e-02
2.252865768969058990e-02
2.292437897995114326e-02
2.266548899933695793e-02
2.218425786122679710e-02
2.323831990361213684e-02
2.284219861030578613e-02
2.270964905619621277e-02
2.335963910445570946e-02
2.263116929680109024e-02
2.205473789945244789e-02
2.172268787398934364e-02
2.311203908175230026e-02
2.244077809154987335e-02
2.231005812063813210e-02
2.332767890766263008e-02
2.217079885303974152e-02
2.168607665225863457e-02
2.357638021931052208e-02
2.130983723327517509e-02
2.251961920410394669e-02
2.190386690199375153e-02
2.111044572666287422e-02
2.121842699125409126e-02
2.135350694879889488e-02
2.198263769969344139e-02
2.193614793941378593e-02
2.186474762856960297e-02
2.116033714264631271e-02
2.171033713966608047e-02
2.125496696680784225e-02
2.178135793656110764e-02
2.004749467596411705e-02
2.177116787061095238e-02
2.050629537552595139e-02
1.998342480510473251e-02
2.114547602832317352e-02
2.025439590215682983e-02
2.061626594513654709e-02
2.398181101307272911e-02
2.216126769781112671e-02
2.488995064049959183e-02
2.091254666447639465e-02
2.190829766914248466e-02
2.288486901670694351e-02
2.250075805932283401e-02
2.230161800980567932e-02
2.164115663617849350e-02
2.126382663846015930e-02
2.078846702352166176e-02
2.420689957216382027e-02
2.162231784313917160e-02
2.257337933406233788e-02
2.203268744051456451e-02
2.276249881833791733e-02
2.217244869098067284e-02
2.051258599385619164e-02
2.181450696662068367e-02
2.201631804928183556e-02
2.262511895969510078e-02
2.208803780376911163e-02
2.270947908982634544e-02
2.134346729144454002e-02
2.134426683187484741e-02
2.192740794271230698e-02
2.274263929575681686e-02
2.095637610182166100e-02
2.168721798807382584e-02
2.156877657398581505e-02
2.245441917330026627e-02
2.030365588143467903e-02
2.209064830094575882e-02
2.038147533312439919e-02
2.022976614534854889e-02
2.169310813769698143e-02
2.173901721835136414e-02
2.112040668725967407e-02
2.121837716549634933e-02
2.202178770676255226e-02
2.185311820358037949e-02
2.128425706177949905e-02
2.192469779402017593e-02
2.227043779566884041e-02
2.088275598362088203e-02
2.145043667405843735e-02
2.133653685450553894e-02
2.145876688882708549e-02
2.228896785527467728e-02
2.051234617829322815e-02
2.143390802666544914e-02
2.172598708420991898e-02
2.170575782656669617e-02
2.261751797050237656e-02
2.145824721083045006e-02
2.227476797997951508e-02
2.054089587181806564e-02
2.040274580940604210e-02
2.079428592696785927e-02
2.089705690741539001e-02
2.066471567377448082e-02
2.223775815218687057e-02
2.157284831628203392e-02
2.198838768526911736e-02
2.139089722186326981e-02
2.091947617009282112e-02
1.994662499055266380e-02
2.220512833446264267e-02
2.257139934226870537e-02
2.088304609060287476e-02
2.065312629565596581e-02
2.152175828814506531e-02
2.133616711944341660e-02
2.042071567848324776e-02
2.194179780781269073e-02
2.176930708810687065e-02
2.221333887428045273e-02
2.077855635434389114e-02
2.105041686445474625e-02
2.140064723789691925e-02
2.246723789721727371e-02
2.040341636165976524e-02
2.123564714565873146e-02
2.053020615130662918e-02
2.105028694495558739e-02
2.159174671396613121e-02
2.070622704923152924e-02
2.184659661725163460e-02
2.177329827100038528e-02
2.346522966399788857e-02
2.244043769314885139e-02
2.225473895668983459e-02
2.198475785553455353e-02
2.243010792881250381e-02
2.136255707591772079e-02
2.208902826532721519e-02
2.154059801250696182e-02
2.196145802736282349e-02
2.107239607721567154e-02
2.175577823072671890e-02
2.116596698760986328e-02
2.008932502940297127e-02
2.028055582195520401e-02
2.121744723990559578e-02
2.153910696506500244e-02
2.094988711178302765e-02
2.063293615356087685e-02
2.227566763758659363e-02
2.170841675251722336e-02
2.288619894534349442e-02
2.308023907244205475e-02
2.428124099969863892e-02
2.216313779354095459e-02
2.223704895004630089e-02
2.116779703646898270e-02
2.262172801420092583e-02
2.225339924916625023e-02
2.144986717030405998e-02
2.106994716450572014e-02
2.023219503462314606e-02
2.043949626386165619e-02
2.053151605650782585e-02
2.120838686823844910e-02
2.105764672160148621e-02
2.042962610721588135e-02
2.007137471809983253e-02
2.232082933187484741e-02
1.994274510070681572e-02
2.133544674143195152e-02
2.118385722860693932e-02
2.206769818440079689e-02
2.176260808482766151e-02
2.112237596884369850e-02
2.220218814909458160e-02
2.207933785393834114e-02
2.057278575375676155e-02
2.125932695344090462e-02
1.948476396501064301e-02
2.101023588329553604e-02
2.125101722776889801e-02
2.198570827022194862e-02
2.052361564710736275e-02
2.158952690660953522e-02
1.994343521073460579e-02
2.031663572415709496e-02
2.229497814550995827e-02
2.183419838547706604e-02
2.160783670842647552e-02
2.161100693047046661e-02
2.020187489688396454e-02
2.161541767418384552e-02
2.031306503340601921e-02
2.028366597369313240e-02
2.079753717407584190e-02
2.167364722117781639e-02
2.260135905817151070e-02
2.328740898519754410e-02
2.133987704291939735e-02
2.117397589609026909e-02
2.207606798037886620e-02
2.032227581366896629e-02
2.064042491838335991e-02
2.083888696506619453e-02
2.240144787356257439e-02
2.149425819516181946e-02
2.094304608181118965e-02
2.103223698213696480e-02
2.156770695000886917e-02
2.243402926251292229e-02
2.092739613726735115e-02
2.037303615361452103e-02
2.109642699360847473e-02
2.037945576012134552e-02
2.017119480296969414e-02
3.107931884005665779e-02
4.051746102049946785e-02
3.777559800073504448e-02
3.644889686256647110e-02
3.102894872426986694e-02
2.241544798016548157e-02
2.159937703981995583e-02
2.386920014396309853e-02
2.100634714588522911e-02
2.157988678663969040e-02
2.501044189557433128e-02
2.259020879864692688e-02
2.452904079109430313e-02
2.453738078474998474e-02
2.244275901466608047e-02
2.198641793802380562e-02
2.442857110872864723e-02
3.427123278379440308e-02
3.049713885411620140e-02
2.550269197672605515e-02
2.345688035711646080e-02
2.600234281271696091e-02
2.170904772356152534e-02
2.136723697185516357e-02
2.354322979226708412e-02
2.386347996070981026e-02
3.206084109842777252e-02
2.654268266633152962e-02
2.378855971619486809e-02
3.055318864062428474e-02
2.530590211972594261e-02
3.252302203327417374e-02
2.573396172374486923e-02
2.265904890373349190e-02
2.864177618175745010e-02
2.495135180652141571e-02
2.447553118690848351e-02
3.011039830744266510e-02
2.291588904336094856e-02
2.241044817492365837e-02
2.625255333259701729e-02
2.761193504557013512e-02
2.169219823554158211e-02
2.665234403684735298e-02
2.518276171758770943e-02
2.215771796181797981e-02
2.211331808939576149e-02
2.423344086855649948e-02
2.562157204374670982e-02
2.798899635672569275e-02
2.253623772412538528e-02
2.132059680297970772e-02
2.331927930936217308e-02
2.290953882038593292e-02
2.594550326466560364e-02
2.383605111390352249e-02
3.034804807975888252e-02
2.223494835197925568e-02
2.347593987360596657e-02
2.827066602185368538e-02
2.491041226312518120e-02
2.263578819110989571e-02
2.152394782751798630e-02
2.387521974742412567e-02
2.215558802708983421e-02
2.306323871016502380e-02
2.370612975209951401e-02
2.309994911774992943e-02
2.392705995589494705e-02
2.156694792211055756e-02
2.336962893605232239e-02
2.236093813553452492e-02
2.252313820645213127e-02
2.072001574560999870e-02
2.250646799802780151e-02
2.332174964249134064e-02
2.128842705860733986e-02
2.333081979304552078e-02
2.288714889436960220e-02
2.237003808841109276e-02
2.410181099548935890e-02
2.330358931794762611e-02
2.500971220433712006e-02
2.202967787161469460e-02
2.422282099723815918e-02
2.963800681754946709e-02
2.874354692175984383e-02
2.929624682292342186e-02
2.219605771824717522e-02
2.337087970227003098e-02
2.245189808309078217e-02
2.205202775076031685e-02
2.285670908167958260e-02
2.110773697495460510e-02
2.110707666724920273e-02
2.167175710201263428e-02
2.641539415344595909e-02
2.518439199775457382e-02
2.347182994708418846e-02
2.350963000208139420e-02
2.259667776525020599e-02
2.220798796042799950e-02
2.095672581344842911e-02
2.300312882289290428e-02
2.213149797171354294e-02
2.386669116094708443e-02
2.111529605463147163e-02
2.242636773735284805e-02
2.289805887266993523e-02
2.104198699817061424e-02
2.225745795294642448e-02
2.640153374522924423e-02
2.218162780627608299e-02
2.222816785797476768e-02
2.379392040893435478e-02
2.308944892138242722e-02
2.120876591652631760e-02
2.299048006534576416e-02
2.236672770231962204e-02
2.350368024781346321e-02
2.176954690366983414e-02
2.386846020817756653e-02
2.211077790707349777e-02
2.069325605407357216e-02
2.438285108655691147e-02
2.446968108415603638e-02
2.481202222406864166e-02
2.244646800681948662e-02
2.214995771646499634e-02
2.177007775753736496e-02
2.334763016551733017e-02
2.290922868996858597e-02
2.728270413354039192e-02
2.374925976619124413e-02
2.230223780497908592e-02
2.411466883495450020e-02
2.299841027706861496e-02
2.321515930816531181e-02
2.453052112832665443e-02
2.777639590203762054e-02
2.448420086875557899e-02
2.358838031068444252e-02
2.278226893395185471e-02
2.216447843238711357e-02
3.032656759023666382e-02
2.699949499219655991e-02
2.424623025581240654e-02
2.259228890761733055e-02
