8.773940742015838623e+00
5.563120990991592407e-01
7.403682768344879150e-01
1.241223309189081192e-01
3.062234297394752502e-01
3.819291247054934502e-02
3.466876014135777950e-02
2.722147107124328613e-02
1.530597102828323841e-02
6.430540233850479126e-03
4.256623215042054653e-03
3.545962157659232616e-03
3.475371864624321461e-03
2.437025861581787467e-03
2.173813933040946722e-03
2.395794930635020137e-03
2.693688817089423537e-03
4.326390917412936687e-03
2.546538366004824638e-03
2.872488432331010699e-03
2.436836424749344587e-03
2.256264473544433713e-03
2.454067318467423320e-03
2.338818798307329416e-03
1.831978617701679468e-03
2.748338680248707533e-03
2.021192602114751935e-03
1.859758718637749553e-03
1.373274375509936363e-03
7.007218227954581380e-04
6.207316473592072725e-04
7.887668325565755367e-04
8.805620236671529710e-04
4.919238708680495620e-04
5.473298078868538141e-04
8.759624179219827056e-04
1.013698849419597536e-03
1.711589837213978171e-03
5.607904051430523396e-03
4.651296942029148340e-03
2.329481532797217369e-03
1.941766284289769828e-03
7.838456076569855213e-04
7.760724110994488001e-04
1.180106599349528551e-03
1.618799826246686280e-03
1.275418318982701749e-03
2.863539266400039196e-03
1.584923695190809667e-03
2.224050491349771619e-03
2.938159508630633354e-03
2.622765168780460954e-03
2.562280627898871899e-03
2.512767605367116630e-03
1.770412014593603089e-03
3.296510403743013740e-03
2.132459398126229644e-03
2.177162969019263983e-03
3.050127575988881290e-03
1.123908572481013834e-03
1.344672171398997307e-03
1.371150414342992008e-03
6.403759980457834899e-04
2.843548612872837111e-03
2.097054362820927054e-03
1.840055607317481190e-03
2.807773911627009511e-03
1.197836871142499149e-03
4.140452627325430512e-03
2.794917600112967193e-03
2.516426378861069679e-03
2.062917494185967371e-03
3.884968667989596725e-03
3.980150042480090633e-03
3.989674194599501789e-03
1.476073302910663188e-03
1.903647236758843064e-03
1.910527134896256030e-03
2.457310736645013094e-03
6.023752794135361910e-04
4.734317262773402035e-04
8.787064725765958428e-04
6.448094281950034201e-04
5.381517039495520294e-04
4.322068998590111732e-04
6.124056963017210364e-04
2.199795999331399798e-03
2.004143025260418653e-03
1.618217240320518613e-03
1.952911377884447575e-03
2.071829221677035093e-03
1.743750093737617135e-03
6.889648939250037074e-04
9.418255212949588895e-04
1.146195922046899796e-03
9.910228727676440030e-04
1.271625937079079449e-03
9.300993624492548406e-04
6.009014439769089222e-03
7.223494118079543114e-03
1.121654015150852501e-03
1.930870756041258574e-03
1.909861282911151648e-03
9.782345077837817371e-04
1.680726018093992025e-03
2.008026174735277891e-03
1.300294708926230669e-03
1.509029185399413109e-03
1.520452620752621442e-03
1.947737982845865190e-03
1.716933504212647676e-03
1.595018831721972674e-03
1.449578747269697487e-03
1.723429231788031757e-03
1.403932059474755079e-03
9.192562138196080923e-04
1.056607550708577037e-03
1.081697322661057115e-03
1.315542853262741119e-03
5.679341265931725502e-04
3.627463156590238214e-04
4.253788538335356861e-04
5.064763136033434421e-04
3.423641392146237195e-04
4.532871753326617181e-04
1.005773636279627681e-03
1.411943660059478134e-03
4.259230117895640433e-04
5.614825204247608781e-04
6.719054290442727506e-04
4.498461930779740214e-04
4.759724934046971612e-04
2.492803796485532075e-04
1.584243727847933769e-04
2.220805654360447079e-04
2.684988248802255839e-04
1.430668380635324866e-04
1.166313886642456055e-04
1.775983528204960749e-04
1.196188113681273535e-04
1.240863402927061543e-04
1.602462270966498181e-04
1.323482092630001716e-04
7.713066588621586561e-05
8.010624333110172302e-05
1.232516633535851724e-04
1.010535270324908197e-04
1.199255675601307303e-04
1.060444928953074850e-04
1.113234429794829339e-04
7.280015688593266532e-05
1.579037270857952535e-04
1.355206250082119368e-04
1.579344489073264413e-04
3.568443244148511440e-04
7.853913120925426483e-04
4.418736389197874814e-04
3.998549764219205827e-04
2.664951316546648741e-04
1.090307323465822265e-04
1.085023577616084367e-04
1.392338363075396046e-04
2.526946263969875872e-04
2.576288534328341484e-04
2.740669915510807186e-04
2.417471732769627124e-04
2.546480809542117640e-04
2.430549757264088839e-04
2.292227327416185290e-04
2.912983982241712511e-04
3.114858154731336981e-04
4.015897138742730021e-04
2.377125383645761758e-04
2.017103261096053757e-04
2.011517908613313921e-04
3.915934867109172046e-04
5.045280704507604241e-04
4.859098080487456173e-04
4.814634394278982654e-04
8.192511104425648227e-04
3.953124869440216571e-04
5.758921761298552155e-04
4.160812095506116748e-04
4.300290602259337902e-04
3.695199702633544803e-04
3.250740810472052544e-04
4.274855127732735127e-04
2.248536875413265079e-04
2.737644826993346214e-04
1.328780354015179910e-04
8.417600975008099340e-05
1.201459308504126966e-04
1.384352644890896045e-04
2.346856053918600082e-04
1.099349910873570479e-04
4.532125058176461607e-04
5.237289460637839511e-04
9.708363213576376438e-04
5.970410711597651243e-04
2.271470548294018954e-04
5.729670338041614741e-04
3.320750365674030036e-04
2.612514435895718634e-04
1.599673914824961685e-04
2.135034237653599121e-04
1.167557275039143860e-04
1.129955498981871642e-04
6.758326526323799044e-05
1.226371377924806438e-04
7.044791072985390201e-05
1.208589719681185670e-04
1.088646931748371571e-04
1.041224049913580529e-04
1.009100615192437544e-04
1.088333083316683769e-04
1.227296743309125304e-04
7.581215595564572141e-05
5.163772539162891917e-05
4.036574910060153343e-05
3.539081490089301951e-05
2.774129643512424082e-05
3.800731929004541598e-05
3.032042695849668235e-05
3.093436180279240943e-05
4.378357834866619669e-05
4.641962459572823718e-05
2.622139118102495559e-05
2.114853123202919960e-05
2.647240307851461694e-05
3.353349984536180273e-05
2.355794049435644411e-05
2.446201324346475303e-05
2.559176277827646118e-05
2.272518099744047504e-05
3.673592618724796921e-05
8.281687269118265249e-05
5.995253377477638423e-05
8.118173900584224612e-05
1.455833216823521070e-04
1.252513447980163619e-04
7.803829703334486112e-05
4.796082248503807932e-05
2.779228975668956991e-05
2.583164314273744822e-05
2.218870940851047635e-05
2.770182163658319041e-05
2.746504060269217007e-05
3.981768577432376333e-05
2.508065335860010237e-05
2.424722856630978640e-05
2.624106332405062858e-05
2.668275101314065978e-05
3.133357131446246058e-05
4.639387793758942280e-05
1.488162970417761244e-04
1.174593489849939942e-04
1.148572573583805934e-04
1.320712153756176122e-04
5.484847997649922036e-05
4.929597344016656280e-05
1.198153108816768508e-04
5.219746526563540101e-05
1.613664085198251996e-04
1.830215442168992013e-04
9.136828612099634483e-05
1.692740188445895910e-04
3.097444869126775302e-05
4.654312078855582513e-05
2.126795288859284483e-05
1.664383717070450075e-05
3.127672925984370522e-05
7.869050386943854392e-05
1.224523293785750866e-04
1.382233931508380920e-04
5.598036977971787564e-05
1.978882028197403997e-05
1.694766797299962491e-05
4.715105205832514912e-05
4.945255250277114101e-05
6.779093746445141733e-05
6.109706419010763057e-05
2.826876752806128934e-04
6.755197009624680504e-04
2.721102682698983699e-04
4.969791380062815733e-04
4.574458434944972396e-04
3.922996984329074621e-04
2.432361889077583328e-04
2.204893244197592139e-04
1.536867493996396661e-04
1.111639958253363147e-04
1.294450667046476156e-04
1.490460313107178081e-04
4.173647494098986499e-05
8.091864856396568939e-05
1.545690720377024263e-04
7.760232529108179733e-05
1.583034118084469810e-04
1.913259684442891739e-04
4.911735095447511412e-05
2.016903572439332493e-04
1.654768839216558263e-04
3.556464071152731776e-05
2.217356973233108874e-05
1.394826563227979932e-05
9.022637186717474833e-06
9.077022923520416953e-06
1.037525157698837575e-05
1.013162182061932981e-05
1.043832662617205642e-05
1.020007607621664647e-05
9.762543641045340337e-06
1.152370691670512315e-05
9.787083399714902043e-06
9.243552085536066443e-06
9.825448614719789475e-06
1.069660777375247562e-05
1.104628336179303005e-05
8.604276899859542027e-06
1.017837212202721275e-05
8.684302883921191096e-06
8.304952416438027285e-06
8.568752946302993223e-06
9.803701686905696988e-06
8.989938692138821352e-06
9.945897659235924948e-06
1.071805422725446988e-05
1.446299324925348628e-05
1.032279703849781072e-05
1.569049163663294166e-05
1.381894503538205754e-05
1.187868497254385147e-05
9.101133628064417280e-06
8.644637432553281542e-06
9.302048283643671311e-06
8.688551588420523331e-06
8.401304285143851303e-06
7.788266771058260929e-06
6.979102749937737826e-06
7.783407454553525895e-06
9.430530667486891616e-06
8.678913900439511053e-06
1.112223731070116628e-05
1.078891193628805922e-05
9.933349929269752465e-06
1.375337865283654537e-05
9.580698360878159292e-06
1.306130138800654095e-05
1.163492891009809682e-05
1.183748486255353782e-05
1.160707427061424823e-05
1.004120349534787238e-05
9.968469726118200924e-06
1.518835995284462115e-05
1.120279853239480872e-05
1.073428018116828753e-05
1.455568462915834971e-05
1.653493359299318399e-05
1.341161214440944605e-05
1.733598924147372600e-05
1.602089014340890571e-05
1.430109887223807164e-05
8.856696808834385592e-06
9.440319558962073643e-06
6.698800234516966157e-06
8.025777106013265438e-06
1.321016577549016802e-05
1.535026422061491758e-05
1.722722095109929796e-05
1.152619211097771768e-05
8.549468702767626382e-06
1.212996858157566749e-05
1.140241477060044417e-05
9.667729500506538898e-06
8.438792292508878745e-06
8.528434364052372985e-06
5.810093625768786296e-06
1.277046067116316408e-05
9.921145078806148376e-06
1.539162235530966427e-05
9.590742251930350903e-06
8.782722261457820423e-06
1.586006669640482869e-05
1.624204992367594969e-05
1.207253637858229922e-05
1.552800983972701943e-05
1.226541928645019652e-05
1.125394669543311466e-05
1.045573151259304723e-05
1.319678926847700495e-05
1.692025284683040809e-05
2.237310991404228844e-05
7.458809159288648516e-05
5.832060151078621857e-05
4.183975056548661087e-05
3.177856387992505915e-05
1.074887518370815087e-05
2.113396021741209552e-05
2.455681374158302788e-05
4.545965794022777118e-05
1.471504720029770397e-05
1.005939930109889247e-05
8.984673854683933314e-06
7.124335184016672429e-06
5.761951342719839886e-06
6.074508064557448961e-06
5.737484116252744570e-06
5.065426307737652678e-06
5.055818746768636629e-06
6.123921480138960760e-06
6.015851795382332057e-06
5.815468625769426581e-06
5.336760523277916946e-06
5.067314305051695555e-06
5.365192578210553620e-06
5.003867386221827473e-06
4.675353238781099208e-06
4.707463290287705604e-06
4.855947850046504755e-06
4.683971042140910868e-06
4.713307362180785276e-06
4.887345085080596618e-06
4.576763672048400622e-06
5.042250677433912642e-06
4.824648613066528924e-06
4.587481384987768251e-06
4.756336693390039727e-06
4.608035965247836430e-06
4.514335273597680498e-06
4.775135380441497546e-06
5.513075734597805422e-06
5.875101464880572166e-06
5.380980269364954438e-06
6.416096766770351678e-06
6.547272846546547953e-06
5.964613251308037434e-06
5.089949468128907029e-06
4.715756745099497493e-06
4.583185159390268382e-06
5.207778031035559252e-06
4.619706032826798037e-06
4.500161594478413463e-06
5.019125410399283282e-06
4.804786613021860830e-06
4.432731770975806285e-06
4.661614752876630519e-06
4.620137701749627013e-06
4.997681003260368016e-06
5.007348818253376521e-06
4.630036187336372677e-06
4.947620027451193891e-06
4.824214670406945515e-06
5.069726626061310526e-06
5.112409553476027213e-06
5.442947099254524801e-06
4.873311127084889449e-06
5.487938778969692066e-06
6.205606268849805929e-06
4.437043003235885408e-06
4.664535367737698834e-06
4.383679652164573781e-06
4.420386972014966886e-06
4.336483357292308938e-06
4.152061023887654301e-06
4.051493988299625926e-06
4.059974514802888734e-06
4.162877644375839736e-06
4.033079278542572865e-06
4.925333882965787780e-06
4.673371108765422832e-06
4.528516683421912603e-06
4.441543183020257857e-06
4.695000086485379143e-06
4.451223389878578018e-06
4.532569050752499606e-06
5.041074359724007081e-06
4.755561008096265141e-06
5.663282308887573890e-06
4.376159949970315211e-06
5.286127930048678536e-06
5.301059104567684699e-06
4.998454983251576778e-06
5.565649530581140425e-06
5.563696504395920783e-06
5.461951673169096466e-06
4.721887648884148803e-06
4.412573389345197938e-06
4.908833830086223315e-06
4.547665525933552999e-06
3.999228624707029667e-06
4.026533304113399936e-06
3.757275806037796428e-06
3.794543204094225075e-06
3.880589133586909156e-06
3.903055528553522890e-06
4.144884599099896150e-06
3.995693589331494877e-06
4.153970508014026564e-06
4.162956486197799677e-06
4.637071810975612607e-06
3.887975879024452297e-06
3.739162480087543372e-06
3.718902860327943927e-06
3.775043637688213494e-06
3.959200569170207018e-06
3.710713485816086177e-06
3.563181167010043282e-06
3.621111716256564250e-06
3.625482747793284943e-06
3.717207903264352353e-06
3.707946291342523182e-06
3.836797645817568991e-06
4.049456549637397984e-06
3.948552318888687296e-06
3.757470892651326722e-06
3.677866004636598518e-06
3.897921772022527875e-06
3.646141749413800426e-06
3.748862468455627095e-06
4.103583819414780010e-06
3.912851354925805936e-06
3.587128560411656508e-06
3.501708363273792202e-06
3.579976521450589644e-06
3.603644245231407695e-06
3.762322080547164660e-06
4.006899928299390012e-06
3.633330663888045819e-06
3.628761646723432932e-06
3.581982582545606419e-06
3.507828466808859957e-06
3.453387705576460576e-06
3.448106667747197207e-06
3.638548264461860526e-06
3.852671966342313681e-06
3.665532119612180395e-06
3.520571624449075898e-06
3.560534992175234947e-06
3.504564006107102614e-06
3.543603611433354672e-06
3.523452221543266205e-06
3.457044954302546103e-06
3.461010180672019487e-06
3.595262228373030666e-06
3.390897518329438753e-06
3.404593883260531584e-06
3.365031091107084649e-06
3.384960393759683939e-06
3.401374385703093139e-06
3.486650882678077323e-06
3.497648208394821268e-06
3.491758093332464341e-06
3.348034795180865331e-06
3.467898750386666507e-06
3.307453141587757273e-06
3.382133456852898235e-06
3.482764100226631854e-06
3.499608794754749397e-06
4.011322459973598598e-06
3.515788534969033208e-06
3.752551720026531257e-06
3.409728435599390650e-06
3.515271089327143272e-06
3.547844130480370950e-06
3.625254748840234242e-06
3.535530993303837022e-06
3.419953770844585961e-06
3.369613068571197800e-06
3.377704217655264074e-06
3.326105854739580536e-06
3.277481880559207639e-06
3.285943080300057773e-06
3.285423758825345431e-06
3.384409410500666127e-06
3.283796843334130244e-06
3.264680628944915952e-06
3.476168046745442552e-06
3.328477760078385472e-06
3.369451178514282219e-06
3.623176155542751076e-06
3.308657255729485769e-06
3.206971712188533274e-06
3.239693853629432851e-06
3.312949957035016268e-06
3.255848866956512211e-06
3.409616681437910302e-06
3.226526303024002118e-06
3.248972120672988240e-06
3.404152664643333992e-06
3.359500681199278915e-06
3.357081084232049761e-06
3.243809771902306238e-06
3.184330239491828252e-06
3.190329778135492234e-06
3.360794551099388627e-06
3.239765817397710634e-06
3.512145042350311996e-06
3.434735276641731616e-06
3.630193077697185799e-06
3.464317217094503576e-06
3.143357389490120113e-06
3.132906840619398281e-06
3.195170961589610670e-06
3.248732980409840820e-06
3.106525696239259560e-06
3.128424395981710404e-06
3.112815591066464549e-06
3.080989927184418775e-06
3.105690666416194290e-06
3.073122059049637755e-06
3.095286331245006295e-06
3.129471963347896235e-06
3.117509095318382606e-06
3.079639668612799142e-06
3.046921108307287795e-06
3.058587992654793197e-06
3.052227668831619667e-06
3.042990329049644060e-06
3.063755002585821785e-06
3.150004829421959585e-06
3.055860418044176186e-06
3.043880099085072288e-06
3.157075411763798911e-06
3.061959716887940885e-06
3.046144115614879411e-06
3.044587231215700740e-06
3.191933387824974488e-06
3.156155571559793316e-06
3.186668720900343033e-06
3.071570461088413140e-06
3.065399027946114074e-06
3.039358716705464758e-06
3.043123172119521769e-06
3.041314982965559466e-06
3.081196780385653256e-06
3.073911329920520075e-06
3.109630483777436893e-06
3.227961315133143216e-06
3.151404825985082425e-06
3.139184457268129336e-06
3.165297869145433651e-06
2.988951052884658566e-06
2.993755231273098616e-06
3.012653564837819431e-06
2.978822919885715237e-06
3.137575504297274165e-06
3.170910872540844139e-06
3.154752846512565156e-06
2.988667688441637438e-06
3.032467418506712420e-06
2.989889196669537341e-06
2.961979532756231492e-06
2.983808883527672151e-06
3.014979085946833948e-06
3.102799041698744986e-06
3.172284664287872147e-06
3.627812759532389464e-06
3.296106683592370246e-06
3.141875822620932013e-06
3.135913686946878443e-06
3.238542205963312881e-06
3.126324770619248739e-06
3.187114884894981515e-06
3.168404759890108835e-06
3.370174624706123723e-06
3.018947438704344677e-06
2.930865832695417339e-06
2.960484778213867685e-06
2.963573194847413106e-06
2.934987151093082502e-06
2.937593706064944854e-06
2.973365042180375895e-06
2.919492374076071428e-06
2.922835676599788712e-06
2.942864739452488720e-06
2.964928000892541604e-06
2.990390896684402833e-06
2.915610821219161153e-06
2.889437439534958685e-06
2.912298612045560731e-06
2.953679654638108332e-06
2.939307762517273659e-06
2.925509761553257704e-06
2.992529175571689848e-06
2.951395515538024483e-06
2.897860611028590938e-06
2.911481658429693198e-06
2.956890966743230820e-06
2.882325190967094386e-06
2.898410627949488116e-06
2.889521965698804706e-06
2.909463887590391096e-06
2.967833779621287249e-06
2.895325906138168648e-06
2.874929521112790098e-06
2.916819084930466488e-06
2.873583468954166165e-06
2.901420828038681066e-06
2.937714157269510906e-06
2.866137037926819175e-06
2.878265320305217756e-06
2.886447077798948158e-06
2.843324750756437425e-06
2.845720587174582761e-06
2.841148329935094807e-06
2.852856994195462903e-06
2.835411976320756366e-06
2.837305032699077856e-06
2.849746465471980628e-06
2.836252406268613413e-06
2.830304197232180741e-06
2.851656688562798081e-06
2.828666140430868836e-06
2.865853673483798048e-06
2.824790726663195528e-06
2.828421600042929640e-06
2.824448984029004350e-06
2.810003479680744931e-06
2.815536220168723958e-06
2.830316816471167840e-06
2.835727229921758408e-06
2.850005444088310469e-06
2.804530311095732031e-06
2.809258774050249485e-06
2.803005656915047439e-06
2.868296917313273298e-06
2.852353020443842979e-06
2.853925423096370650e-06
2.817384654463239713e-06
2.813332969253679039e-06
2.823354179781745188e-06
2.861956318156444468e-06
2.817674214838916669e-06
2.822009435021755053e-06
2.822162628035584930e-06
2.802189555950462818e-06
2.783293268748820992e-06
2.842767969468695810e-06
2.812653178807522636e-06
2.797637648654927034e-06
2.807378450597752817e-06
2.834221220382460160e-06
2.799033950395823922e-06
2.812210880165366689e-06
2.811026263316307450e-06
2.783887566693010740e-06
2.871099354706529994e-06
2.805850726872449741e-06
2.910213709128584014e-06
2.834330928180861520e-06
2.822536373514594743e-06
2.888240203446912346e-06
2.857429080904694274e-06
2.859698156498780008e-06
2.826886031925823772e-06
2.857274409961974015e-06
2.842912977030209731e-06
2.767178727935970528e-06
2.766207671811571345e-06
2.793144517454493325e-06
2.755942716703430051e-06
2.778330781438853592e-06
2.768526144336647121e-06
2.786193761039612582e-06
2.830874393566773506e-06
2.789340726394584635e-06
2.802264020829170477e-06
2.793197324990615016e-06
2.757936670150229475e-06
2.790497262594726635e-06
2.819369569806440268e-06
2.793234216369455680e-06
2.750718465449608630e-06
2.811887213738373248e-06
2.782147305424587103e-06
2.757860272595280549e-06
2.800738855057716137e-06
2.795921147935587214e-06
2.759853089173702756e-06
2.781294256237742957e-06
2.720302518355310895e-06
2.760713016414229060e-06
2.723585453168198001e-06
2.751489205365942325e-06
2.823996283041196875e-06
2.774781080461252714e-06
2.741659102412086213e-06
2.725490901411831146e-06
2.749271686752763344e-06
2.725754484345088713e-06
2.720234192565840203e-06
2.770819548914005281e-06
2.718047142025170615e-06
2.714088282118609641e-06
2.715609809911256889e-06
2.723562261053302791e-06
2.732835923779930454e-06
2.730160588271246525e-06
2.718333462325972505e-06
2.722022998113970971e-06
2.733686187639250420e-06
2.703965151340526063e-06
2.714589470542705385e-06
2.700245431697112508e-06
2.705519420942437137e-06
2.692941109216917539e-06
2.692212831334472867e-06
2.701684536532411585e-06
2.699990261589846341e-06
2.694275167414161842e-06
2.697447598620783538e-06
2.690983023967419285e-06
2.717133440910401987e-06
2.692659961667231983e-06
2.710192347876727581e-06
2.687454127681121463e-06
2.699015453799802344e-06
2.690171299946086947e-06
2.707708915750117740e-06
2.761562143405171810e-06
2.707604494389670435e-06
2.694241004519426497e-06
2.716861956741922768e-06
2.690713472475181334e-06
2.688367260361701483e-06
2.678407042822072981e-06
2.695101443350722548e-06
2.695972511901345570e-06
2.689435746106028091e-06
2.678296539215807570e-06
2.679234910374361789e-06
2.698334355955012143e-06
2.716161816351814196e-06
2.687224764486018103e-06
2.672803816494706552e-06
2.682396143427467905e-06
2.669132868504675571e-06
2.668215927315031877e-06
2.679425165297288913e-06
2.671071513304923428e-06
2.686465620627132012e-06
2.674573067906749202e-06
2.667114017640415113e-06
2.677507438875181833e-06
2.663524924173543695e-06
2.666612260782130761e-06
2.685253548406763002e-06
2.670209028110548388e-06
2.662725137270172127e-06
2.663637019395537209e-06
2.666392276751139434e-06
2.662522319951676764e-06
2.661660744252003497e-06
2.665682416136405664e-06
2.657398511018982390e-06
2.677871577816404169e-06
2.654670936408365378e-06
2.651947625054162927e-06
2.695113778372615343e-06
2.680186412362672854e-06
2.692676105198188452e-06
2.658074265582399676e-06
2.650471117249253439e-06
2.652301475336571457e-06
2.662743554537883028e-06
2.653147816999990027e-06
2.653779517913790187e-06
2.642624053805775475e-06
2.646505038228497142e-06
2.667902322173176799e-06
2.661944222381862346e-06
2.671830429790134076e-06
2.658949370015761815e-06
2.649900693540985230e-06
2.650143642313196324e-06
2.652484681675559841e-06
2.649464590831485111e-06
2.645321217187301954e-06
2.657649815773766022e-06
2.641819833115732763e-06
2.634403472256963141e-06
2.641261175995168742e-06
2.635475198076164816e-06
2.644255971517850412e-06
2.637731540744425729e-06
2.642978643052629195e-06
2.643638822519278619e-06
2.630860365115950117e-06
2.667300520897697425e-06
2.655445030086411862e-06
2.649152293088263832e-06
2.630415508519945433e-06
2.681027751805231674e-06
2.657272375472530257e-06
2.637287764173379401e-06
2.644444634825049434e-06
2.624855426347494358e-06
2.628013078265212243e-06
2.642739275415806333e-06
2.671822130650980398e-06
2.621381781864329241e-06
2.620006341658154270e-06
2.628207312227459624e-06
2.616053791371086845e-06
2.619385213620262221e-06
2.631173856570967473e-06
2.626330797284026630e-06
2.618831388190301368e-06
2.621335909225308569e-06
2.614197967432119185e-06
2.617495738377328962e-06
2.617852942421450280e-06
2.620439090605941601e-06
2.616023209611739730e-06
2.617863401610520668e-06
2.611191973755921936e-06
2.609351611226884415e-06
2.639013871430506697e-06
2.609128500807855744e-06
2.613239303173031658e-06
2.611486706882715225e-06
2.621118937895516865e-06
2.613237654713884695e-06
2.614563982206163928e-06
2.628215725053451024e-06
2.613542847029748373e-06
2.611449758660455700e-06
2.622425256504357094e-06
2.608219915600784589e-06
2.610410604120261269e-06
2.600861307655577548e-06
2.608260160741338041e-06
2.639747322064067703e-06
2.617425025164266117e-06
2.614425227420724696e-06
2.620401858166587772e-06
2.609459215818787925e-06
2.605248141662741546e-06
2.607727651593449991e-06
2.603984853521978948e-06
2.609275043141678907e-06
2.621931287194456672e-06
2.602210201985144522e-06
2.599616152565431548e-06
2.609416583254642319e-06
2.606558894058252918e-06
2.601754943043488311e-06
2.604405665351805510e-06
2.596896990780805936e-06
2.611123306905938080e-06
2.605583233616926009e-06
2.597767718270915793e-06
2.605636495900398586e-06
2.602392385142593412e-06
2.592956775515631307e-06
2.592567113879340468e-06
2.593332965261652134e-06
2.595791499970800942e-06
2.603824952984723495e-06
2.600669915864273207e-06
2.594934812805149704e-06
2.590402232272026595e-06
2.599914068923681043e-06
2.589917073692049598e-06
2.596725039438751992e-06
2.596687124878371833e-06
2.592654311683872947e-06
2.590575604699552059e-06
2.589469715985615039e-06
2.590040651284652995e-06
2.604253950266866013e-06
2.583529976618592627e-06
2.597120612790604355e-06
2.589204655123467091e-06
2.587803862752480200e-06
2.598755031613109168e-06
2.593752867596776923e-06
2.585536094557028264e-06
2.587790618235885631e-06
2.583432149094733177e-06
2.585456968517974019e-06
2.586339292065531481e-06
2.586421260275528766e-06
2.585262848242564360e-06
2.583758885066345101e-06
2.592696546344086528e-06
2.585343395367090125e-06
2.589644509498612024e-06
2.579916838385543087e-06
2.588689540061750449e-06
2.592806993106933078e-06
2.581902265319513390e-06
2.581466048923175549e-06
2.578617511517222738e-06
2.588173856565845199e-06
2.585384720532601932e-06
2.590527799384290120e-06
2.579538204372511245e-06
2.578847613676771289e-06
2.575672965576814022e-06
