1.256322205066680908e+00
8.445055782794952393e-01
5.708230137825012207e-01
3.595352284610271454e-01
3.959157727658748627e-01
3.983212187886238098e-01
3.674877434968948364e-01
3.298674002289772034e-01
2.966831475496292114e-01
2.538899257779121399e-01
2.613153420388698578e-01
2.857934571802616119e-01
2.365113273262977600e-01
2.845304030925035477e-01
2.217590939253568649e-01
1.926909014582633972e-01
1.990680303424596786e-01
1.895385347306728363e-01
2.387429215013980865e-01
2.045849934220314026e-01
1.905060522258281708e-01
1.562540857121348381e-01
1.611866485327482224e-01
1.634165253490209579e-01
2.106264531612396240e-01
1.749397069215774536e-01
2.001827340573072433e-01
1.605150289833545685e-01
1.259488770738244057e-01
1.218717070296406746e-01
1.593811884522438049e-01
2.055013179779052734e-01
1.466358378529548645e-01
1.339791640639305115e-01
1.372081395238637924e-01
1.543851364403963089e-01
1.967005943879485130e-01
1.411350555717945099e-01
2.425570152699947357e-01
1.754955686628818512e-01
1.696521658450365067e-01
1.595613844692707062e-01
1.474046055227518082e-01
1.286921268329024315e-01
1.306862179189920425e-01
1.323379036039113998e-01
1.909481436014175415e-01
1.167216412723064423e-01
1.222096346318721771e-01
1.042527575045824051e-01
1.404115725308656693e-01
1.739566549658775330e-01
1.028465060517191887e-01
1.476089190691709518e-01
1.398089644499123096e-01
1.369564104825258255e-01
1.598373898304998875e-01
1.044518314301967621e-01
1.051148977130651474e-01
1.347299776971340179e-01
1.197974653914570808e-01
1.487101009115576744e-01
1.467332914471626282e-01
1.163070052862167358e-01
9.932190272957086563e-02
1.050766222178936005e-01
1.273414436727762222e-01
1.496644048020243645e-01
1.259332951158285141e-01
1.345153050497174263e-01
7.778911106288433075e-02
8.331617806106805801e-02
9.998654853552579880e-02
7.189545035362243652e-02
1.142841465771198273e-01
1.354465931653976440e-01
1.158927874639630318e-01
1.637641321867704391e-01
9.765861276537179947e-02
9.264270123094320297e-02
1.003728937357664108e-01
1.419869940727949142e-01
1.394525580108165741e-01
1.295822784304618835e-01
1.123580932617187500e-01
7.800272526219487190e-02
9.351635910570621490e-02
1.203471119515597820e-01
1.218269160017371178e-01
1.313157547265291214e-01
1.088429903611540794e-01
8.952309330925345421e-02
1.156817665323615074e-01
1.151076052337884903e-01
1.188022121787071228e-01
1.051924210041761398e-01
1.146584404632449150e-01
9.650937374681234360e-02
1.237253174185752869e-01
9.736929647624492645e-02
1.190130906179547310e-01
7.208321243524551392e-02
1.260954635217785835e-01
9.507270064204931259e-02
7.510692952200770378e-02
7.432329468429088593e-02
7.348307687789201736e-02
6.654102867469191551e-02
5.661047622561454773e-02
7.833895739167928696e-02
6.372646288946270943e-02
7.930855685845017433e-02
7.466704305261373520e-02
7.049996405839920044e-02
6.113644596189260483e-02
6.303541082888841629e-02
7.660018885508179665e-02
6.673182267695665359e-02
7.686517294496297836e-02
6.708745984360575676e-02
6.207220163196325302e-02
6.815738743171095848e-02
6.877014460042119026e-02
6.991950888186693192e-02
6.975116953253746033e-02
6.885823654010891914e-02
6.392592098563909531e-02
6.822319654747843742e-02
6.631674617528915405e-02
6.862409692257642746e-02
6.702476320788264275e-02
6.828838912770152092e-02
6.450258521363139153e-02
6.712216744199395180e-02
6.514488020911812782e-02
6.642938777804374695e-02
6.626784009858965874e-02
6.625084392726421356e-02
6.526023428887128830e-02
6.606743903830647469e-02
6.434605969116091728e-02
6.538908742368221283e-02
6.492012552917003632e-02
6.506630638614296913e-02
6.497736973688006401e-02
6.493811076506972313e-02
6.422387715429067612e-02
6.450160173699259758e-02
6.408818438649177551e-02
6.393505353480577469e-02
6.439345562830567360e-02
6.355548603460192680e-02
6.419676635414361954e-02
6.332268379628658295e-02
6.382564175873994827e-02
6.279368931427598000e-02
6.388498097658157349e-02
6.226945295929908752e-02
6.381534645333886147e-02
6.174424383789300919e-02
6.388876261189579964e-02
6.177669623866677284e-02
6.363997282460331917e-02
6.167590292170643806e-02
6.303860247135162354e-02
6.149672670289874077e-02
6.309445947408676147e-02
6.171306502074003220e-02
6.405093614012002945e-02
6.090368237346410751e-02
6.293079862371087074e-02
5.692938948050141335e-02
6.224368745461106300e-02
5.868803011253476143e-02
6.506178621202707291e-02
6.270184926688671112e-02
6.276734359562397003e-02
6.216033827513456345e-02
5.958611704409122467e-02
6.031887931749224663e-02
6.165930116549134254e-02
6.050356151536107063e-02
6.370173767209053040e-02
5.989187723025679588e-02
6.221797782927751541e-02
5.868482450023293495e-02
6.080923974514007568e-02
5.875037238001823425e-02
6.047547515481710434e-02
6.052982714027166367e-02
6.131281424313783646e-02
6.130086723715066910e-02
6.026888964697718620e-02
5.908822594210505486e-02
5.968507193028926849e-02
5.806746566668152809e-02
6.145620765164494514e-02
5.807204125449061394e-02
6.219847919419407845e-02
5.796455452218651772e-02
6.046329392120242119e-02
4.065143084153532982e-02
5.865867016837000847e-02
4.184508603066205978e-02
5.887972679920494556e-02
5.239131860435009003e-02
4.851487651467323303e-02
4.413279611617326736e-02
5.590066639706492424e-02
4.186695418320596218e-02
5.325170932337641716e-02
4.646605579182505608e-02
4.531100532039999962e-02
3.887765412218868732e-02
5.222612759098410606e-02
4.262285074219107628e-02
4.646217380650341511e-02
3.987696510739624500e-02
4.651544522494077682e-02
3.983329655602574348e-02
4.664959176443517208e-02
4.067252995446324348e-02
4.456858942285180092e-02
3.901867102831602097e-02
4.555321973748505116e-02
4.086744575761258602e-02
4.571858956478536129e-02
4.203611961565911770e-02
4.761288873851299286e-02
4.208159539848566055e-02
4.256390407681465149e-02
3.834969457238912582e-02
5.047963955439627171e-02
3.813415858894586563e-02
4.439936042763292789e-02
3.812218504026532173e-02
5.006878823041915894e-02
4.076413461007177830e-02
4.189239535480737686e-02
3.743490995839238167e-02
5.079239467158913612e-02
4.016904416494071484e-02
4.088466987013816833e-02
3.590803779661655426e-02
5.271379649639129639e-02
4.060974018648266792e-02
4.024178138934075832e-02
3.516387240961194038e-02
4.647449543699622154e-02
3.915690025314688683e-02
4.054003115743398666e-02
4.018101515248417854e-02
5.419385526329278946e-02
3.879782767035067081e-02
3.838878497481346130e-02
3.453861642628908157e-02
4.867883748374879360e-02
4.413048597052693367e-02
4.132166923955082893e-02
4.349009739235043526e-02
3.979111486114561558e-02
4.146789433434605598e-02
4.638440907001495361e-02
3.893341962248086929e-02
4.321588412858545780e-02
4.011785332113504410e-02
4.363839048892259598e-02
3.940027300268411636e-02
4.435225622728466988e-02
3.898092242889106274e-02
4.391516023315489292e-02
3.890863014385104179e-02
4.318859358318150043e-02
3.963229199871420860e-02
4.441134165972471237e-02
3.899585548788309097e-02
4.159520077519118786e-02
3.973360895179212093e-02
4.455576464533805847e-02
3.912839689292013645e-02
4.062533401884138584e-02
4.023220832459628582e-02
4.470239649526774883e-02
3.835577052086591721e-02
4.064360656775534153e-02
4.041898483410477638e-02
4.431747808121144772e-02
3.809301974251866341e-02
4.054877278394997120e-02
4.050748026929795742e-02
4.363492410629987717e-02
3.781352727673947811e-02
4.077476356178522110e-02
4.095102567225694656e-02
4.268332291394472122e-02
3.802199242636561394e-02
4.134192178025841713e-02
4.055079352110624313e-02
4.174450505524873734e-02
3.823763178661465645e-02
4.164540395140647888e-02
3.288064408116042614e-02
3.365360992029309273e-02
3.455667360685765743e-02
2.915795519948005676e-02
2.971092751249670982e-02
2.910659438930451870e-02
2.994416933506727219e-02
3.285542735829949379e-02
3.033194853924214840e-02
3.067854326218366623e-02
3.194817970506846905e-02
3.083870979025959969e-02
3.111766208894550800e-02
3.047442995011806488e-02
3.125652135349810123e-02
3.108680620789527893e-02
3.093051514588296413e-02
3.000144986435770988e-02
3.126426204107701778e-02
3.101356071420013905e-02
3.083797520957887173e-02
3.019111719913780689e-02
3.111346950754523277e-02
3.053121874108910561e-02
3.095167432911694050e-02
3.032334800809621811e-02
3.089734329842031002e-02
3.028549719601869583e-02
3.077393909916281700e-02
3.024065634235739708e-02
3.074120706878602505e-02
3.016316611319780350e-02
3.079742635600268841e-02
3.023672918789088726e-02
3.073721844702959061e-02
3.003431227989494801e-02
3.067281935364007950e-02
3.023616410791873932e-02
3.072922397404909134e-02
3.005671128630638123e-02
3.071670769713819027e-02
3.014215151779353619e-02
3.060400928370654583e-02
3.000570368021726608e-02
3.048508148640394211e-02
2.996063046157360077e-02
3.050279431045055389e-02
2.987294783815741539e-02
3.032677853479981422e-02
2.974316640757024288e-02
3.041605092585086823e-02
2.986817667260766029e-02
3.017836576327681541e-02
2.957626595161855221e-02
3.031572187319397926e-02
2.969563798978924751e-02
3.020182764157652855e-02
2.960052224807441235e-02
3.018692648038268089e-02
2.968135522678494453e-02
3.019374399445950985e-02
2.952614333480596542e-02
3.013416170142591000e-02
2.953929477371275425e-02
3.006119164638221264e-02
2.939770440571010113e-02
2.991621103137731552e-02
2.937129931524395943e-02
2.984301210381090641e-02
2.930531674064695835e-02
2.980741183273494244e-02
2.919971942901611328e-02
2.973860478959977627e-02
2.928000641986727715e-02
2.970058424398303032e-02
2.908159745857119560e-02
2.973808650858700275e-02
2.913079247809946537e-02
2.968834503553807735e-02
2.911803871393203735e-02
2.966687362641096115e-02
2.905055950395762920e-02
2.964473306201398373e-02
2.903600712306797504e-02
2.964895102195441723e-02
2.904033358208835125e-02
2.950284443795681000e-02
2.898448728956282139e-02
2.946037799119949341e-02
2.901171962730586529e-02
2.937887725420296192e-02
2.877367357723414898e-02
2.937528281472623348e-02
2.880939375609159470e-02
2.926548151299357414e-02
2.860767906531691551e-02
2.917614160105586052e-02
2.866789186373353004e-02
2.914726058952510357e-02
2.875094022601842880e-02
2.479706401936709881e-02
2.646705624647438526e-02
2.588897245004773140e-02
2.462692046537995338e-02
2.531689871102571487e-02
2.551979874260723591e-02
2.468335488811135292e-02
2.451796270906925201e-02
2.469077426940202713e-02
2.472482761368155479e-02
2.467106631956994534e-02
2.454195474274456501e-02
2.451366512104868889e-02
2.459186338819563389e-02
2.468171203508973122e-02
2.470604167319834232e-02
2.465401706285774708e-02
2.461363910697400570e-02
2.457434218376874924e-02
2.459052857011556625e-02
2.459634584374725819e-02
2.458246727474033833e-02
2.456551697105169296e-02
2.457349654287099838e-02
2.458283118903636932e-02
2.456668997183442116e-02
2.453212835825979710e-02
2.451000688597559929e-02
2.447547856718301773e-02
2.446256321854889393e-02
2.450167713686823845e-02
2.453232975676655769e-02
2.454414125531911850e-02
2.454931894317269325e-02
2.451723371632397175e-02
2.448794269002974033e-02
2.444400149397552013e-02
2.443056087940931320e-02
2.442860370501875877e-02
2.444958919659256935e-02
2.446489990688860416e-02
2.446108288131654263e-02
2.448283159174025059e-02
2.445428119972348213e-02
2.447329158894717693e-02
2.445858926512300968e-02
2.447859849780797958e-02
2.449541469104588032e-02
2.451268676668405533e-02
2.442725724540650845e-02
2.438902622088789940e-02
2.439727704040706158e-02
2.438788907602429390e-02
2.438686322420835495e-02
2.445401716977357864e-02
2.444933215156197548e-02
2.447820501402020454e-02
2.443840308114886284e-02
2.447574632242321968e-02
2.443482540547847748e-02
2.447292488068342209e-02
2.444821922108530998e-02
2.443782030604779720e-02
2.435763482935726643e-02
2.431861101649701595e-02
2.429600595496594906e-02
2.432339661754667759e-02
2.434038300998508930e-02
2.435379615053534508e-02
2.425344707444310188e-02
2.421762747690081596e-02
2.426866511814296246e-02
2.433782722800970078e-02
2.423583553172647953e-02
2.422174368984997272e-02
2.418918372131884098e-02
2.420515846461057663e-02
2.422192506492137909e-02
2.424244582653045654e-02
2.421179646626114845e-02
2.422196324914693832e-02
2.418716670945286751e-02
2.414679317735135555e-02
2.412785077467560768e-02
2.410694630816578865e-02
2.409045957028865814e-02
2.406419045291841030e-02
2.401919011026620865e-02
2.404597983695566654e-02
2.409583656117320061e-02
2.409515413455665112e-02
2.403585356660187244e-02
2.404911373741924763e-02
2.406440558843314648e-02
2.409496065229177475e-02
2.406161231920123100e-02
2.403346577193588018e-02
2.401582733727991581e-02
2.404128329362720251e-02
2.404049783945083618e-02
2.274494653102010489e-02
2.334914240054786205e-02
2.279719337821006775e-02
2.285639313049614429e-02
2.282619860488921404e-02
2.268164383713155985e-02
2.274888451211154461e-02
2.267162222415208817e-02
2.265688951592892408e-02
2.265341975726187229e-02
2.262362337205559015e-02
2.261533995624631643e-02
2.260362484958022833e-02
2.258768631145358086e-02
2.258024865295737982e-02
2.256101777311414480e-02
2.255059673916548491e-02
2.254771802108734846e-02
2.255438908468931913e-02
2.254446235019713640e-02
2.252431900706142187e-02
2.251042192801833153e-02
2.250296471174806356e-02
2.249806141480803490e-02
2.248030819464474916e-02
2.247496112249791622e-02
2.245800278615206480e-02
2.245237422175705433e-02
2.244183048605918884e-02
2.242622151970863342e-02
2.243745746091008186e-02
2.243367210030555725e-02
2.241802425123751163e-02
2.239901956636458635e-02
2.237924921792000532e-02
2.238196786493062973e-02
2.237086044624447823e-02
2.236666786484420300e-02
2.235463913530111313e-02
2.234856318682432175e-02
2.234299376141279936e-02
2.233319717925041914e-02
2.232072711922228336e-02
2.231813466642051935e-02
2.231732557993382215e-02
2.229868795257061720e-02
2.227795077487826347e-02
2.225990942679345608e-02
2.224753552582114935e-02
2.221190836280584335e-02
2.220338815823197365e-02
2.219350566156208515e-02
2.219718822743743658e-02
2.218576753512024879e-02
2.217808773275464773e-02
2.216672804206609726e-02
2.215130277909338474e-02
2.213769976515322924e-02
2.213488309644162655e-02
2.212615101598203182e-02
2.212526625953614712e-02
2.212241070810705423e-02
2.212808316107839346e-02
2.212703321129083633e-02
2.213193220086395741e-02
2.213589951861649752e-02
2.212859806604683399e-02
2.210773446131497622e-02
2.210901433136314154e-02
2.208352030720561743e-02
2.208108804188668728e-02
2.205978729762136936e-02
2.205610892269760370e-02
2.204413083381950855e-02
2.203728526365011930e-02
2.202950557693839073e-02
2.202548191417008638e-02
2.201267716009169817e-02
2.201375924050807953e-02
2.201342361513525248e-02
2.201593632344156504e-02
2.199834818020462990e-02
2.199177711736410856e-02
2.196287771221250296e-02
2.195490512531250715e-02
2.193275722675025463e-02
2.192301489412784576e-02
2.190992864780128002e-02
2.191040758043527603e-02
2.190224034711718559e-02
2.190295176114886999e-02
2.188906841911375523e-02
2.188279444817453623e-02
2.187319181393831968e-02
2.187413547653704882e-02
2.185556432232260704e-02
2.185107418335974216e-02
2.183055831119418144e-02
2.181386691518127918e-02
2.178114990238100290e-02
2.168232551775872707e-02
2.171600877773016691e-02
2.167762746103107929e-02
2.169027610216289759e-02
2.166517230216413736e-02
2.166572096757590771e-02
2.165597432758659124e-02
2.164921979419887066e-02
2.164660906419157982e-02
2.163559780456125736e-02
2.162977703846991062e-02
2.161224733572453260e-02
2.161177899688482285e-02
2.161001483909785748e-02
2.160278125666081905e-02
2.159562660381197929e-02
2.158948895521461964e-02
2.158265339676290751e-02
2.157917164731770754e-02
2.157889364752918482e-02
2.157003327738493681e-02
2.155997639056295156e-02
2.155235072132200003e-02
2.154998411424458027e-02
2.155127783771604300e-02
2.154878841247409582e-02
2.154233644250780344e-02
2.153606165666133165e-02
2.152614213991910219e-02
2.152787474915385246e-02
2.152267657220363617e-02
2.151681622490286827e-02
2.151353354565799236e-02
2.150825131684541702e-02
2.149311208631843328e-02
2.148217335343360901e-02
2.147283125668764114e-02
2.146671223454177380e-02
2.146714099217206240e-02
2.146426448598504066e-02
2.145976887550204992e-02
2.145400969311594963e-02
2.144796028733253479e-02
2.144403557758778334e-02
2.144122088793665171e-02
2.142622205428779125e-02
2.141883026342839003e-02
2.141860860865563154e-02
2.141505887266248465e-02
2.140489453449845314e-02
2.139795653056353331e-02
2.139272447675466537e-02
2.138722746167331934e-02
2.137758815661072731e-02
2.137062454130500555e-02
2.136884955689311028e-02
2.136356069240719080e-02
2.135676844045519829e-02
2.135009015910327435e-02
2.135401801206171513e-02
2.135864063166081905e-02
2.135454001836478710e-02
2.133654453791677952e-02
2.132187923416495323e-02
2.132598310708999634e-02
2.131613262463361025e-02
2.131858177017420530e-02
2.131629281211644411e-02
2.129946113564074039e-02
2.128468407317996025e-02
2.127798274159431458e-02
2.127753768581897020e-02
2.126885659527033567e-02
2.126674063038080931e-02
2.125920786056667566e-02
2.125081012491136789e-02
2.123740327078849077e-02
2.123732224572449923e-02
2.123533538542687893e-02
2.122931554913520813e-02
2.121955587062984705e-02
2.121122425887733698e-02
2.121211530175060034e-02
2.120993915013968945e-02
2.120942401234060526e-02
2.120885206386446953e-02
2.119986352045089006e-02
2.118555211927741766e-02
2.117625344544649124e-02
2.116879611276090145e-02
2.116321935318410397e-02
2.115512988530099392e-02
2.114925556816160679e-02
2.113768307026475668e-02
2.113371307495981455e-02
2.112582081463187933e-02
2.112672966904938221e-02
2.112500020302832127e-02
2.110697270836681128e-02
2.109274955000728369e-02
2.108789712656289339e-02
2.108934579882770777e-02
2.109046222176402807e-02
2.108677977230399847e-02
2.107499307021498680e-02
2.107989834621548653e-02
2.107686689123511314e-02
2.107700554188340902e-02
2.107081108260899782e-02
2.106667822226881981e-02
2.105681959073990583e-02
2.106079563964158297e-02
2.105748129542917013e-02
2.106107759755104780e-02
2.105151070281863213e-02
2.105073898565024137e-02
2.104118070565164089e-02
2.103821828495711088e-02
2.104037615936249495e-02
2.103981724940240383e-02
2.103881177026778460e-02
2.102717524394392967e-02
2.102462027687579393e-02
2.102392120286822319e-02
2.102088520769029856e-02
2.101539971772581339e-02
2.101278072223067284e-02
2.101085754111409187e-02
2.100686682388186455e-02
2.100469940342009068e-02
2.099606685806065798e-02
2.099062246270477772e-02
2.098791836760938168e-02
2.098612429108470678e-02
2.098308701533824205e-02
2.097682806197553873e-02
2.098137768916785717e-02
2.098156092688441277e-02
2.098104404285550117e-02
2.097025723196566105e-02
2.096873987466096878e-02
2.096554450690746307e-02
2.096153155434876680e-02
2.096375124529004097e-02
2.096588700078427792e-02
2.096732659265398979e-02
2.096154331229627132e-02
2.095450763590633869e-02
2.094968128949403763e-02
2.094708895310759544e-02
2.094590163324028254e-02
2.092817565426230431e-02
2.092483383603394032e-02
2.092316339258104563e-02
2.092176664154976606e-02
2.092039922717958689e-02
2.091727033257484436e-02
2.092052402440458536e-02
2.091464481782168150e-02
2.091213059611618519e-02
2.091053966432809830e-02
2.090233773924410343e-02
2.090107824187725782e-02
2.089664689265191555e-02
2.088969305623322725e-02
2.088623435702174902e-02
2.088459790684282780e-02
2.087413158733397722e-02
2.087043074425309896e-02
2.087102050427347422e-02
2.086679509375244379e-02
2.086447644978761673e-02
2.086188236717134714e-02
2.086183731444180012e-02
2.085700514726340771e-02
2.085235936101526022e-02
2.084550203289836645e-02
2.084017987363040447e-02
2.083766611758619547e-02
2.083613339345902205e-02
2.083313977345824242e-02
2.082699735183268785e-02
2.082624647300690413e-02
2.082587766926735640e-02
2.081793488468974829e-02
2.081858529709279537e-02
2.081285358872264624e-02
2.081186883151531219e-02
2.080809348262846470e-02
2.080631745047867298e-02
2.079902170225977898e-02
2.079252072144299746e-02
2.079645358026027679e-02
2.079374867025762796e-02
2.079351304564625025e-02
2.078962791711091995e-02
2.078357315622270107e-02
2.077603212092071772e-02
2.077631093561649323e-02
2.076300897169858217e-02
2.076448046136647463e-02
2.075535128824412823e-02
2.075607038568705320e-02
2.075674524530768394e-02
2.075695910025388002e-02
2.075577562209218740e-02
2.074736368376761675e-02
2.074382139835506678e-02
2.075164276175200939e-02
2.074855309911072254e-02
2.074913331307470798e-02
2.074750466272234917e-02
2.074018458370119333e-02
2.073276834562420845e-02
2.073085238225758076e-02
2.072961477097123861e-02
2.072678669355809689e-02
2.072530542500317097e-02
2.072937111370265484e-02
2.072917611803859472e-02
2.072472847066819668e-02
2.072701521683484316e-02
2.072376594878733158e-02
2.072375384159386158e-02
2.072402636986225843e-02
2.071993320714682341e-02
2.071761211846023798e-02
2.071598090697079897e-02
2.071201684884727001e-02
2.071068913210183382e-02
2.070222643669694662e-02
2.070466685108840466e-02
2.070255181752145290e-02
2.070162433665245771e-02
2.070082013960927725e-02
2.070006844587624073e-02
2.069496375042945147e-02
2.069165825378149748e-02
2.069023461081087589e-02
2.068331604823470116e-02
2.068501501344144344e-02
2.068256994243711233e-02
2.068004454486072063e-02
2.068081160541623831e-02
2.067529130727052689e-02
2.067353948950767517e-02
2.067419735249131918e-02
2.067423437256366014e-02
2.067395148333162069e-02
2.067373681347817183e-02
2.067011455073952675e-02
2.066722698509693146e-02
2.066569007001817226e-02
2.066364197526127100e-02
2.066006755921989679e-02
2.065649139694869518e-02
2.065457752905786037e-02
2.065303514245897532e-02
2.065263118129223585e-02
2.065141638740897179e-02
2.064728911500424147e-02
2.064396662171930075e-02
2.064525138121098280e-02
2.064309024717658758e-02
2.064043609425425529e-02
2.064017939846962690e-02
2.063835994340479374e-02
2.063517353963106871e-02
2.063526958227157593e-02
2.063467481639236212e-02
2.063645399175584316e-02
2.063551405444741249e-02
2.062990516424179077e-02
2.062844624742865562e-02
2.063398214522749186e-02
2.062791329808533192e-02
2.062908350490033627e-02
2.062335365917533636e-02
2.062782342545688152e-02
2.062493585981428623e-02
2.061869576573371887e-02
2.061210584361106157e-02
2.060952514875680208e-02
2.060403698123991489e-02
2.060072380118072033e-02
2.059785788878798485e-02
2.060021599754691124e-02
2.059901342727243900e-02
2.059574844315648079e-02
2.060033835005015135e-02
2.059638616628944874e-02
2.059836289845407009e-02
2.059029834344983101e-02
2.058877982199192047e-02
2.058657875750213861e-02
2.058571856468915939e-02
2.058682776987552643e-02
2.057745796628296375e-02
2.057759824674576521e-02
2.056902553886175156e-02
2.056824555620551109e-02
2.056438731960952282e-02
2.056349511258304119e-02
2.056253061164170504e-02
2.056330558843910694e-02
2.056230569723993540e-02
2.056249196175485849e-02
2.056263235863298178e-02
2.056038309819996357e-02
2.056070335675030947e-02
2.056076948065310717e-02
2.055873186327517033e-02
2.055450738407671452e-02
2.055373031180351973e-02
2.056489174719899893e-02
2.056298870593309402e-02
2.056195447221398354e-02
2.055953792296350002e-02
2.056435029953718185e-02
2.056685986462980509e-02
2.056295296642929316e-02
2.056192816235125065e-02
2.056258474476635456e-02
2.056189009454101324e-02
2.054610196501016617e-02
2.054335922002792358e-02
2.054163010325282812e-02
2.054139284882694483e-02
2.054083615075796843e-02
2.054309356026351452e-02
2.054216538090258837e-02
2.054284303449094296e-02
2.053942962083965540e-02
2.054075954947620630e-02
2.054223930463194847e-02
2.054539695382118225e-02
2.054103999398648739e-02
2.054243057500571012e-02
2.054178924299776554e-02
2.054117678198963404e-02
2.054259320721030235e-02
2.054189890623092651e-02
2.053945686202496290e-02
2.053559746127575636e-02
2.053469012025743723e-02
2.051911456510424614e-02
2.051950246095657349e-02
2.051896788179874420e-02
2.051766857039183378e-02
2.051655552349984646e-02
2.051484910771250725e-02
2.051445352844893932e-02
2.051309740636497736e-02
2.050927723757922649e-02
2.050813497044146061e-02
2.050805930048227310e-02
2.050669246818870306e-02
2.051243674941360950e-02
2.051034709438681602e-02
2.051170857157558203e-02
2.050813904497772455e-02
2.050867991056293249e-02
2.050972986035048962e-02
2.050795580726116896e-02
2.050747198518365622e-02
2.050742751453071833e-02
2.049931301735341549e-02
2.049644012004137039e-02
2.049558376893401146e-02
2.049223938956856728e-02
2.049200038891285658e-02
2.049071295186877251e-02
2.049027127213776112e-02
2.048927429132163525e-02
2.048773539718240499e-02
2.048698253929615021e-02
2.048528846353292465e-02
2.048422943335026503e-02
2.048488042782992125e-02
2.048455888871103525e-02
2.048211172223091125e-02
2.048048749566078186e-02
2.048078679945319891e-02
2.047835267148911953e-02
2.047665545251220465e-02
2.047761774156242609e-02
2.047466626390814781e-02
2.047402458265423775e-02
2.047582564409822226e-02
2.047165064141154289e-02
2.047423273324966431e-02
2.047506743110716343e-02
2.047544741071760654e-02
2.047278161626309156e-02
2.046392951160669327e-02
2.046279632486402988e-02
2.046227664686739445e-02
2.046121424064040184e-02
2.046028885524719954e-02
