2.803557217121124268e-01
2.071864306926727295e-01
1.312533915042877197e-01
1.358814388513565063e-01
5.011129751801490784e-02
6.652828305959701538e-02
4.749428480863571167e-02
2.117357030510902405e-02
1.351486612111330032e-02
1.349856145679950714e-02
1.725786924362182617e-02
1.919605396687984467e-02
1.412905659526586533e-02
1.381657086312770844e-02
1.576700061559677124e-02
1.565490476787090302e-02
1.732688769698143005e-02
9.512946009635925293e-03
1.171332225203514099e-02
1.562274433672428131e-02
1.149421557784080505e-02
1.162744965404272079e-02
1.482710801064968109e-02
1.069788075983524323e-02
1.246054284274578094e-02
1.200240664184093475e-02
1.581769064068794250e-02
7.889543659985065460e-03
7.349578663706779480e-03
7.440496701747179031e-03
1.070368941873311996e-02
9.594893082976341248e-03
6.931388285011053085e-03
7.575940340757369995e-03
8.296467363834381104e-03
6.097267847508192062e-03
1.310123037546873093e-02
1.968227140605449677e-02
1.293991506099700928e-02
1.343471929430961609e-02
1.711100898683071136e-02
6.948525086045265198e-03
6.083538290113210678e-03
8.255907334387302399e-03
9.547507390379905701e-03
9.981776587665081024e-03
1.404366362839937210e-02
9.556266479194164276e-03
1.201128680258989334e-02
9.019597433507442474e-03
1.648371852934360504e-02
8.666023612022399902e-03
1.656090281903743744e-02
8.993008174002170563e-03
6.933882832527160645e-03
1.148460246622562408e-02
8.339414373040199280e-03
9.847051464021205902e-03
1.351519394665956497e-02
1.044331025332212448e-02
1.046213041990995407e-02
5.515380762517452240e-03
1.179654058068990707e-02
1.398845389485359192e-02
1.080658379942178726e-02
1.672057062387466431e-02
9.157267399132251740e-03
1.662132330238819122e-02
6.083526648581027985e-03
1.092700939625501633e-02
1.496090646833181381e-02
1.557457447052001953e-02
4.206424113363027573e-03
2.106785960495471954e-02
1.063467934727668762e-02
1.214372087270021439e-02
1.314028725028038025e-02
1.305304933339357376e-02
6.464268546551465988e-03
7.192292250692844391e-03
1.001958362758159637e-02
9.765234775841236115e-03
6.022502202540636063e-03
5.775939673185348511e-03
6.531231105327606201e-03
3.534096758812665939e-03
1.600947976112365723e-02
7.652735337615013123e-03
1.080042775720357895e-02
1.120077352970838547e-02
1.490836124867200851e-02
5.777399986982345581e-03
7.162882946431636810e-03
4.948322195559740067e-03
1.102412678301334381e-02
8.033628575503826141e-03
9.924435056746006012e-03
1.604938507080078125e-02
2.804720774292945862e-02
6.176827009767293930e-03
1.096319407224655151e-02
1.318172737956047058e-02
6.176316179335117340e-03
1.126044709235429764e-02
1.478561758995056152e-02
8.604905568063259125e-03
9.377395734190940857e-03
1.098584383726119995e-02
3.796422621235251427e-03
9.641587734222412109e-03
1.126477494835853577e-02
6.067231763154268265e-03
1.034298725426197052e-02
1.143104210495948792e-02
5.594246089458465576e-03
8.982417173683643341e-03
4.376739263534545898e-03
9.496682323515415192e-03
7.754085119813680649e-03
5.256209988147020340e-03
6.153381429612636566e-03
6.016422528773546219e-03
5.031033419072628021e-03
5.852178204804658890e-03
5.929293576627969742e-03
1.121574454009532928e-02
3.667371114715933800e-03
6.019851658493280411e-03
7.161245215684175491e-03
5.542104598134756088e-03
4.093555267900228500e-03
5.316548049449920654e-03
3.656213171780109406e-03
4.202106967568397522e-03
3.141894005239009857e-03
2.369043184444308281e-03
2.985386876389384270e-03
3.209888935089111328e-03
3.584561869502067566e-03
2.438875613734126091e-03
3.422958776354789734e-03
2.296085702255368233e-03
2.183915581554174423e-03
2.992458874359726906e-03
2.350637223571538925e-03
3.329556435346603394e-03
2.382252598181366920e-03
2.717323834076523781e-03
2.697224495932459831e-03
2.334246644750237465e-03
4.379718098789453506e-03
2.842328976839780807e-03
2.165426267310976982e-03
6.048301234841346741e-03
7.880091667175292969e-03
2.449478954076766968e-03
5.056751426309347153e-03
3.873479785397648811e-03
2.711960114538669586e-03
2.448452636599540710e-03
2.035866957157850266e-03
4.955451004207134247e-03
5.189347546547651291e-03
4.884302616119384766e-03
3.070804523304104805e-03
4.014960955828428268e-03
3.446904011070728302e-03
4.070394206792116165e-03
3.046171506866812706e-03
5.021063610911369324e-03
4.056610632687807083e-03
4.588777665048837662e-03
4.499403294175863266e-03
2.515203086659312248e-03
2.542190719395875931e-03
5.432920996099710464e-03
4.336203914135694504e-03
8.019866421818733215e-03
3.510367125272750854e-03
6.205345038324594498e-03
6.482779979705810547e-03
5.767876747995615005e-03
6.442485842853784561e-03
4.833105951547622681e-03
4.056876990944147110e-03
7.121174130588769913e-03
4.196361638605594635e-03
4.310796037316322327e-03
2.387227024883031845e-03
3.357815556228160858e-03
3.407151671126484871e-03
3.403795184567570686e-03
4.159778822213411331e-03
1.977304229512810707e-03
2.150623127818107605e-03
2.654968528077006340e-03
9.838766418397426605e-03
6.813294719904661179e-03
3.486187662929296494e-03
7.233018521219491959e-03
5.200694315135478973e-03
3.467313479632139206e-03
4.143825266510248184e-03
4.286210052669048309e-03
2.488564001396298409e-03
2.539581386372447014e-03
1.922262366861104965e-03
1.855627400800585747e-03
1.962662674486637115e-03
1.742793130688369274e-03
3.583380486816167831e-03
1.902671414427459240e-03
2.868813229724764824e-03
3.091779770329594612e-03
2.042780863121151924e-03
3.052576445043087006e-03
1.579320058226585388e-03
1.487839967012405396e-03
1.960283378139138222e-03
1.503134146332740784e-03
1.703318790532648563e-03
1.286646700464189053e-03
1.326197991147637367e-03
1.266178209334611893e-03
2.032834338024258614e-03
1.229340443387627602e-03
1.467736437916755676e-03
1.384142320603132248e-03
1.835294649936258793e-03
1.498070079833269119e-03
1.767653157003223896e-03
1.585262361913919449e-03
1.672624610364437103e-03
1.611316576600074768e-03
1.550270244479179382e-03
1.887609018012881279e-03
2.725251484662294388e-03
3.043321659788489342e-03
2.206635195761919022e-03
2.677760086953639984e-03
1.935402746312320232e-03
1.301888842135667801e-03
1.463480875827372074e-03
1.478511490859091282e-03
1.567323459312319756e-03
1.286396989598870277e-03
2.342035528272390366e-03
1.228595618158578873e-03
1.741945976391434669e-03
1.399079686962068081e-03
1.177340513095259666e-03
1.214694464579224586e-03
1.975737046450376511e-03
1.489885384216904640e-03
2.232289174571633339e-03
2.501219743862748146e-03
2.985773608088493347e-03
1.665150164626538754e-03
1.608785707503557205e-03
1.638137968257069588e-03
2.236420754343271255e-03
3.079028567299246788e-03
3.767947433516383171e-03
1.248437562026083469e-03
3.535150550305843353e-03
1.237480086274445057e-03
1.503943116404116154e-03
1.370577141642570496e-03
1.214159885421395302e-03
1.260980498045682907e-03
2.285656286403536797e-03
2.164470730349421501e-03
3.345772158354520798e-03
2.681756857782602310e-03
1.681379042565822601e-03
1.154002617113292217e-03
2.001599641516804695e-03
1.640538335777819157e-03
1.726467977277934551e-03
2.336021047085523605e-03
4.151808097958564758e-03
1.542891259305179119e-03
3.262147307395935059e-03
5.704998038709163666e-03
3.568642074242234230e-03
4.526540171355009079e-03
4.905706737190485001e-03
4.025384783744812012e-03
2.106254687532782555e-03
2.464403165504336357e-03
3.061044262722134590e-03
1.627600402571260929e-03
2.332079922780394554e-03
2.157210372388362885e-03
3.869960550218820572e-03
2.127875341102480888e-03
4.197921138256788254e-03
2.802632283419370651e-03
1.581582706421613693e-03
4.491451662033796310e-03
4.448741674423217773e-03
2.023078501224517822e-03
1.617845613509416580e-03
1.226253225468099117e-03
9.494746918790042400e-04
9.662249940447509289e-04
1.076323911547660828e-03
9.198599727824330330e-04
9.532974218018352985e-04
9.747912408784031868e-04
1.018389011733233929e-03
1.068333280272781849e-03
9.460319997742772102e-04
1.040725037455558777e-03
9.798608953133225441e-04
9.262064122594892979e-04
1.106864656321704388e-03
1.023723627440631390e-03
9.492508252151310444e-04
9.508430957794189453e-04
1.061044400557875633e-03
9.045432088896632195e-04
9.678898495621979237e-04
9.963168995454907417e-04
1.015694462694227695e-03
8.882149122655391693e-04
1.223521307110786438e-03
8.756116731092333794e-04
1.086861127987504005e-03
9.043454774655401707e-04
1.104366849176585674e-03
8.562071598134934902e-04
8.858808432705700397e-04
9.968903614208102226e-04
1.048866310156881809e-03
8.780820644460618496e-04
8.810766739770770073e-04
8.478036615997552872e-04
9.171388810500502586e-04
9.479340515099465847e-04
9.134978754445910454e-04
9.137646411545574665e-04
1.055842614732682705e-03
8.807500125840306282e-04
1.034072716720402241e-03
8.396448101848363876e-04
1.230378868058323860e-03
1.090029720216989517e-03
1.172288553789258003e-03
1.251494279131293297e-03
9.669020073488354683e-04
8.361318614333868027e-04
9.463116293773055077e-04
9.369186591356992722e-04
9.199427440762519836e-04
1.157193211838603020e-03
1.247567357495427132e-03
1.077740686014294624e-03
1.151280128397047520e-03
1.069959602318704128e-03
1.040516770444810390e-03
9.282628889195621014e-04
9.139181347563862801e-04
8.614158723503351212e-04
9.564406936988234520e-04
9.317281655967235565e-04
9.207256953231990337e-04
1.371603109873831272e-03
1.038490911014378071e-03
7.895603775978088379e-04
1.053783460520207882e-03
8.735989104025065899e-04
1.179671613499522209e-03
9.942615870386362076e-04
9.396022069267928600e-04
7.711319485679268837e-04
1.151249278336763382e-03
9.290457237511873245e-04
1.152560580521821976e-03
8.610428776592016220e-04
9.675229084677994251e-04
1.011298154480755329e-03
1.349052763544023037e-03
8.478841627947986126e-04
1.186304725706577301e-03
8.113573421724140644e-04
8.699403260834515095e-04
1.151811564341187477e-03
9.750482277013361454e-04
8.082711719907820225e-04
1.590462634339928627e-03
2.344934036955237389e-03
1.104677794501185417e-03
1.484701875597238541e-03
2.242836402729153633e-03
1.086217234842479229e-03
1.049770275130867958e-03
1.316886162385344505e-03
1.117358217015862465e-03
1.358201727271080017e-03
1.012960332445800304e-03
9.082611650228500366e-04
8.018317166715860367e-04
7.855739095248281956e-04
8.587570046074688435e-04
7.948254351504147053e-04
7.941000512801110744e-04
7.464454392902553082e-04
7.729642675258219242e-04
7.960434304550290108e-04
7.276857504621148109e-04
7.293453672900795937e-04
7.399861351586878300e-04
7.287914049811661243e-04
7.649392355233430862e-04
7.439037435688078403e-04
7.668495527468621731e-04
7.520155631937086582e-04
7.569503504782915115e-04
7.429445395246148109e-04
7.271004142239689827e-04
7.426230586133897305e-04
7.418852765113115311e-04
7.397990557365119457e-04
7.299555581994354725e-04
7.150684250518679619e-04
7.172788609750568867e-04
7.104065734893083572e-04
7.084384560585021973e-04
8.070735493674874306e-04
8.456551586277782917e-04
7.722534355707466602e-04
7.304734317585825920e-04
7.239131373353302479e-04
7.209072937257587910e-04
7.272829534485936165e-04
7.300249999389052391e-04
7.627674494870007038e-04
8.000936359167098999e-04
7.391372928395867348e-04
7.234707591123878956e-04
7.743735914118587971e-04
7.430353434756398201e-04
7.345142075791954994e-04
7.046280079521238804e-04
7.197803352028131485e-04
7.291295914910733700e-04
7.541728555224835873e-04
7.001707563176751137e-04
7.268147892318665981e-04
7.521659135818481445e-04
6.976172444410622120e-04
8.004232076928019524e-04
7.514777826145291328e-04
7.007449166849255562e-04
7.817770238034427166e-04
7.246570894494652748e-04
7.391250692307949066e-04
7.206791196949779987e-04
7.074630120769143105e-04
6.997573073022067547e-04
6.868054042570292950e-04
7.329802028834819794e-04
7.004206418059766293e-04
6.949313683435320854e-04
6.809745682403445244e-04
6.806845776736736298e-04
7.075010216794908047e-04
7.298792479559779167e-04
7.106637931428849697e-04
7.212069467641413212e-04
6.854122621007263660e-04
6.873708334751427174e-04
7.807858637534081936e-04
7.518193451687693596e-04
6.850836216472089291e-04
8.281737100332975388e-04
6.835274398326873779e-04
6.983773782849311829e-04
6.942012114450335503e-04
7.475896272808313370e-04
7.458658074028789997e-04
6.796686793677508831e-04
8.246350334957242012e-04
6.995919393375515938e-04
6.734829512424767017e-04
7.844659266993403435e-04
6.582830683328211308e-04
7.212055497802793980e-04
6.726698484271764755e-04
6.614673184230923653e-04
6.778289098292589188e-04
6.562121561728417873e-04
6.727198488079011440e-04
6.596815655939280987e-04
6.738725933246314526e-04
6.515189888887107372e-04
6.810218910686671734e-04
7.124296971596777439e-04
6.847539334557950497e-04
6.698564975522458553e-04
6.569924880750477314e-04
6.683887913823127747e-04
6.513362750411033630e-04
6.519135204143822193e-04
6.602624198421835899e-04
6.571564008481800556e-04
6.439335411414504051e-04
6.593147991225123405e-04
6.517541478388011456e-04
6.678226636722683907e-04
6.626181420870125294e-04
6.872741505503654480e-04
6.478850264102220535e-04
6.477101123891770840e-04
6.553088896907866001e-04
6.612163851968944073e-04
6.635530153289437294e-04
6.746511207893490791e-04
6.632240256294608116e-04
6.503234035335481167e-04
6.482093594968318939e-04
6.444568862207233906e-04
6.396403769031167030e-04
6.524524069391191006e-04
6.802137941122055054e-04
6.637466722168028355e-04
6.417058757506310940e-04
6.388215697370469570e-04
6.492542452178895473e-04
6.492738029919564724e-04
6.424295133911073208e-04
6.485912599600851536e-04
6.740774260833859444e-04
6.692730239592492580e-04
6.660585058853030205e-04
6.418524426408112049e-04
6.317156949080526829e-04
6.521802861243486404e-04
6.431229412555694580e-04
6.356613012030720711e-04
6.440858123824000359e-04
6.384098669514060020e-04
6.398566183634102345e-04
6.310488097369670868e-04
6.326850852929055691e-04
6.339269457384943962e-04
6.320739630609750748e-04
6.548708770424127579e-04
6.388450856320559978e-04
6.374107324518263340e-04
6.274378392845392227e-04
6.365728331729769707e-04
6.364243454299867153e-04
6.342070410028100014e-04
6.270206067711114883e-04
6.543510826304554939e-04
6.996943848207592964e-04
6.593157304450869560e-04
6.414329400286078453e-04
6.320305983535945415e-04
6.309809396043419838e-04
6.299397791735827923e-04
6.495898123830556870e-04
6.621172651648521423e-04
6.480912561528384686e-04
6.219660281203687191e-04
6.277147331275045872e-04
6.304910639300942421e-04
6.212759180925786495e-04
6.424353923648595810e-04
6.204420351423323154e-04
6.261472008191049099e-04
6.228249985724687576e-04
6.184636731632053852e-04
6.247782148420810699e-04
6.209618295542895794e-04
6.357162492349743843e-04
6.185074453242123127e-04
6.150130648165941238e-04
6.185059319250285625e-04
6.159836193546652794e-04
6.271905149333178997e-04
6.257633795030415058e-04
6.531194667331874371e-04
6.317191291600465775e-04
6.226897821761667728e-04
6.386831519193947315e-04
6.223826785571873188e-04
6.250138394534587860e-04
6.246770499274134636e-04
6.120945909060537815e-04
6.172204157337546349e-04
6.193374865688383579e-04
6.425015744753181934e-04
6.230247090570628643e-04
6.223999662324786186e-04
6.146623636595904827e-04
6.070095114409923553e-04
6.199344643391668797e-04
6.159680197015404701e-04
6.089138332754373550e-04
6.336226360872387886e-04
6.098531885072588921e-04
6.054686382412910461e-04
6.191729335114359856e-04
6.090889219194650650e-04
6.078933947719633579e-04
6.121836486272513866e-04
6.068879156373441219e-04
6.083418265916407108e-04
6.096693105064332485e-04
6.124339997768402100e-04
6.099732709117233753e-04
6.072421092540025711e-04
6.038025603629648685e-04
6.063958280719816685e-04
6.069533410482108593e-04
6.046579219400882721e-04
6.077936850488185883e-04
6.113827694207429886e-04
6.142467027530074120e-04
6.051245145499706268e-04
6.038159481249749660e-04
6.042644381523132324e-04
6.250159349292516708e-04
6.037621642462909222e-04
6.097449804656207561e-04
6.135918083600699902e-04
6.033706013113260269e-04
6.019402062520384789e-04
6.066023488529026508e-04
6.066359346732497215e-04
6.002091104164719582e-04
6.027501658536493778e-04
6.063166656531393528e-04
6.194922025315463543e-04
6.036042468622326851e-04
6.130877882242202759e-04
5.975186941213905811e-04
6.033111712895333767e-04
6.049983785487711430e-04
5.996003164909780025e-04
6.005014874972403049e-04
6.073242402635514736e-04
6.041682208888232708e-04
6.277579814195632935e-04
6.029038922861218452e-04
5.965931341052055359e-04
5.983156734146177769e-04
6.074890843592584133e-04
5.959681002423167229e-04
5.923239514231681824e-04
6.062421598471701145e-04
6.059193983674049377e-04
6.338714156299829483e-04
5.963622825220227242e-04
6.383092841133475304e-04
5.962075665593147278e-04
6.147003150545060635e-04
6.034718244336545467e-04
6.255574990063905716e-04
5.953107029199600220e-04
6.274064653553068638e-04
5.965566961094737053e-04
6.012797821313142776e-04
5.968080949969589710e-04
5.957542452961206436e-04
5.951291532255709171e-04
5.937899695709347725e-04
5.933229695074260235e-04
5.960536655038595200e-04
5.931752384640276432e-04
5.905142170377075672e-04
6.021207664161920547e-04
5.974866799078881741e-04
5.864732083864510059e-04
5.913756322115659714e-04
5.932932836003601551e-04
5.873077898286283016e-04
6.017243722453713417e-04
5.942418938502669334e-04
5.966628086753189564e-04
5.915984511375427246e-04
5.956714740023016930e-04
5.885854479856789112e-04
5.888988962396979332e-04
5.949303158558905125e-04
5.906678852625191212e-04
5.866917199455201626e-04
5.888639134354889393e-04
5.937477108091115952e-04
5.867538275197148323e-04
5.962200229987502098e-04
5.885268910787999630e-04
5.919342511333525181e-04
5.952565115876495838e-04
5.867307772859930992e-04
5.985149764455854893e-04
5.871617468073964119e-04
5.839926307089626789e-04
5.848534055985510349e-04
5.863406695425510406e-04
5.857796058990061283e-04
5.866191932000219822e-04
5.881672841496765614e-04
5.854066694155335426e-04
5.827322020195424557e-04
5.828393623232841492e-04
5.837606731802225113e-04
5.911260377615690231e-04
5.854411283507943153e-04
5.834652110934257507e-04
5.837538046762347221e-04
5.827614804729819298e-04
5.848712753504514694e-04
5.843717954121530056e-04
5.848662112839519978e-04
5.815423792228102684e-04
5.833863397128880024e-04
5.823282990604639053e-04
5.872047622688114643e-04
5.837681237608194351e-04
5.842870450578629971e-04
5.842122482135891914e-04
5.854262853972613811e-04
5.815265467390418053e-04
5.810348666273057461e-04
5.807609995827078819e-04
5.896068178117275238e-04
5.848930450156331062e-04
5.832387250848114491e-04
5.815785843878984451e-04
5.816986085847020149e-04
5.838145734742283821e-04
5.812101881019771099e-04
5.856596399098634720e-04
5.785558023490011692e-04
5.836067721247673035e-04
5.812611198052763939e-04
5.813734605908393860e-04
5.831283633597195148e-04
5.815883632749319077e-04
5.861113895662128925e-04
5.832342430949211121e-04
5.796919576823711395e-04
5.802901578135788441e-04
5.824024556204676628e-04
5.894437199458479881e-04
5.821851664222776890e-04
5.810154252685606480e-04
5.838109645992517471e-04
5.809162976220250130e-04
5.941466661170125008e-04
5.824268446303904057e-04
5.780796636827290058e-04
5.770247080363333225e-04
5.795223987661302090e-04
5.786508554592728615e-04
5.777211626991629601e-04
5.781246582046151161e-04
5.778987542726099491e-04
5.859985249117016792e-04
5.808441783301532269e-04
5.802724044770002365e-04
5.783655215054750443e-04
5.806686240248382092e-04
5.795104079879820347e-04
5.764618981629610062e-04
5.878075025975704193e-04
5.797301419079303741e-04
5.805626860819756985e-04
5.774039891548454762e-04
5.772518925368785858e-04
5.771800642833113670e-04
5.765830865129828453e-04
5.799072678200900555e-04
5.763893132098019123e-04
5.735779996030032635e-04
5.778121994808316231e-04
5.752817960456013680e-04
5.774950259365141392e-04
5.765770911239087582e-04
5.878179217688739300e-04
5.742107168771326542e-04
5.743968067690730095e-04
5.767439142800867558e-04
5.722048226743936539e-04
5.756316240876913071e-04
5.781452055089175701e-04
5.759713239967823029e-04
5.743884248659014702e-04
5.743942456319928169e-04
5.732745630666613579e-04
5.749185220338404179e-04
5.737811443395912647e-04
5.747279501520097256e-04
5.747419781982898712e-04
5.719653563573956490e-04
5.749569972977042198e-04
5.716152954846620560e-04
5.707332165911793709e-04
5.727257230319082737e-04
5.725587252527475357e-04
5.733831203542649746e-04
5.746012902818620205e-04
5.710708210244774818e-04
5.716718151234090328e-04
5.720913759432733059e-04
5.710479454137384892e-04
5.730952834710478783e-04
5.712276324629783630e-04
5.701390909962356091e-04
5.733068683184683323e-04
5.709131364710628986e-04
5.726774106733500957e-04
5.698142922483384609e-04
5.727963289245963097e-04
5.707035306841135025e-04
5.712831625714898109e-04
5.735293379984796047e-04
5.720187327824532986e-04
5.730597767978906631e-04
5.709534161724150181e-04
5.739896441809833050e-04
5.703215720131993294e-04
5.690754624083638191e-04
5.701150512322783470e-04
5.690841935575008392e-04
5.726786912418901920e-04
5.709663382731378078e-04
5.698417662642896175e-04
5.707397358492016792e-04
5.694687715731561184e-04
5.697627202607691288e-04
5.699147004634141922e-04
5.699169705621898174e-04
5.696251755580306053e-04
5.700977635569870472e-04
5.677808658219873905e-04
5.692508420906960964e-04
5.700716865248978138e-04
5.691877449862658978e-04
5.703018396161496639e-04
5.690777325071394444e-04
5.692501435987651348e-04
5.688390228897333145e-04
5.689359968528151512e-04
5.693364073522388935e-04
5.669311503879725933e-04
5.691592814400792122e-04
5.700556794181466103e-04
5.676317377947270870e-04
5.687289522029459476e-04
5.678946617990732193e-04
5.673366249538958073e-04
5.697456072084605694e-04
5.681597394868731499e-04
5.709630204364657402e-04
5.664590280503034592e-04
5.679781315848231316e-04
5.688271485269069672e-04
5.683139315806329250e-04
5.688389064744114876e-04
5.668549565598368645e-04
5.667275399900972843e-04
5.686371587216854095e-04
5.684217903763055801e-04
5.672648549079895020e-04
5.658225854858756065e-04
5.641997558996081352e-04
5.681011243723332882e-04
5.692926351912319660e-04
5.674761487171053886e-04
5.692566628567874432e-04
5.671408725902438164e-04
5.696569569408893585e-04
5.651438841596245766e-04
5.660913884639739990e-04
5.660909228026866913e-04
5.665128701366484165e-04
5.670645041391253471e-04
5.651167011819779873e-04
5.664554191753268242e-04
5.643242038786411285e-04
5.645368364639580250e-04
5.652155377902090549e-04
5.663230549544095993e-04
5.688133533112704754e-04
5.656520370393991470e-04
5.644929478876292706e-04
5.656112916767597198e-04
5.658603040501475334e-04
5.647375946864485741e-04
5.640871240757405758e-04
5.672134575434029102e-04
5.656246212311089039e-04
5.657477304339408875e-04
5.637542926706373692e-04
5.648799706250429153e-04
5.654202541336417198e-04
5.644998745992779732e-04
5.663424381054937840e-04
5.668894737027585506e-04
5.641321185976266861e-04
5.636036512441933155e-04
5.642148316837847233e-04
5.641612224280834198e-04
5.643187905661761761e-04
5.650501116178929806e-04
5.639860755763947964e-04
5.639271112158894539e-04
5.637920694425702095e-04
5.645786295644938946e-04
5.645621567964553833e-04
5.644023185595870018e-04
5.633691325783729553e-04
5.634254193864762783e-04
5.648277001455426216e-04
5.634537083096802235e-04
5.637900321744382381e-04
5.645610508508980274e-04
5.663526244461536407e-04
5.624899640679359436e-04
5.627211648970842361e-04
5.632871761918067932e-04
5.625364137813448906e-04
5.640558665618300438e-04
5.636750720441341400e-04
5.640797899104654789e-04
5.646670470014214516e-04
5.627719801850616932e-04
5.624469486065208912e-04
5.654165288433432579e-04
5.631339154206216335e-04
5.629416555166244507e-04
5.642914911732077599e-04
5.626349593512713909e-04
5.631459644064307213e-04
5.632807733491063118e-04
5.617486312985420227e-04
5.629280931316316128e-04
5.644612247124314308e-04
5.624192999675869942e-04
5.620117881335318089e-04
5.634369445033371449e-04
5.626221536658704281e-04
5.635328707285225391e-04
5.624861223623156548e-04
5.614215624518692493e-04
5.628716317005455494e-04
5.624560290016233921e-04
5.614904221147298813e-04
5.638168076984584332e-04
5.625449703074991703e-04
5.626527126878499985e-04
5.629060906358063221e-04
5.605409387499094009e-04
5.609870422631502151e-04
5.617176648229360580e-04
5.626435740850865841e-04
5.623993347398936749e-04
5.620589945465326309e-04
5.618376308120787144e-04
5.613547982648015022e-04
5.611939704976975918e-04
5.617130664177238941e-04
5.611335509456694126e-04
5.622330936603248119e-04
5.623738979920744896e-04
5.617764545604586601e-04
5.624655750580132008e-04
5.614481051452457905e-04
5.625675548799335957e-04
5.597010022029280663e-04
5.601292941719293594e-04
5.620380979962646961e-04
5.608278443105518818e-04
5.624216864816844463e-04
5.614847759716212749e-04
5.604085745289921761e-04
5.607579951174557209e-04
5.606423364952206612e-04
5.603776080533862114e-04
5.607112543657422066e-04
5.604322650469839573e-04
5.602823803201317787e-04
5.616321577690541744e-04
5.616894923150539398e-04
5.601009470410645008e-04
5.621670279651880264e-04
5.609620711766183376e-04
5.612850654870271683e-04
5.606891936622560024e-04
5.594488466158509254e-04
5.588821950368583202e-04
5.593263194896280766e-04
5.609947838820517063e-04
5.601876764558255672e-04
5.623442120850086212e-04
