9.482414245605468750e+00
5.259229660034179688e+00
3.544543981552124023e+00
2.638018131256103516e+00
2.126392602920532227e+00
1.924313545227050781e+00
1.951934695243835449e+00
2.078961610794067383e+00
1.787073254585266113e+00
1.491787195205688477e+00
1.467738270759582520e+00
1.260212302207946777e+00
1.165945053100585938e+00
1.319151043891906738e+00
1.001084208488464355e+00
8.968325257301330566e-01
8.548554778099060059e-01
9.368416070938110352e-01
6.961012482643127441e-01
6.479960083961486816e-01
6.621205210685729980e-01
6.084514856338500977e-01
5.424407720565795898e-01
4.953654110431671143e-01
6.346885561943054199e-01
4.450089037418365479e-01
4.216787219047546387e-01
4.214240014553070068e-01
4.058490693569183350e-01
3.568896055221557617e-01
4.713033735752105713e-01
3.460453748703002930e-01
3.089635670185089111e-01
4.428341686725616455e-01
2.887062430381774902e-01
2.803322970867156982e-01
2.609877884387969971e-01
2.763901054859161377e-01
4.315845072269439697e-01
2.474607676267623901e-01
3.366883099079132080e-01
2.717813551425933838e-01
2.557339668273925781e-01
2.393625676631927490e-01
2.198280692100524902e-01
3.229844868183135986e-01
2.143348008394241333e-01
2.074262648820877075e-01
2.601876854896545410e-01
1.939029991626739502e-01
2.252861857414245605e-01
1.816108673810958862e-01
1.760928332805633545e-01
2.311371713876724243e-01
1.958102434873580933e-01
1.727951318025588989e-01
1.546629667282104492e-01
1.604758054018020630e-01
1.547218263149261475e-01
1.501835286617279053e-01
2.298403084278106689e-01
1.628324091434478760e-01
1.349303126335144043e-01
1.451539248228073120e-01
1.293056309223175049e-01
1.331553161144256592e-01
2.196213752031326294e-01
1.530936658382415771e-01
1.167801991105079651e-01
1.295312792062759399e-01
1.150195598602294922e-01
1.206752210855484009e-01
1.255935132503509521e-01
1.106465831398963928e-01
1.164267137646675110e-01
1.994079053401947021e-01
1.465640962123870850e-01
9.843971580266952515e-02
1.234569326043128967e-01
9.719294309616088867e-02
1.230775713920593262e-01
2.133663445711135864e-01
1.147009208798408508e-01
9.195184707641601562e-02
1.111538559198379517e-01
9.005457907915115356e-02
9.522727876901626587e-02
1.604049056768417358e-01
1.293493509292602539e-01
9.431628882884979248e-02
8.683607727289199829e-02
1.121887713670730591e-01
1.076649352908134460e-01
1.165097057819366455e-01
9.097538888454437256e-02
1.039332821965217590e-01
9.009912610054016113e-02
1.136281043291091919e-01
8.931804448366165161e-02
9.404367208480834961e-02
7.299637794494628906e-02
9.020854532718658447e-02
9.251079708337783813e-02
8.105894923210144043e-02
8.488085120916366577e-02
7.309699803590774536e-02
7.700364291667938232e-02
7.530378550291061401e-02
7.256589829921722412e-02
7.389321923255920410e-02
9.176152944564819336e-02
7.193586975336074829e-02
6.853706389665603638e-02
6.757900863885879517e-02
6.954486668109893799e-02
6.636325269937515259e-02
8.171704411506652832e-02
6.603034585714340210e-02
6.679573655128479004e-02
6.297583132982254028e-02
6.787709146738052368e-02
6.314808130264282227e-02
7.328143715858459473e-02
6.224031373858451843e-02
6.624889373779296875e-02
6.006961315870285034e-02
6.585542112588882446e-02
5.977893620729446411e-02
6.721707433462142944e-02
5.902306362986564636e-02
6.462807208299636841e-02
5.763005837798118591e-02
6.291877478361129761e-02
5.691671371459960938e-02
6.340623646974563599e-02
5.633328855037689209e-02
6.228588894009590149e-02
5.530125647783279419e-02
6.080374494194984436e-02
5.438513308763504028e-02
5.992411449551582336e-02
5.377602949738502502e-02
5.974139645695686340e-02
5.310491472482681274e-02
5.876701697707176208e-02
5.222510173916816711e-02
5.764975771307945251e-02
5.145798251032829285e-02
5.711200833320617676e-02
5.084159597754478455e-02
5.651136860251426697e-02
5.012376233935356140e-02
5.548456311225891113e-02
4.930190369486808777e-02
5.448757112026214600e-02
4.868321120738983154e-02
5.402107164263725281e-02
4.794796183705329895e-02
5.324187502264976501e-02
4.737862572073936462e-02
5.278936028480529785e-02
4.672847315669059753e-02
5.187169462442398071e-02
4.598138481378555298e-02
5.120347812771797180e-02
4.552210122346878052e-02
5.076709389686584473e-02
4.509389773011207581e-02
4.929640516638755798e-02
4.415596649050712585e-02
4.658110812306404114e-02
4.373824596405029297e-02
4.935373365879058838e-02
4.447340592741966248e-02
5.102594569325447083e-02
4.286801442503929138e-02
4.684503003954887390e-02
4.147142171859741211e-02
4.604919254779815674e-02
4.159718751907348633e-02
4.806910827755928040e-02
4.140363633632659912e-02
4.630755633115768433e-02
4.035282135009765625e-02
4.423168674111366272e-02
3.996527194976806641e-02
4.387414082884788513e-02
3.993450105190277100e-02
4.565380141139030457e-02
3.993314132094383240e-02
4.526703804731369019e-02
3.873303532600402832e-02
4.299308359622955322e-02
3.804720938205718994e-02
4.289075359702110291e-02
3.787000477313995361e-02
4.365543648600578308e-02
3.751610592007637024e-02
4.201680049300193787e-02
3.684270381927490234e-02
3.474757820367813110e-02
3.523552417755126953e-02
3.704109415411949158e-02
3.690723329782485962e-02
4.442877322435379028e-02
3.599700704216957092e-02
4.066832736134529114e-02
3.560457006096839905e-02
3.557657822966575623e-02
3.532686084508895874e-02
3.611242026090621948e-02
3.435454145073890686e-02
3.470364585518836975e-02
3.620883822441101074e-02
3.400960937142372131e-02
3.385000675916671753e-02
3.392829000949859619e-02
3.397889807820320129e-02
3.353155404329299927e-02
3.360188379883766174e-02
3.388945013284683228e-02
3.367802128195762634e-02
3.301796689629554749e-02
3.326199203729629517e-02
3.287430480122566223e-02
3.387482836842536926e-02
3.247190266847610474e-02
3.404432162642478943e-02
3.173051774501800537e-02
3.281616419553756714e-02
3.124769590795040131e-02
3.234952315688133240e-02
3.135966509580612183e-02
3.268203139305114746e-02
3.092396818101406097e-02
3.159794956445693970e-02
3.113457001745700836e-02
3.278623521327972412e-02
3.058649972081184387e-02
3.104093670845031738e-02
3.072291426360607147e-02
3.260875865817070007e-02
3.005024977028369904e-02
3.029842488467693329e-02
3.022657148540019989e-02
3.205789998173713684e-02
2.964020892977714539e-02
2.954116463661193848e-02
3.006903827190399170e-02
3.120629303157329559e-02
2.990889921784400940e-02
3.215429186820983887e-02
2.907477319240570068e-02
2.910577692091464996e-02
2.873951569199562073e-02
2.889651805162429810e-02
3.354480862617492676e-02
2.841334789991378784e-02
2.847171947360038757e-02
2.804516628384590149e-02
3.069702535867691040e-02
2.831140533089637756e-02
3.009125404059886932e-02
2.766654267907142639e-02
2.930311858654022217e-02
2.745990641415119171e-02
2.928985096514225006e-02
2.745465748012065887e-02
2.924876660108566284e-02
2.698875591158866882e-02
2.838408574461936951e-02
2.704089879989624023e-02
2.905496023595333099e-02
2.669957652688026428e-02
2.801703847944736481e-02
2.663278393447399139e-02
2.813249640166759491e-02
2.641451917588710785e-02
2.812295220792293549e-02
2.639198862016201019e-02
2.757040038704872131e-02
2.611853927373886108e-02
2.810039184987545013e-02
2.606489881873130798e-02
2.703403122723102570e-02
2.570234425365924835e-02
2.772119455039501190e-02
2.567873522639274597e-02
2.665912173688411713e-02
2.532739005982875824e-02
2.720301225781440735e-02
2.539248391985893250e-02
2.664561010897159576e-02
2.499281987547874451e-02
2.664344199001789093e-02
2.504129894077777863e-02
2.654663845896720886e-02
2.458943985402584076e-02
2.594897896051406860e-02
2.468547597527503967e-02
2.455531060695648193e-02
2.445912919938564301e-02
2.459996007382869720e-02
2.423550374805927277e-02
2.430798113346099854e-02
2.432046271860599518e-02
2.436207048594951630e-02
2.479406818747520447e-02
2.436799556016921997e-02
2.450821176171302795e-02
2.439362928271293640e-02
2.472061105072498322e-02
2.407753281295299530e-02
2.421616390347480774e-02
2.390124648809432983e-02
2.428744547069072723e-02
2.371887862682342529e-02
2.390223927795886993e-02
2.360882982611656189e-02
2.402401901781558990e-02
2.348061278462409973e-02
2.372451126575469971e-02
2.337396517395973206e-02
2.376181632280349731e-02
2.326158620417118073e-02
2.358498051762580872e-02
2.315528877079486847e-02
2.346770651638507843e-02
2.305861189961433411e-02
2.340167947113513947e-02
2.297884039580821991e-02
2.332022786140441895e-02
2.286814898252487183e-02
2.326506562530994415e-02
2.277087047696113586e-02
2.311190776526927948e-02
2.266547270119190216e-02
2.313897386193275452e-02
2.258943766355514526e-02
2.305464632809162140e-02
2.250522561371326447e-02
2.295802719891071320e-02
2.237357199192047119e-02
2.280049584805965424e-02
2.228415012359619141e-02
2.272894605994224548e-02
2.218390628695487976e-02
2.261471562087535858e-02
2.208019606769084930e-02
2.246268093585968018e-02
2.200069837272167206e-02
2.241511270403862000e-02
2.189143933355808258e-02
2.227762155234813690e-02
2.182061783969402313e-02
2.225488610565662384e-02
2.173460461199283600e-02
2.214165218174457550e-02
2.165776118636131287e-02
2.215071953833103180e-02
2.156826481223106384e-02
2.201952040195465088e-02
2.148153446614742279e-02
2.190575189888477325e-02
2.139645628631114960e-02
2.179437130689620972e-02
2.130568400025367737e-02
2.171164751052856445e-02
2.120026573538780212e-02
2.166161499917507172e-02
2.111635915935039520e-02
2.155482396483421326e-02
2.101623453199863434e-02
2.152106724679470062e-02
2.094081230461597443e-02
2.138675004243850708e-02
2.086407877504825592e-02
2.133162505924701691e-02
2.081091143190860748e-02
2.126264944672584534e-02
2.070986852049827576e-02
2.119107171893119812e-02
2.063429355621337891e-02
2.114676497876644135e-02
2.054822631180286407e-02
2.105993032455444336e-02
2.047048881649971008e-02
2.092243731021881104e-02
2.036145888268947601e-02
2.086273021996021271e-02
2.027359046041965485e-02
2.069802023470401764e-02
2.018548175692558289e-02
2.062378078699111938e-02
2.009638398885726929e-02
2.050924859941005707e-02
2.001861482858657837e-02
2.048956602811813354e-02
1.996758207678794861e-02
2.041283622384071350e-02
1.988990232348442078e-02
1.982751116156578064e-02
1.994848251342773438e-02
1.982668787240982056e-02
1.977214403450489044e-02
1.983971148729324341e-02
1.975629664957523346e-02
1.976461708545684814e-02
1.980042643845081329e-02
1.976219192147254944e-02
1.978129334747791290e-02
1.975863240659236908e-02
1.976076886057853699e-02
1.974806375801563263e-02
1.973546482622623444e-02
1.975451223552227020e-02
1.972735300660133362e-02
1.974424161016941071e-02
1.969083957374095917e-02
1.972170732915401459e-02
1.966150663793087006e-02
1.968557387590408325e-02
1.962786726653575897e-02
1.967218331992626190e-02
1.959766075015068054e-02
1.963404938578605652e-02
1.954662799835205078e-02
1.958300545811653137e-02
1.950607821345329285e-02
1.954518444836139679e-02
1.945199631154537201e-02
1.951356232166290283e-02
1.940141431987285614e-02
1.947453431785106659e-02
1.936196163296699524e-02
1.942210085690021515e-02
1.931384764611721039e-02
1.936074532568454742e-02
1.926568895578384399e-02
1.931706257164478302e-02
1.922416687011718750e-02
1.926617696881294250e-02
1.917734928429126740e-02
1.922006718814373016e-02
1.911328919231891632e-02
1.917706429958343506e-02
1.907318830490112305e-02
1.913390867412090302e-02
1.901680417358875275e-02
1.907092891633510590e-02
1.897823251783847809e-02
1.901351474225521088e-02
1.892182789742946625e-02
1.899297721683979034e-02
1.886509172618389130e-02
1.896093599498271942e-02
1.881459355354309082e-02
1.891427114605903625e-02
1.877797581255435944e-02
1.887174695730209351e-02
1.873574405908584595e-02
1.882616989314556122e-02
1.868219114840030670e-02
1.875755190849304199e-02
1.863574795424938202e-02
1.870521903038024902e-02
1.859300211071968079e-02
1.867730356752872467e-02
1.854594051837921143e-02
1.862016506493091583e-02
1.851112954318523407e-02
1.858572661876678467e-02
1.846029236912727356e-02
1.854303292930126190e-02
1.841988600790500641e-02
1.848497427999973297e-02
1.836837828159332275e-02
1.845150068402290344e-02
1.831994391977787018e-02
1.843012124300003052e-02
1.826392114162445068e-02
1.838218793272972107e-02
1.821541972458362579e-02
1.832982525229454041e-02
1.818689331412315369e-02
1.827781833708286285e-02
1.813438162207603455e-02
1.824199967086315155e-02
1.810225844383239746e-02
1.822115480899810791e-02
1.806477643549442291e-02
1.818269118666648865e-02
1.801993697881698608e-02
1.814882829785346985e-02
1.798109337687492371e-02
1.811273954808712006e-02
1.793581992387771606e-02
1.807820610702037811e-02
1.789191178977489471e-02
1.802856661379337311e-02
1.789844594895839691e-02
1.784590817987918854e-02
1.788535155355930328e-02
1.789839006960391998e-02
1.783159561455249786e-02
1.781753450632095337e-02
1.782499812543392181e-02
1.779451593756675720e-02
1.779351197183132172e-02
1.779939793050289154e-02
1.777376607060432434e-02
1.776759326457977295e-02
1.776298135519027710e-02
1.775854080915451050e-02
1.775838062167167664e-02
1.775057800114154816e-02
1.774062402546405792e-02
1.773081719875335693e-02
1.773364469408988953e-02
1.773787662386894226e-02
1.772684790194034576e-02
1.771624572575092316e-02
1.771192252635955811e-02
1.769877411425113678e-02
1.769480109214782715e-02
1.769020222127437592e-02
1.767934672534465790e-02
1.767065376043319702e-02
1.766665466129779816e-02
1.765153557062149048e-02
1.764486730098724365e-02
1.763032376766204834e-02
1.762556470930576324e-02
1.760883256793022156e-02
1.759730465710163116e-02
1.758768968284130096e-02
1.759027317166328430e-02
1.757433637976646423e-02
1.756651140749454498e-02
1.754913292825222015e-02
1.754790544509887695e-02
1.753949187695980072e-02
1.753050461411476135e-02
1.752045564353466034e-02
1.751766353845596313e-02
1.750614866614341736e-02
1.749570295214653015e-02
1.748216338455677032e-02
1.747856661677360535e-02
1.746524497866630554e-02
1.744945719838142395e-02
1.743737235665321350e-02
1.742700673639774323e-02
1.742119900882244110e-02
1.740315183997154236e-02
1.738814078271389008e-02
1.737047731876373291e-02
1.735589466989040375e-02
1.734835281968116760e-02
1.734145916998386383e-02
1.732501201331615448e-02
1.731374673545360565e-02
1.730931550264358521e-02
1.729773916304111481e-02
1.728452369570732117e-02
1.728341914713382721e-02
1.727246865630149841e-02
1.725739799439907074e-02
1.724504306912422180e-02
1.722927577793598175e-02
1.721991039812564850e-02
1.720445416867733002e-02
1.719476841390132904e-02
1.718372479081153870e-02
1.717195659875869751e-02
1.716538518667221069e-02
1.714763976633548737e-02
1.714151725172996521e-02
1.712516508996486664e-02
1.711396872997283936e-02
1.710580848157405853e-02
1.709850318729877472e-02
1.708422228693962097e-02
1.706969738006591797e-02
1.705955900251865387e-02
1.704827137291431427e-02
1.703744195401668549e-02
1.702255383133888245e-02
1.701904647052288055e-02
1.701236329972743988e-02
1.699920743703842163e-02
1.697899587452411652e-02
1.695941016077995300e-02
1.695843413472175598e-02
1.695506647229194641e-02
1.694025099277496338e-02
1.691553555428981781e-02
1.691609993577003479e-02
1.689735800027847290e-02
1.689997874200344086e-02
1.689337939023971558e-02
1.688347198069095612e-02
1.687643863260746002e-02
1.686947979032993317e-02
1.686264015734195709e-02
1.686596684157848358e-02
1.685977727174758911e-02
1.685161329805850983e-02
1.684489473700523376e-02
1.684235967695713043e-02
1.683525741100311279e-02
1.682890579104423523e-02
1.682141423225402832e-02
1.681572571396827698e-02
1.680816151201725006e-02
1.680448651313781738e-02
1.679826527833938599e-02
1.679389551281929016e-02
1.679172180593013763e-02
1.678212918341159821e-02
1.677686348557472229e-02
1.677180267870426178e-02
1.676435582339763641e-02
1.675831712782382965e-02
1.675069145858287811e-02
1.674835383892059326e-02
1.674357429146766663e-02
1.673914119601249695e-02
1.673762500286102295e-02
1.672749780118465424e-02
1.672846823930740356e-02
1.672355271875858307e-02
1.671899855136871338e-02
1.671031489968299866e-02
1.670500636100769043e-02
1.669190637767314911e-02
1.668476127088069916e-02
1.667748019099235535e-02
1.666902750730514526e-02
1.667675748467445374e-02
1.667260564863681793e-02
1.666571944952011108e-02
1.665647141635417938e-02
1.664754748344421387e-02
1.663955114781856537e-02
1.663302816450595856e-02
1.663200929760932922e-02
1.662839390337467194e-02
1.662731915712356567e-02
1.662011072039604187e-02
1.661291718482971191e-02
1.660843938589096069e-02
1.660349220037460327e-02
1.659389771521091461e-02
1.658603549003601074e-02
1.657782867550849915e-02
1.657454483211040497e-02
1.656942069530487061e-02
1.656269840896129608e-02
1.655440218746662140e-02
1.655688509345054626e-02
1.655395142734050751e-02
1.654506847262382507e-02
1.653181202709674835e-02
1.652354747056961060e-02
1.651983149349689484e-02
1.652323827147483826e-02
1.651930063962936401e-02
1.650896854698657990e-02
1.650052331387996674e-02
1.649138703942298889e-02
1.648679375648498535e-02
1.648442074656486511e-02
1.648579537868499756e-02
1.647910475730895996e-02
1.647230796515941620e-02
1.646472699940204620e-02
1.645467244088649750e-02
1.646095700562000275e-02
1.645237579941749573e-02
1.644165627658367157e-02
1.643607765436172485e-02
1.643014326691627502e-02
1.642721891403198242e-02
1.642557047307491302e-02
1.641466468572616577e-02
1.640054769814014435e-02
1.639451086521148682e-02
1.639429666101932526e-02
1.638911664485931396e-02
1.638288050889968872e-02
1.638047769665718079e-02
1.637085899710655212e-02
1.636948250234127045e-02
1.636161841452121735e-02
1.635087840259075165e-02
1.634452864527702332e-02
1.634306274354457855e-02
1.633216440677642822e-02
1.631897874176502228e-02
1.631647720932960510e-02
1.631271652877330780e-02
1.631804183125495911e-02
1.631529629230499268e-02
1.630642451345920563e-02
1.630191132426261902e-02
1.630042307078838348e-02
1.630777493119239807e-02
1.630524732172489166e-02
1.629929058253765106e-02
1.629534736275672913e-02
1.629141531884670258e-02
1.628461480140686035e-02
1.628437452018260956e-02
1.627685688436031342e-02
1.626880653202533722e-02
1.626698113977909088e-02
1.626383699476718903e-02
1.625170558691024780e-02
1.625462435185909271e-02
1.625301316380500793e-02
1.624812372028827667e-02
1.623946987092494965e-02
1.623572781682014465e-02
1.623228006064891815e-02
1.623277179896831512e-02
1.623092032968997955e-02
1.622931100428104401e-02
1.623058319091796875e-02
1.622743532061576843e-02
1.622589491307735443e-02
1.622302830219268799e-02
1.622173935174942017e-02
1.621625386178493500e-02
1.621441729366779327e-02
1.620986126363277435e-02
1.620362326502799988e-02
1.620412990450859070e-02
1.620007678866386414e-02
1.619441621005535126e-02
1.619337499141693115e-02
1.619180664420127869e-02
1.618930138647556305e-02
1.618435792624950409e-02
1.618298701941967010e-02
1.618171110749244690e-02
1.618190668523311615e-02
1.617876999080181122e-02
1.617438904941082001e-02
1.617075689136981964e-02
1.616755314171314240e-02
1.616500504314899445e-02
1.616073772311210632e-02
1.615928299725055695e-02
1.615382358431816101e-02
1.615077443420886993e-02
1.614500023424625397e-02
1.614072732627391815e-02
1.613851450383663177e-02
1.613249257206916809e-02
1.612908951938152313e-02
1.612564735114574432e-02
1.612208038568496704e-02
1.611879840493202209e-02
1.611627079546451569e-02
1.611271500587463379e-02
1.610495895147323608e-02
1.610481552779674530e-02
1.610298454761505127e-02
1.609709486365318298e-02
1.609759591519832611e-02
1.609194651246070862e-02
1.609738729894161224e-02
1.609205827116966248e-02
1.608907245099544525e-02
1.608858443796634674e-02
1.608556695282459259e-02
1.607915200293064117e-02
1.607987470924854279e-02
1.607720740139484406e-02
1.607172936201095581e-02
1.607347466051578522e-02
1.607079245150089264e-02
1.606190390884876251e-02
1.605817861855030060e-02
1.605426147580146790e-02
1.605569384992122650e-02
1.605060510337352753e-02
1.605172827839851379e-02
1.604939810931682587e-02
1.604668423533439636e-02
1.604024879634380341e-02
1.603942364454269409e-02
1.603852398693561554e-02
1.603572070598602295e-02
1.603238470852375031e-02
1.602728292346000671e-02
1.602487638592720032e-02
1.602016948163509369e-02
1.601830124855041504e-02
1.601535268127918243e-02
1.601322181522846222e-02
1.601284556090831757e-02
1.601060852408409119e-02
1.600939966738224030e-02
1.600857265293598175e-02
1.600452885031700134e-02
1.600603945553302765e-02
1.600422710180282593e-02
1.600319519639015198e-02
1.600018702447414398e-02
1.600105129182338715e-02
1.599689014256000519e-02
1.598993502557277679e-02
1.598715968430042267e-02
1.598501577973365784e-02
1.598298177123069763e-02
1.598254963755607605e-02
1.598582416772842407e-02
1.597921550273895264e-02
1.597719453275203705e-02
1.598229818046092987e-02
1.598046347498893738e-02
1.598228514194488525e-02
1.598030328750610352e-02
1.597902178764343262e-02
1.597574725747108459e-02
1.597388647496700287e-02
1.596704311668872833e-02
1.596941426396369934e-02
1.596852391958236694e-02
1.596735790371894836e-02
1.595978438854217529e-02
1.596172526478767395e-02
1.595873944461345673e-02
1.595835760235786438e-02
1.595567166805267334e-02
1.595360040664672852e-02
1.595046557486057281e-02
1.595184952020645142e-02
1.594977639615535736e-02
1.594958268105983734e-02
1.594600267708301544e-02
1.594577170908451080e-02
1.594301871955394745e-02
1.594092510640621185e-02
1.593811064958572388e-02
1.593635976314544678e-02
1.593682914972305298e-02
1.593415066599845886e-02
1.593163423240184784e-02
1.593067310750484467e-02
1.592739857733249664e-02
1.592580415308475494e-02
1.592367887496948242e-02
1.591994799673557281e-02
1.591674238443374634e-02
1.591511443257331848e-02
1.591475307941436768e-02
1.591298729181289673e-02
1.591092534363269806e-02
1.590867340564727783e-02
1.590863429009914398e-02
1.590756326913833618e-02
1.590452529489994049e-02
1.590132899582386017e-02
1.590101048350334167e-02
1.589796692132949829e-02
1.589595898985862732e-02
1.589403860270977020e-02
1.589194871485233307e-02
1.589011214673519135e-02
1.589277759194374084e-02
1.589172892272472382e-02
1.588931307196617126e-02
1.589295826852321625e-02
1.588894799351692200e-02
1.588813960552215576e-02
1.588734984397888184e-02
1.588315516710281372e-02
1.587829552590847015e-02
1.587278768420219421e-02
1.586966961622238159e-02
1.587069220840930939e-02
1.586893945932388306e-02
1.586584560573101044e-02
1.586448960006237030e-02
1.586384885013103485e-02
1.586548797786235809e-02
1.586353033781051636e-02
1.586121134459972382e-02
1.585764996707439423e-02
1.585393399000167847e-02
1.585424505174160004e-02
1.585054956376552582e-02
1.584832184016704559e-02
1.584243215620517731e-02
1.584661751985549927e-02
1.584739238023757935e-02
1.584055274724960327e-02
1.583945751190185547e-02
1.583810150623321533e-02
1.583701930940151215e-02
1.583579741418361664e-02
1.583217456936836243e-02
1.583107933402061462e-02
1.583377085626125336e-02
1.583216711878776550e-02
1.582903228700160980e-02
1.582789793610572815e-02
1.582844182848930359e-02
1.582904905080795288e-02
1.582674682140350342e-02
1.582616567611694336e-02
1.582498662173748016e-02
1.582953892648220062e-02
1.582647860050201416e-02
1.582369953393936157e-02
1.582244969904422760e-02
1.582152582705020905e-02
1.582085527479648590e-02
1.581942848861217499e-02
1.581806689500808716e-02
1.581836678087711334e-02
1.581705734133720398e-02
1.581574231386184692e-02
1.581458747386932373e-02
1.581378839910030365e-02
1.581183820962905884e-02
1.581120491027832031e-02
1.580956019461154938e-02
1.581495068967342377e-02
1.581361144781112671e-02
1.581219583749771118e-02
1.581132225692272186e-02
1.580996438860893250e-02
1.580866239964962006e-02
1.580811850726604462e-02
1.580663025379180908e-02
1.580575667321681976e-02
1.580516993999481201e-02
1.580221951007843018e-02
1.579869352281093597e-02
1.579749397933483124e-02
1.579624041914939880e-02
1.579499058425426483e-02
1.579362712800502777e-02
1.579234749078750610e-02
1.579132676124572754e-02
1.579000987112522125e-02
1.578760333359241486e-02
1.578653790056705475e-02
1.578220911324024200e-02
1.578087173402309418e-02
1.577947288751602173e-02
1.577823050320148468e-02
1.577696949243545532e-02
1.577728800475597382e-02
1.577693223953247070e-02
1.578495465219020844e-02
1.578368432819843292e-02
1.577682048082351685e-02
1.578319631516933441e-02
1.578104309737682343e-02
1.577969640493392944e-02
1.577821746468544006e-02
1.577672921121120453e-02
1.577673293650150299e-02
1.577519997954368591e-02
1.577378436923027039e-02
1.577226817607879639e-02
1.576825231313705444e-02
1.576705649495124817e-02
1.576615311205387115e-02
1.576260663568973541e-02
1.576138287782669067e-02
1.576009206473827362e-02
1.575886085629463196e-02
1.575757190585136414e-02
1.575689949095249176e-02
1.575801894068717957e-02
1.575678773224353790e-02
1.575455442070960999e-02
1.575442403554916382e-02
1.575504615902900696e-02
1.575637422502040863e-02
1.575442031025886536e-02
1.575310528278350830e-02
1.575100980699062347e-02
1.574681885540485382e-02
1.574485935270786285e-02
1.574660465121269226e-02
1.574510894715785980e-02
1.574186049401760101e-02
1.574032567441463470e-02
1.573882624506950378e-02
1.573736406862735748e-02
1.573592796921730042e-02
1.573570072650909424e-02
1.573339290916919708e-02
