4.777549982070922741e-01
4.340952962636947521e-01
4.214178919792175293e-01
4.253988772630691306e-01
4.226159512996673362e-01
4.111405998468399270e-01
4.004889398813247792e-01
3.923932686448097229e-01
3.847589522600173839e-01
3.770780295133590587e-01
3.708495900034904369e-01
3.665687978267669900e-01
3.635190859436988609e-01
3.602368578314781300e-01
3.497653067111968772e-01
3.504736363887787087e-01
3.502350360155105369e-01
3.509555503726005665e-01
3.537689238786697610e-01
3.533310920000076183e-01
3.562475979328155740e-01
3.542573496699333302e-01
3.510023072361946328e-01
3.519615948200225941e-01
3.524034738540649525e-01
3.546931833028793557e-01
3.652553781867027283e-01
3.649441957473754661e-01
3.659103989601135143e-01
3.624113321304321400e-01
3.654255360364914162e-01
3.582789391279220803e-01
3.568974554538726918e-01
3.558466851711273304e-01
3.554682552814483754e-01
3.589802592992782371e-01
3.618840306997299083e-01
3.617443427443504111e-01
3.581056267023086659e-01
3.565996989607810863e-01
3.583675980567931907e-01
3.607005923986434937e-01
3.633722841739654430e-01
3.602533668279647716e-01
3.580242127180099376e-01
3.581979751586913951e-01
3.584942311048507912e-01
3.617959856986999734e-01
3.641666263341903909e-01
3.733097389340400696e-01
3.662143588066101296e-01
3.648562684655189403e-01
3.618091970682144054e-01
3.594148546457290871e-01
3.609120532870292442e-01
3.636682987213134544e-01
3.585609734058380349e-01
3.579063996672630088e-01
3.593529477715492471e-01
3.590154781937598960e-01
3.610292360186576621e-01
3.628029525279998779e-01
3.639241799712181202e-01
3.607533439993858559e-01
3.585680842399597279e-01
3.594642147421837075e-01
3.603078186511993186e-01
3.608104452490806802e-01
3.606531426310539135e-01
3.616091102361679299e-01
3.598643422126769909e-01
3.613814711570739746e-01
3.610366851091384999e-01
3.603535488247871510e-01
3.604402467608451843e-01
3.617415040731429832e-01
3.614636763930320629e-01
3.639140978455543407e-01
3.623878479003906361e-01
3.658779934048652649e-01
3.631369382143020408e-01
3.681778907775878906e-01
3.657251477241516002e-01
3.616506829857826233e-01
3.609279096126556396e-01
3.600084006786346547e-01
3.625021010637283214e-01
3.603817731142043845e-01
3.592493295669555442e-01
3.596816748380661233e-01
3.598919898271560891e-01
3.603559300303459390e-01
3.620511651039123313e-01
3.603770762681960949e-01
3.607753947377204673e-01
3.597042679786682240e-01
3.603288024663925393e-01
3.637031078338622825e-01
3.596201524138450401e-01
3.597232103347778320e-01
3.612552091479301342e-01
3.609230667352676392e-01
3.607857376337051392e-01
3.607216924428939819e-01
3.616439744830131642e-01
3.603054061532020569e-01
3.610336333513259888e-01
3.604451343417167664e-01
3.607097685337066761e-01
3.602833479642867931e-01
3.610961675643921120e-01
3.608346819877624734e-01
3.616866663098335377e-01
3.607417523860931285e-01
3.606707006692886353e-01
3.608241140842437522e-01
3.610077098011970631e-01
3.616215214133262634e-01
3.618285715579986350e-01
3.624965652823448070e-01
3.611096173524856456e-01
3.604718357324599998e-01
3.618693947792053223e-01
3.616844817996024974e-01
3.608843356370926014e-01
3.612399309873580711e-01
3.609441936016082875e-01
3.616782665252685769e-01
3.612843155860900879e-01
3.617463305592537037e-01
3.613055869936943054e-01
3.620346575975418313e-01
3.614427700638770946e-01
3.613540604710578918e-01
3.614412873983383068e-01
3.619124293327331543e-01
3.616742581129074319e-01
3.614803761243819968e-01
3.618660897016525158e-01
3.617791771888733132e-01
3.619586527347564697e-01
3.625927224755287059e-01
3.617215141654014365e-01
3.616760462522506936e-01
3.629040196537971497e-01
3.610210359096527322e-01
3.620630279183387756e-01
3.614810675382614247e-01
3.614987552165985218e-01
3.613702267408370750e-01
3.618192300200462341e-01
3.616141170263290627e-01
3.623950958251953014e-01
3.618280500173568504e-01
3.615700453519821167e-01
3.619775295257568470e-01
3.625070199370384327e-01
3.624887928366661294e-01
3.620398581027984841e-01
3.612242028117179649e-01
3.612229898571968079e-01
3.615057677030563132e-01
3.619673877954482921e-01
3.617716088891029247e-01
3.618845373392104992e-01
3.614128753542900085e-01
3.634332865476608276e-01
3.613455355167388694e-01
3.616388261318206898e-01
3.615332484245300515e-01
3.614218905568122864e-01
3.615693271160125843e-01
3.636555939912796132e-01
3.611273348331451305e-01
3.611537277698516624e-01
3.614842563867569081e-01
3.630822226405143738e-01
3.611023038625716941e-01
3.623553708195686451e-01
3.610050007700920105e-01
3.612524747848510631e-01
3.614179000258445629e-01
3.620825320482253806e-01
3.617056474089622720e-01
3.620311811566352955e-01
3.615185812115669362e-01
3.618770405650139077e-01
3.621300876140594593e-01
3.613852366805076488e-01
3.614414721727371438e-01
3.617809474468230979e-01
3.611287981271743552e-01
3.627005636692047230e-01
3.613558322191238181e-01
3.631095737218856812e-01
3.617563441395759694e-01
3.613453000783920510e-01
3.615795940160751454e-01
3.618336260318756326e-01
3.618219479918479697e-01
3.616771593689918629e-01
3.615876153111458047e-01
3.617885842919349448e-01
3.615025430917739868e-01
3.621191039681434520e-01
3.616584122180938610e-01
3.621538192033767478e-01
3.619115114212035911e-01
3.617188632488250732e-01
3.619071096181869507e-01
3.621270686388015636e-01
3.618617564439773338e-01
3.619650319218635781e-01
3.618975833058357128e-01
3.619983762502670399e-01
3.616521656513214111e-01
3.618754476308822521e-01
3.619218230247497337e-01
3.620988547801971547e-01
3.616172760725021584e-01
3.621986836194991954e-01
3.619333818554878457e-01
3.620817169547080883e-01
3.620655134320259205e-01
3.621200859546661599e-01
3.619369447231292614e-01
3.618411839008331410e-01
3.621467217803001626e-01
3.617033600807190163e-01
3.622348114848136791e-01
3.620078638195991516e-01
3.622041523456573375e-01
3.617050603032112011e-01
3.619847029447555431e-01
3.619085043668747170e-01
3.622750267386436462e-01
3.620891183614730613e-01
3.622120171785354614e-01
3.621548771858215110e-01
3.621345430612564198e-01
3.622066587209701316e-01
3.622089117765426858e-01
3.624354705214500316e-01
3.617754220962524636e-01
3.620732977986335643e-01
3.614128172397613747e-01
3.628570511937141418e-01
3.625115245580673440e-01
3.620395764708518871e-01
3.617483302950859070e-01
3.615880012512207031e-01
3.624519050121307595e-01
3.615273341536521801e-01
3.629165321588516124e-01
3.620589584112167136e-01
3.615699678659439198e-01
3.615275114774704202e-01
3.616484493017196877e-01
3.623599752783775441e-01
3.625456869602203258e-01
3.623349457979202493e-01
3.620102941989898904e-01
3.619895115494727866e-01
3.622900575399398693e-01
3.625797778367996216e-01
3.623017579317092673e-01
3.617736175656318665e-01
3.621498048305511475e-01
3.616744294762611611e-01
3.623085245490074158e-01
3.617708235979080200e-01
3.622495710849761852e-01
3.625250786542892345e-01
3.620365381240844838e-01
3.623125433921813854e-01
3.615681126713752858e-01
3.620052710175514221e-01
3.613980516791343578e-01
3.632663786411285400e-01
3.625352203845977894e-01
3.614868283271789329e-01
3.618485420942306741e-01
3.619015321135520824e-01
3.620668470859527699e-01
3.619467169046401978e-01
3.619427755475044250e-01
3.619714021682739480e-01
3.627735912799835427e-01
3.617453992366790883e-01
3.619762018322944530e-01
3.617123901844024880e-01
3.624572068452834861e-01
3.623959958553314431e-01
3.622567862272262351e-01
3.620064601302147023e-01
3.620930463075637817e-01
3.620851635932922363e-01
3.625430464744567871e-01
3.618989691138267406e-01
3.621609717607497947e-01
3.617104619741439708e-01
3.620006769895553478e-01
3.619747757911682129e-01
3.621343106031417736e-01
3.623366937041282432e-01
3.622183144092560036e-01
3.621401190757751465e-01
3.623550295829772727e-01
3.623215660452842601e-01
3.622334301471710205e-01
3.622114688158035167e-01
3.622899919748306385e-01
3.624176934361457714e-01
3.623168408870697244e-01
3.622245669364929088e-01
3.623982220888137817e-01
3.622231811285018810e-01
3.621797740459442028e-01
3.623431280255317577e-01
3.623325139284133689e-01
3.621917113661766163e-01
3.624420300126075523e-01
3.622883886098861583e-01
3.623837664723396079e-01
3.623886540532111900e-01
3.624943181872367637e-01
3.623151853680610657e-01
3.622382819652557595e-01
3.622820973396301270e-01
3.624090135097503551e-01
3.623196631669998169e-01
3.621757641434669717e-01
3.622779637575149758e-01
3.622064739465713501e-01
3.622129634022712708e-01
3.622190833091735729e-01
3.623273283243179099e-01
3.624937683343887329e-01
3.624948710203170776e-01
3.624351531267165916e-01
3.623373240232467540e-01
3.622579157352447399e-01
3.621938213706016318e-01
3.624988287687301858e-01
3.625081270933151467e-01
3.623271644115447776e-01
3.625077709555625805e-01
3.623705536127090343e-01
3.624293744564056619e-01
3.625704392790794484e-01
3.624787136912345775e-01
3.623499155044555553e-01
3.622923284769058450e-01
3.623072072863579018e-01
3.623005285859107749e-01
3.623303055763244518e-01
3.623698770999908558e-01
3.626688808202743752e-01
3.624735563993454202e-01
3.624402344226836936e-01
3.624413788318633922e-01
3.623401224613189697e-01
3.623889878392219654e-01
3.623788550496101490e-01
3.622221812605858071e-01
3.626063942909240612e-01
3.625138998031616211e-01
3.624846562743186951e-01
3.622952997684478760e-01
3.624533623456954734e-01
3.622999995946883933e-01
3.620902895927429199e-01
3.627090409398078807e-01
3.625621214509010537e-01
3.620948106050491111e-01
3.629763394594192616e-01
3.627733469009399303e-01
3.619081482291221508e-01
3.623325288295745628e-01
3.623693063855171204e-01
3.622001752257347218e-01
3.625405400991439930e-01
3.623888790607452393e-01
3.624310299754142650e-01
3.624077722430228965e-01
3.623193740844726785e-01
3.623288661241531594e-01
3.623500376939773338e-01
3.623859286308288574e-01
3.625113785266876332e-01
3.623940438032150491e-01
3.623574033379554638e-01
3.624957621097564808e-01
3.623059242963790894e-01
3.625445395708083995e-01
3.624562799930572399e-01
3.624530941247939841e-01
3.622350513935089222e-01
3.625751048326492088e-01
3.624104037880897522e-01
3.623851165175437927e-01
3.625243023037910683e-01
3.623459994792938010e-01
3.624159932136535867e-01
3.625266224145889393e-01
3.623916521668434365e-01
3.624005049467086681e-01
3.624815627932548301e-01
3.624644264578819053e-01
3.623739182949066162e-01
3.624269038438797108e-01
3.624118655920028909e-01
3.624256461858749168e-01
3.624387770891189797e-01
3.623648822307586892e-01
3.623765513300895580e-01
3.624561652541160583e-01
3.623887449502944946e-01
3.624028682708740345e-01
3.625126838684081809e-01
3.624717742204666138e-01
3.625374913215637096e-01
3.625150114297867043e-01
3.624200969934463501e-01
3.624096006155014260e-01
3.624436229467392079e-01
3.625062182545661926e-01
3.624750375747680664e-01
3.624387800693512074e-01
3.624450400471687095e-01
3.623753473162650840e-01
3.623872011899947898e-01
3.624938219785690530e-01
3.625398710370063560e-01
3.624021396040916221e-01
3.625951871275902016e-01
3.626354068517684826e-01
3.623318701982498058e-01
3.623696088790893666e-01
3.624454185366630665e-01
3.622789517045020835e-01
3.623452633619308472e-01
3.624764800071716420e-01
3.622996658086776733e-01
3.623220205307006725e-01
3.624537214636802673e-01
3.625203847885131725e-01
3.625517517328262218e-01
3.625609427690505981e-01
3.625716030597686546e-01
3.625305995345115551e-01
3.623634114861488120e-01
3.624711185693740845e-01
3.624901473522186279e-01
3.624780505895614513e-01
3.624962165951728932e-01
3.625202193856239541e-01
3.625248834490776284e-01
3.625138416886329873e-01
3.624591097235679849e-01
3.623846948146819957e-01
3.623680531978606956e-01
3.624585896730422863e-01
3.625815302133560403e-01
3.625850781798362621e-01
3.625021636486053245e-01
3.625602334737777488e-01
3.624996677041053550e-01
3.623689457774162404e-01
3.624052509665489086e-01
3.623764291405677795e-01
3.625637263059616200e-01
3.624975427985191456e-01
3.624326974153518899e-01
3.625650644302368386e-01
3.625012367963790783e-01
3.623762384057044872e-01
3.625120088458061440e-01
3.625553503632545360e-01
3.625240683555602805e-01
3.625415921211242454e-01
3.624599844217300526e-01
3.624738231301307678e-01
3.624573186039924400e-01
3.625056803226470725e-01
3.625710040330886730e-01
3.625991106033324973e-01
3.625409483909606823e-01
3.625286400318145641e-01
3.624225854873657227e-01
3.624508112668990978e-01
3.624951019883155823e-01
3.623912572860717995e-01
3.624085947871208413e-01
3.625527039170265420e-01
3.625109851360320823e-01
3.624710559844970814e-01
3.623996794223785511e-01
3.624271780252456554e-01
3.625119656324386486e-01
3.625637948513030784e-01
3.625208854675293080e-01
3.625104129314422607e-01
3.625499293208122031e-01
3.625691711902618297e-01
3.625229313969612344e-01
3.624587208032608032e-01
3.624580934643745200e-01
3.624780833721160667e-01
3.625238209962844960e-01
3.625519558787345664e-01
3.624676764011383057e-01
3.625228062272071727e-01
3.625323772430419922e-01
3.625281304121017456e-01
3.625310763716697582e-01
3.624637901782989391e-01
3.624522358179092518e-01
3.624738991260528786e-01
3.624607652425765880e-01
3.624796241521835438e-01
3.625035881996154785e-01
3.625134333968162426e-01
3.625252529978751914e-01
3.624808639287948608e-01
3.624595582485198864e-01
3.624841943383216858e-01
3.624875307083129661e-01
3.624531075358390919e-01
3.625005170702934043e-01
3.624691069126129150e-01
3.624284073710441478e-01
3.625132337212562672e-01
3.625833243131637573e-01
3.625157266855240090e-01
3.625140428543091042e-01
3.625104516744613870e-01
3.624802529811859131e-01
3.625266045331955178e-01
3.624976053833961487e-01
3.625241369009017944e-01
3.625188410282135232e-01
3.625293120741844288e-01
3.625053048133849987e-01
3.625175878405570984e-01
3.624899536371231079e-01
3.625091969966888206e-01
3.624193146824836731e-01
3.624164730310440174e-01
3.625418111681938393e-01
3.625689655542373435e-01
3.624979585409164318e-01
3.624483942985534668e-01
3.624808669090270885e-01
3.625361725687980541e-01
3.625625073909759521e-01
3.625143021345138550e-01
3.625051349401474110e-01
3.625805363059043662e-01
3.625759854912757874e-01
3.624684780836105458e-01
3.624595612287521140e-01
3.624877125024795754e-01
3.624779805541038513e-01
3.624320611357688682e-01
3.624848246574401966e-01
3.625117540359497070e-01
3.625060439109802357e-01
3.625002354383468628e-01
3.625191852450370678e-01
3.624883562326431385e-01
3.625086516141891591e-01
3.625214070081710926e-01
3.624249592423439137e-01
3.624012142419815174e-01
3.624943956732750161e-01
3.625426426529884116e-01
3.625562787055969238e-01
3.625512510538101418e-01
3.625690206885338052e-01
3.624891012907028309e-01
3.625043690204620139e-01
3.625169724225997814e-01
3.624677389860153087e-01
3.624399557709693798e-01
3.625016748905182107e-01
3.626173749566078408e-01
3.625904232263564841e-01
3.625121161341667286e-01
3.624989748001098411e-01
3.625627800822258107e-01
3.625603869557380565e-01
3.625110447406768577e-01
3.625169247388839722e-01
3.624701112508773582e-01
3.624469399452209251e-01
3.624422922730445862e-01
3.625308245420456044e-01
3.625326767563820107e-01
3.624521821737289318e-01
3.625136643648147472e-01
3.625304430723190197e-01
3.624973863363266102e-01
3.624914318323135265e-01
3.625167220830917136e-01
3.624764159321784973e-01
3.625052943825721741e-01
3.625304341316223367e-01
3.625141188502311596e-01
3.624903738498687633e-01
3.624797552824020608e-01
3.624975442886352317e-01
3.624973550438880809e-01
3.625041961669921986e-01
3.625075966119766235e-01
3.625089347362518422e-01
3.625334009528159984e-01
3.625233158469199912e-01
3.625188648700714000e-01
3.625157102942466736e-01
3.625088870525360329e-01
3.624863877892494091e-01
3.624930724501609913e-01
3.625099629163742176e-01
3.624816045165061840e-01
3.624596327543258556e-01
3.624662667512893455e-01
3.624664083123206870e-01
3.624362096190452687e-01
3.624817848205566517e-01
3.624975204467773549e-01
3.624687045812606812e-01
3.624853625893592612e-01
3.625311166048049705e-01
3.625360399484634510e-01
3.625200256705284341e-01
3.624911442399024741e-01
3.625098377466201560e-01
3.625317275524139182e-01
3.624880447983741538e-01
3.625392198562621959e-01
3.625044360756873862e-01
3.624734193086623923e-01
3.625058442354202048e-01
3.625297158956527488e-01
3.625328019261360168e-01
3.624947607517242654e-01
3.624476090073585621e-01
3.624513015151024087e-01
3.624810039997100608e-01
3.625091567635536083e-01
3.625598371028900258e-01
3.625200450420379417e-01
3.624885588884353416e-01
3.624931812286377175e-01
3.624686554074287304e-01
3.624709039926529153e-01
3.624935254454612621e-01
3.625039249658584817e-01
3.624960631132125854e-01
3.624953463673591392e-01
3.625014603137969860e-01
3.624935731291770713e-01
3.624572664499282615e-01
3.624993741512298473e-01
3.625310763716697582e-01
3.625352278351783863e-01
3.625305235385894997e-01
3.625160932540893444e-01
3.624757066369056480e-01
3.625217139720916526e-01
3.625191062688827293e-01
3.624657243490219116e-01
3.624406009912490845e-01
3.624750658869743125e-01
3.625253334641456715e-01
3.625041395425796509e-01
3.624913334846496804e-01
3.625248014926910622e-01
3.625474363565445168e-01
3.625112861394882424e-01
3.625034123659133800e-01
3.625309839844703674e-01
3.625166088342666737e-01
3.625141099095344766e-01
3.625232338905334251e-01
3.625383794307708851e-01
3.625536203384399636e-01
3.625260934233665577e-01
3.625176772475242615e-01
3.625379547476768605e-01
3.624904751777648926e-01
3.625134021043777688e-01
3.624963372945785300e-01
3.624603688716888650e-01
3.624791592359543069e-01
3.625293955206870811e-01
3.624984979629516380e-01
3.625000402331352012e-01
3.625348314642906078e-01
3.625165700912475475e-01
3.624890327453613170e-01
3.624883398413658031e-01
3.625091254711151345e-01
3.625214114785194619e-01
3.625214651226997264e-01
3.625317484140396229e-01
3.625108093023300393e-01
3.624805375933647378e-01
3.624861657619476429e-01
3.625059068202972634e-01
3.625177189707756154e-01
3.625037431716918723e-01
3.624944210052490345e-01
3.625158220529556274e-01
3.625168889760971291e-01
3.625136971473693626e-01
3.625054568052291648e-01
3.625170737504959106e-01
3.625074207782745250e-01
3.625045597553253063e-01
3.625003233551978843e-01
3.624804958701133839e-01
3.624816522002219932e-01
3.625130549073219410e-01
3.625302270054817089e-01
3.625167712569236644e-01
3.625092312693595775e-01
3.625303804874420166e-01
3.625302761793136597e-01
3.624985948204993980e-01
3.624671623110771179e-01
3.624848186969756858e-01
3.624987363815307395e-01
3.624858319759368674e-01
3.624862983822822460e-01
3.624859601259231567e-01
3.624751746654510387e-01
3.624865069985389598e-01
3.625055551528930664e-01
3.625043615698814170e-01
3.625141561031341442e-01
3.625102072954177745e-01
3.625002264976501243e-01
3.624992087483406289e-01
3.624994397163391335e-01
3.624944716691970714e-01
3.625055417418480141e-01
3.625022917985916138e-01
3.625025674700737000e-01
3.625255614519119485e-01
3.625077843666076882e-01
3.625007301568984874e-01
3.624962806701660378e-01
3.624866172671318276e-01
3.625071540474891774e-01
3.625187605619430431e-01
3.625197589397430309e-01
3.624958038330078347e-01
3.624935939908027760e-01
3.625068560242653004e-01
3.625200033187866433e-01
3.625245511531829945e-01
3.625181630253792031e-01
3.624970108270645364e-01
3.625283136963844410e-01
3.625260889530181885e-01
3.625071734189987405e-01
3.625069558620452881e-01
3.624850079417228921e-01
3.624743849039077648e-01
3.624954760074615701e-01
3.624977245926856995e-01
3.624953418970108254e-01
3.624953866004944070e-01
3.625102519989013561e-01
3.625032126903534047e-01
3.625211745500564464e-01
3.625137865543365256e-01
3.624949827790260315e-01
3.624855861067771690e-01
3.625113159418106301e-01
3.625130325555801503e-01
3.624927327036857605e-01
3.624970734119415394e-01
3.625144332647323719e-01
3.625104799866676331e-01
3.625149488449096458e-01
3.625006765127182229e-01
3.624803736805916055e-01
3.624933987855911144e-01
3.624759048223495372e-01
3.624750345945358387e-01
3.625046730041504017e-01
3.625038720667362324e-01
3.625235855579376221e-01
3.625175356864929199e-01
3.625185847282409446e-01
3.625068798661231773e-01
3.624853461980819813e-01
3.624778360128402821e-01
3.624721765518188477e-01
3.624750673770904541e-01
3.624822154641151317e-01
3.624914243817329296e-01
3.624913588166236988e-01
3.625006318092346413e-01
3.624987334012985118e-01
3.624949142336845176e-01
3.624882936477661355e-01
3.624965220689773671e-01
3.624972119927406533e-01
3.624992385506630166e-01
3.624941453337669484e-01
3.624894917011260986e-01
3.625030338764190785e-01
3.625011309981346352e-01
3.624989897012710349e-01
3.625005066394805797e-01
3.625043600797653309e-01
3.624968841671943887e-01
3.624948143959045299e-01
3.624984547495841980e-01
3.624925374984740989e-01
3.624823287129402272e-01
3.624874770641327015e-01
3.624966695904731639e-01
3.625063464045524819e-01
3.624984845519065857e-01
3.624986082315445057e-01
3.625021010637283214e-01
3.625034272670745739e-01
3.625055596232414357e-01
3.625003248453140259e-01
3.624925106763839944e-01
3.624938920140266529e-01
3.624907851219177357e-01
3.624987438321113364e-01
3.624994874000549427e-01
3.624965950846671947e-01
3.624950200319290161e-01
3.624970465898513794e-01
3.625025004148483276e-01
3.625020593404769675e-01
3.624914646148681419e-01
3.624879524111747631e-01
3.624900788068771140e-01
3.624973267316818348e-01
3.624978214502334595e-01
3.624915212392806896e-01
3.624885767698288186e-01
3.624952092766761669e-01
3.624922394752502219e-01
3.624903023242950217e-01
3.624981626868247764e-01
3.625052660703659280e-01
3.624890118837356678e-01
3.624771013855934143e-01
3.624849200248718151e-01
3.625025063753127830e-01
3.625038415193557739e-01
3.625013753771781921e-01
3.625119537115096824e-01
3.625170305371284707e-01
3.625091925263405068e-01
3.625043407082557678e-01
3.624975398182869180e-01
3.624925285577774159e-01
3.624863877892494091e-01
3.624847412109374889e-01
3.624835610389709473e-01
3.625045299530029186e-01
3.625110462307929993e-01
3.625103205442428700e-01
3.625072926282882912e-01
3.625021964311599953e-01
3.624906539916992188e-01
3.625019207596779092e-01
3.624999493360519520e-01
3.624991923570632935e-01
3.624953716993332131e-01
3.624886065721512063e-01
3.625014528632163890e-01
3.625139057636260764e-01
3.625141113996505626e-01
3.625065892934798972e-01
3.624977320432662964e-01
3.624938815832138284e-01
3.624909043312072865e-01
3.624956786632537731e-01
3.625078886747360452e-01
3.625100314617156760e-01
3.625018760561943276e-01
3.624965667724609486e-01
3.624934911727905051e-01
3.624877363443374523e-01
3.624895840883254894e-01
3.625086367130279652e-01
3.625011503696441428e-01
3.624956995248794778e-01
3.624985113739967457e-01
3.624986082315445057e-01
3.624991387128829734e-01
3.625000208616256936e-01
3.625038266181945801e-01
3.624999403953552135e-01
3.624971210956573486e-01
3.624968275427818409e-01
3.624922037124633789e-01
3.624936506152153237e-01
3.624978348612785117e-01
3.624967902898788563e-01
3.624977856874466164e-01
3.625020846724510415e-01
3.624990165233611950e-01
3.624972492456436379e-01
3.625036329030990601e-01
3.625007465481758229e-01
3.625005945563316567e-01
3.625004559755325428e-01
3.625008702278137429e-01
3.624971717596053855e-01
3.624994814395904319e-01
3.625034198164939769e-01
3.625022560358047707e-01
3.625016584992408752e-01
3.624970555305481179e-01
3.624970376491546409e-01
3.624994859099388012e-01
3.624995753169059642e-01
3.624998033046722412e-01
3.624947577714919822e-01
3.624963790178298839e-01
3.624947041273117176e-01
3.624953538179397361e-01
3.624983444809913857e-01
3.625002548098564259e-01
3.625000894069671520e-01
3.625041887164116017e-01
3.625096350908279530e-01
3.625063583254813926e-01
3.624993726611137612e-01
3.624952614307403453e-01
3.624936297535896190e-01
3.624966591596603394e-01
3.625018373131752014e-01
3.625003442168235890e-01
3.624974966049194225e-01
3.624972075223922841e-01
3.624988585710525735e-01
3.624989211559295765e-01
3.624965056777000316e-01
3.625064134597778542e-01
3.625014722347259521e-01
3.624967038631439209e-01
3.624999463558197244e-01
3.625019744038581737e-01
3.624983191490173118e-01
3.624955877661705239e-01
3.624918714165687450e-01
3.624934643507004006e-01
3.624989748001098411e-01
3.624973639845848195e-01
3.624946951866149791e-01
3.624933019280433544e-01
3.624963909387588501e-01
3.625030010938644631e-01
3.625053122639655956e-01
3.625008434057235829e-01
3.625003397464752197e-01
3.625009208917617798e-01
3.625008687376976013e-01
3.625006094574928506e-01
3.625001013278961182e-01
3.625023648142814414e-01
3.625040769577026478e-01
3.624966427683830039e-01
3.624919176101684681e-01
3.624983519315719827e-01
3.625027671456336753e-01
3.625000506639480813e-01
3.625055417418480141e-01
3.625061109662056080e-01
3.625006675720214844e-01
3.624946475028991699e-01
3.624943375587463268e-01
3.624955013394355885e-01
3.625005155801773182e-01
3.625004738569259644e-01
3.624930500984192006e-01
3.624958306550979392e-01
3.625032693147659524e-01
3.625034660100937001e-01
3.625008523464202659e-01
3.624976620078086964e-01
3.624991655349731334e-01
3.625003069639206044e-01
3.624962583184242471e-01
3.624976933002471702e-01
3.624988406896590964e-01
