2.026546335220337003e+00
1.718103992938995406e+00
1.436467945575714111e+00
1.197761905193328813e+00
1.121804332733154386e+00
1.038338661193847656e+00
1.018183547258377120e+00
1.011292386054992720e+00
1.009190940856933505e+00
1.005629616975784346e+00
1.006879693269729703e+00
1.006593924760818437e+00
1.009099012613296598e+00
1.009103512763977140e+00
1.007053202390670865e+00
1.005880391597747892e+00
1.008569759130477861e+00
1.007827126979827792e+00
1.012669450044632047e+00
1.005195868015289262e+00
1.006272637844085605e+00
1.007866865396499723e+00
1.008786350488662720e+00
1.013708138465881259e+00
1.013637679815292403e+00
1.015826523303985596e+00
1.008060121536254794e+00
1.016982698440551669e+00
1.018824744224548384e+00
1.016468513011932417e+00
1.011378413438797086e+00
1.004867249727249057e+00
1.008431667089462191e+00
1.008746492862701460e+00
1.009925287961959794e+00
1.005113983154296786e+00
1.010373538732528775e+00
1.011265599727630526e+00
1.007825666666030795e+00
1.006980085372924716e+00
1.008952414989471524e+00
1.005178534984588534e+00
1.007934468984603926e+00
1.006017565727233887e+00
1.010885989665985196e+00
1.007454425096511841e+00
1.010620814561843828e+00
1.007606869935989469e+00
1.007563650608062744e+00
1.009470373392105103e+00
1.014509642124175937e+00
1.007823467254638672e+00
1.012765026092529386e+00
1.017112731933593750e+00
1.010882800817489713e+00
1.004942488670349077e+00
1.004376906156539961e+00
1.004040211439132690e+00
1.006908237934112549e+00
1.005134892463684038e+00
1.004097688198089644e+00
1.010926157236099243e+00
1.006960397958755582e+00
1.006097280979156405e+00
1.003644537925720170e+00
1.012271952629089311e+00
1.016338551044464023e+00
1.007128149271011353e+00
1.015935510396957397e+00
1.006495994329452470e+00
1.008221226930618331e+00
1.011286187171936080e+00
1.006745010614395142e+00
1.011376684904098600e+00
1.008870118856429965e+00
1.008638054132461548e+00
1.010692095756530851e+00
1.010531836748123080e+00
1.014833140373230025e+00
1.015975415706634521e+00
1.021730184555053711e+00
1.011961781978607089e+00
1.009018760919570878e+00
1.012139225006103427e+00
1.009165960550308272e+00
1.008719694614410356e+00
1.007853198051452681e+00
1.009730958938598544e+00
1.007612836360931352e+00
1.007005214691162109e+00
1.009907329082488925e+00
1.014785677194595337e+00
1.024594068527221680e+00
1.024108636379241988e+00
1.023675400018692061e+00
1.024797940254211337e+00
1.036950528621673584e+00
1.042094564437866300e+00
1.073560810089111417e+00
1.034341281652450650e+00
1.092333537340164140e+00
1.071695989370346158e+00
1.011796230077743441e+00
1.003318065404891879e+00
1.018385976552963257e+00
1.049508351087570235e+00
1.015205973386764438e+00
1.025437778234481900e+00
1.100568246841430620e+00
1.213447940349578813e+00
1.220529556274414062e+00
1.017936372756957919e+00
1.378195714950561479e+00
1.112032234668731689e+00
1.058016604185104459e+00
1.021634078025817960e+00
1.007568210363388062e+00
1.035788601636886685e+00
1.053593266010284468e+00
1.009818792343139648e+00
1.002472674846649259e+00
9.994230568408966064e-01
9.984958171844482422e-01
1.003332662582397505e+00
9.963008344173431841e-01
1.000342655181884810e+00
1.023642551898956254e+00
9.998953878879547341e-01
1.021512198448181197e+00
1.138785600662231445e+00
1.107889682054519653e+00
1.033829867839813232e+00
9.787593364715576616e-01
1.013254737854003995e+00
1.003975766897201582e+00
1.081792306900024370e+00
1.194548398256301880e+00
1.142996007204055697e+00
1.137278974056243896e+00
1.022975844144821123e+00
1.045811337232589677e+00
9.699401199817657693e-01
9.995487034320831299e-01
9.620005071163177934e-01
9.881248235702514426e-01
1.024478197097778320e+00
1.037760728597640902e+00
1.048075157403945967e+00
1.184336304664611816e+00
1.023226100206375166e+00
9.614168941974640115e-01
1.022506642341613814e+00
1.010012358427047729e+00
1.037740838527679399e+00
9.557929933071136475e-01
9.740375459194183794e-01
9.959707200527191384e-01
1.026168441772461026e+00
9.809685349464416504e-01
9.950929403305053267e-01
9.824773728847503440e-01
9.540166139602661577e-01
9.663785099983215332e-01
1.001551288366317793e+00
9.540517330169677734e-01
9.694154918193816917e-01
9.741782963275908980e-01
9.755188286304473655e-01
1.022760921716689975e+00
9.981207549571990967e-01
9.371641576290130615e-01
9.790519356727600542e-01
9.614411175251007524e-01
9.889773130416870117e-01
9.760802447795867698e-01
1.132735580205917358e+00
1.149902325868606523e+00
1.104338216781616255e+00
1.035899788141250610e+00
9.697281777858733909e-01
9.823718249797821489e-01
9.684760451316833940e-01
9.953072905540466531e-01
9.417433619499206987e-01
9.458925008773804155e-01
9.308272719383239302e-01
9.351934671401977983e-01
9.206542134284972922e-01
9.173208296298980269e-01
9.029265820980072466e-01
9.201186120510100874e-01
9.428665876388550027e-01
9.373221814632415327e-01
9.463465869426727073e-01
9.423577487468719482e-01
9.339546144008636919e-01
9.333455979824065718e-01
9.339087247848510964e-01
9.563591480255126953e-01
9.817296743392944780e-01
9.443896889686584917e-01
9.129164040088653120e-01
9.061196923255920854e-01
9.110139548778534158e-01
9.098004162311553733e-01
9.028407633304595947e-01
9.101406991481780784e-01
9.002659916877746582e-01
8.994528412818908469e-01
8.944838583469391091e-01
9.123483657836913840e-01
9.068605720996856245e-01
9.432291090488433838e-01
9.181053221225738969e-01
9.153072178363800271e-01
9.024935483932494673e-01
8.970790922641753706e-01
8.918005466461181863e-01
9.023244559764862505e-01
8.913226902484894243e-01
8.949589729309082031e-01
8.931391894817352073e-01
8.895250201225280984e-01
8.921622216701508012e-01
9.005376040935516579e-01
9.057700872421264870e-01
9.074809193611145242e-01
9.116394817829132080e-01
9.034229159355163796e-01
8.941094100475310835e-01
8.926116704940796343e-01
8.934188783168792725e-01
8.885965228080749956e-01
8.989774465560913530e-01
9.175967693328856978e-01
9.273010790348052979e-01
9.461725413799285667e-01
9.275282144546508345e-01
8.992534518241882546e-01
8.976026833057403342e-01
9.093102991580963579e-01
8.933700680732726829e-01
8.999319970607757568e-01
8.938646018505096436e-01
9.064495444297790971e-01
9.107365012168884277e-01
8.906726360321044478e-01
8.952851295471191406e-01
9.002591252326965776e-01
8.901428401470183882e-01
8.957116305828094482e-01
8.922126829624176247e-01
9.132092416286468062e-01
8.895434260368346724e-01
9.382492780685425249e-01
9.561483502388000710e-01
9.469785988330841064e-01
9.085273325443268266e-01
9.477607309818267822e-01
9.556491851806641069e-01
9.629508554935455322e-01
9.329228222370147261e-01
9.146045923233032671e-01
9.002202153205871582e-01
9.212538897991180420e-01
9.691977679729462114e-01
9.487318396568298340e-01
9.457056939601897749e-01
9.176345348358154741e-01
9.017246127128600852e-01
8.972555577754974809e-01
9.124406814575195535e-01
9.454074501991271973e-01
8.972690820693969282e-01
9.131735324859618919e-01
9.069418728351592573e-01
8.961703598499297652e-01
9.190570175647735374e-01
9.263939976692199263e-01
9.372216761112213135e-01
9.251426637172699419e-01
8.898618876934051292e-01
9.015346825122833030e-01
9.107991218566894309e-01
9.101730048656463401e-01
9.137618958950042281e-01
9.624548316001891868e-01
9.118204236030578169e-01
8.976378738880157471e-01
8.854634582996367964e-01
8.982889533042908159e-01
8.836419582366943359e-01
8.847007870674132857e-01
8.865900397300719993e-01
8.893060326576233132e-01
9.055244207382202593e-01
9.253698587417602539e-01
9.258504152297973855e-01
8.917897701263427512e-01
9.066667318344115989e-01
9.088916838169097678e-01
8.950074136257171187e-01
8.973940432071685347e-01
8.841175198554992454e-01
8.833426654338836226e-01
8.827074289321898970e-01
8.822614789009094460e-01
8.845721304416656050e-01
8.811644613742828369e-01
8.865856766700744851e-01
8.824642360210418479e-01
8.935380220413208230e-01
8.851844012737274392e-01
8.979433000087737593e-01
8.844774603843689187e-01
8.844666421413421853e-01
8.814660727977752241e-01
8.852204263210297075e-01
8.893366336822510210e-01
9.075262427330017534e-01
8.929379582405090332e-01
8.922151684761047141e-01
8.828609585762023926e-01
8.815585553646088091e-01
8.820139288902282271e-01
8.813239216804504839e-01
8.890807688236236350e-01
8.834725797176361528e-01
9.000629544258117454e-01
8.839106321334838645e-01
8.830348253250122070e-01
8.805147886276245561e-01
8.811362445354461448e-01
8.812781453132629839e-01
8.906583905220031294e-01
8.891968846321105513e-01
8.926237225532531738e-01
8.845259845256805420e-01
8.953503906726837380e-01
8.849175035953521506e-01
8.846610724925995095e-01
8.822407305240631548e-01
8.808049201965332253e-01
8.838946580886840598e-01
8.869495987892150879e-01
8.876385748386382835e-01
8.809778630733490212e-01
8.821624815464019775e-01
8.819125950336456077e-01
8.838026106357574907e-01
8.816906630992888960e-01
8.808351576328277144e-01
8.811300635337829812e-01
8.811715066432952437e-01
8.825341582298278365e-01
8.816436350345611128e-01
8.843621313571929932e-01
8.815096795558929887e-01
8.828891098499298540e-01
8.836533308029175249e-01
8.845815360546112061e-01
8.837927818298340066e-01
8.807357549667358398e-01
8.824222266674042192e-01
8.818546056747436079e-01
8.823161482810973899e-01
8.800893306732178178e-01
8.808351337909698930e-01
8.801857709884643999e-01
8.812590122222900835e-01
8.814047276973724365e-01
8.814376711845397505e-01
8.834179639816284180e-01
8.823232769966125044e-01
8.817456781864165816e-01
8.890788912773132102e-01
8.852776825428009255e-01
8.901357054710388184e-01
8.866611778736114280e-01
8.873474001884460449e-01
8.814972579479217751e-01
8.870136260986327681e-01
8.963844716548919900e-01
8.974741697311401367e-01
8.927816331386566606e-01
8.904111206531524214e-01
9.132887780666351096e-01
8.847765505313873735e-01
8.860078811645507590e-01
8.814518928527832475e-01
8.842437744140625444e-01
8.803492307662963423e-01
8.879417419433593972e-01
8.811383247375488281e-01
8.835942327976227251e-01
8.797179460525512695e-01
8.829852342605590820e-01
8.801208794116973655e-01
8.846331655979156050e-01
8.873339116573333296e-01
8.907502532005310281e-01
8.813924551010131614e-01
8.806355953216552512e-01
8.794051170349120872e-01
8.825372099876404031e-01
8.820677340030670388e-01
8.792601466178894265e-01
8.803593158721924050e-01
8.797069072723389116e-01
8.792068779468535933e-01
8.794961571693420410e-01
8.787393152713776079e-01
8.806853890419006348e-01
8.808565974235534890e-01
8.799182891845702681e-01
8.804271936416625532e-01
8.807911217212677224e-01
8.815006434917449507e-01
8.794901072978973389e-01
8.795823931694031206e-01
8.811221837997436079e-01
8.790982425212859885e-01
8.799538731575011763e-01
8.812249958515167014e-01
8.807556331157684326e-01
8.824889898300171120e-01
8.820110917091369407e-01
8.841182291507720947e-01
8.812808394432067871e-01
8.829513311386107954e-01
8.799429714679718462e-01
8.798792660236358643e-01
8.815168142318725586e-01
8.812929809093474898e-01
8.814164280891418901e-01
8.802706301212310791e-01
8.808423519134521706e-01
8.805754363536835161e-01
8.799592614173888938e-01
8.799191772937774436e-01
8.814529657363892046e-01
8.795782148838042769e-01
8.796799182891845703e-01
8.789247214794159158e-01
8.810265779495238814e-01
8.817418098449707475e-01
8.796572208404540572e-01
8.793927907943726030e-01
8.802156150341033936e-01
8.803344428539275901e-01
8.833287954330444336e-01
8.819189727306365745e-01
8.807529866695403831e-01
8.826337218284606712e-01
8.797306060791015847e-01
8.805107474327087402e-01
8.811276853084564209e-01
8.797005057334900124e-01
8.801786363124847190e-01
8.829242110252379927e-01
8.810179948806762251e-01
8.813294172286987305e-01
8.801646292209625022e-01
8.802763640880584273e-01
8.806218087673187700e-01
8.797521054744720237e-01
8.793692171573639360e-01
8.800553679466247559e-01
8.808194100856781006e-01
8.805417299270630327e-01
8.813618421554565430e-01
8.789274573326111284e-01
8.794673085212707520e-01
8.805854856967926247e-01
8.819846034049987349e-01
8.818707525730132835e-01
8.804585754871367964e-01
8.808110594749450906e-01
8.789922893047332764e-01
8.794031202793121116e-01
8.806396245956420454e-01
8.837184429168700728e-01
8.793692886829376221e-01
8.868740558624267356e-01
8.807625770568847656e-01
8.827492654323577659e-01
8.797772049903869185e-01
8.814372241497039351e-01
8.809308648109436257e-01
8.785103619098663108e-01
8.813617646694182906e-01
8.813886880874634011e-01
8.799579381942749245e-01
8.809086620807647927e-01
8.799358129501342329e-01
8.801910281181335449e-01
8.795024037361145464e-01
8.869639933109283447e-01
8.912489950656891091e-01
8.890159308910370317e-01
8.820227205753325972e-01
8.802087903022766113e-01
8.803115665912628618e-01
8.798819243907928245e-01
8.793978512287139448e-01
8.810240209102631059e-01
8.787134289741516113e-01
8.808788239955902544e-01
8.800283312797546609e-01
8.799625635147094727e-01
8.798650741577148660e-01
8.802032709121704324e-01
8.795145869255065474e-01
8.795881152153015581e-01
8.789770722389220747e-01
8.790746092796325462e-01
8.793761014938354936e-01
8.803564310073852539e-01
8.806282341480254905e-01
8.795565068721771240e-01
8.808500409126281960e-01
8.790315926074981911e-01
8.806306123733520508e-01
8.803426921367645264e-01
8.788550257682800071e-01
8.797819852828979714e-01
8.798791348934174028e-01
8.800205767154694048e-01
8.782949090003967507e-01
8.798313379287719949e-01
8.794415533542633279e-01
8.794341742992400901e-01
8.798685431480407493e-01
8.781194806098937544e-01
8.783667862415314165e-01
8.792849063873291460e-01
8.798090934753417525e-01
8.806336402893066850e-01
8.790816068649291992e-01
8.790138244628906694e-01
8.806825816631317361e-01
8.777930855751037154e-01
8.797971963882446067e-01
8.787045180797576904e-01
8.799611628055572510e-01
8.807110071182251421e-01
8.789238929748535156e-01
8.787114322185516357e-01
8.782822489738464355e-01
8.786960422992706743e-01
8.791502594947815385e-01
8.799144268035888894e-01
8.795166909694671631e-01
8.795917272567749245e-01
8.789276659488678423e-01
8.796039998531341997e-01
8.789401829242706743e-01
8.778391420841217263e-01
8.798666000366210938e-01
8.798808753490447998e-01
8.794022023677825484e-01
8.804201245307922141e-01
8.790802896022796853e-01
8.797867298126220703e-01
8.806355297565460205e-01
8.792954623699188454e-01
8.800279438495636208e-01
8.807252645492553711e-01
8.798980653285980447e-01
8.815475821495055708e-01
8.779533982276916948e-01
8.780544281005859819e-01
8.787826240062713845e-01
8.805942416191101518e-01
8.781050443649291992e-01
8.779520690441131592e-01
8.797148644924164262e-01
8.802098274230957253e-01
8.800731241703033669e-01
8.807464957237243208e-01
8.789841592311858909e-01
8.785089015960693137e-01
8.794149100780487283e-01
8.791720628738403098e-01
8.802445590496063010e-01
8.776404082775115523e-01
8.804538726806641069e-01
8.795289635658264382e-01
8.796968102455139382e-01
8.802919566631317583e-01
8.788214266300201638e-01
8.798865497112273726e-01
8.790177822113036665e-01
8.794242143630981445e-01
8.785708129405975786e-01
8.790092885494231734e-01
8.785377800464629905e-01
8.793208539485931619e-01
8.797607064247131570e-01
8.798461556434631348e-01
8.775865495204925315e-01
8.779666304588318315e-01
8.793304979801177534e-01
8.777815878391266313e-01
8.793467164039612260e-01
8.794280827045440896e-01
8.789758384227752686e-01
8.784675776958466020e-01
8.784039199352264848e-01
8.784167170524597168e-01
8.778923690319061501e-01
8.796530902385711892e-01
8.785938143730163130e-01
8.788827180862426314e-01
8.789928972721099409e-01
8.785163640975952593e-01
8.791308701038360596e-01
8.789627611637115256e-01
8.782532215118408203e-01
8.805707752704620139e-01
8.799504041671752930e-01
8.789333701133728027e-01
8.800683975219726340e-01
8.794371485710144043e-01
8.792836248874664751e-01
8.799028992652893066e-01
8.792616486549377219e-01
8.792497754096985085e-01
8.778620421886443870e-01
8.790033698081970437e-01
8.785136163234710249e-01
8.780266344547271729e-01
8.792235910892486350e-01
8.783385038375854936e-01
8.777160048484802246e-01
8.788228392601012962e-01
8.784465193748474121e-01
8.785978615283965842e-01
8.785506725311279519e-01
8.780820131301879661e-01
8.793804824352264848e-01
8.798847496509552002e-01
8.805357098579407182e-01
8.785393893718719260e-01
8.793921411037445290e-01
8.774491190910339578e-01
8.785628616809845193e-01
8.794512391090393288e-01
8.805436193943023682e-01
8.796626985073089378e-01
8.790686786174773948e-01
8.786959528923035112e-01
8.775416791439056841e-01
8.790901958942413108e-01
8.786638021469116433e-01
8.783783912658691406e-01
8.788339078426361528e-01
8.791731595993041992e-01
8.788387835025787131e-01
8.791568994522094282e-01
8.788379549980163130e-01
8.786404788494109885e-01
8.780691981315612571e-01
8.780114114284515159e-01
8.791430830955505593e-01
8.779008567333221880e-01
8.779596030712127908e-01
8.799402177333831565e-01
8.785274267196655495e-01
8.773695051670074019e-01
8.778398871421814187e-01
8.782697081565856712e-01
8.779399096965789795e-01
8.783343076705932839e-01
8.787779927253722700e-01
8.793677091598510742e-01
8.795568227767944780e-01
8.788505673408508745e-01
8.796803116798400657e-01
8.786261320114135964e-01
8.784581661224365456e-01
8.782741963863373025e-01
8.798039078712462935e-01
8.788309454917907493e-01
8.776591658592224343e-01
8.782933771610259566e-01
8.787201166152953657e-01
8.780321657657623735e-01
8.790683448314666748e-01
8.796888828277588113e-01
8.784240067005157915e-01
8.788585245609283891e-01
8.780433475971222146e-01
8.776845216751099077e-01
8.786385595798492654e-01
8.785235345363616721e-01
8.782999157905578835e-01
8.783848404884337935e-01
8.786424219608306441e-01
8.787836134433746338e-01
8.783150315284729004e-01
8.790819585323333962e-01
8.791556417942046897e-01
8.791748881340026855e-01
8.787799000740050825e-01
8.785781323909759299e-01
8.779311776161193848e-01
8.780550479888915572e-01
8.795885682106018288e-01
8.782112061977386253e-01
8.783204138278961626e-01
8.785007894039154053e-01
8.779747545719146506e-01
8.775874793529510054e-01
8.786508321762085405e-01
8.784944951534271462e-01
8.794655382633209673e-01
8.783886909484863725e-01
8.786639809608459695e-01
8.788795888423919234e-01
8.792967081069946733e-01
8.786913573741912398e-01
8.780778884887695535e-01
8.784179747104644553e-01
8.773226320743561235e-01
8.794591426849365234e-01
8.792406082153320090e-01
8.783542990684509721e-01
8.780337929725646751e-01
8.782122075557708962e-01
8.779501557350158913e-01
8.793344914913177046e-01
8.781830251216888872e-01
8.801612257957458496e-01
8.794894337654113325e-01
8.791056513786316140e-01
8.787686288356780784e-01
8.784593164920806441e-01
8.789422333240508589e-01
8.785135686397552712e-01
8.789265036582947221e-01
8.792244970798492876e-01
8.787479579448700395e-01
8.780106902122497559e-01
8.786615192890167014e-01
8.786545574665070024e-01
8.792788505554198775e-01
8.780189573764800581e-01
8.790045082569122314e-01
8.783802390098571777e-01
8.778043270111084428e-01
8.786471366882324663e-01
8.789159774780272993e-01
8.779949903488158958e-01
8.777092695236206055e-01
8.779955983161926714e-01
8.782293558120727317e-01
8.790847957134246826e-01
8.788842439651489702e-01
8.780168235301971658e-01
8.794211864471435103e-01
8.797986268997192161e-01
8.780852496623993142e-01
8.789423108100891113e-01
8.795301139354705366e-01
8.780957460403442383e-01
8.786091506481170654e-01
8.786107599735260010e-01
8.785050153732300027e-01
8.783132672309875710e-01
8.783098399639129861e-01
8.796210467815399614e-01
8.786826431751251221e-01
8.794099867343903032e-01
8.784031152725220171e-01
8.787341535091399702e-01
8.780261099338531050e-01
8.780331790447235552e-01
8.778520405292511430e-01
8.791251003742217573e-01
8.782731354236602561e-01
8.797634840011596680e-01
8.789496839046477827e-01
8.785175383090972900e-01
8.780512154102325661e-01
8.783801913261413130e-01
8.783695518970489058e-01
8.780879557132721391e-01
8.784815609455108865e-01
8.779248237609863503e-01
8.774801492691040039e-01
8.784155249595642090e-01
8.789955854415893999e-01
8.793822884559631126e-01
8.789534687995910200e-01
8.786615610122681108e-01
8.784833908081054465e-01
8.778812885284423828e-01
8.784167587757110152e-01
8.792220175266265425e-01
8.782380759716034158e-01
8.784630537033081277e-01
8.783349931240082009e-01
8.782814681529999001e-01
8.780375599861145464e-01
8.789068818092345969e-01
8.795588791370392290e-01
8.781162440776825173e-01
8.783135712146759033e-01
8.786889851093292458e-01
8.779318153858184370e-01
8.784981667995452881e-01
8.774116694927215354e-01
8.794083654880523460e-01
8.778349101543426736e-01
8.783882856369018555e-01
8.776783287525177224e-01
8.794095039367675337e-01
8.781958997249603716e-01
8.788872957229614258e-01
8.779584467411041260e-01
8.775988042354583296e-01
8.787296593189239946e-01
8.781332314014435036e-01
8.774601042270659956e-01
8.785382628440856490e-01
8.794411897659302202e-01
8.784344255924224631e-01
8.789215087890625000e-01
8.771486043930053489e-01
8.776342511177063210e-01
8.767853081226348877e-01
8.781467199325561079e-01
8.789304435253143533e-01
8.776133239269257036e-01
8.785833835601806197e-01
8.791522502899169478e-01
8.781700551509856734e-01
8.780256211757659912e-01
8.780919671058654563e-01
8.780696809291839156e-01
8.788731813430785689e-01
8.794247269630431907e-01
8.797160983085632324e-01
8.784049093723297341e-01
8.781980514526367410e-01
8.780523717403412309e-01
8.778645217418670210e-01
8.785870850086212602e-01
8.777961492538451926e-01
8.788307487964630571e-01
8.777617454528808816e-01
8.788893461227417214e-01
8.787985801696777122e-01
8.784777045249938521e-01
8.778821527957916260e-01
8.786991834640502930e-01
8.780861794948577881e-01
8.776291131973266157e-01
8.783940374851226807e-01
8.784422218799591286e-01
8.786412894725799116e-01
8.795587778091430442e-01
8.789614856243133101e-01
8.787079215049743430e-01
8.779675185680388960e-01
8.782803297042847124e-01
8.779326915740967019e-01
8.786489427089690940e-01
8.776469707489014116e-01
8.795860648155212624e-01
8.784749329090117964e-01
8.786319434642791970e-01
8.787280082702636497e-01
8.783045291900635210e-01
8.778199911117553489e-01
8.780512630939483198e-01
8.778934538364410178e-01
8.782436788082123025e-01
8.776070415973663552e-01
8.784691572189331499e-01
8.774566113948821799e-01
8.791086733341216819e-01
8.777530014514922652e-01
8.776140511035919189e-01
8.784244716167449729e-01
8.763441920280456987e-01
8.788566231727600320e-01
8.778649747371674028e-01
8.784093618392944114e-01
8.783475399017334206e-01
8.775731027126312256e-01
8.781358599662780762e-01
8.784938514232635276e-01
8.787195086479187012e-01
8.776340484619140625e-01
8.786481320858001709e-01
8.780536890029907449e-01
8.787805855274199995e-01
8.776782631874084917e-01
8.776626527309417947e-01
8.780189275741576704e-01
8.779128193855285645e-01
8.779303014278412309e-01
8.766217827796936035e-01
8.790677785873413086e-01
8.781924486160278542e-01
8.781257867813110352e-01
8.785623311996459961e-01
8.781772792339325173e-01
8.777441442012786643e-01
8.777471184730529785e-01
8.780243337154388650e-01
8.779989540576934592e-01
8.777457296848296675e-01
8.786341726779938188e-01
8.780679762363433616e-01
8.786237537860870361e-01
8.774719536304473877e-01
8.782512843608856201e-01
8.769490897655487505e-01
8.785294771194458452e-01
8.785823225975036843e-01
8.785024344921111839e-01
8.785470783710479514e-01
8.790414273738861306e-01
8.774252474308014138e-01
8.778001129627227561e-01
8.780970573425292969e-01
8.780601859092712624e-01
8.793621838092804399e-01
8.775208652019500510e-01
8.780747711658477561e-01
8.787343740463257058e-01
8.779920876026153786e-01
8.780130267143249068e-01
8.779237210750580056e-01
8.800920188426971658e-01
8.773551523685455544e-01
8.780994951725006326e-01
8.782128453254699485e-01
8.791800320148468462e-01
8.780352056026459184e-01
8.779751479625701460e-01
8.777708828449248823e-01
8.788750529289245383e-01
8.784419178962707964e-01
8.789243400096893311e-01
8.784309267997741921e-01
8.779505014419555220e-01
8.783357203006744163e-01
8.777788579463958740e-01
8.790501117706298606e-01
8.773523390293120894e-01
8.778871834278106911e-01
8.784973084926605003e-01
8.782714545726776345e-01
8.772160291671753374e-01
8.777686953544616699e-01
8.776514351367949995e-01
8.787185907363891380e-01
8.788197875022888406e-01
8.778789639472961426e-01
8.787540853023528831e-01
8.787097036838531494e-01
8.776825249195099321e-01
8.778848826885223833e-01
8.777877449989318626e-01
8.780605554580688255e-01
8.786611378192901167e-01
8.779641568660736528e-01
8.777503371238708496e-01
8.786594927310943381e-01
8.782818555831909402e-01
8.776211380958557351e-01
8.772981643676758257e-01
8.779603183269500954e-01
8.777298629283905029e-01
8.785996317863464800e-01
8.807601094245910422e-01
8.787891387939452681e-01
8.774827718734741211e-01
8.783846199512481689e-01
8.777216672897338867e-01
8.780805826187133567e-01
8.772986412048340288e-01
8.789061903953552246e-01
8.778479278087616411e-01
8.779131472110748291e-01
8.779033541679381880e-01
8.786457538604736106e-01
8.782368123531341109e-01
8.777722358703613503e-01
8.779754221439362016e-01
8.778940439224243164e-01
8.782769441604614258e-01
8.781432211399078369e-01
8.775328457355499046e-01
8.770064234733581099e-01
8.788084864616394487e-01
