4.829711019992828369e-01
4.399127960205078125e-01
3.919855852921803607e-01
3.969189226627349854e-01
3.934062719345092773e-01
3.976957798004150391e-01
3.759552439053853168e-01
3.896649877230326520e-01
4.091157515843709125e-01
3.944438099861145020e-01
4.099181890487670898e-01
4.247856636842091693e-01
3.710720837116241455e-01
4.014581541220347272e-01
3.730256259441375732e-01
3.740941186745961322e-01
4.075893163681030273e-01
3.817337552706400738e-01
3.545407553513844623e-01
3.714195887247721539e-01
3.719779451688130512e-01
3.773972789446513043e-01
3.912406663099924908e-01
3.938148419062296735e-01
3.918142815430958881e-01
3.679982523123423444e-01
3.674432635307312012e-01
3.663773238658905029e-01
3.642909526824951172e-01
3.738370239734649658e-01
4.034027556578318463e-01
3.736180762449900494e-01
3.937928577264149799e-01
4.126315812269846783e-01
3.692557513713836670e-01
3.763822317123413086e-01
3.815882503986358643e-01
3.723652859528859271e-01
3.947608172893524170e-01
3.854544659455617084e-01
3.656773865222930908e-01
3.567775736252467023e-01
4.168086449305216656e-01
3.715894520282745361e-01
3.856538037459055768e-01
3.918209274609883441e-01
4.007246394952138080e-01
3.614910344282786236e-01
3.734390437602996826e-01
3.950049181779225482e-01
3.760210474332173480e-01
3.926028907299041748e-01
3.593331575393676758e-01
3.840256234010060443e-01
3.747225205103556500e-01
3.984229266643524170e-01
3.715886175632476807e-01
3.752504388491312848e-01
3.926648100217183246e-01
3.873010973135630475e-01
3.908320466677348004e-01
3.696643213431040631e-01
3.697326282660166608e-01
3.814878265062968121e-01
3.656398355960845947e-01
3.691934545834859027e-01
3.931080798308054791e-01
3.595665891965230121e-01
3.933769563833872662e-01
3.827683329582214355e-01
3.768259882926940918e-01
3.918865521748860492e-01
3.696907460689544678e-01
3.536258836587269916e-01
3.828642566998799457e-01
3.812230328718821393e-01
3.604974051316578998e-01
3.850297033786773682e-01
4.155458013216654645e-01
4.015705486138661517e-01
3.867997924486796246e-01
3.792851269245147705e-01
3.776397605737050189e-01
3.683313826719920026e-01
3.848663469155629291e-01
3.764632840951283588e-01
3.926297525564829694e-01
3.826217750708262311e-01
3.903949161370595111e-01
3.763492107391357422e-01
3.602066636085510254e-01
3.646587431430816650e-01
3.712317049503326416e-01
4.041239023208618164e-01
3.674249947071075439e-01
3.879701892534891949e-01
3.750868439674377441e-01
4.000240166982014789e-01
3.884344200293223248e-01
4.036899606386820660e-01
3.814462920029957904e-01
3.613845606644948139e-01
3.882310887177785053e-01
3.714721302191416608e-01
3.782967130343119488e-01
3.919652005036671771e-01
3.580761651198069440e-01
3.833685020605723248e-01
3.587180276711781635e-01
4.268545905749003277e-01
3.560742239157358990e-01
4.016257921854655133e-01
4.161358376344044818e-01
3.803373475869496478e-01
3.887282709280650006e-01
3.835751215616862164e-01
3.557254473368327008e-01
3.749852081139882221e-01
3.842775722344716205e-01
3.475563377141952515e-01
4.008103410402933942e-01
3.875161906083424701e-01
3.656365772088368549e-01
3.689468502998352051e-01
3.832775155703226910e-01
3.716029326121012555e-01
3.647648592789967670e-01
3.823488354682922363e-01
3.712385197480519428e-01
3.841037352879841937e-01
3.712314168612162457e-01
3.610874811808268414e-01
3.515772620836893902e-01
3.770688076814015521e-01
3.567256629467010498e-01
3.570920526981353760e-01
3.706563413143157959e-01
3.666629890600840436e-01
3.569623927275339947e-01
3.695363799730936871e-01
3.336962809165318622e-01
3.808398743470509662e-01
3.479900459448496686e-01
3.468360801537831439e-01
3.860201636950175152e-01
3.654164671897888184e-01
3.631085256735483990e-01
3.667521278063456402e-01
3.571802775065104352e-01
3.961442609628041400e-01
3.904019097487131940e-01
3.791684707005818500e-01
3.815189898014068604e-01
3.749543229738871442e-01
3.680969377358754291e-01
3.504082858562469482e-01
3.592752814292907715e-01
3.727667927742004395e-01
3.440750141938527240e-01
3.543424407641093121e-01
3.673600355784098492e-01
3.780423899491627826e-01
3.634344140688578473e-01
3.625625173250834332e-01
3.723753889401753558e-01
3.921468059221903668e-01
3.815066417058308734e-01
3.646924098332722797e-01
3.930791417757670270e-01
3.629129131635029926e-01
3.455305248498916626e-01
3.793615202109019147e-01
3.708909352620442523e-01
3.588480353355407715e-01
3.876282473405202045e-01
3.848491807778676166e-01
3.817416528860728131e-01
3.778942028681437360e-01
4.102363983790079938e-01
3.747515777746836529e-01
3.874389032522837506e-01
3.584644099076588764e-01
3.788661658763885498e-01
3.876976569493611469e-01
4.016697804133097516e-01
3.564105729262034283e-01
3.902910649776458740e-01
3.777927756309509277e-01
3.849648237228393555e-01
3.623163302739461078e-01
3.976500034332275391e-01
3.933159708976745605e-01
3.717688222726185931e-01
3.484138001998265399e-01
3.683610657850901471e-01
3.666855891545613422e-01
3.637620210647583008e-01
3.795424699783325195e-01
4.003650446732838764e-01
4.134522279103596820e-01
3.989858031272888184e-01
3.882206579049428119e-01
3.787947694460551129e-01
3.775205612182617188e-01
3.667993744214375629e-01
3.872744043668110980e-01
3.753554125626881732e-01
4.014800091584523334e-01
3.740103344122568951e-01
3.757810791333516254e-01
3.806079328060150146e-01
4.012506703535715924e-01
3.450488050778706683e-01
3.327001084884007587e-01
3.324966530005137311e-01
3.853823939959208356e-01
3.844376802444458008e-01
3.695557316144307269e-01
3.989412287871043072e-01
3.984568019707997455e-01
3.510488470395405902e-01
3.908305764198303223e-01
3.679912288983662738e-01
4.128297468026478900e-01
3.964139223098754883e-01
3.954922258853912354e-01
4.076779385407765521e-01
3.919676244258880615e-01
3.619618614514668598e-01
3.808187246322631836e-01
3.678679664929707660e-01
3.708827694257100238e-01
3.802846173445383893e-01
3.524031887451807843e-01
3.838989237944285260e-01
3.657197753588358746e-01
3.782527148723602295e-01
3.911752005418141498e-01
4.048584401607513428e-01
3.757503728071848736e-01
3.502410550912221088e-01
3.831616342067718506e-01
3.598581999540328979e-01
3.985135753949483051e-01
3.598187764485676898e-01
3.922349909941355572e-01
3.602266808350880756e-01
3.966435194015502930e-01
3.736269275347391949e-01
4.018109937508900775e-01
3.778872787952423096e-01
3.961644073327382221e-01
3.925195237000783099e-01
3.857257167498270856e-01
3.873124221960703717e-01
3.654132783412933350e-01
3.784966667493184223e-01
3.834732969601948871e-01
3.683327237764994488e-01
3.900643686453501569e-01
3.818484445412953510e-01
3.684630990028381348e-01
3.941175242265065326e-01
3.776556452115376605e-01
3.450301438570022583e-01
3.383843948443730487e-01
3.771333893140156879e-01
3.564723531405131207e-01
3.833984434604644775e-01
3.931559324264526367e-01
3.844875792662302838e-01
4.010328849156697406e-01
3.909751574198405133e-01
3.539959937334060669e-01
4.001759290695190430e-01
4.100797573725382672e-01
3.806575238704681396e-01
3.714658518632252826e-01
3.760679860909779681e-01
3.818413515885670795e-01
3.630245228608449115e-01
3.586411476135253906e-01
4.114124774932861328e-01
3.897280693054199219e-01
4.061175783475239887e-01
4.023023148377736224e-01
3.645075162251790180e-01
3.730167448520660400e-01
3.658693035443623676e-01
3.692734738190968646e-01
3.849869569142659320e-01
3.817070623238881244e-01
3.713959654172261371e-01
3.724710345268249512e-01
3.743905723094940186e-01
3.902907570203145160e-01
4.027713040510813580e-01
3.621453742186228619e-01
4.044088025887807025e-01
3.564684838056564331e-01
3.861114978790283203e-01
3.535925646622975482e-01
3.850108881791432514e-01
3.890727261702219830e-01
3.586452404657999860e-01
3.770258824030558453e-01
3.673272132873535156e-01
3.895851373672485352e-01
4.141405522823333740e-01
3.722461660703023090e-01
3.953708211580912457e-01
3.579811553160349713e-01
3.817228674888610840e-01
3.814683953921000348e-01
4.085041582584381104e-01
3.720248142878214703e-01
3.845632374286651611e-01
3.705988526344299316e-01
3.589515487353007184e-01
3.643541038036346436e-01
3.887795507907867432e-01
3.748175104459126605e-01
4.043818712234497070e-01
3.769487142562866211e-01
3.890112241109212055e-01
3.931076824665069580e-01
3.888830244541168213e-01
3.612293700377146588e-01
3.638763825098673688e-01
4.116419851779937744e-01
3.551502972841262817e-01
3.676930864651997699e-01
3.782531917095184326e-01
4.123661816120147705e-01
4.078966776529948102e-01
3.666145006815592633e-01
4.166126549243927002e-01
3.762595355510711670e-01
4.154294232527415143e-01
3.545687943696975708e-01
4.061496655146281110e-01
3.779385487238566266e-01
3.698211510976155414e-01
3.837207953135172711e-01
3.764835794766743793e-01
3.739300370216369629e-01
4.008289277553558350e-01
3.904941777388254986e-01
3.882890542348225726e-01
3.695075909296671735e-01
3.680729667345682965e-01
3.718669315179188861e-01
3.793351650238037109e-01
4.335522452990214215e-01
3.703837593396504535e-01
3.891741832097371234e-01
3.677407205104827881e-01
3.687320450941721783e-01
3.939557870229085101e-01
3.881413439909617291e-01
3.798273106416066303e-01
3.934326668580372943e-01
3.915637632211049213e-01
3.679363131523132324e-01
3.872187236944834576e-01
3.610882759094238281e-01
3.859029312928517474e-01
3.695323765277862549e-01
3.748367031415303363e-01
3.618438343207041608e-01
3.787950972716013776e-01
3.763985633850097656e-01
3.787231246630350934e-01
3.768007258574168072e-01
3.628666996955871582e-01
3.735489547252655029e-01
3.826550741990407123e-01
3.823351363341013776e-01
3.656047383944193707e-01
3.785794774691264020e-01
3.843626976013183594e-01
3.786528408527374268e-01
3.576728552579879761e-01
4.101674457391102924e-01
3.992100258668263568e-01
3.764161765575408936e-01
4.008618891239166260e-01
3.812821606794993268e-01
3.731777667999267578e-01
4.111674129962921143e-01
3.521781712770462036e-01
3.721997737884521484e-01
3.779710928599039899e-01
3.823181192080180035e-01
3.779392739137013568e-01
3.834409515062968121e-01
3.809726734956105365e-01
3.840633730093638287e-01
3.915436168511708392e-01
4.010154902935028076e-01
3.932310044765472412e-01
3.823652764161427631e-01
4.000008702278137207e-01
3.742328981558482037e-01
3.894495765368143902e-01
3.567661245663960590e-01
3.727132578690846576e-01
3.910101453463236676e-01
3.790778617064158307e-01
3.860850731531779156e-01
3.752287725607554303e-01
3.935338556766510010e-01
3.831981023152669086e-01
3.920727868874867572e-01
3.982381721337636127e-01
3.685551385084788190e-01
3.786152104536692486e-01
3.696585297584533691e-01
3.669170737266540527e-01
3.522481024265289307e-01
3.924359679222106934e-01
3.641730944315592633e-01
3.873952130476633893e-01
3.624609212080637799e-01
3.700661261876423969e-01
3.878138661384582520e-01
3.915233711401621686e-01
3.640319705009460449e-01
3.920750518639882221e-01
3.862374325593312396e-01
3.899042109648386822e-01
3.742099205652872906e-01
3.916424810886383057e-01
3.986380696296691895e-01
3.676031629244486676e-01
3.676612079143524170e-01
3.661525050799052106e-01
3.928744792938232422e-01
3.837857643763224469e-01
3.849699695905049457e-01
4.012934664885203229e-01
3.955486714839935303e-01
3.892002006371815814e-01
3.845131893952687396e-01
3.696286280949910297e-01
3.765649298826853619e-01
3.955436944961547852e-01
4.025829931100209369e-01
3.782918353875477924e-01
3.833207786083221436e-01
3.866581122080485211e-01
4.067659179369608746e-01
3.799686034520466937e-01
3.967657287915547504e-01
3.981232941150665283e-01
3.655496239662170410e-01
3.953557014465332031e-01
3.990985850493113385e-01
4.017324149608612061e-01
3.700510362784067975e-01
3.706489106019337787e-01
3.704938689867655621e-01
4.176663359006245746e-01
3.564056754112243652e-01
3.865029513835906982e-01
3.758926093578338623e-01
3.669539988040924072e-01
3.759129742781321393e-01
3.475734194119771137e-01
3.830785055955250873e-01
3.578724364439646588e-01
3.643191456794738770e-01
3.829048971335093365e-01
3.798118432362874164e-01
3.806609908739725934e-01
3.780812124411265240e-01
3.673894604047139301e-01
3.829707105954487933e-01
3.955819209416707172e-01
3.814252614974975586e-01
3.628418346246083392e-01
3.605596621831257953e-01
3.679835597674052106e-01
3.643641074498494281e-01
3.945231636365254535e-01
4.046529134114583148e-01
3.813816905021667480e-01
3.690723578135172711e-01
3.862447539965311871e-01
4.011940161387125836e-01
3.815712233384450092e-01
3.773237367471058978e-01
3.985882004102070941e-01
3.674134612083435059e-01
3.809632857640584125e-01
3.890358308951060162e-01
3.576706101497014179e-01
3.786494135856628418e-01
3.718378841876983643e-01
4.210667014122009277e-01
4.163620074590047015e-01
3.825304806232452393e-01
3.811190823713938580e-01
4.040171702702839984e-01
3.725246588389078961e-01
3.870357275009155273e-01
3.819447358449299945e-01
3.796069025993347168e-01
3.821532328923543109e-01
3.960562149683634625e-01
3.958610494931538715e-01
3.644013504187266217e-01
3.939586778481801166e-01
4.030640522638956891e-01
3.758230010668436871e-01
3.785937726497650146e-01
3.910970588525136127e-01
3.962187667687733783e-01
3.976989885171254291e-01
4.035115142663319721e-01
3.840166628360748291e-01
4.021570881207783832e-01
3.819242715835571289e-01
3.881241778532664166e-01
3.596094002326329364e-01
3.780010243256886615e-01
3.691841363906860352e-01
3.746378819147745953e-01
4.071086744467417584e-01
3.728423118591308594e-01
3.725254933039347516e-01
3.618429452180862427e-01
3.962239523728688373e-01
3.706156214078267230e-01
3.710804084936777936e-01
3.909194767475128174e-01
3.891619344552357806e-01
4.161030153433482037e-01
3.729797204335530414e-01
4.063205222288767682e-01
3.498485833406448364e-01
3.877341250578562604e-01
3.824720382690429688e-01
3.899984260400136127e-01
4.071039160092671527e-01
3.640022377173106061e-01
3.725509444872538434e-01
3.816656072934468402e-01
3.985799551010131836e-01
3.924295306205749512e-01
3.868149618307749615e-01
3.898916244506835938e-01
3.859897355238596783e-01
3.753632803757985248e-01
3.768633206685383930e-01
3.657534917195637836e-01
3.707135717074076520e-01
3.725074231624603271e-01
3.719683885574340820e-01
3.989111284414927350e-01
3.707400957743327008e-01
3.658606608708699359e-01
3.725921312967936383e-01
3.866628011067708148e-01
3.703512946764628277e-01
3.599466433127720966e-01
3.513068308432896747e-01
3.642011682192484723e-01
3.825390338897705078e-01
3.797288735707600726e-01
4.075832565625508441e-01
4.003936747709910260e-01
4.030972023804982318e-01
3.590083072582880841e-01
3.745163679122924805e-01
4.030462404092152728e-01
3.883905212084452496e-01
4.157936225334803448e-01
3.823144336541493549e-01
3.842652142047882080e-01
3.769808411598205566e-01
3.795861204465230121e-01
3.676213721434275494e-01
3.862722615400950299e-01
4.120019276936848773e-01
4.077445516983668194e-01
3.727235098679860248e-01
3.870990276336669922e-01
3.783695797125498639e-01
3.609287887811660767e-01
3.984397649765014648e-01
3.473123858372370587e-01
3.549867421388626099e-01
3.985074758529663086e-01
3.719833592573801861e-01
3.918250103791554584e-01
3.924037814140319824e-01
3.881417711575825824e-01
3.962540924549102783e-01
3.814688722292582379e-01
3.948666552702586041e-01
4.184296031792958392e-01
3.956275482972462787e-01
3.805178999900817871e-01
4.218954642613728656e-01
3.793802658716837750e-01
3.763228654861450195e-01
3.792257209618886127e-01
3.756430347760518207e-01
3.874148031075795306e-01
4.022397398948669434e-01
4.006163676579793109e-01
3.983864982922871723e-01
3.677815099557240619e-01
3.633467753728230609e-01
3.967567980289459229e-01
3.549485802650451660e-01
3.654200335343678607e-01
3.815163175264994488e-01
3.611329893271128522e-01
4.059141675631205426e-01
3.723310430844624652e-01
3.654639522234598981e-01
3.493186881144841327e-01
3.813269436359405518e-01
3.804141879081726074e-01
3.974481622378031598e-01
4.188207189242045270e-01
3.668187260627746582e-01
3.964249193668365479e-01
3.623524904251098633e-01
3.823328812917073383e-01
3.728776276111602783e-01
3.626383940378825055e-01
3.960279226303100586e-01
3.771253923575083600e-01
3.834404746691386090e-01
3.966165284315745221e-01
3.766545852025349750e-01
4.156999786694844379e-01
3.653002281983693256e-01
3.855442206064860211e-01
3.946376542250315533e-01
3.997777601083119525e-01
3.781950374444325580e-01
3.612543990214665546e-01
3.649364709854125977e-01
3.578047255674998151e-01
3.908965587615966797e-01
3.688443601131439209e-01
3.756496508916218890e-01
3.833357393741607666e-01
3.867345949014027728e-01
3.663167357444763184e-01
3.973437647024790631e-01
3.855077425638834820e-01
3.924213349819183350e-01
4.062935908635457172e-01
3.472550511360168457e-01
3.709999124209086285e-01
3.731027841567993164e-01
3.843222061793009625e-01
3.766050040721893311e-01
3.708774646123250140e-01
3.695707122484843121e-01
3.452319353818893433e-01
3.782598872979481830e-01
3.872210085391998291e-01
3.746745387713114606e-01
3.812207082907358990e-01
4.113593598206837787e-01
3.799849152565002441e-01
3.433312028646469116e-01
3.572156776984532489e-01
4.004020591576893939e-01
3.775350352128346576e-01
4.105102419853210449e-01
3.634587923685709820e-01
3.987590074539184570e-01
3.936576445897420062e-01
4.021077404419581280e-01
4.123971859614054547e-01
3.696293830871582031e-01
3.975297609965006695e-01
3.760095238685607910e-01
3.899435003598530902e-01
4.047210514545440674e-01
4.013067583243052350e-01
3.644740879535675049e-01
4.059849480787913190e-01
3.596743990977604999e-01
3.827200333277384625e-01
4.095591505368550433e-01
3.921365539232889996e-01
3.609316051006317139e-01
3.736049334208170758e-01
4.056079387664794922e-01
3.886622786521911621e-01
3.790750900904337750e-01
3.740569551785786762e-01
3.866797288258870258e-01
4.099896649519602643e-01
4.008213977018992291e-01
3.460400352875391827e-01
3.582158784071604596e-01
3.805285692214965820e-01
3.971358040968577252e-01
3.823495308558146344e-01
3.739748696486155377e-01
3.850490450859069824e-01
3.559831430514653339e-01
3.744225203990936279e-01
3.841096262137095319e-01
3.769381642341613770e-01
3.889210621515910016e-01
3.895691633224487305e-01
3.917880256970723285e-01
3.679818411668141498e-01
3.940375645955403461e-01
3.863825996716817035e-01
3.802550236384074078e-01
3.837943474451701031e-01
3.851102987925211774e-01
3.971069057782490863e-01
3.966201941172282086e-01
4.073639412720997943e-01
3.938099046548207416e-01
3.538759301106135235e-01
3.838093280792236328e-01
3.902542293071746826e-01
3.815251489480336322e-01
3.903966446717579974e-01
3.582525402307510376e-01
3.944525122642517090e-01
4.158830940723419189e-01
4.077284435431162701e-01
3.726043800512949811e-01
3.846427301565806256e-01
3.829661210378010883e-01
3.833946883678436279e-01
3.756407399972279681e-01
3.991180360317230225e-01
3.758888741334279193e-01
3.878617286682128906e-01
3.790467083454132080e-01
3.705218633015950336e-01
4.040000637372334613e-01
3.761107325553894043e-01
3.834970394770304547e-01
3.786857624848683490e-01
3.784817755222320557e-01
4.109315872192382812e-01
3.725524147351582660e-01
3.836125731468200684e-01
4.086249470710754395e-01
3.900603950023651123e-01
3.976955513159434186e-01
3.981007883946101056e-01
3.831407825152079449e-01
3.979646066824595319e-01
3.726169268290202008e-01
3.981655140717824115e-01
3.872581422328948975e-01
3.793216149012247906e-01
3.791815737883250104e-01
3.699191013971964703e-01
4.011512895425160541e-01
3.556327968835830688e-01
3.902889986832936420e-01
4.015846550464630127e-01
3.993083635965983258e-01
3.604625364144642963e-01
4.314904312292734967e-01
3.739264011383056641e-01
3.900340894858042584e-01
3.865594168504078998e-01
3.912257055441538678e-01
3.911173840363820209e-01
3.772564629713694440e-01
3.673674066861470355e-01
3.805064360300700055e-01
3.664692242940266742e-01
3.701141377290089740e-01
3.967087666193644391e-01
3.956215778986613141e-01
3.676772713661193848e-01
3.457815647125244141e-01
3.663623531659443988e-01
3.856572707494099750e-01
3.851233124732971191e-01
3.978561758995056152e-01
3.943618834018707275e-01
3.751245637734730853e-01
3.772715826829274310e-01
3.627369900544484271e-01
3.747326433658599854e-01
3.511891017357508527e-01
3.970704277356465473e-01
3.762446641921997070e-01
3.674091398715972900e-01
3.892842729886372699e-01
4.005848864714304791e-01
3.863450686136881695e-01
3.889946043491363525e-01
3.831813434759775983e-01
4.147892793019612445e-01
3.945284088452656879e-01
3.902017871538798199e-01
3.750631411870320453e-01
3.646066784858703613e-01
3.858043452103932514e-01
4.206098516782124652e-01
3.953927755355834961e-01
4.126094281673431396e-01
3.758518993854522705e-01
3.772448102633158551e-01
3.887480994065602435e-01
3.640380700429280414e-01
3.550678143898646222e-01
3.814283013343811035e-01
3.882851103941599713e-01
3.821755747000376569e-01
3.794380724430084229e-01
3.852139413356781006e-01
3.943331936995188580e-01
4.107203384240468158e-01
3.870233396689097272e-01
3.896123170852661133e-01
3.845271269480387555e-01
4.047419726848602295e-01
3.853702445824940814e-01
3.747057716051737652e-01
3.953867057959238873e-01
3.648794889450073242e-01
3.660632173220316754e-01
3.911267717679341449e-01
3.630475799242655621e-01
3.947141269842783795e-01
3.724440038204193115e-01
3.832660317420959473e-01
3.973993559678395404e-01
3.647538224856058942e-01
4.087041020393371582e-01
3.928900957107543945e-01
3.846860925356547223e-01
3.971641163031260358e-01
3.670715391635894775e-01
3.950032095114390240e-01
3.493798871835072650e-01
3.861247201760609760e-01
3.903824786345164166e-01
3.594617744286854877e-01
3.793864846229553223e-01
3.701016207536061420e-01
3.851421276728312360e-01
3.802831768989562988e-01
3.592244088649749756e-01
3.744370838006337299e-01
4.133450984954833984e-01
3.745707273483276367e-01
3.935646812121073590e-01
3.881964584191640033e-01
3.877520362536112652e-01
3.932968775431315289e-01
3.746774196624755859e-01
3.778193990389506207e-01
3.807191054026285992e-01
3.984851638476054059e-01
3.816869656244913922e-01
4.048654834429423199e-01
3.760837018489837646e-01
4.078962504863739014e-01
3.743152022361755371e-01
3.682823081811268939e-01
3.913146853446960449e-01
3.806200325489044189e-01
3.775858581066131592e-01
3.768910268942515240e-01
3.920931021372477399e-01
3.585114926099777222e-01
3.805902699629465924e-01
3.624646017948786603e-01
3.964451352755228863e-01
3.915238181749979840e-01
3.564486304918925152e-01
3.957036137580871582e-01
3.878485361735026227e-01
3.858305613199869977e-01
4.159170985221862793e-01
3.920856614907582416e-01
3.969800670941670551e-01
3.816665112972259521e-01
3.835486570994059430e-01
3.678930302460988178e-01
3.797931869824727191e-01
4.007640381654103412e-01
3.810097773869832172e-01
3.790241877237955914e-01
4.113870759805043353e-01
4.122471412022908344e-01
3.808205227057139264e-01
3.620024224122365131e-01
3.751951356728871478e-01
3.958600958188374652e-01
3.774871925512949811e-01
3.962770402431488037e-01
4.335603713989257812e-01
3.735180795192718506e-01
4.112595717112223492e-01
4.039714137713114606e-01
3.892764349778493060e-01
4.192269444465637207e-01
3.833073675632476807e-01
3.794649044672648297e-01
3.818636437257130756e-01
4.043156603972117291e-01
3.627176185448964252e-01
3.511117100715637207e-01
3.688873350620269775e-01
3.850813011328379498e-01
3.686450123786926270e-01
3.638796806335449219e-01
3.975532054901123047e-01
3.971031804879506244e-01
3.605477462212244855e-01
3.852714995543162213e-01
3.559347738822301044e-01
3.721691668033599854e-01
4.069342911243438721e-01
3.646591405073801861e-01
3.663615882396697998e-01
3.935258090496063232e-01
3.901308973630269183e-01
3.654219408830006732e-01
3.807825744152069092e-01
3.774040341377258301e-01
4.175313214461008893e-01
3.979958693186442242e-01
3.981945017973582135e-01
3.765476147333781110e-01
3.894009192784627094e-01
3.860968550046284808e-01
4.123906791210174561e-01
3.840710719426472797e-01
4.129314124584197998e-01
3.579299549261729108e-01
3.993258674939473285e-01
4.237459202607472553e-01
3.754252791404724121e-01
3.815690179665883197e-01
3.668520053227742328e-01
3.707562386989593506e-01
4.022180040677388324e-01
3.726748426755269183e-01
3.663973708947499408e-01
3.737154503663380756e-01
4.123690327008565082e-01
4.090179602305094586e-01
4.141176939010620117e-01
3.668072223663330078e-01
3.885436157385508404e-01
3.907697002092997418e-01
3.892473975817362652e-01
4.060350457827250348e-01
4.039824008941650391e-01
3.883395791053771973e-01
3.737949430942535400e-01
3.866171240806579590e-01
3.680094778537750244e-01
3.521187255779902325e-01
3.915766775608062744e-01
4.069648583730061664e-01
3.951527774333953857e-01
3.900888760884602680e-01
3.627896010875701904e-01
3.710871537526448383e-01
3.959641158580780029e-01
3.852706352869669781e-01
3.807652393976847516e-01
3.672829667727152692e-01
3.663140535354614258e-01
4.028200904528300152e-01
3.827334443728129254e-01
3.763886690139770508e-01
3.775493204593658447e-01
3.813511033852894916e-01
3.959927658240000592e-01
3.688604434331257953e-01
3.879554172356923236e-01
3.766235609849293842e-01
3.595236639181773053e-01
3.783120910326639996e-01
3.929509719212849750e-01
4.018398423989613666e-01
3.901947240034739361e-01
3.858921428521474017e-01
3.932228982448577881e-01
3.823186556498209820e-01
3.785230815410614014e-01
3.953308065732319965e-01
