2.550677318572997976e+01
2.183745689392089773e+01
2.435953559875488139e+01
2.207203178405761790e+01
1.945544815063476562e+01
1.936986846923828054e+01
2.099396018981933665e+01
1.875669841766357493e+01
1.818166198730468608e+01
1.741676883697509837e+01
1.843965835571288991e+01
1.912603359222412180e+01
1.867934589385986399e+01
1.633187360763549734e+01
1.446773824691772425e+01
1.435137119293212926e+01
1.729978084564208984e+01
1.693009490966796804e+01
1.445926561355590856e+01
1.360668077468872106e+01
1.285022830963134766e+01
1.339730882644653320e+01
1.353148899078369105e+01
1.290721454620361364e+01
1.425957536697387695e+01
1.345593719482421946e+01
1.375010070800781214e+01
1.360835294723510813e+01
1.375469236373901438e+01
1.319668302536010707e+01
1.361615343093871999e+01
1.387219505310058665e+01
1.276495370864868129e+01
1.275549764633178640e+01
1.279624605178833008e+01
1.226047697067260778e+01
1.213969459533691442e+01
1.278979501724243129e+01
1.585549154281616246e+01
1.495887546539306712e+01
1.599900064468383754e+01
1.466417160034179723e+01
1.307439565658569336e+01
1.293191690444946218e+01
1.355397768020629812e+01
1.237444753646850515e+01
1.386329603195190430e+01
1.225605068206787074e+01
1.190002031326293874e+01
1.191885042190551758e+01
1.204338159561157262e+01
1.290118904113769460e+01
1.228598699569702113e+01
1.259682559967041016e+01
1.419721708297729457e+01
1.288732290267944336e+01
1.298142127990722727e+01
1.217376346588134695e+01
1.491370115280151332e+01
1.333831958770752024e+01
1.221387586593627894e+01
1.278772335052490305e+01
1.241669788360595739e+01
1.187806549072265661e+01
1.380525236129760813e+01
1.264584226608276296e+01
1.187141332626342738e+01
1.182887144088745046e+01
1.286205158233642543e+01
1.197721118927001882e+01
1.248310327529907227e+01
1.176467885971069371e+01
1.358402709960937571e+01
1.423088045120239187e+01
1.247746391296386648e+01
1.425505514144897390e+01
1.307158012390136648e+01
1.202601995468139684e+01
1.378176145553588938e+01
1.209711484909057688e+01
1.174894809722900391e+01
1.353618707656860387e+01
1.238114900588989187e+01
1.172627439498901403e+01
1.233991918563842738e+01
1.370985717773437429e+01
1.233070869445800710e+01
1.383911943435668945e+01
1.519845361709594656e+01
1.566167211532592773e+01
1.291463184356689453e+01
1.338868112564086843e+01
1.202565498352050710e+01
1.164863557815551687e+01
1.149275388717651403e+01
1.218861083984375071e+01
1.174592390060424840e+01
1.188675451278686523e+01
1.233233766555786204e+01
1.209275474548339879e+01
1.298848247528076172e+01
1.199361791610717809e+01
1.189725456237792933e+01
1.255105867385864293e+01
1.154906511306762695e+01
1.137260494232177699e+01
1.140752019882202184e+01
1.185469675064086914e+01
1.216728391647338903e+01
1.339740104675292898e+01
1.390856933593750000e+01
1.227030954360961879e+01
1.195403337478637695e+01
1.145753450393676687e+01
1.144777326583862376e+01
1.147203416824340749e+01
1.189949674606323171e+01
1.159665746688842702e+01
1.145032444000244176e+01
1.161943778991699183e+01
1.133849954605102539e+01
1.156012935638427663e+01
1.211635198593139684e+01
1.185113735198974538e+01
1.168659248352050817e+01
1.135078611373901403e+01
1.135324792861938548e+01
1.142739734649658168e+01
1.159923658370971644e+01
1.173375139236450160e+01
1.184589462280273509e+01
1.167111411094665563e+01
1.121143522262573278e+01
1.150929384231567454e+01
1.141260414123535227e+01
1.141039037704467773e+01
1.121614103317260813e+01
1.106854381561279332e+01
1.133352527618408168e+01
1.155802602767944265e+01
1.143521823883056676e+01
1.141638255119323730e+01
1.165262365341186523e+01
1.183361940383911204e+01
1.223219890594482351e+01
1.197336397171020472e+01
1.121378240585327113e+01
1.160176143646240199e+01
1.161560087203979563e+01
1.248851623535156286e+01
1.144174537658691371e+01
1.160153808593750036e+01
1.195231103897094727e+01
1.162316017150878977e+01
1.193075761795043910e+01
1.191334857940673864e+01
1.190621099472045863e+01
1.142834405899047923e+01
1.134723901748657227e+01
1.196784887313842738e+01
1.110385112762451243e+01
1.119962472915649343e+01
1.174767942428588796e+01
1.120852642059326243e+01
1.110157504081726110e+01
1.100206413269043004e+01
1.101775894165039027e+01
1.142316226959228587e+01
1.180923137664794886e+01
1.199454145431518626e+01
1.148602857589721715e+01
1.209304494857788015e+01
1.134962606430053711e+01
1.164677171707153391e+01
1.187881259918212962e+01
1.118381690979003906e+01
1.147271919250488281e+01
1.094829416275024414e+01
1.095419225692748988e+01
1.109955282211303640e+01
1.149231662750244176e+01
1.224574699401855504e+01
1.135866994857788015e+01
1.093900709152221751e+01
1.088723020553588938e+01
1.125399599075317347e+01
1.087394905090332031e+01
1.096723890304565430e+01
1.078369216918945384e+01
1.078640413284301758e+01
1.084191875457763743e+01
1.102816905975341832e+01
1.140626621246337891e+01
1.119385366439819407e+01
1.174575109481811452e+01
1.097030019760131836e+01
1.098521394729614187e+01
1.136927652359008789e+01
1.132936286926269531e+01
1.176446208953857386e+01
1.129659252166748118e+01
1.098005504608154226e+01
1.080970449447631765e+01
1.085847215652465891e+01
1.079503784179687464e+01
1.073373861312866140e+01
1.087653064727783203e+01
1.095780525207519496e+01
1.072146196365356374e+01
1.076631345748901403e+01
1.078421964645385778e+01
1.097520084381103445e+01
1.119491701126098704e+01
1.122602043151855433e+01
1.089701776504516673e+01
1.069375238418579066e+01
1.090407495498657298e+01
1.102905788421630895e+01
1.090045013427734411e+01
1.077146825790405238e+01
1.088997774124145579e+01
1.105083808898925746e+01
1.072630214691162109e+01
1.064940233230590749e+01
1.074180994033813441e+01
1.092290325164794851e+01
1.080362019538879359e+01
1.117257046699523926e+01
1.103522763252258265e+01
1.106282024383544993e+01
1.078627004623413121e+01
1.093506040573120153e+01
1.100165085792541575e+01
1.084791784286499094e+01
1.083088064193725586e+01
1.074705123901367188e+01
1.086472711563110316e+01
1.100265188217163015e+01
1.064674043655395508e+01
1.071401896476745641e+01
1.097268218994140554e+01
1.071185894012451101e+01
1.077875032424926793e+01
1.092095203399658132e+01
1.225592594146728587e+01
1.154572391510009766e+01
1.109156961441039968e+01
1.065188379287719656e+01
1.068183002471923793e+01
1.059312200546264648e+01
1.065027503967285227e+01
1.096632165908813406e+01
1.064479808807373118e+01
1.061252679824829137e+01
1.072803106307983434e+01
1.111270999908447266e+01
1.115628080368042063e+01
1.137989978790283274e+01
1.283750476837158239e+01
1.076257820129394460e+01
1.060476045608520579e+01
1.063807487487792969e+01
1.093498010635375906e+01
1.064876747131347656e+01
1.062973270416259730e+01
1.067885227203369070e+01
1.065089092254638636e+01
1.049251327514648402e+01
1.070845222473144531e+01
1.141882581710815359e+01
1.134073381423950266e+01
1.139480648040771449e+01
1.064999170303344656e+01
1.074799766540527379e+01
1.074363031387329137e+01
1.103706550598144531e+01
1.086089286804199183e+01
1.097379941940307546e+01
1.095695152282714879e+01
1.055470266342163121e+01
1.063302717208862269e+01
1.054090175628662074e+01
1.044003691673278844e+01
1.040481014251708913e+01
1.045611867904663050e+01
1.079757213592529297e+01
1.045480222702026296e+01
1.048342151641845632e+01
1.041830091476440501e+01
1.037663936614990234e+01
1.041426005363464391e+01
1.037566213607788157e+01
1.038956031799316371e+01
1.041366024017333913e+01
1.039281263351440465e+01
1.084376726150512660e+01
1.084327611923217738e+01
1.070200967788696289e+01
1.067831525802612269e+01
1.062339563369750906e+01
1.086259183883666957e+01
1.058350248336791921e+01
1.069748597145080637e+01
1.111230316162109411e+01
1.088786163330078161e+01
1.077060589790344203e+01
1.069077205657958984e+01
1.066299233436584437e+01
1.040137310028076101e+01
1.035913066864013743e+01
1.042025279998779297e+01
1.038588933944702219e+01
1.034225187301635707e+01
1.045512237548828161e+01
1.055296697616577184e+01
1.049794383049011159e+01
1.034157481193542516e+01
1.031351003646850550e+01
1.035372085571288991e+01
1.032899274826049840e+01
1.030358343124389719e+01
1.034206304550170863e+01
1.030348911285400426e+01
1.035209903717040980e+01
1.030626578330993581e+01
1.042596406936645437e+01
1.048874549865722727e+01
1.050528688430786062e+01
1.032142171859741175e+01
1.030731086730957102e+01
1.039143700599670339e+01
1.057162046432495117e+01
1.048345060348510671e+01
1.061974172592163157e+01
1.034117770195007324e+01
1.039992151260375941e+01
1.039637050628662074e+01
1.032963547706603968e+01
1.030914802551269460e+01
1.032713785171508825e+01
1.047354984283447266e+01
1.056397609710693430e+01
1.038711023330688477e+01
1.055058135986328161e+01
1.055996274948120117e+01
1.085736656188964844e+01
1.066659979820251536e+01
1.060004625320434535e+01
1.038828887939453161e+01
1.034430007934570384e+01
1.051344966888427734e+01
1.026971616744995153e+01
1.028652124404907298e+01
1.024457836151123047e+01
1.023729972839355540e+01
1.034620752334594762e+01
1.053698682785034180e+01
1.024057307243347203e+01
1.027738695144653391e+01
1.034552698135376048e+01
1.029845914840698207e+01
1.026358499526977575e+01
1.022753963470458949e+01
1.027604398727416957e+01
1.027700738906860423e+01
1.033777399063110281e+01
1.027796878814697301e+01
1.035496740341186594e+01
1.026872453689575160e+01
1.032154483795165945e+01
1.043211870193481516e+01
1.026393785476684606e+01
1.032990989685058558e+01
1.021344761848449778e+01
1.030181360244750977e+01
1.036141180992126465e+01
1.033388037681579519e+01
1.031776695251464915e+01
1.022247991561889613e+01
1.026614685058593679e+01
1.032139234542846751e+01
1.048031053543090785e+01
1.077237548828125036e+01
1.035527744293212926e+01
1.023780527114868200e+01
1.027279691696167063e+01
1.043720798492431712e+01
1.049309792518615758e+01
1.061201391220092738e+01
1.061810503005981410e+01
1.047856912612915004e+01
1.029080896377563548e+01
1.020334706306457484e+01
1.021628332138061523e+01
1.028272700309753418e+01
1.020373792648315359e+01
1.029265689849853516e+01
1.044239883422851634e+01
1.027398033142089773e+01
1.031006021499633718e+01
1.022615108489990199e+01
1.016427526473998988e+01
1.021263403892517019e+01
1.027512598037719727e+01
1.021504449844360352e+01
1.017817144393920969e+01
1.018773040771484339e+01
1.016204195022583079e+01
1.015833044052124023e+01
1.015010571479797363e+01
1.016194972991943324e+01
1.021253080368041921e+01
1.018818635940551687e+01
1.016456556320190430e+01
1.018613977432250906e+01
1.016106605529785156e+01
1.014830732345581055e+01
1.014617371559143066e+01
1.015921468734741140e+01
1.020373401641845668e+01
1.018697619438171387e+01
1.021432628631591832e+01
1.026334753036499059e+01
1.020421786308288503e+01
1.015081648826599192e+01
1.017552051544189418e+01
1.013291683197021520e+01
1.013104734420776332e+01
1.014648609161377024e+01
1.013666515350341868e+01
1.017842836380004812e+01
1.023946700096130336e+01
1.014508104324340820e+01
1.019570121765136683e+01
1.015586585998535085e+01
1.015524272918701243e+01
1.014888072013854980e+01
1.013752274513244700e+01
1.014512567520141673e+01
1.016399869918823207e+01
1.017136259078979421e+01
1.019563136100769007e+01
1.028420495986938477e+01
1.032397308349609411e+01
1.022363166809082102e+01
1.023031883239746165e+01
1.015202369689941442e+01
1.015935521125793528e+01
1.015017805099487269e+01
1.011774749755859304e+01
1.013035864830017019e+01
1.012984499931335414e+01
1.010818428993225027e+01
1.011936225891113317e+01
1.019784250259399450e+01
1.015866665840148997e+01
1.020949230194091761e+01
1.014102535247802805e+01
1.013889341354370188e+01
1.022734885215759348e+01
1.022522034645080602e+01
1.028921518325805629e+01
1.022274370193481374e+01
1.025030088424682617e+01
1.031180715560913086e+01
1.022447385787963903e+01
1.012921857833862305e+01
1.012013511657714915e+01
1.009620656967163121e+01
1.011376991271972692e+01
1.012832040786743093e+01
1.011604409217834544e+01
1.008995385169982839e+01
1.010383749008178711e+01
1.015677146911621165e+01
1.014336662292480540e+01
1.020994310379028391e+01
1.014207458496093750e+01
1.009540033340454102e+01
1.013289561271667516e+01
1.017163329124450755e+01
1.012238473892211843e+01
1.011194686889648509e+01
1.013729743957519602e+01
1.009473476409912074e+01
1.009590430259704519e+01
1.008262290954589879e+01
1.008266396522521902e+01
1.009821324348449778e+01
1.010137577056884695e+01
1.009381113052368129e+01
1.009076156616210973e+01
1.010351934432983434e+01
1.016285810470581019e+01
1.021382799148559606e+01
1.013490567207336390e+01
1.007665300369262695e+01
1.014651384353637731e+01
1.020160846710205149e+01
1.010847234725952148e+01
1.007870688438415563e+01
1.007553787231445241e+01
1.007965583801269460e+01
1.008267230987548757e+01
1.009614305496215891e+01
1.011564111709594727e+01
1.012908320426940989e+01
1.008369321823120046e+01
1.009568719863891673e+01
1.009451169967651296e+01
1.009535975456237722e+01
1.009794502258300852e+01
1.009468545913696325e+01
1.006712894439697337e+01
1.006641936302185059e+01
1.007423839569091761e+01
1.006673212051391531e+01
1.007508568763732981e+01
1.006867418289184535e+01
1.005983152389526403e+01
1.006156902313232493e+01
1.005981473922729563e+01
1.012576074600219656e+01
1.012641782760620046e+01
1.018724074363708532e+01
1.011751108169555735e+01
1.011900444030761648e+01
1.006700706481933594e+01
1.006019845008850133e+01
1.008087067604065012e+01
1.007491455078124964e+01
1.005339822769165004e+01
1.005204653739929199e+01
1.006603832244872976e+01
1.005762748718261790e+01
1.006573104858398438e+01
1.009024772644042933e+01
1.006168851852416957e+01
1.005500345230102610e+01
1.005787143707275355e+01
1.006026735305786168e+01
1.005838890075683523e+01
1.005178809165954590e+01
1.004894351959228516e+01
1.005720810890197825e+01
1.007057352066039968e+01
1.008526935577392614e+01
1.005768489837646484e+01
1.006940884590148855e+01
1.007313432693481481e+01
1.006295027732849157e+01
1.004349498748779368e+01
1.008994188308715856e+01
1.007604818344116282e+01
1.007111749649047816e+01
1.005387096405029368e+01
1.004392652511596751e+01
1.004521789550781286e+01
1.007280092239379954e+01
1.005891475677490199e+01
1.009190621376037633e+01
1.005980939865112234e+01
1.005044913291931152e+01
1.011476817131042516e+01
1.007885684967041051e+01
1.004556722640991140e+01
1.008785300254821848e+01
1.008604307174682546e+01
1.003932242393493723e+01
1.004737863540649379e+01
1.006716852188110423e+01
1.010073647499084437e+01
1.004973883628845144e+01
1.004229793548583949e+01
1.006600990295410192e+01
1.004063100814819265e+01
1.006300988197326696e+01
1.005106296539306676e+01
1.003533887863159180e+01
1.003236351013183558e+01
1.003328385353088414e+01
1.003637442588806117e+01
1.003077135086059535e+01
1.004252142906188894e+01
1.004572019577026332e+01
1.004348630905151296e+01
1.004284648895263743e+01
1.005817780494689906e+01
1.005557503700256383e+01
1.002949390411376918e+01
1.003799595832824743e+01
1.003446388244628906e+01
1.003561658859252859e+01
1.003255310058593786e+01
1.007660341262817383e+01
1.006666221618652379e+01
1.003756713867187500e+01
1.002993650436401296e+01
1.004325423240661586e+01
1.002400636672973633e+01
1.002263240814209055e+01
1.002473549842834544e+01
1.002456302642822195e+01
1.002831439971923899e+01
1.002728910446166921e+01
1.003344254493713450e+01
1.002720646858215403e+01
1.002088165283203125e+01
1.002104167938232493e+01
1.001987895965576136e+01
1.001938929557800328e+01
1.002308006286621023e+01
1.003732075691223180e+01
1.002433924674987864e+01
1.004098701477050781e+01
1.003382463455200124e+01
1.005471711158752512e+01
1.002315020561218262e+01
1.003417186737060618e+01
1.001900100708007812e+01
1.001658973693847621e+01
1.002944192886352504e+01
1.001920766830444265e+01
1.002596359252929759e+01
1.002154636383056641e+01
1.002854986190795827e+01
1.001933984756469798e+01
1.001568312644958425e+01
1.001678380966186488e+01
1.001514592170715368e+01
1.001408491134643519e+01
1.001736497879028320e+01
1.001384887695312464e+01
1.002306718826293874e+01
1.001736907958984446e+01
1.001720724105834925e+01
1.004169063568115305e+01
1.002612791061401332e+01
1.002464580535888672e+01
1.001260995864868164e+01
1.001191463470459020e+01
1.001418409347534144e+01
1.001244482994079554e+01
1.001696844100952077e+01
1.001395921707153391e+01
1.002116022109985316e+01
1.005343170166015554e+01
1.002252011299133372e+01
1.003278813362121547e+01
1.001555833816528285e+01
1.002279763221740794e+01
1.001175632476806676e+01
1.001355090141296422e+01
1.000993738174438441e+01
1.003231267929077219e+01
1.001704273223876918e+01
1.002510724067687953e+01
1.001564531326294016e+01
1.001212911605835032e+01
1.000749492645263672e+01
1.001278743743896449e+01
1.000713415145873952e+01
1.001224045753479075e+01
1.001325087547302317e+01
1.003180255889892614e+01
1.001160287857055664e+01
1.001480379104614293e+01
1.001999244689941371e+01
1.001629648208618129e+01
1.000503587722778320e+01
1.000965852737426687e+01
1.004433765411376989e+01
1.002517843246459961e+01
1.000837850570678711e+01
1.001498141288757360e+01
1.000307245254516531e+01
1.001245012283325231e+01
1.001112179756164622e+01
1.000468292236328161e+01
1.000908064842224121e+01
1.001065225601196218e+01
1.001658411026000906e+01
1.000212850570678746e+01
1.000952358245849538e+01
1.000197319984436106e+01
9.999995136260986683e+00
1.000672926902771032e+01
1.000320138931274450e+01
1.000028848648071289e+01
1.000343151092529226e+01
9.997427558898925426e+00
1.000425596237182546e+01
1.000115566253662180e+01
1.000556659698486328e+01
1.001416893005371023e+01
1.000250129699707102e+01
1.000662155151367116e+01
1.000049848556518484e+01
1.000042495727539027e+01
1.000316147804260325e+01
9.996496438980102539e+00
9.996049642562866211e+00
9.998604393005370738e+00
9.995844030380249379e+00
9.996129989624023438e+00
9.996814966201782227e+00
9.995493412017822266e+00
9.997351360321044211e+00
9.994447422027587180e+00
9.997577857971190696e+00
9.994962215423583984e+00
9.994520759582519176e+00
9.997911643981932883e+00
1.000752286911010813e+01
1.000489673614501918e+01
1.000573072433471644e+01
9.994346618652343750e+00
9.994295024871826527e+00
9.995069122314452770e+00
9.995172595977782848e+00
9.993668889999389293e+00
9.993646240234374645e+00
9.993080234527587535e+00
9.995682525634766336e+00
9.994341468811034801e+00
9.993035507202147727e+00
9.994779777526854758e+00
9.995070171356200461e+00
9.995327854156494496e+00
9.992123317718505149e+00
9.997485637664794922e+00
9.995652580261230824e+00
9.995374298095702770e+00
9.993746662139892933e+00
9.991843700408935547e+00
9.991726303100586293e+00
9.993527221679688211e+00
9.991660404205322976e+00
9.992106056213378551e+00
9.991038131713867898e+00
9.992542314529419656e+00
9.990633916854857688e+00
9.992452716827392223e+00
9.991825532913207297e+00
9.995447731018066051e+00
9.991228866577149148e+00
9.990900135040282848e+00
9.990048885345458984e+00
9.989970254898072000e+00
9.990429830551146750e+00
9.993864345550537820e+00
9.999263668060303090e+00
9.998114728927612660e+00
1.001510734558105398e+01
9.991800403594970348e+00
9.990036773681641336e+00
9.990085411071778054e+00
9.989342117309570668e+00
9.989348554611206410e+00
9.989079475402832031e+00
9.990488386154174449e+00
9.988587236404418590e+00
9.989312887191772461e+00
9.988195419311523438e+00
9.987999439239501953e+00
9.987792110443114879e+00
9.990955734252930043e+00
9.988057899475098367e+00
9.987311363220214844e+00
9.986843585968017578e+00
9.989413547515869851e+00
9.988748598098755593e+00
9.987529754638671875e+00
9.986486625671386008e+00
9.987288761138916726e+00
9.989784049987793679e+00
9.997084617614746094e+00
9.995117759704589488e+00
9.985977602005004172e+00
9.989515972137450461e+00
9.984100246429443715e+00
9.989915895462036843e+00
9.985910511016845348e+00
9.985511398315429332e+00
9.986779975891113992e+00
9.985562705993652699e+00
9.987039899826049449e+00
9.985078048706053977e+00
9.987020492553710938e+00
9.984132194519043324e+00
9.983856582641601918e+00
9.987671375274658203e+00
9.985204172134398704e+00
9.985262298583984730e+00
9.982519149780273438e+00
9.989588880538940785e+00
9.985892581939697976e+00
9.990284633636473899e+00
9.991941881179808860e+00
9.988857650756836293e+00
9.983716011047363281e+00
9.982830476760863547e+00
9.982649421691894176e+00
9.982201433181762340e+00
9.983567523956299539e+00
9.982152223587036133e+00
9.983049964904784801e+00
9.982203483581542969e+00
9.982359504699706676e+00
9.981986331939697976e+00
9.981724691390990500e+00
9.981564807891846414e+00
9.982177829742431285e+00
9.981654548645019887e+00
9.982940530776977184e+00
9.982032728195189719e+00
9.981694746017456765e+00
9.981074810028076172e+00
9.982066869735717773e+00
9.983086299896239524e+00
9.981257343292236683e+00
9.981571817398071644e+00
9.982880878448487039e+00
9.982118797302245383e+00
9.982920169830322266e+00
9.980653476715087180e+00
9.980740880966186168e+00
9.981412506103515270e+00
9.980263423919677024e+00
9.980512523651123402e+00
9.982031774520873313e+00
9.980291271209717152e+00
9.980358791351317649e+00
9.980343437194823863e+00
9.980259418487548828e+00
9.980371809005736949e+00
9.980049133300781250e+00
9.980563688278198953e+00
9.979600381851195579e+00
9.980066871643066051e+00
9.979665899276733754e+00
9.979525756835936789e+00
9.980816984176636097e+00
9.979196405410766246e+00
9.980267429351806996e+00
9.979550838470458984e+00
9.979186153411864879e+00
9.979421567916869407e+00
9.978415298461914773e+00
9.980088520050049539e+00
9.979269266128540039e+00
9.981552886962891336e+00
9.980365562438965554e+00
9.979641914367675781e+00
9.978403663635253551e+00
9.978693914413451438e+00
9.978575801849364879e+00
9.979168891906738281e+00
9.978942298889160512e+00
9.978034543991089578e+00
9.981101322174072976e+00
9.978832721710205078e+00
9.977734661102294567e+00
9.979917907714844105e+00
9.979086494445800426e+00
9.978871250152588246e+00
9.977838373184203746e+00
9.977603006362915750e+00
9.978910875320433860e+00
9.977332687377929332e+00
9.977861022949218395e+00
9.978341007232666371e+00
9.976722764968872781e+00
9.978625011444091086e+00
9.977473640441894887e+00
9.977287197113037465e+00
9.977492523193358664e+00
9.977165746688843484e+00
9.977031040191651101e+00
9.976800489425659890e+00
9.976954650878905539e+00
9.976551342010498757e+00
9.976132011413573863e+00
9.977234363555908203e+00
9.976338958740234020e+00
9.975975799560547586e+00
9.976142120361327414e+00
9.976178121566771750e+00
9.976345062255859375e+00
9.976477766036987660e+00
9.975968170166016336e+00
9.976353263854980113e+00
9.975442028045653942e+00
9.976001453399657493e+00
9.975802326202392933e+00
9.976853132247924805e+00
9.975009059906005504e+00
9.975923538208007812e+00
9.974768066406250355e+00
9.976606559753417258e+00
9.974800491333008168e+00
9.974914932250976918e+00
9.974956035614013672e+00
9.975309133529663086e+00
9.975190448760987039e+00
9.974659919738769531e+00
9.974657535552978516e+00
9.974590396881103160e+00
9.975239038467407227e+00
9.975273323059081321e+00
9.974667739868163352e+00
9.974413967132568004e+00
9.974567508697509410e+00
9.975021457672118785e+00
9.974821138381958718e+00
9.974830913543701882e+00
9.974621200561523793e+00
9.974972534179688211e+00
9.974322891235351207e+00
9.974289226531983132e+00
9.974263095855713246e+00
9.974187374114990234e+00
9.974090957641601918e+00
9.974094295501709340e+00
9.974064111709594727e+00
9.974179458618163352e+00
9.973885869979858043e+00
9.974032354354857688e+00
9.974217987060546520e+00
9.973670864105224965e+00
9.973860073089600320e+00
9.974008560180664062e+00
9.973663711547851918e+00
9.973755645751953836e+00
9.973449707031250000e+00
9.973824596405028942e+00
9.974401187896727805e+00
9.973906707763671164e+00
9.973493576049804688e+00
9.973270416259765625e+00
9.973300838470459340e+00
9.973120784759521129e+00
9.973722600936890004e+00
9.973284149169922230e+00
9.973579788208008168e+00
9.973278236389159446e+00
9.973200416564941051e+00
9.973161029815674539e+00
9.972735977172851207e+00
9.972797203063965554e+00
9.973230648040772195e+00
9.973000526428222656e+00
9.972911167144776101e+00
9.972991085052489879e+00
9.972602748870849965e+00
9.973800849914550071e+00
9.973757266998291016e+00
9.972810554504395242e+00
9.973244905471801758e+00
9.972622632980346680e+00
9.972494888305664773e+00
9.972416400909423828e+00
9.972425127029419301e+00
9.972580575942993519e+00
9.972616291046142223e+00
9.972174930572510476e+00
9.972153759002685192e+00
9.972203159332275746e+00
9.972564554214477184e+00
9.972564315795898082e+00
9.972296714782714844e+00
9.972314929962157848e+00
9.972332096099853160e+00
9.973025798797607422e+00
9.971825790405272727e+00
9.971881771087646840e+00
9.971978330612182972e+00
9.972568130493163707e+00
9.972357797622681375e+00
9.971817493438720703e+00
9.971789741516113637e+00
9.972067022323608754e+00
9.971543598175049539e+00
9.971717119216918945e+00
9.971462965011596680e+00
9.971432971954346414e+00
9.971330070495605824e+00
9.971362304687499289e+00
9.971523475646971946e+00
9.971308898925780539e+00
9.971526288986206410e+00
9.971250915527344105e+00
9.971302700042723899e+00
9.971354103088378551e+00
9.970954179763793945e+00
9.971205377578735707e+00
9.971180105209350941e+00
9.971111726760863547e+00
9.971199131011962535e+00
9.970959901809692383e+00
