9.338631182909011841e+00
9.204373794794083352e+00
9.285781770944595337e+00
9.206180322170258279e+00
9.175635057687760110e+00
9.165152800083159690e+00
9.150360399484634755e+00
9.135250240564346313e+00
9.138589823246002553e+00
9.131296098232269287e+00
9.123546832799911854e+00
9.137186029553413746e+00
9.183696973323822732e+00
9.202399027347563987e+00
9.201181244850157981e+00
9.227535670995711925e+00
9.274572879076004028e+00
9.248715472221373801e+00
9.232621377706527355e+00
9.218581992387772317e+00
9.244719231128692982e+00
9.242199170589447732e+00
9.250991940498352051e+00
9.260615277290344949e+00
9.234247362613677623e+00
9.203382849693298340e+00
9.211110585927963612e+00
9.208164191246032360e+00
9.221425133943558450e+00
9.228462743759155984e+00
9.215578597784041648e+00
9.219218602776527050e+00
9.189047944545745139e+00
9.199287176132202148e+00
9.197682684659957530e+00
9.201747179031372070e+00
9.195400762557984109e+00
9.182646846771239879e+00
9.191051495075225120e+00
9.176933324337005260e+00
9.164342111349105480e+00
9.162543061375618691e+00
9.162909349799155834e+00
9.166497611999512074e+00
9.163183110952378030e+00
9.169164019823075051e+00
9.161930537223815563e+00
9.164104449748993630e+00
9.166607427597046609e+00
9.165770983695983531e+00
9.170283102989197133e+00
9.166311484575270896e+00
9.179295414686203358e+00
9.160478726029396057e+00
9.171184700727462058e+00
9.146991038322449086e+00
9.151344996690749412e+00
9.154164594411849265e+00
9.163511729240417125e+00
9.160643368959426880e+00
9.151081335544585471e+00
9.169630527496337891e+00
9.145370292663574929e+00
9.151011779904365540e+00
9.180407828092574718e+00
9.158450025320053811e+00
9.144508075714110618e+00
9.149067372083663940e+00
9.148479962348938344e+00
9.153029450774193165e+00
9.155173510313034058e+00
9.146359711885452271e+00
9.138454350829125161e+00
9.159194064140319114e+00
9.145033997297286277e+00
9.147045421600342507e+00
9.152801245450973511e+00
9.151217406988143566e+00
9.135310202836990356e+00
9.149622887372970581e+00
9.155696433782576804e+00
9.159199786186217551e+00
9.146661639213562012e+00
9.153143364191056008e+00
9.146577143669128773e+00
9.179704535007477517e+00
9.146843945980071666e+00
9.154183882474900003e+00
9.103497588634491322e+00
9.164591419696808572e+00
9.133371442556381226e+00
9.141350263357162831e+00
9.159013211727142334e+00
9.150848513841628673e+00
9.160508239269256947e+00
9.159890842437743430e+00
9.156231641769409180e+00
9.152251905202865245e+00
9.147791051864624379e+00
9.155685436725615745e+00
9.164208132028580422e+00
9.150952214002609608e+00
9.149226236343384500e+00
9.162972420454025269e+00
9.152520683407782798e+00
9.143587350845336914e+00
9.144770205020904541e+00
9.146891915798187611e+00
9.140580400824546814e+00
9.150605897605419869e+00
9.172901815176009777e+00
9.134449714422226307e+00
9.144800752401351929e+00
9.140943154692649841e+00
9.147037994861602073e+00
9.145334273576736450e+00
9.146180194616317038e+00
9.144121170043945312e+00
9.152066820859909413e+00
9.150896131992340088e+00
9.154475978016852977e+00
9.154619204998017068e+00
9.136908513307570701e+00
9.160171997547148948e+00
9.142190150916576385e+00
9.152182513475418446e+00
9.148735558986663463e+00
9.148991119861602073e+00
9.151879048347472789e+00
9.147675022482872009e+00
9.146570467948913929e+00
9.151585221290588379e+00
9.145416867733000998e+00
9.147489464282989147e+00
9.147064810991286876e+00
9.151276260614395142e+00
9.144660532474517822e+00
9.143401414155960083e+00
9.141457958519458415e+00
9.153475016355514526e+00
9.141007131338119152e+00
9.144358882308006642e+00
9.147824931144715066e+00
9.151848763227462769e+00
9.145996880531310325e+00
9.145340305566787009e+00
9.143273532390594482e+00
9.144198554754257913e+00
9.137416684627533314e+00
9.134004998207092996e+00
9.141863644123077393e+00
9.139323627948760631e+00
9.146307656168938038e+00
9.142148530483245494e+00
9.152708274126052146e+00
9.142536401748657227e+00
9.143418443202971702e+00
9.132221388816834207e+00
9.135496413707732799e+00
9.150634580850601552e+00
9.136067855358124490e+00
9.148384755849837902e+00
9.143000495433806663e+00
9.132232224941253307e+00
9.134495902061463113e+00
9.140423148870468140e+00
9.145337134599685669e+00
9.142783010005951283e+00
9.142260116338729148e+00
9.137784498929978128e+00
9.148205935955047607e+00
9.154977712035179849e+00
9.141070967912673595e+00
9.135004714131355286e+00
9.147314497828483937e+00
9.138614550232887268e+00
9.131586825847625377e+00
9.139757531881333108e+00
9.142351555824280496e+00
9.140428289771080017e+00
9.133001029491424561e+00
9.148782214522361400e+00
9.146165472269057517e+00
9.142213052511214855e+00
9.139625963568686728e+00
9.146892160177230835e+00
9.137245196104050393e+00
9.135685557126999257e+00
9.138943442702293751e+00
9.136574059724807739e+00
9.142294186353684182e+00
9.138352116942405345e+00
9.146045702695847268e+00
9.143801975250244851e+00
9.130197763442993164e+00
9.136253330111504312e+00
9.134132415056228638e+00
9.145074230432509665e+00
9.135185897350311279e+00
9.134557431936263683e+00
9.129108145833015442e+00
9.138571012020111795e+00
9.133649301528929954e+00
9.132720851898193715e+00
9.130563515424729104e+00
9.134040963649749045e+00
9.134408015012741799e+00
9.135094904899597523e+00
9.132149827480315452e+00
9.133916252851486561e+00
9.130581265687942150e+00
9.135388973355293984e+00
9.128387349843979592e+00
9.127001297473906760e+00
9.136133778095246072e+00
9.126164644956588745e+00
9.129123932123183849e+00
9.127102935314178822e+00
9.132211929559707286e+00
9.125024503469466808e+00
9.130806446075439453e+00
9.126903325319290161e+00
9.128100496530532126e+00
9.129599559307099099e+00
9.127041774988175149e+00
9.128115594387054443e+00
9.125202637910842185e+00
9.125097352266312356e+00
9.132486486434936879e+00
9.132569712400435691e+00
9.127248668670654652e+00
9.123482632637024636e+00
9.124098932743072154e+00
9.118756675720215199e+00
9.118167421221732738e+00
9.122361037135124917e+00
9.126692104339600320e+00
9.127496242523193359e+00
9.117724913358689065e+00
9.120216025412082317e+00
9.126164734363555908e+00
9.116931962966919656e+00
9.120167866349220276e+00
9.125667983293533680e+00
9.107239246368408203e+00
9.131373614072799683e+00
9.113134205341339111e+00
9.124176731705665233e+00
9.118623423576355691e+00
9.119163605570793862e+00
9.121121543645859475e+00
9.125403201580047252e+00
9.113829225301742554e+00
9.115813213586807962e+00
9.113525798916816356e+00
9.116455316543579102e+00
9.109627902507781982e+00
9.121416777372360229e+00
9.140096145868302102e+00
9.098934024572372437e+00
9.100987893342971091e+00
9.105746847391127829e+00
9.113855326175690053e+00
9.110724073648452048e+00
9.109742468595504405e+00
9.108559083938597922e+00
9.112197822332381847e+00
9.109381225705146079e+00
9.110194385051727295e+00
9.111890792846679688e+00
9.107430589199065452e+00
9.118705981969833729e+00
9.101864290237426047e+00
9.112462931871414540e+00
9.108465027809142356e+00
9.115904945135117288e+00
9.105038249492645619e+00
9.101696437597274425e+00
9.107637715339659934e+00
9.116537594795227406e+00
9.110192036628722789e+00
9.112526869773864391e+00
9.109656858444214578e+00
9.106449550390243175e+00
9.106348091363907216e+00
9.108348840475082753e+00
9.103249853849410655e+00
9.106136661767958884e+00
9.105135446786880138e+00
9.102908015251159668e+00
9.106271559000015614e+00
9.103971961140633340e+00
9.103807401657103782e+00
9.104414755105972645e+00
9.102483141422272439e+00
9.103935804963111167e+00
9.105736178159713035e+00
9.094230461120606179e+00
9.096823453903198242e+00
9.105800676345825906e+00
9.098623999953270314e+00
9.103095746040343883e+00
9.098298323154448752e+00
9.111452519893646240e+00
9.094781851768493297e+00
9.096835821866989136e+00
9.112181866168976185e+00
9.096493196487426047e+00
9.102121540904045460e+00
9.100986570119857788e+00
9.100493484735489247e+00
9.098863887786865945e+00
9.099691846966743825e+00
9.099926120042800548e+00
9.102905032038687949e+00
9.094602197408676147e+00
9.100217974185943248e+00
9.097367972135543823e+00
9.098996621370314841e+00
9.100338941812514904e+00
9.099042117595672607e+00
9.098588472604751232e+00
9.097614112496376748e+00
9.098804616928100941e+00
9.098340082168579812e+00
9.100355088710784912e+00
9.094359970092773082e+00
9.098308557271957753e+00
9.096313095092773082e+00
9.099559491872787120e+00
9.097931584715842845e+00
9.094890093803405406e+00
9.097349321842193248e+00
9.095937585830688121e+00
9.094664025306702371e+00
9.100085589289665933e+00
9.097118598222731833e+00
9.093403285741805675e+00
9.092966055870055797e+00
9.094311499595642445e+00
9.095662850141525979e+00
9.091342520713805442e+00
9.097182410955429788e+00
9.094574433565139060e+00
9.100280658900738118e+00
9.088349208235740662e+00
9.100375834107399697e+00
9.094716751575470326e+00
9.095177003741264699e+00
9.091033333539963124e+00
9.094774240255356190e+00
9.096760165691375022e+00
9.093556815385818837e+00
9.094019347429275868e+00
9.093700963258743997e+00
9.093771076202392223e+00
9.094153958559036965e+00
9.090055978298186901e+00
9.090325534343719482e+00
9.089197003841400502e+00
9.089604449272155051e+00
9.091264408826827292e+00
9.090644019842148538e+00
9.093029874563217874e+00
9.090160024166106467e+00
9.091003590822220204e+00
9.089747738838195090e+00
9.093316805362700705e+00
9.086421394348144887e+00
9.086139136552811024e+00
9.091992214322090149e+00
9.089633285999298096e+00
9.089140659570693614e+00
9.086470505595206859e+00
9.089782685041427612e+00
9.084021419286727905e+00
9.087838864326476696e+00
9.088042062520980124e+00
9.085856729745865223e+00
9.086557966470717673e+00
9.089528179168700817e+00
9.087773936986923928e+00
9.083883738517760875e+00
9.093947589397430420e+00
9.085609501600265148e+00
9.084485757350922341e+00
9.088719309866428731e+00
9.087281775474547629e+00
9.082658839225768332e+00
9.087128025293349509e+00
9.077950400114058738e+00
9.083670526742935181e+00
9.084292933344841003e+00
9.086143958568573709e+00
9.085839328169821982e+00
9.085880199074745533e+00
9.085512018203734996e+00
9.086136603355408070e+00
9.082618749141692760e+00
9.081937909126281738e+00
9.082863384485245106e+00
9.084028244018554688e+00
9.082436302304268239e+00
9.085676890611647849e+00
9.083083564043045399e+00
9.083221495151519775e+00
9.082652920484543202e+00
9.083043509721756337e+00
9.083343917131424305e+00
9.082670617103577371e+00
9.083228242397307639e+00
9.082503217458725686e+00
9.082249456644058583e+00
9.084791934490203502e+00
9.082790529727935436e+00
9.083571952581404929e+00
9.083122563362120871e+00
9.083689868450164795e+00
9.084641546010971069e+00
9.084776532649993186e+00
9.081970700621605275e+00
9.082765591144561057e+00
9.084174668788909557e+00
9.081909430027007346e+00
9.082166975736617687e+00
9.082652601599694009e+00
9.081550040841102955e+00
9.082000917196273448e+00
9.082317101955414529e+00
9.082479822635651345e+00
9.082743805646895652e+00
9.079321578145027161e+00
9.082438918948174233e+00
9.083099454641342163e+00
9.082995837926864269e+00
9.080873525142669322e+00
9.080444034934043174e+00
9.080199891328812001e+00
9.082182788848877308e+00
9.079727372527122142e+00
9.082168111205101368e+00
9.081889054179191234e+00
9.080724346637726541e+00
9.078870293498038535e+00
9.080751124024391885e+00
9.082468342781066184e+00
9.080122643709183095e+00
9.078017139434814808e+00
9.078037032485008595e+00
9.079712051153183694e+00
9.080567961931228282e+00
9.081173777580261230e+00
9.079593133926390891e+00
9.079578232765197043e+00
9.079404109716415761e+00
9.079102116823197122e+00
9.079140065610408428e+00
9.080595034360886331e+00
9.080603164434432273e+00
9.080917906761168723e+00
9.077336972951888683e+00
9.080708718299865367e+00
9.077746063470840454e+00
9.080740460753441212e+00
9.078094892203807831e+00
9.080315357446670177e+00
9.078155893087387796e+00
9.078641185164451954e+00
9.077240145206451061e+00
9.077153760194779153e+00
9.077855169773101807e+00
9.078491979837417958e+00
9.077924352884291892e+00
9.077153795957565663e+00
9.079032105207442527e+00
9.079120674729347584e+00
9.076927337050438638e+00
9.076726576685905101e+00
9.078705459833145142e+00
9.078495168685913441e+00
9.078155130147933960e+00
9.078951740264892933e+00
9.078600949048995616e+00
9.077885633707046154e+00
9.076424974203110452e+00
9.076663213968277688e+00
9.077056860923766735e+00
9.076990693807601929e+00
9.077441138029097800e+00
9.075905966758728738e+00
9.076302802562713268e+00
9.077509939670562744e+00
9.074851280450820568e+00
9.076331770420074108e+00
9.075814884901046042e+00
9.078758472204208729e+00
9.075232762098313088e+00
9.076419621706008911e+00
9.076413589715958352e+00
9.073531204462051747e+00
9.076341360807418823e+00
9.075360471010208485e+00
9.074868720769881492e+00
9.075587800145148876e+00
9.075942492485046031e+00
9.076431739330292459e+00
9.074729824066162465e+00
9.075381436944008229e+00
9.074867105484008434e+00
9.076353704929351451e+00
9.075130653381346946e+00
9.076168328523635864e+00
9.075619608163833618e+00
9.075299239158630016e+00
9.075083851814270020e+00
9.075858545303344016e+00
9.075073802471161244e+00
9.074976223707199807e+00
9.075480741262435203e+00
9.075131428241729026e+00
9.075032311677933450e+00
9.074616020917892101e+00
9.075852149724960682e+00
9.074852484464646096e+00
9.073058800399303792e+00
9.074850246310234070e+00
9.074577724933623912e+00
9.074829059839249368e+00
9.075142815709114075e+00
9.074330055713653920e+00
9.075344067811965232e+00
9.075048631429671886e+00
9.074660301208496094e+00
9.074455392360686545e+00
9.074814867973326926e+00
9.073857748508453724e+00
9.074920135736466165e+00
9.074752011895180104e+00
9.074237143993377330e+00
9.073793625831603649e+00
9.074443942308425548e+00
9.073900586366653087e+00
9.073536223173141124e+00
9.073692215979098918e+00
9.073488718271255138e+00
9.074773693084717152e+00
9.073297971487045643e+00
9.073964631557464244e+00
9.074231308698653464e+00
9.074647492170333507e+00
9.074252712726593728e+00
9.073504698276519065e+00
9.074500423669814353e+00
9.073393738269805553e+00
9.074249392747878673e+00
9.073574244976043701e+00
9.073347854614258523e+00
9.073358255624771829e+00
9.073224169015883689e+00
9.073672956228255870e+00
9.072740712761879323e+00
9.073489189147949219e+00
9.073721522092819569e+00
9.073618304729460959e+00
9.074277079105376842e+00
9.074541878700255637e+00
9.073939305543898826e+00
9.073596215248107555e+00
9.072373616695404763e+00
9.072534969449042919e+00
9.073726421594619396e+00
9.072607246041297202e+00
9.073502722382546182e+00
9.073510152101516013e+00
9.072608077526092885e+00
9.072822135686873679e+00
9.072333800792694802e+00
9.072871619462967274e+00
9.072792845964432473e+00
9.072865927219391224e+00
9.072751918435097096e+00
9.073113566637038829e+00
9.072832146286964772e+00
9.072728656232357025e+00
9.072422611713410134e+00
9.072367149591446633e+00
9.072604483366012218e+00
9.073748812079429626e+00
9.072389501333237405e+00
9.072131595015525463e+00
9.072882306575774436e+00
9.072100412845610862e+00
9.071369153261183982e+00
9.070862561464309692e+00
9.072040423750877380e+00
9.073930507898330333e+00
9.071397271752356772e+00
9.071153238415718079e+00
9.072685003280639648e+00
9.071450108289718983e+00
9.071138334274291282e+00
9.071095994114875438e+00
9.071606627106666210e+00
9.071574899554253335e+00
9.071556669473647361e+00
9.072076439857482910e+00
9.071930980682372692e+00
9.071508562564849498e+00
9.071340399980545754e+00
9.071477857232093100e+00
9.071211445331574197e+00
9.071319407224654796e+00
9.072172501683235524e+00
9.071560370922089334e+00
9.070794236660002952e+00
9.071624153852463124e+00
9.070807862281800027e+00
9.071400165557861328e+00
9.071335610747336631e+00
9.071641546487807517e+00
9.071357411146163230e+00
9.071674036979676004e+00
9.071886551380156760e+00
9.071311014890671487e+00
9.071404749155044911e+00
9.071081960201263783e+00
9.071571826934814453e+00
9.071617460250854137e+00
9.071617513895034790e+00
9.071533784270286560e+00
9.071181440353393910e+00
9.071152114868164418e+00
9.071516036987304688e+00
9.071450638771057839e+00
9.071389618515969033e+00
9.071302229166031239e+00
9.070458126068114524e+00
9.071208316087723489e+00
9.071419870853423717e+00
9.071297301352023723e+00
9.071055364608763938e+00
9.071078193187712913e+00
9.071119451522827504e+00
9.070749086141585593e+00
9.071079397201538441e+00
9.070851051807403920e+00
9.071539157629013417e+00
9.071680745482444408e+00
9.070649582147598977e+00
9.070973241329193471e+00
9.070931632816790824e+00
9.071028244495391135e+00
9.071187970042227988e+00
9.070685321092605946e+00
9.070208221673965454e+00
9.071143609285353904e+00
9.070502817630767822e+00
9.071247106790542247e+00
9.071129012107849832e+00
9.070967960357666726e+00
9.070391207933425903e+00
9.070657742023467307e+00
9.070517274737358804e+00
9.070738062262535095e+00
9.070225477218627930e+00
9.070995402336119895e+00
9.070830535888671164e+00
9.070931476354598288e+00
9.070773541927337646e+00
9.070388850569724326e+00
9.070721310377120261e+00
9.070210558176039939e+00
9.070788824558258412e+00
9.070497775077820179e+00
9.070686215162277577e+00
9.070366305112838035e+00
9.070368921756744029e+00
9.070278352499007823e+00
9.070280092954636331e+00
9.070046088099479320e+00
9.070462572574616189e+00
9.070233637094498036e+00
9.070323055982589366e+00
9.070316886901855113e+00
9.070429351925849204e+00
9.070342466235160828e+00
9.070306271314620972e+00
9.070217856764793751e+00
9.070099392533302662e+00
9.070389693975448253e+00
9.070058709383010509e+00
9.069840860366820579e+00
9.070225429534911399e+00
9.069915664196013694e+00
9.070177030563353782e+00
9.069880104064941051e+00
9.069980019330978749e+00
9.070014333724975231e+00
9.070077455043792369e+00
9.069870227575302479e+00
9.070083636045456643e+00
9.070225481688975577e+00
9.069997125864029286e+00
9.070050263404846547e+00
9.069979584217071178e+00
9.069907921552658792e+00
9.070003584027290344e+00
9.070072060823440196e+00
9.070047426223755593e+00
9.069934803247452493e+00
9.069974040985107067e+00
9.069979315996169689e+00
9.069750916957854514e+00
9.070072096586226706e+00
9.069839167594910379e+00
9.069502869248390553e+00
9.069753473997115734e+00
9.069779050350188498e+00
9.069817727804183605e+00
9.069751542806624656e+00
9.069920581579207663e+00
9.069938430190086720e+00
9.069819724559783580e+00
9.069691479206085205e+00
9.069849523901940103e+00
9.069841502606868389e+00
9.069867771863936667e+00
9.069692337512970326e+00
9.069772565364838002e+00
9.069736623764038441e+00
9.069349876046180370e+00
9.069642966985702159e+00
9.069938248395919445e+00
9.069733354449272866e+00
9.069752615690230613e+00
9.069823908805847879e+00
9.069767349958420155e+00
9.069830626249313354e+00
9.069667994976043701e+00
9.069638592004775290e+00
9.069485849142074230e+00
9.069463032484055276e+00
9.069366461038589122e+00
9.069607573747635598e+00
9.069408941268921609e+00
9.069636559486388805e+00
9.069643270969390159e+00
9.069514417648315785e+00
9.069607323408126476e+00
9.069536560773849843e+00
9.069251507520675659e+00
9.069625937938690541e+00
9.069420325756073709e+00
9.068739539384841564e+00
9.069336664676665549e+00
9.069533532857894542e+00
9.069690883159637451e+00
9.069736203551292064e+00
9.069419801235198975e+00
9.069359129667281749e+00
9.069325202703476307e+00
9.069708013534546254e+00
9.069587743282317760e+00
9.069419306516646628e+00
9.069473338127135520e+00
9.069455921649932861e+00
9.069261491298675537e+00
9.069496387243271229e+00
9.069590711593628285e+00
9.069466456770896912e+00
9.069544357061385398e+00
9.069492948055266623e+00
9.069336968660355325e+00
9.069233864545822144e+00
9.069287341833113913e+00
9.069173669815063121e+00
9.069374310970307107e+00
9.069551438093185425e+00
9.069237983226775768e+00
9.069487649202347512e+00
9.069243940711022134e+00
9.069090813398361206e+00
9.069183307886124368e+00
9.069188731908798928e+00
9.068972653150558116e+00
9.069299530982970481e+00
9.069090187549591064e+00
9.069155603647232056e+00
9.069133675098418834e+00
9.069180250167846680e+00
9.069088032841682079e+00
9.069097012281417847e+00
9.069030869007111306e+00
9.069041734933852794e+00
9.069054090976715443e+00
9.068990564346313121e+00
9.069239890575408580e+00
9.068914979696273804e+00
9.069270688295365090e+00
9.069272446632385964e+00
9.068938612937927246e+00
9.068792366981506703e+00
9.068834489583968761e+00
9.068895840644836781e+00
9.068882232904433849e+00
9.068949055671691184e+00
9.069056397676467540e+00
9.069130381941794994e+00
9.068983194231986289e+00
9.068974369764328358e+00
9.068990409374237061e+00
9.069003129005432484e+00
9.068963551521301625e+00
9.068920105695724487e+00
9.068842369318009133e+00
9.068966898322106118e+00
9.068982690572738647e+00
9.068867933750151877e+00
9.068884721398353221e+00
9.068876302242278697e+00
9.068862389028073068e+00
9.068939296901225688e+00
9.068821644783019664e+00
9.068985289335250499e+00
9.069094824790955300e+00
9.068960699439049478e+00
9.068899339437484386e+00
9.068890634179116006e+00
9.068884789943695068e+00
9.068922781944275258e+00
9.068927431106567738e+00
9.068886762857436779e+00
9.068938815593719838e+00
9.068918192386627553e+00
9.068839162588119507e+00
9.068872016668318992e+00
9.068840146064758301e+00
9.068783289194106700e+00
9.068799754977225902e+00
9.068806916475296021e+00
9.068842053413391113e+00
9.068901509046554565e+00
9.068869400024414773e+00
9.068859028816223855e+00
9.068881711363792064e+00
9.068784385919570923e+00
9.068827760219573264e+00
9.068857097625732777e+00
9.068853312730789540e+00
9.068786960840224509e+00
9.068660798668862100e+00
9.068904131650924683e+00
9.068943202495574951e+00
9.068756589293480275e+00
9.068725037574768777e+00
9.068786984682082775e+00
9.068741494417190907e+00
9.068685740232467651e+00
9.068780392408370972e+00
9.068790018558502197e+00
9.068703585863113759e+00
9.068931485712528939e+00
9.068868160247802734e+00
9.068716561794280651e+00
9.068812900781631825e+00
9.068748304247856495e+00
9.068657094240188954e+00
9.068681207299231772e+00
9.068687680363655801e+00
9.068739670515061135e+00
9.068791544437408092e+00
9.068837162852286582e+00
9.068753701448439841e+00
9.068723186850547791e+00
9.068881662189960835e+00
9.068868166208266857e+00
9.068756923079490662e+00
9.068728792667389627e+00
9.068672999739646912e+00
9.068597266077995656e+00
9.068589258193970437e+00
9.068688511848449707e+00
9.068634670972823386e+00
9.068548512458800559e+00
9.068634450435638428e+00
9.068707835674285178e+00
9.068725739419459586e+00
9.068711812049150112e+00
9.068673887848854420e+00
9.068681025505066273e+00
9.068713790178298595e+00
9.068688648939133401e+00
9.068643826246262307e+00
9.068619197607040050e+00
9.068552011251449940e+00
9.068493825197219138e+00
9.068495836853980308e+00
9.068574368953704834e+00
9.068595308065415139e+00
9.068628245592117665e+00
9.068647813796996360e+00
9.068630331754684804e+00
9.068641775846481679e+00
9.068604588508605957e+00
9.068626761436462402e+00
9.068612912297249196e+00
9.068608975410461071e+00
9.068576467037200217e+00
9.068537482619285939e+00
9.068617534637450461e+00
9.068692201375961659e+00
9.068608140945434215e+00
9.068620914220810292e+00
9.068540936708449962e+00
9.068544262647629139e+00
9.068598401546477561e+00
9.068516975641250255e+00
9.068507686257362366e+00
9.068571740388870595e+00
9.068620842695235496e+00
9.068551883101463318e+00
9.068548846244812722e+00
9.068539357185363414e+00
9.068484652042389627e+00
9.068547105789184215e+00
9.068565112352370505e+00
9.068573880195618386e+00
9.068575894832610729e+00
9.068609642982483621e+00
9.068613636493683572e+00
9.068536883592605236e+00
9.068553020060061698e+00
9.068585711717606301e+00
9.068563497066497447e+00
9.068561053276061656e+00
9.068514102697372792e+00
9.068554651737212424e+00
9.068535873293877003e+00
9.068527644872665050e+00
9.068581521511077881e+00
9.068593710660934448e+00
9.068556600809097645e+00
9.068551996350288746e+00
9.068504542112350464e+00
9.068570846319198964e+00
9.068556118011475320e+00
9.068495211005210166e+00
9.068499690294265392e+00
9.068521058559417369e+00
9.068514257669448853e+00
9.068487146496773121e+00
9.068466606736183877e+00
9.068533587455750222e+00
9.068577933311463113e+00
9.068550938367843983e+00
9.068465006351470237e+00
9.068548545241355896e+00
9.068590578436850791e+00
9.068475383520127053e+00
9.068384248018265481e+00
9.068448650836945291e+00
9.068523120880126243e+00
9.068536731600762124e+00
9.068528085947036743e+00
9.068526095151900890e+00
9.068499982357025146e+00
9.068470865488052368e+00
9.068399357795716043e+00
9.068347352743149514e+00
9.068434205651282554e+00
9.068475365638732910e+00
9.068430584669112449e+00
9.068515425920486095e+00
9.068487262725829723e+00
9.068413281440735219e+00
9.068450951576233265e+00
9.068441608548164723e+00
9.068384185433387756e+00
9.068461883068085427e+00
9.068497490882872825e+00
9.068454977869986777e+00
9.068463665246962790e+00
9.068445992469786887e+00
9.068444341421127319e+00
9.068434387445449829e+00
9.068445539474486949e+00
9.068467441201210733e+00
9.068436789512634988e+00
9.068446975946425681e+00
9.068413656949996238e+00
9.068385362625122070e+00
9.068442851305007935e+00
9.068505573272705789e+00
9.068454280495643616e+00
9.068401974439620261e+00
9.068349036574364419e+00
9.068423292040824535e+00
9.068470215797423961e+00
9.068422538042067771e+00
9.068425232172012684e+00
