1.112387776374816895e+00
1.103045304616292244e+00
1.113685409228007073e+00
1.083467761675516838e+00
1.082102795441945320e+00
1.077714184919993157e+00
1.057814637819926018e+00
1.048776110013325935e+00
1.035312791665395027e+00
1.027939617633819580e+00
1.022848327954610115e+00
1.032456974188486809e+00
1.049834668636322021e+00
1.043064912160237556e+00
1.080661972363789802e+00
1.121390600999196296e+00
1.162214199701945061e+00
1.133261541525522942e+00
1.108488698800404793e+00
1.116978585720062256e+00
1.129537781079610115e+00
1.132501204808552986e+00
1.131793916225433350e+00
1.138542413711547852e+00
1.132882376511891609e+00
1.126798609892527336e+00
1.125875055789947510e+00
1.121271967887878418e+00
1.118796328703562493e+00
1.118403653303782219e+00
1.116642912228902107e+00
1.108939150969187493e+00
1.111543277899424309e+00
1.114012916882832771e+00
1.110394179821014404e+00
1.114139099915822273e+00
1.118646979331970215e+00
1.115397055943806892e+00
1.094833592573801750e+00
1.088277180989583259e+00
1.092880050341288323e+00
1.073190291722615486e+00
1.093116025129954094e+00
1.095614751180012947e+00
1.087667544682820564e+00
1.091912388801574707e+00
1.090840657552083259e+00
1.090731481711069817e+00
1.090856810410817390e+00
1.089009284973144531e+00
1.100027024745941162e+00
1.096431314945220947e+00
1.101341843605041504e+00
1.100089033444722419e+00
1.082041601339976067e+00
1.076607724030812507e+00
1.077765802542368645e+00
1.083602329095204597e+00
1.092870692412058586e+00
1.078556597232818604e+00
1.089148839314778572e+00
1.080053766568501716e+00
1.081152776877085442e+00
1.082144916057586670e+00
1.088053166866302490e+00
1.086608588695526123e+00
1.080010791619618660e+00
1.079384942849477058e+00
1.089591960112253899e+00
1.079281866550445557e+00
1.075764854749043709e+00
1.079204459985097175e+00
1.085892697175343757e+00
1.069437523682912117e+00
1.075727780659993416e+00
1.072135726610819573e+00
1.079024771849314446e+00
1.082615315914154053e+00
1.079844832420349121e+00
1.076577246189117432e+00
1.086685041586558098e+00
1.074786841869354248e+00
1.078140079975128174e+00
1.082144757111867195e+00
1.078555643558502197e+00
1.086746275424957275e+00
1.076258242130279541e+00
1.067439377307891846e+00
1.052575866381327385e+00
1.051819384098052979e+00
1.066856662432352776e+00
1.070128182570139641e+00
1.074693342049916511e+00
1.080884734789530510e+00
1.086383382479349846e+00
1.080629805723826165e+00
1.085074007511138916e+00
1.079637229442596436e+00
1.086549858252207512e+00
1.082467099030812507e+00
1.078673541545867920e+00
1.081326504548390632e+00
1.078638613224029541e+00
1.085969885190327888e+00
1.077233215173085457e+00
1.076506793498992920e+00
1.079538782437642341e+00
1.084150373935699463e+00
1.074524184068043953e+00
1.088577667872111077e+00
1.076439420382181877e+00
1.070027728875478035e+00
1.072143216927846199e+00
1.073615133762359619e+00
1.078403512636820549e+00
1.082094172636667961e+00
1.075569927692413330e+00
1.083651165167490715e+00
1.077537079652150398e+00
1.083345909913380867e+00
1.081685066223144531e+00
1.080417970816294426e+00
1.082343538602193123e+00
1.082535048325856453e+00
1.075349410374959236e+00
1.078773180643717522e+00
1.078118761380513435e+00
1.079855442047119141e+00
1.082514027754465813e+00
1.078287343184153313e+00
1.077715734640757317e+00
1.084580043951670403e+00
1.077152351538340325e+00
1.078785995642344231e+00
1.080406804879506355e+00
1.080187479654947991e+00
1.077105263868967766e+00
1.078429241975148445e+00
1.071814338366190666e+00
1.087741374969482422e+00
1.071446041266123528e+00
1.076003611087799072e+00
1.072833120822906494e+00
1.084201276302337646e+00
1.068515797456105476e+00
1.074811677138010735e+00
1.072501003742218018e+00
1.075858692328135247e+00
1.068213363488515144e+00
1.077436188856760735e+00
1.068894664446512932e+00
1.068787872791290283e+00
1.076704422632853264e+00
1.070419331391652351e+00
1.075878600279490227e+00
1.070573925971984863e+00
1.066091199715932136e+00
1.069353421529134041e+00
1.067079842090606689e+00
1.074941118558247810e+00
1.068039596080780029e+00
1.078381478786468506e+00
1.067913273970286125e+00
1.068046351273854500e+00
1.071289738019307380e+00
1.069446722666422600e+00
1.073384026686350579e+00
1.065293272336323982e+00
1.076591988404591804e+00
1.063741644223531013e+00
1.066375831762949700e+00
1.077477951844533210e+00
1.062312662601470947e+00
1.062881926695505852e+00
1.072452465693155998e+00
1.062458773454030281e+00
1.060074667135874504e+00
1.069136361281077141e+00
1.066107849280039543e+00
1.067206303278605217e+00
1.058358609676361084e+00
1.075914760430653816e+00
1.059798558553059822e+00
1.064487179120381599e+00
1.065259317557017082e+00
1.064656813939412361e+00
1.062122225761413574e+00
1.061838547388712639e+00
1.067230999469757080e+00
1.062478939692179436e+00
1.065664390722910637e+00
1.062169035275777107e+00
1.066222270329793220e+00
1.069032967090606689e+00
1.056797881921132332e+00
1.056356648604075188e+00
1.061574916044871086e+00
1.069029529889424568e+00
1.058494289716084724e+00
1.055982053279876709e+00
1.059531410535176521e+00
1.057766119639078850e+00
1.061114609241485596e+00
1.055993596712748284e+00
1.056805193424224854e+00
1.057696680227915520e+00
1.058063129583994622e+00
1.058385968208312988e+00
1.059966762860615974e+00
1.059841831525166755e+00
1.053979674975077385e+00
1.062340259552001953e+00
1.052424609661102295e+00
1.061183730761210198e+00
1.053659498691558838e+00
1.059297899405161614e+00
1.054448942343394036e+00
1.059329688549041748e+00
1.052046298980712891e+00
1.056163012981414795e+00
1.056828002134958977e+00
1.053585867087046379e+00
1.054196496804555183e+00
1.056412676970164055e+00
1.054656704266865974e+00
1.052285154660542732e+00
1.053151905536651611e+00
1.055635511875152588e+00
1.053613682587941414e+00
1.058030207951863533e+00
1.052096903324127197e+00
1.051325162251790291e+00
1.054995159308115715e+00
1.048542320728302002e+00
1.045842667420705085e+00
1.055842538674672371e+00
1.050380746523539299e+00
1.052806595961252922e+00
1.052266379197438484e+00
1.052031894524892097e+00
1.049746731917063469e+00
1.051350613435109382e+00
1.051148792107899910e+00
1.051835616429646736e+00
1.042496720949808831e+00
1.052019576231638665e+00
1.043596446514129639e+00
1.049577196439107185e+00
1.046385983626047844e+00
1.045911689599354988e+00
1.048358758290608650e+00
1.052988489468892341e+00
1.045804957548777336e+00
1.048027455806732178e+00
1.047988971074422127e+00
1.050137937068939209e+00
1.034620960553487068e+00
1.059078991413116455e+00
1.047505795955657959e+00
1.038790901501973396e+00
1.040172278881072998e+00
1.044907391071319580e+00
1.044372081756591797e+00
1.040738483270009285e+00
1.044926702976226807e+00
1.044049203395843506e+00
1.043462971846262688e+00
1.047230621178944832e+00
1.042595724264780754e+00
1.041277050971984863e+00
1.049277702967325920e+00
1.034451107184092278e+00
1.046836376190185547e+00
1.044060051441192627e+00
1.040889342625935798e+00
1.047099888324737549e+00
1.042207161585489983e+00
1.035279393196105957e+00
1.045783519744873047e+00
1.041857262452443367e+00
1.040905912717183357e+00
1.043193340301513672e+00
1.043505032857259041e+00
1.040632406870524163e+00
1.044471402963002449e+00
1.038853307565053230e+00
1.041992346445719475e+00
1.042282740275065178e+00
1.040245155493418450e+00
1.042305131753285652e+00
1.042807002862294441e+00
1.038997868696848625e+00
1.041901687781016106e+00
1.038071215152740479e+00
1.043284773826599121e+00
1.039649029572804695e+00
1.045064369837443108e+00
1.039801537990570068e+00
1.036900500456492180e+00
1.041680276393890381e+00
1.036485513051350837e+00
1.038838922977447510e+00
1.038637936115264893e+00
1.043507874011993408e+00
1.031711002190907722e+00
1.041672984759012932e+00
1.039764205614725823e+00
1.035827358563740974e+00
1.038450717926025391e+00
1.038590947786967034e+00
1.038238187630971199e+00
1.038348952929178948e+00
1.038202842076619392e+00
1.039893726507822747e+00
1.038291354974110847e+00
1.037752827008565193e+00
1.039528429508209229e+00
1.037648856639862061e+00
1.039373775323231941e+00
1.039612412452697754e+00
1.038866341114044189e+00
1.038606822490692139e+00
1.038529038429260254e+00
1.039237916469573975e+00
1.038635710875193352e+00
1.037982443968455071e+00
1.038695693016052246e+00
1.037369211514790779e+00
1.038320362567901611e+00
1.037453552087147957e+00
1.039370397726694817e+00
1.035325706005096436e+00
1.039602895577748543e+00
1.034941176573435540e+00
1.038947363694508796e+00
1.039293050765991211e+00
1.037669241428375244e+00
1.037583688894907707e+00
1.037929852803548103e+00
1.036757846673329597e+00
1.037352442741394043e+00
1.032463212807973152e+00
1.038034439086914062e+00
1.035264650980631584e+00
1.039717018604278564e+00
1.032157878081003899e+00
1.042218208312988281e+00
1.032770395278930664e+00
1.039587338765462166e+00
1.034551163514455085e+00
1.038415213425954109e+00
1.034812629222869873e+00
1.035828550656636482e+00
1.036626795927683586e+00
1.037598252296447754e+00
1.037812928358713860e+00
1.037018616994221931e+00
1.037251015504201179e+00
1.036369144916534424e+00
1.035266498724619622e+00
1.036076625188191658e+00
1.035486757755279541e+00
1.036783794562021965e+00
1.038538495699564690e+00
1.034509420394897461e+00
1.037123183409373040e+00
1.037546217441558838e+00
1.036706984043121338e+00
1.031620939572652107e+00
1.035301983356475830e+00
1.035644054412841797e+00
1.033515910307566399e+00
1.035086413224538093e+00
1.035188893477122063e+00
1.036134143670399910e+00
1.033894817034403557e+00
1.035913805166880364e+00
1.035235067208607918e+00
1.033095081647237068e+00
1.036721547444661384e+00
1.033867061138153076e+00
1.030261019865671868e+00
1.035056849320729500e+00
1.034786442915598625e+00
1.035055696964263916e+00
1.031341552734375000e+00
1.038208226362864250e+00
1.031879802544911628e+00
1.037806868553161621e+00
1.028921425342559814e+00
1.035442650318145752e+00
1.030275344848632812e+00
1.034111877282460457e+00
1.033170918623606438e+00
1.034471114476521736e+00
1.034151931603749519e+00
1.033996383349100823e+00
1.032088696956634521e+00
1.035922865072886223e+00
1.030714909235636467e+00
1.034515420595804924e+00
1.033038775126139397e+00
1.033831258614857918e+00
1.035120010375976562e+00
1.033691147963206047e+00
1.033179183801015144e+00
1.033869127432505364e+00
1.033262332280476814e+00
1.033485492070515877e+00
1.032836178938547844e+00
1.034440954526265388e+00
1.031798462073008293e+00
1.033083558082580566e+00
1.034435351689656502e+00
1.032934168974558586e+00
1.033865114053090339e+00
1.031905372937520271e+00
1.033636569976806641e+00
1.035100956757863289e+00
1.033782660961151123e+00
1.031891524791717529e+00
1.034214695294698005e+00
1.034819165865580315e+00
1.033384780089060540e+00
1.033668975035349602e+00
1.033120771249135261e+00
1.032913883527119880e+00
1.032878557840983147e+00
1.033502459526062012e+00
1.033656577269236321e+00
1.032597104708353752e+00
1.031754831473032707e+00
1.033943116664886475e+00
1.033911108970642090e+00
1.033882121245066399e+00
1.032527108987172371e+00
1.032530228296915764e+00
1.032696525255839104e+00
1.033487220605214363e+00
1.031850357850392585e+00
1.034107466538747078e+00
1.032627662022908455e+00
1.033036828041076660e+00
1.031430204709370857e+00
1.033479015032450432e+00
1.033405303955078125e+00
1.032974183559417725e+00
1.031329691410064697e+00
1.032306989034016853e+00
1.032473822434743171e+00
1.033806482950846428e+00
1.033683637777964348e+00
1.031856914361317878e+00
1.032993813355763679e+00
1.031166871388753181e+00
1.032077431678771973e+00
1.031750460465749031e+00
1.033476789792378669e+00
1.032965540885925293e+00
1.032983223597208733e+00
1.030722419420878166e+00
1.032857557137807136e+00
1.030994613965352302e+00
1.032883822917938232e+00
1.030569970607757568e+00
1.034016370773315430e+00
1.031855245431264168e+00
1.032535910606384277e+00
1.031526505947113037e+00
1.033130566279093498e+00
1.031843165556589836e+00
1.033165514469146729e+00
1.032274961471557617e+00
1.031512618064880371e+00
1.034239768981933594e+00
1.032681365807851082e+00
1.031140784422556633e+00
1.030867040157318115e+00
1.032469292481740242e+00
1.032566110293070549e+00
1.032056490580240959e+00
1.032584130764007568e+00
1.031918625036875481e+00
1.032127360502878899e+00
1.030908207098643059e+00
1.032556354999542236e+00
1.032062391440073723e+00
1.032091160615285164e+00
1.032952090104420906e+00
1.031793137391408210e+00
1.031485358874003166e+00
1.030826151371002197e+00
1.030869662761688232e+00
1.031615873177846199e+00
1.031679709752400642e+00
1.032502154509226555e+00
1.031105041503906250e+00
1.033151129881541008e+00
1.030942062536875481e+00
1.031318128108978271e+00
1.031661351521809822e+00
1.030490458011627197e+00
1.031072596708933586e+00
1.031628310680389404e+00
1.031531016031901116e+00
1.031752010186513191e+00
1.031012415885925293e+00
1.031232337156931633e+00
1.031247059504191155e+00
1.032032251358032227e+00
1.031123538812001472e+00
1.031398753325144524e+00
1.031806210676829094e+00
1.031565288702646965e+00
1.031924307346343994e+00
1.031388223171234131e+00
1.030900120735168457e+00
1.031861941019694084e+00
1.031524042288462395e+00
1.032107909520467048e+00
1.031591077645619636e+00
1.031488160292307610e+00
1.031746447086334229e+00
1.031384110450744629e+00
1.030272384484608894e+00
1.031371215979258293e+00
1.030307710170745850e+00
1.031141678492228264e+00
1.031708260377248054e+00
1.031096676985422844e+00
1.032002151012420654e+00
1.031411826610565186e+00
1.031536718209584480e+00
1.031340857346852546e+00
1.031915207703908210e+00
1.031188805898030525e+00
1.031629025936126709e+00
1.031529903411865234e+00
1.031594534715016609e+00
1.031012415885925293e+00
1.031770348548889160e+00
1.030636548995971680e+00
1.031033813953399658e+00
1.031470954418182373e+00
1.031009336312611824e+00
1.032283425331115723e+00
1.030256927013397217e+00
1.031834661960601807e+00
1.031494855880737305e+00
1.031578421592712402e+00
1.031147062778472900e+00
1.031153460343678718e+00
1.031104147434234619e+00
1.030661404132843018e+00
1.031631370385487800e+00
1.030756394068400139e+00
1.030919174353281731e+00
1.030728956063588386e+00
1.030845165252685547e+00
1.030999004840850830e+00
1.029963235060374016e+00
1.031390468279520745e+00
1.030339062213897705e+00
1.030789295832316155e+00
1.031658232212066650e+00
1.031801462173461914e+00
1.031667848428090339e+00
1.030351817607879639e+00
1.030282874902089363e+00
1.031046509742736816e+00
1.030793209870656257e+00
1.030775984128316169e+00
1.031864027182261223e+00
1.031462868054707771e+00
1.031226356824239021e+00
1.031011104583740234e+00
1.030499358971913582e+00
1.030875782171885247e+00
1.030980865160624260e+00
1.030909379323323494e+00
1.030739088853200203e+00
1.031406223773956299e+00
1.031295816103617424e+00
1.030903200308481926e+00
1.030393143494923835e+00
1.030703882376353020e+00
1.031105299790700203e+00
1.032244841257731194e+00
1.031380752722422356e+00
1.030826171239217048e+00
1.030829330285390144e+00
1.030854205290476555e+00
1.030227482318878174e+00
1.030086616675059075e+00
1.031069119771321541e+00
1.032162328561146980e+00
1.029251078764597649e+00
1.030955413977305168e+00
1.031642715136210198e+00
1.030313909053802490e+00
1.030463079611460442e+00
1.030411104361216301e+00
1.030821164449055916e+00
1.030671397844950432e+00
1.030494034290313721e+00
1.030801713466644287e+00
1.030774335066477532e+00
1.030388832092285156e+00
1.030556380748748779e+00
1.030697405338287354e+00
1.030575235684712654e+00
1.031061331431071038e+00
1.031221131483713860e+00
1.030651311079661125e+00
1.030004004637400383e+00
1.030708452065785652e+00
1.030100683371226067e+00
1.030816952387491936e+00
1.030805269877115959e+00
1.030484676361083984e+00
1.030752698580424065e+00
1.030952195326487297e+00
1.030659516652425056e+00
1.030658980210622078e+00
1.030255059401194329e+00
1.030312240123748779e+00
1.030954202016194587e+00
1.030759692192077637e+00
1.031099796295166016e+00
1.030819555123646980e+00
1.030578593413035149e+00
1.030720591545104980e+00
1.030906975269317627e+00
1.030581037203470940e+00
1.030882060527801514e+00
1.030577381451924568e+00
1.030010660489400154e+00
1.030315955479939705e+00
1.030880749225616455e+00
1.030435840288798088e+00
1.030491252740224128e+00
1.030484894911448235e+00
1.030802826086680168e+00
1.030453940232594734e+00
1.030428548653920418e+00
1.030684173107147217e+00
1.030406852563222175e+00
1.031036297480265373e+00
1.030407865842183357e+00
1.030827601750691658e+00
1.030340850353240967e+00
1.030212700366973877e+00
1.030354003111521477e+00
1.030185778935750252e+00
1.030117173989613777e+00
1.030995825926462883e+00
1.030306637287139893e+00
1.030644853909810310e+00
1.030690848827362061e+00
1.030601004759470696e+00
1.029961208502451653e+00
1.030336896578470940e+00
1.030425270398457771e+00
1.030553936958312988e+00
1.029947062333424812e+00
1.030374387900034661e+00
1.030296881993611580e+00
1.030576666196187263e+00
1.030815998713175530e+00
1.030225416024525886e+00
1.030956884225209480e+00
1.030544201532999748e+00
1.030251363913218254e+00
1.030561586221059089e+00
1.030236959457397461e+00
1.030274033546447754e+00
1.030002117156982422e+00
1.030373275279998779e+00
1.030165195465087891e+00
1.030267218748728508e+00
1.030413687229156494e+00
1.030510107676188225e+00
1.030292411645253425e+00
1.030617972215016609e+00
1.030360321203867668e+00
1.030402382214864021e+00
1.030401885509490967e+00
1.030091106891632080e+00
1.030149976412455315e+00
1.030518869558970207e+00
1.030161082744598389e+00
1.030522445837656731e+00
1.030450721581776863e+00
1.030232270558675056e+00
1.030292809009552002e+00
1.030220230420430427e+00
1.030045966307322258e+00
1.030747850735982185e+00
1.030125200748443604e+00
1.029867033163706536e+00
1.030307153860728020e+00
1.030428051948547363e+00
1.030368010203043694e+00
1.030252993106842041e+00
1.030105511347452873e+00
1.030264000097910637e+00
1.030298193295796638e+00
1.030163427193959480e+00
1.030481477578480964e+00
1.030232846736907959e+00
1.030257761478424072e+00
1.030323346455891853e+00
1.030099093914031982e+00
1.030317624409993416e+00
1.030230025450388665e+00
1.029949208100636726e+00
1.030139148235321045e+00
1.030141174793243408e+00
1.030372957388560051e+00
1.030266861120859856e+00
1.030358890692393059e+00
1.030253032843271965e+00
1.030191759268442864e+00
1.030319412549336677e+00
1.030300120512644524e+00
1.030335128307342529e+00
1.030453145503997803e+00
1.030076026916503906e+00
1.030298133691151863e+00
1.030149479707082039e+00
1.029915948708852058e+00
1.030235946178436279e+00
1.030497630437215095e+00
1.030321935812632317e+00
1.030403594175974602e+00
1.030310233434041267e+00
1.030425488948822021e+00
1.030347188313802009e+00
1.030166010061899895e+00
1.030333181222279793e+00
1.029929141203562493e+00
1.030151625474293953e+00
1.030102789402008057e+00
1.030350963274637932e+00
1.030092636744181389e+00
1.030361096064249748e+00
1.030237515767415291e+00
1.030126174290974861e+00
1.030494431654612297e+00
1.030098418394724602e+00
1.029862999916076660e+00
1.030232608318328857e+00
1.030219117800394768e+00
1.029665927092234368e+00
1.029845058917999268e+00
1.030288577079772949e+00
1.030395646890004402e+00
1.030161162217458015e+00
1.030031601587931389e+00
1.029960215091705322e+00
1.030160566171010261e+00
1.030398706595103020e+00
1.030217627684275383e+00
1.030097901821136475e+00
1.030258397261301750e+00
1.030210653940836663e+00
1.029933194319407219e+00
1.030302882194519043e+00
1.030435502529144287e+00
1.030473689238230461e+00
1.030493895212809319e+00
1.030426482359568352e+00
1.030067483584086174e+00
1.030116776625315422e+00
1.030196646849314446e+00
1.030115008354187012e+00
1.030086874961853027e+00
1.030421475569407219e+00
1.030161182085673088e+00
1.030296921730041504e+00
1.030260662237803215e+00
1.029782116413116455e+00
1.030123134454091316e+00
1.030073265234629387e+00
1.029767473538716560e+00
1.030030965805053711e+00
1.030086119969685798e+00
1.030455887317657471e+00
1.030374288558959961e+00
1.030124088128407722e+00
1.030079762140909905e+00
1.030168791611989265e+00
1.030074477195739746e+00
1.029928207397460938e+00
1.030161956946055168e+00
1.030194779237111335e+00
1.030356486638386970e+00
1.030041098594665527e+00
1.029906133810679192e+00
1.030307034651438469e+00
1.030140956242879158e+00
1.029955128828684563e+00
1.029959022998809814e+00
1.030143797397613525e+00
1.030173281828562493e+00
1.030127882957458496e+00
1.030259311199188232e+00
1.030170222123463875e+00
1.030155777931213379e+00
1.030151645342509026e+00
1.030188500881195068e+00
1.030156334241231209e+00
1.030188719431559319e+00
1.030010938644409180e+00
1.030117849508921379e+00
1.030076801776885986e+00
1.030108133951822991e+00
1.030087252457936531e+00
1.030046085516611809e+00
1.030187447865803962e+00
1.029961784680684334e+00
1.030019700527191162e+00
1.030091265837351555e+00
1.030140320460001702e+00
1.030247728029886956e+00
1.030047714710235596e+00
1.030027925968170166e+00
1.030135591824849373e+00
1.030036608378092522e+00
1.030067682266235352e+00
1.030152360598246331e+00
1.030233979225158691e+00
1.030156135559082031e+00
1.029998819033304924e+00
1.030010044574737549e+00
1.030120452245076423e+00
1.030012786388397217e+00
1.029934883117675781e+00
1.030042151610056633e+00
1.029990851879119873e+00
1.030064404010772705e+00
1.030182401339213127e+00
1.030195931593577141e+00
1.030090471108754402e+00
1.030091881752014160e+00
1.030046224594116211e+00
1.030109783013661628e+00
1.030028839906056648e+00
1.030113061269124275e+00
1.030014634132385254e+00
1.029880662759145027e+00
1.030199269453684563e+00
1.030302941799163818e+00
1.029899497826894050e+00
1.029960910479227776e+00
1.029951035976409912e+00
1.030000150203704834e+00
1.029979646205902100e+00
1.029968082904815674e+00
1.030089875062306648e+00
1.030146618684132820e+00
1.030155837535858154e+00
1.030119796593983894e+00
1.030079662799835205e+00
1.030068854490916008e+00
1.030010859171549553e+00
1.030025303363800049e+00
1.029999375343322754e+00
1.030180195967356438e+00
1.030067702134450203e+00
1.030105888843536377e+00
1.030096451441447014e+00
1.030055721600850349e+00
1.030181785424550300e+00
1.030268490314483643e+00
1.030172367890675789e+00
1.029903630415598625e+00
1.030093769232432122e+00
1.030016243457794189e+00
1.029881775379180908e+00
1.029923379421234131e+00
1.030051708221435547e+00
1.030052045981089348e+00
1.029848714669545418e+00
1.029965261618296379e+00
1.030014654000600105e+00
1.030007402102152581e+00
1.030115306377410889e+00
1.030054569244384766e+00
1.030052800973256355e+00
1.030151824156443352e+00
1.030063470204671150e+00
1.029955307642618889e+00
1.029950896898905510e+00
1.029877364635467529e+00
1.029699027538299561e+00
1.029789686203002930e+00
1.029873589674631829e+00
1.030171891053517585e+00
1.030152638753255134e+00
1.030111610889434814e+00
1.030085821946461921e+00
1.030132313569386726e+00
1.030104855696360344e+00
1.030028422673543220e+00
1.030052085717519050e+00
1.029985606670379639e+00
1.030033091704050774e+00
1.030024588108062744e+00
1.030086159706115723e+00
1.030097623666127449e+00
1.030100325743357415e+00
1.030119856198628669e+00
1.030015846093495613e+00
1.029972811539967781e+00
1.029911418755849128e+00
1.030009190241495842e+00
1.030002216498057122e+00
1.030041178067525154e+00
1.030046919981638665e+00
1.029998501141865974e+00
1.030053118864695305e+00
1.029949565728505378e+00
1.029979368050893074e+00
1.030007819334666008e+00
1.030047635237375969e+00
1.030069212118784661e+00
1.030087292194366455e+00
1.030050774415333992e+00
1.030050834019978767e+00
1.030035833517710442e+00
1.030026972293853760e+00
1.030041754245758057e+00
1.030062596003214592e+00
1.030007461706797356e+00
1.029969970385233635e+00
1.029977142810821533e+00
1.029984990755717034e+00
1.030029038588206047e+00
1.030099908510843987e+00
1.030073761940002441e+00
1.030022342999776130e+00
1.029942929744720459e+00
1.030033131440480476e+00
1.030051012833913093e+00
1.030021071434020996e+00
1.029958466688791985e+00
1.029959400494893318e+00
1.030024727185567146e+00
1.030016263326009041e+00
1.030006130536397224e+00
1.029969493548075432e+00
1.030061900615692139e+00
1.029986262321472168e+00
1.030044893423716301e+00
1.030016581217447991e+00
1.029986202716827393e+00
1.030080695947011238e+00
1.029940048853556389e+00
1.029863138993581062e+00
1.029976944128672356e+00
1.030050814151763916e+00
1.030080358187357659e+00
1.030106683572133308e+00
1.030030429363250732e+00
1.029998819033304924e+00
1.029993712902069092e+00
1.029933849970499748e+00
1.029812256495157952e+00
1.029948751131693596e+00
1.029944956302642822e+00
1.029966572920481438e+00
1.029978712399800544e+00
1.029939393202463860e+00
1.029941419760386223e+00
1.029921432336171394e+00
1.029922346274058098e+00
1.029928326606750488e+00
1.030054946740468269e+00
1.029973685741424561e+00
1.030021866162617927e+00
1.030074834823608398e+00
1.029957373936970955e+00
1.029998004436492920e+00
1.029946108659108406e+00
1.029995699723561531e+00
1.029966692129770989e+00
1.029942552248636956e+00
1.029993196328480964e+00
1.029911319414774651e+00
1.029923895994822258e+00
1.030014455318450928e+00
1.030055205027262444e+00
1.030000845591227288e+00
1.029931366443634033e+00
1.029864688714345222e+00
1.030032436052958245e+00
1.030045390129089355e+00
1.029904901981353760e+00
1.029992282390594482e+00
