1.759951782226562500e+01
1.644798405965169152e+01
1.865565872192382812e+01
1.639141654968261719e+01
1.616816075642903527e+01
1.712038326263427734e+01
1.592620881398518939e+01
1.552472559611002545e+01
1.514336458841959576e+01
1.530201148986816406e+01
1.746189244588216027e+01
1.598415056864420514e+01
1.389804490407308002e+01
1.324228127797444721e+01
1.325056648254394531e+01
1.234801864624023438e+01
1.651082611083984375e+01
1.289972909291585346e+01
1.178828112284342389e+01
1.181572516759236713e+01
1.218055788675943951e+01
1.223257430394490619e+01
1.147987143198649029e+01
1.380868816375732422e+01
1.197192764282226562e+01
1.210915517807006836e+01
1.216050370534261127e+01
1.144514719645182232e+01
1.160801219940185547e+01
1.144818973541259766e+01
1.139820369084676166e+01
1.203191630045572857e+01
1.170754082997640033e+01
1.178610293070475201e+01
1.156896845499674420e+01
1.126790777842203717e+01
1.221412038803100586e+01
1.236334768931070904e+01
1.351599661509195904e+01
1.413453038533528705e+01
1.305838521321614643e+01
1.250962034861246686e+01
1.148838615417480469e+01
1.173747650782267193e+01
1.138032944997151752e+01
1.217240206400553326e+01
1.198672850926717182e+01
1.115786663691202740e+01
1.124087746938069721e+01
1.151828018824259381e+01
1.148283195495605469e+01
1.145578161875406842e+01
1.184205818176269531e+01
1.283201980590820312e+01
1.213380686442057232e+01
1.178418477376302143e+01
1.125247828165690045e+01
1.265538946787516217e+01
1.317358779907226562e+01
1.116407775878906250e+01
1.161467138926188092e+01
1.109830061594645123e+01
1.120960871378580670e+01
1.145725377400716205e+01
1.238991689682006836e+01
1.164797560373941998e+01
1.117544110616048236e+01
1.133842579523722272e+01
1.146635532379150391e+01
1.106563440958658795e+01
1.103613980611165424e+01
1.133949152628580670e+01
1.246482626597086529e+01
1.187596082687377930e+01
1.161330016454060932e+01
1.213224601745605469e+01
1.183962519963582416e+01
1.263308413823445697e+01
1.195731258392333984e+01
1.101859951019287109e+01
1.169666131337483783e+01
1.188830884297688861e+01
1.110808022816975971e+01
1.117346572875976562e+01
1.139074436823526959e+01
1.216113281250000000e+01
1.191561826070149799e+01
1.362310759226481061e+01
1.170270570119222064e+01
1.120969502131144147e+01
1.185207096735636334e+01
1.141062386830647846e+01
1.088282155990600586e+01
1.113274383544921875e+01
1.132696485519409180e+01
1.117578188578287701e+01
1.140060043334960938e+01
1.106898721059163471e+01
1.150780677795410156e+01
1.159795506795247455e+01
1.129439131418863873e+01
1.123133214314778705e+01
1.103249263763427734e+01
1.146543852488199811e+01
1.106417051951090436e+01
1.093612702687581439e+01
1.092623392740885357e+01
1.148550542195638080e+01
1.213060029347737689e+01
1.284034919738769531e+01
1.102935822804768939e+01
1.132439724604288678e+01
1.090672667821248432e+01
1.086725028355916400e+01
1.094717597961425781e+01
1.127728223800659180e+01
1.151611630121866803e+01
1.094514163335164447e+01
1.105956300099690814e+01
1.129061317443847656e+01
1.092103815078735352e+01
1.096102746327718158e+01
1.121395174662272076e+01
1.100560379028320312e+01
1.100891431172688861e+01
1.091631110509236713e+01
1.094101969401041607e+01
1.094422276814778705e+01
1.102333561579386334e+01
1.130916817982991596e+01
1.095920848846435547e+01
1.095987415313720703e+01
1.098046604792276959e+01
1.103550148010253906e+01
1.126297108332316022e+01
1.108701864878336529e+01
1.087479877471923828e+01
1.094647979736328125e+01
1.101303831736246686e+01
1.086987559000650982e+01
1.111042277018229107e+01
1.110250012079874615e+01
1.103871552149454693e+01
1.183971468607584576e+01
1.129330825805664062e+01
1.090426111221313477e+01
1.083988094329833984e+01
1.160677305857340436e+01
1.164056348800659180e+01
1.124467881520589252e+01
1.106005223592122455e+01
1.118856271107991596e+01
1.116058731079101562e+01
1.102095460891723633e+01
1.092441733678182025e+01
1.148340988159179688e+01
1.092130645116170307e+01
1.078674888610839844e+01
1.090010070800781250e+01
1.085961119333902936e+01
1.075520292917887311e+01
1.169262123107910156e+01
1.091290664672851562e+01
1.080743122100830078e+01
1.078132406870524029e+01
1.093882147471109967e+01
1.113264083862304688e+01
1.122509129842122455e+01
1.125238720575968365e+01
1.106385389963785748e+01
1.088855997721354107e+01
1.138167572021484375e+01
1.103568522135416607e+01
1.104451974232991596e+01
1.111985858281453510e+01
1.106643517812093158e+01
1.102831681569417377e+01
1.069772195816040039e+01
1.107825183868408203e+01
1.098655001322428326e+01
1.141300598780314068e+01
1.149665546417236328e+01
1.090952698389689068e+01
1.075204960505167584e+01
1.075796095530191998e+01
1.075029548009236713e+01
1.078414948781331439e+01
1.072467565536499023e+01
1.072360340754191022e+01
1.073227596282958984e+01
1.077329190572102924e+01
1.074268007278442383e+01
1.075659958521525006e+01
1.153587245941162109e+01
1.087877194086710553e+01
1.079663674036661725e+01
1.094924863179524799e+01
1.087186574935913086e+01
1.121906661987304688e+01
1.119277286529541016e+01
1.073929246266683002e+01
1.079321082433064838e+01
1.075432475407918353e+01
1.073967520395914654e+01
1.067845153808593750e+01
1.069677209854125977e+01
1.072475051879882812e+01
1.076328881581624408e+01
1.071226056416829486e+01
1.069013182322184186e+01
1.077102915445963482e+01
1.109784634908040424e+01
1.091075023015340228e+01
1.108855756123860736e+01
1.068574873606363873e+01
1.075701475143432617e+01
1.088172690073649029e+01
1.098771286010742188e+01
1.072282854715983014e+01
1.066262340545654297e+01
1.077807903289794922e+01
1.076400391260782818e+01
1.065093326568603516e+01
1.067570432027181049e+01
1.077004957199096680e+01
1.071288967132568359e+01
1.082806873321533203e+01
1.098087580998738666e+01
1.066724189122517963e+01
1.089674981435140033e+01
1.081902503967285156e+01
1.070489311218261719e+01
1.078065745035807232e+01
1.069056892395019531e+01
1.075674184163411518e+01
1.059558582305908203e+01
1.108343887329101562e+01
1.061662626266479492e+01
1.067402315139770508e+01
1.092498397827148438e+01
1.064544963836669922e+01
1.061446189880371094e+01
1.095752271016438861e+01
1.080142021179199219e+01
1.090367158253987689e+01
1.072197802861531635e+01
1.085150369008382221e+01
1.056474129358927350e+01
1.063270950317382812e+01
1.061219072341918945e+01
1.059581851959228516e+01
1.062438980738321881e+01
1.077909787495931049e+01
1.059273815155029297e+01
1.080413118998209576e+01
1.091727113723754883e+01
1.104385534922281842e+01
1.171536382039388080e+01
1.058333873748779297e+01
1.079564698537190814e+01
1.053211943308512311e+01
1.061560297012329102e+01
1.074464639027913471e+01
1.072436094284057617e+01
1.064198033014933209e+01
1.060359668731689453e+01
1.057229232788085938e+01
1.059340492884317975e+01
1.107567310333251953e+01
1.099523735046386719e+01
1.111039098103841205e+01
1.066394233703613281e+01
1.061058489481608014e+01
1.068033313751220703e+01
1.080403677622477154e+01
1.059550571441650391e+01
1.075103886922200580e+01
1.106092230478922467e+01
1.056123606363932232e+01
1.066555881500244141e+01
1.073251342773437500e+01
1.056628068288167377e+01
1.059987894694010357e+01
1.059840854008992572e+01
1.065942796071370502e+01
1.058077208201090436e+01
1.057778914769490619e+01
1.059932009379068951e+01
1.055791568756103516e+01
1.056264829635620117e+01
1.056771246592203717e+01
1.055062802632649799e+01
1.064474678039550781e+01
1.058273315429687500e+01
1.077807712554931641e+01
1.062040805816650391e+01
1.066648864746093750e+01
1.079986302057901959e+01
1.059782218933105469e+01
1.062014659245808978e+01
1.069648043314615826e+01
1.068117205301920514e+01
1.076849746704101562e+01
1.061156320571899414e+01
1.079123910268147846e+01
1.071754598617553711e+01
1.054154825210571289e+01
1.063052749633789062e+01
1.052739318211873432e+01
1.053106943766275982e+01
1.053688430786132812e+01
1.054226779937744141e+01
1.053372637430826764e+01
1.072606929143269916e+01
1.058178647359212299e+01
1.059808286031087299e+01
1.052377144495646100e+01
1.057397874196370502e+01
1.053260199228922467e+01
1.054836495717366596e+01
1.055712747573852539e+01
1.056766748428344727e+01
1.054112529754638672e+01
1.053648996353149414e+01
1.058829657236734967e+01
1.055736080805460553e+01
1.065747610727945904e+01
1.057402086257934570e+01
1.054180177052815814e+01
1.052604850133260150e+01
1.063333288828531842e+01
1.059955914815266986e+01
1.069254287083943744e+01
1.058638922373453717e+01
1.053284676869710346e+01
1.068596045176188092e+01
1.055280272165934186e+01
1.053249295552571674e+01
1.053298664093017578e+01
1.057688331604003906e+01
1.059432888031005859e+01
1.059901889165242572e+01
1.052527713775634766e+01
1.064146725336710553e+01
1.058798694610595703e+01
1.061099974314371686e+01
1.058361053466796875e+01
1.061612351735433002e+01
1.055415376027425189e+01
1.064767440160115619e+01
1.056543827056884766e+01
1.052527793248494525e+01
1.055036195119222064e+01
1.050751733779907227e+01
1.051279926300048828e+01
1.073197031021118164e+01
1.054090738296508789e+01
1.051619148254394531e+01
1.058427842458089252e+01
1.052140728632608990e+01
1.053971719741821289e+01
1.052817551294962506e+01
1.051569112141927143e+01
1.051876401901245117e+01
1.062042681376139264e+01
1.056599203745524029e+01
1.052338854471842389e+01
1.058428796132405658e+01
1.055751132965087891e+01
1.054282379150390625e+01
1.054984601338704486e+01
1.062404855092366596e+01
1.052542336781819721e+01
1.050224177042643170e+01
1.054121303558349609e+01
1.059520610173543353e+01
1.051637474695841412e+01
1.052151107788085938e+01
1.055182107289632221e+01
1.052309830983479877e+01
1.069801394144693951e+01
1.070341491699218750e+01
1.064952596028645893e+01
1.048262691497802734e+01
1.052353858947753906e+01
1.053907028834025006e+01
1.070149008433024029e+01
1.059912967681884766e+01
1.082590738932291607e+01
1.055091444651285748e+01
1.052019341786702533e+01
1.051971689860025982e+01
1.049667962392171283e+01
1.049289004007975201e+01
1.051287269592285156e+01
1.050543276468912701e+01
1.068243281046549420e+01
1.052789274851481061e+01
1.051138623555501361e+01
1.057452662785848041e+01
1.050019709269205670e+01
1.049521954854329486e+01
1.053380997975667377e+01
1.049952824910481830e+01
1.052309576670328717e+01
1.050479475657145123e+01
1.051807705561319928e+01
1.050908327102661133e+01
1.049872779846191406e+01
1.049895954132080078e+01
1.052211729685465436e+01
1.052302360534667969e+01
1.051568698883056641e+01
1.050764783223470111e+01
1.050546534856160541e+01
1.050467220942179303e+01
1.051763757069905658e+01
1.049938805898030658e+01
1.053405380249023438e+01
1.050657399495442768e+01
1.053628444671630859e+01
1.049882316589355469e+01
1.049989382425943951e+01
1.052648544311523438e+01
1.050177764892578125e+01
1.051406304041544537e+01
1.050322484970092773e+01
1.049651432037353516e+01
1.049888817469278912e+01
1.051126607259114643e+01
1.050541814168294330e+01
1.052042929331461529e+01
1.048745266596476178e+01
1.054547882080078125e+01
1.050015528996785541e+01
1.054506953557332416e+01
1.049840704600016217e+01
1.051226711273193359e+01
1.048828728993733783e+01
1.053875541687011719e+01
1.049323749542236328e+01
1.060003026326497455e+01
1.053234322865804096e+01
1.055663045247395893e+01
1.049536403020223041e+01
1.053560940424601178e+01
1.050605297088623047e+01
1.050634829203287701e+01
1.050169754028320312e+01
1.049441973368326764e+01
1.049495569864908795e+01
1.049301274617513080e+01
1.049992148081461529e+01
1.052795219421386719e+01
1.050190893809000592e+01
1.050686836242675781e+01
1.049454800287882428e+01
1.049028046925862689e+01
1.054744497934977154e+01
1.051787535349527936e+01
1.056380780537923236e+01
1.053130133946736713e+01
1.053237660725911518e+01
1.050424941380818744e+01
1.058110348383585553e+01
1.049246056874593158e+01
1.051648839314778705e+01
1.049832646052042584e+01
1.048510456085205078e+01
1.050135978062947650e+01
1.049344603220621686e+01
1.048258256912231445e+01
1.050458113352457623e+01
1.049267403284708600e+01
1.049017302195231061e+01
1.052951208750406842e+01
1.051959578196207623e+01
1.050072161356608014e+01
1.048407936096191406e+01
1.051676082611083984e+01
1.048751672108968158e+01
1.049560419718424420e+01
1.052101055781046490e+01
1.049145889282226562e+01
1.048277139663696289e+01
1.048768552144368549e+01
1.047920799255371094e+01
1.050914255777994732e+01
1.049076700210571289e+01
1.048648166656494141e+01
1.051209354400634766e+01
1.048327382405599018e+01
1.053381443023681641e+01
1.051186752319335938e+01
1.052869796752929688e+01
1.049460760752359967e+01
1.048790073394775391e+01
1.055176146825154682e+01
1.050663948059082031e+01
1.049314483006795307e+01
1.049548085530599018e+01
1.047990004221598248e+01
1.049711608886718750e+01
1.048023509979248047e+01
1.051352945963541607e+01
1.048449865976969342e+01
1.050103282928466797e+01
1.047967370351155658e+01
1.050135771433512311e+01
1.048381868998209576e+01
1.048594983418782611e+01
1.049051650365193744e+01
1.048669211069742779e+01
1.047986412048339844e+01
1.048899459838867188e+01
1.048289696375528912e+01
1.049168237050374408e+01
1.048241774241129498e+01
1.048427327473958393e+01
1.048003133138020893e+01
1.049256324768066406e+01
1.047675116856892963e+01
1.051930618286132812e+01
1.049555555979410748e+01
1.051406447092691998e+01
1.048644002278645893e+01
1.049579795201619525e+01
1.048118527730306049e+01
1.047640864054361920e+01
1.049725310007731061e+01
1.048222986857096295e+01
1.048323504130045514e+01
1.047997029622395893e+01
1.049097235997517963e+01
1.048271814982096295e+01
1.048086102803548236e+01
1.049660936991373639e+01
1.048796002070108990e+01
1.047352409362792969e+01
1.047979450225830078e+01
1.048325554529825787e+01
1.048103968302408795e+01
1.048128970464070697e+01
1.047451925277709961e+01
1.048286596934000592e+01
1.047085523605346680e+01
1.049698098500569721e+01
1.047377506891886334e+01
1.049572404225667377e+01
1.048239549001058002e+01
1.048633273442586322e+01
1.047656710942586322e+01
1.049906285603841205e+01
1.047808933258056641e+01
1.047695366541544537e+01
1.047697099049886127e+01
1.048262596130371094e+01
1.047283824284871478e+01
1.049408817291259766e+01
1.047580528259277344e+01
1.049094581604003906e+01
1.047494872411092182e+01
1.050886933008829693e+01
1.048255427678426166e+01
1.048297150929768939e+01
1.047227509816487689e+01
1.051040554046630859e+01
1.048396507898966412e+01
1.048354164759317975e+01
1.047772630055745502e+01
1.047323989868164062e+01
1.049111906687418561e+01
1.047743813196817975e+01
1.048588514328002930e+01
1.047484159469604492e+01
1.047960344950358014e+01
1.048935270309448242e+01
1.047551123301188092e+01
1.047858428955078125e+01
1.047336149215698242e+01
1.048024145762125592e+01
1.047770150502522846e+01
1.047268931070963482e+01
1.047352774937947650e+01
1.048988850911458393e+01
1.046994845072428326e+01
1.049857584635416607e+01
1.047089608510335346e+01
1.048283894856770893e+01
1.047759723663330078e+01
1.048418156305948834e+01
1.047475433349609375e+01
1.049270820617675781e+01
1.047438398996988873e+01
1.049920384089151959e+01
1.047828515370686908e+01
1.047925424575805664e+01
1.048729864756266217e+01
1.046930281321207623e+01
1.047607119878133197e+01
1.047124751408894916e+01
1.047656313578287701e+01
1.047069644927978516e+01
1.047544320424397846e+01
1.046871439615885357e+01
1.047988923390706439e+01
1.047474654515584369e+01
1.047602637608846088e+01
1.047122542063395123e+01
1.046981398264566998e+01
1.047616513570149799e+01
1.046770222981770893e+01
1.048143529891967773e+01
1.046778106689453125e+01
1.048395856221516986e+01
1.047670825322469135e+01
1.047335116068522076e+01
1.047522481282552143e+01
1.046848869323730469e+01
1.047604799270629883e+01
1.046596749623616596e+01
1.047585995992024799e+01
1.047072013219197650e+01
1.047440465291341205e+01
1.047209739685058594e+01
1.047687451044718365e+01
1.047244660059610943e+01
1.047212982177734375e+01
1.047209978103637695e+01
1.047416305541992188e+01
1.046894900004068951e+01
1.047445297241210938e+01
1.046686395009358783e+01
1.047056547800699811e+01
1.047310733795166016e+01
1.046795082092285156e+01
1.047627035776774029e+01
1.048094463348388672e+01
1.047076145807901959e+01
1.047407563527425189e+01
1.047051016489664654e+01
1.047315692901611328e+01
1.047241640090942383e+01
1.047021261850992779e+01
1.047247123718261719e+01
1.046714687347412109e+01
1.049529472986857037e+01
1.046969064076741596e+01
1.047166951497395893e+01
1.046427949269612689e+01
1.047484874725341797e+01
1.047072410583496094e+01
1.047293821970621686e+01
1.046914386749267578e+01
1.047467962900797467e+01
1.046517817179361920e+01
1.047192843755086322e+01
1.047052860260009766e+01
1.047350152333577533e+01
1.046939150492350201e+01
1.047207323710123639e+01
1.047289466857910156e+01
1.046979681650797467e+01
1.046505641937255859e+01
1.047077751159667969e+01
1.047494379679361920e+01
1.047160847981770893e+01
1.048058541615804096e+01
1.047147337595621686e+01
1.047207911809285541e+01
1.046462249755859375e+01
1.047125975290934186e+01
1.047437063852945904e+01
1.046648565928141217e+01
1.047461160024007221e+01
1.046567662556966205e+01
1.047549931208292584e+01
1.047009181976318359e+01
1.046744298934936523e+01
1.046553373336791992e+01
1.047190856933593750e+01
1.046914800008138080e+01
1.046464157104492188e+01
1.046999549865722656e+01
1.046984990437825580e+01
1.046611642837524414e+01
1.047451210021972656e+01
1.047033580144246478e+01
1.046259212493896484e+01
1.046712239583333393e+01
1.046544361114501953e+01
1.046486727396647076e+01
1.046808465321858783e+01
1.046875381469726562e+01
1.046777089436849018e+01
1.046911970774332623e+01
1.047484747568766217e+01
1.047064956029256244e+01
1.046964232126871686e+01
1.046613581975301166e+01
1.046719773610433002e+01
1.046697584788004498e+01
1.046517340342203717e+01
1.046720600128173828e+01
1.046879450480143170e+01
1.046806192398071289e+01
1.046580775578816791e+01
1.046651395161946674e+01
1.046432622273763080e+01
1.046670341491699219e+01
1.046729278564453125e+01
1.046599324544270893e+01
1.046562067667643170e+01
1.047559324900309186e+01
1.046417522430419922e+01
1.046755107243855853e+01
1.046632194519042969e+01
1.046802345911661725e+01
1.046776580810546875e+01
1.046626758575439453e+01
1.046568314234415631e+01
1.046607096989949603e+01
1.046589310963948627e+01
1.046690305074056049e+01
1.046539815266927143e+01
1.046438694000244141e+01
1.046771748860677143e+01
1.046669642130533795e+01
1.046887524922688861e+01
1.046392679214477539e+01
1.046605428059895893e+01
1.046964581807454486e+01
1.046471134821573834e+01
1.046722126007080078e+01
1.046607907613118549e+01
1.046526495615641217e+01
1.046601104736328125e+01
1.046707566579183002e+01
1.046782223383585553e+01
1.046725336710611920e+01
1.046736558278401752e+01
1.046566232045491596e+01
1.046941995620727539e+01
1.046631320317586322e+01
1.046691703796386719e+01
1.046355501810709576e+01
1.046687889099121094e+01
1.046607700983683209e+01
1.046531422932942768e+01
1.046703259150187115e+01
1.046356074015299420e+01
1.047267134984334369e+01
1.046193265914916992e+01
1.046365722020467182e+01
1.046677064895629883e+01
1.046498346328735352e+01
1.046653461456298828e+01
1.046430985132853131e+01
1.046781984965006451e+01
1.046716944376627545e+01
1.046511125564575195e+01
1.046281862258911133e+01
1.046609640121459961e+01
1.046696567535400391e+01
1.046463267008463482e+01
1.046216503779093365e+01
1.046871121724446674e+01
1.046464681625366211e+01
1.046394856770833393e+01
1.046458530426025391e+01
1.046601724624633789e+01
1.046790504455566406e+01
1.046565628051757812e+01
1.046453762054443359e+01
1.046424627304077148e+01
1.046625741322835346e+01
1.047212473551432232e+01
1.046308294932047467e+01
1.046821165084838867e+01
1.046591059366861920e+01
1.046334918340047260e+01
1.046640872955322266e+01
1.046518834431966205e+01
1.046381998062133789e+01
1.046606445312500000e+01
1.046376212437947650e+01
1.046635643641153912e+01
1.046189562479654889e+01
1.046353896458943744e+01
1.046683979034423828e+01
1.046395079294840436e+01
1.046544011433919330e+01
1.046382236480712891e+01
1.046692959467569928e+01
1.046242920557657818e+01
1.046504720052083393e+01
1.046208604176839252e+01
1.046518484751383404e+01
1.047143157323201557e+01
1.046497774124145508e+01
1.046421305338541607e+01
1.046551863352457623e+01
1.046643479665120502e+01
1.046503416697184186e+01
1.046380058924357037e+01
1.046408112843831439e+01
1.046380869547525982e+01
1.046363798777262311e+01
1.046435117721557617e+01
1.046419541041056256e+01
1.046433814366658588e+01
1.046459627151489258e+01
1.046403360366821289e+01
1.046453046798706055e+01
1.046276426315307617e+01
1.046647342046101947e+01
1.046512985229492188e+01
1.046351353327433209e+01
1.046355104446411133e+01
1.046229219436645508e+01
1.046548287073771100e+01
1.046321423848470111e+01
1.046330738067626953e+01
1.046551672617594342e+01
1.046279525756835938e+01
1.046480560302734375e+01
1.046417077382405658e+01
1.046344884236653705e+01
1.046354516347249408e+01
1.046450726191202740e+01
1.046284691492716412e+01
1.046409241358439068e+01
1.046435562769571881e+01
1.046405331293741803e+01
1.046307770411173443e+01
1.046297391255696674e+01
1.046350669860839844e+01
1.046393823623657227e+01
1.046383603413899799e+01
1.046491336822509766e+01
1.046378993988037109e+01
1.046165847778320312e+01
1.046205759048461914e+01
1.046503734588623047e+01
1.046399752298990826e+01
1.046466604868570904e+01
1.046381187438964844e+01
1.046461439132690430e+01
1.046230777104695697e+01
1.046409511566162109e+01
1.046404425303141217e+01
1.046454048156738281e+01
1.046138556798299213e+01
1.046434688568115234e+01
1.046419763565063477e+01
1.046428235371907611e+01
1.046304686864217182e+01
1.046399688720703125e+01
1.046421623229980469e+01
1.046264394124349018e+01
1.046191438039143939e+01
1.046357599894205670e+01
1.046162986755371094e+01
1.046279001235961914e+01
1.046437136332193951e+01
1.046457242965698242e+01
1.046522871653238873e+01
1.046326192220052143e+01
1.046249643961588482e+01
1.046330928802490234e+01
1.046351289749145508e+01
1.046425692240397076e+01
1.046217473347981830e+01
1.046246465047200580e+01
1.046182441711425781e+01
1.046234750747680664e+01
1.046472803751627545e+01
1.046355756123860736e+01
1.046370855967203717e+01
1.046461359659830670e+01
1.046341943740844727e+01
1.046375226974487305e+01
1.046265268325805664e+01
1.046311553319295307e+01
1.046212132771809955e+01
1.046234766642252545e+01
1.046295197804768939e+01
1.046248372395833393e+01
1.046259180704752545e+01
1.046337890625000000e+01
1.046296167373657227e+01
1.046191787719726562e+01
1.046349461873372455e+01
1.046254062652587891e+01
1.046266142527262311e+01
1.046253951390584369e+01
1.046394030253092389e+01
1.046286900838216205e+01
1.046065680185953717e+01
1.046287695566813092e+01
1.046258449554443359e+01
1.046266873677571674e+01
1.046284437179565430e+01
1.046201419830322266e+01
1.046311505635579486e+01
1.046268113454183002e+01
1.046242761611938477e+01
1.046260849634806256e+01
1.046198320388793945e+01
1.046335728963216205e+01
1.046306912104288678e+01
1.046257495880126953e+01
1.046234687169392963e+01
1.046208063761393170e+01
1.046328194936116596e+01
1.046363051732381244e+01
1.046261151631673236e+01
1.046203422546386719e+01
1.046306610107421875e+01
1.046285200119018555e+01
1.046249643961588482e+01
1.046192200978597064e+01
1.046271006266275982e+01
1.046316814422607422e+01
1.046283753712972064e+01
1.046239789326985736e+01
1.046242268880208393e+01
1.046192868550618549e+01
1.046284596125284772e+01
1.046238676706949811e+01
1.046171506245931049e+01
1.046255652109781842e+01
1.046253236134847064e+01
1.046211528778076172e+01
1.046213547388712506e+01
1.046233320236206055e+01
1.046353578567504883e+01
1.046235958735148053e+01
1.046219269434610943e+01
1.046189975738525391e+01
1.046205711364746094e+01
1.046277236938476562e+01
1.046306737263997455e+01
1.046185509363810162e+01
1.046246798833211322e+01
1.046140654881795307e+01
1.046231492360433002e+01
1.046263980865478516e+01
1.046216249465942383e+01
1.046210956573486328e+01
1.046212069193522076e+01
1.046225229899088482e+01
1.046201546986897846e+01
1.046256478627522846e+01
1.046175670623779297e+01
1.046192264556884766e+01
1.046279748280843158e+01
1.046225023269653320e+01
1.046215136845906635e+01
1.046307214101155658e+01
1.046277650197347064e+01
1.046185382207234760e+01
1.046162382761637311e+01
1.046131912867228131e+01
1.046279303232828717e+01
1.046242443720499615e+01
1.046236658096313477e+01
1.046215311686197857e+01
1.046271324157714844e+01
1.046287107467651367e+01
1.046216392517089844e+01
1.046190754572550397e+01
1.046200132369995117e+01
1.046156040827433209e+01
1.046233431498209576e+01
1.046214421590169330e+01
1.046280638376871686e+01
1.046185668309529682e+01
1.046225945154825787e+01
1.046183840433756451e+01
1.046154276529947857e+01
1.046095148722330670e+01
1.046193790435791016e+01
1.046202532450358014e+01
1.046214167277018170e+01
1.046180661519368549e+01
1.046179644266764264e+01
1.046193504333496094e+01
1.046197287241617779e+01
1.046283372243245502e+01
1.046182616551717182e+01
1.046155707041422467e+01
1.046096801757812500e+01
1.046120993296305279e+01
1.046258195241292377e+01
1.046247831980387311e+01
1.046166896820068359e+01
1.046118005116780658e+01
1.046211798985799213e+01
1.046154054005940814e+01
