1.123751602172851562e+02
7.813526153564453125e+01
4.414749240875244141e+01
1.946144342422485352e+01
1.397722578048706055e+01
1.616751217842102051e+01
1.070361745357513428e+01
1.105323994159698486e+01
1.094618916511535645e+01
4.746622323989868164e+00
5.819689631462097168e+00
4.493665218353271484e+00
5.073489546775817871e+00
5.602716445922851562e+00
3.736066013574600220e+00
3.233573675155639648e+00
4.014535129070281982e+00
9.472798228263854980e+00
9.024394035339355469e+00
7.037530750036239624e+00
1.148336291313171387e+01
8.055763423442840576e+00
8.340240955352783203e+00
6.598544716835021973e+00
7.679555296897888184e+00
6.295110046863555908e+00
7.456908106803894043e+00
4.669981420040130615e+00
7.200907826423645020e+00
5.631076574325561523e+00
5.855555117130279541e+00
4.838585674762725830e+00
7.095743477344512939e+00
2.270291715860366821e+00
6.171688735485076904e+00
4.177871227264404297e+00
8.563691735267639160e+00
4.916333019733428955e+00
1.026705482602119446e+01
9.428371191024780273e+00
6.037972390651702881e+00
3.875613749027252197e+00
9.052193403244018555e+00
4.857190340757369995e+00
6.264572739601135254e+00
9.424877047538757324e+00
3.739810645580291748e+00
9.280505537986755371e+00
7.450650274753570557e+00
3.252178609371185303e+00
8.761134028434753418e+00
2.620041757822036743e+00
3.738969117403030396e+00
7.241446524858474731e+00
4.171480000019073486e+00
8.637278795242309570e+00
7.602259337902069092e+00
6.783801674842834473e+00
1.573716849088668823e+00
8.153766840696334839e+00
7.224671959877014160e+00
6.668996453285217285e+00
2.849262803792953491e+00
6.885660886764526367e+00
4.776660829782485962e+00
8.227357387542724609e+00
4.072947859764099121e+00
5.621055543422698975e+00
1.017716765403747559e+01
5.463792979717254639e+00
5.508408308029174805e+00
4.892665475606918335e+00
2.566962629556655884e+00
6.739016532897949219e+00
6.168881237506866455e+00
5.615689352154731750e+00
9.889216363430023193e+00
4.248243987560272217e+00
3.930034101009368896e+00
5.402136087417602539e+00
5.802909135818481445e+00
4.828480064868927002e+00
6.617987990379333496e+00
6.523132562637329102e+00
5.780424416065216064e+00
3.146772205829620361e+00
7.858961820602416992e+00
4.997035980224609375e+00
7.363446354866027832e+00
4.723123431205749512e+00
6.384296655654907227e+00
3.931941270828247070e+00
4.980909168720245361e+00
6.992769643664360046e+00
7.470888137817382812e+00
2.777097076177597046e+00
6.299025356769561768e+00
2.475915431976318359e+00
6.451397180557250977e+00
2.542742639780044556e+00
3.771487712860107422e+00
4.746533021330833435e+00
9.010830938816070557e+00
4.440385282039642334e+00
7.142041683197021484e+00
3.428012669086456299e+00
6.923993647098541260e+00
8.195670604705810547e+00
3.976513624191284180e+00
8.415643483400344849e+00
5.455341041088104248e+00
2.873174250125885010e+00
7.340755879878997803e+00
6.309083998203277588e+00
3.921912401914596558e+00
4.289237022399902344e+00
6.650930702686309814e+00
5.328616499900817871e+00
1.728421851992607117e+00
2.423322081565856934e+00
2.208568245172500610e+00
5.105962455272674561e+00
5.557387351989746094e+00
2.752356916666030884e+00
5.380614936351776123e+00
2.896224439144134521e+00
4.672472119331359863e+00
2.864513069391250610e+00
3.019427895545959473e+00
6.809192776679992676e+00
5.061830386519432068e+00
3.290955960750579834e+00
2.628426998853683472e+00
6.625202685594558716e+00
3.620201587677001953e+00
2.090462699532508850e+00
3.789677262306213379e+00
6.121001362800598145e+00
4.164914518594741821e+00
4.115094691514968872e+00
4.990260690450668335e+00
5.196386426687240601e+00
5.492773413658142090e+00
5.594627499580383301e+00
4.719605207443237305e+00
6.525849848985671997e+00
7.365376532077789307e+00
4.903391957283020020e+00
2.495876252651214600e+00
5.419531792402267456e+00
2.733816757798194885e+00
3.822213798761367798e+00
3.017023622989654541e+00
4.860028713941574097e+00
6.249538660049438477e+00
3.827075004577636719e+00
4.066396534442901611e+00
3.326919943094253540e+00
4.421791851520538330e+00
5.623009592294692993e+00
3.210633605718612671e+00
3.887670516967773438e+00
3.690152049064636230e+00
2.133628904819488525e+00
4.765506416559219360e+00
3.164233982563018799e+00
3.871711984276771545e+00
1.973164737224578857e+00
2.168778449296951294e+00
7.163861811161041260e+00
5.675904273986816406e+00
3.541668057441711426e+00
2.588691234588623047e+00
2.195297867059707642e+00
4.145414739847183228e+00
4.219455003738403320e+00
2.067297250032424927e+00
2.222287327051162720e+00
5.203756690025329590e+00
5.446723103523254395e+00
4.012135982513427734e+00
2.966773629188537598e+00
7.369868993759155273e+00
4.750139921903610229e+00
1.747750878334045410e+00
3.307419538497924805e+00
4.197446584701538086e+00
2.881689101457595825e+00
3.104588180780410767e+00
8.187875032424926758e+00
6.093344032764434814e+00
2.462527066469192505e+00
4.703349441289901733e+00
4.749378800392150879e+00
3.431352436542510986e+00
5.411928117275238037e+00
6.936485230922698975e+00
6.033279478549957275e+00
3.377471774816513062e+00
2.947808444499969482e+00
2.624598518013954163e+00
2.853886783123016357e+00
4.641052424907684326e+00
4.743293613195419312e+00
1.640541166067123413e+00
1.568111762404441833e+00
3.410806208848953247e+00
2.798279196023941040e+00
3.726114854216575623e+00
3.682403951883316040e+00
3.624815404415130615e+00
4.898661166429519653e+00
3.735924825072288513e+00
3.736806705594062805e+00
3.857264012098312378e+00
1.163340121507644653e+00
2.617749139666557312e+00
4.051056116819381714e+00
1.330795466899871826e+00
3.395302087068557739e+00
5.564369171857833862e+00
4.864804208278656006e+00
3.065184950828552246e+00
5.206474095582962036e+00
9.278047680854797363e-01
3.537540197372436523e+00
2.671405851840972900e+00
2.963701680302619934e+00
1.752538442611694336e+00
2.019287586212158203e+00
2.953246325254440308e+00
2.926314115524291992e+00
4.816354185342788696e+00
3.019959688186645508e+00
2.337345242500305176e+00
2.297115385532379150e+00
8.271923065185546875e+00
2.724450767040252686e+00
4.477493524551391602e+00
3.893541276454925537e+00
2.943581342697143555e+00
5.631180524826049805e+00
2.249017164111137390e+00
3.201134204864501953e+00
2.859490483999252319e+00
1.400615289807319641e+00
3.560338318347930908e+00
3.457486301660537720e+00
3.293127015233039856e+00
1.730094730854034424e+00
4.338895604014396667e+00
3.454103469848632812e+00
2.097284346818923950e+00
2.454654306173324585e+00
2.091802015900611877e+00
1.380482181906700134e+00
1.752675682306289673e+00
3.298067152500152588e+00
3.524909615516662598e+00
6.139088988304138184e+00
3.588933944702148438e+00
5.514098286628723145e+00
3.504124760627746582e+00
3.513787716627120972e+00
3.195722579956054688e+00
4.385735273361206055e+00
4.288859695196151733e+00
4.535722017288208008e+00
2.600879400968551636e+00
2.069453120231628418e+00
6.087549775838851929e+00
4.234113633632659912e+00
2.438151538372039795e+00
2.713607132434844971e+00
3.335682705044746399e+00
2.448445379734039307e+00
3.160851657390594482e+00
2.976893395185470581e+00
3.735194742679595947e+00
1.888704419136047363e+00
2.727077364921569824e+00
5.593244075775146484e+00
1.411994352936744690e+00
3.684543251991271973e+00
3.578673124313354492e+00
2.868085086345672607e+00
2.912849575281143188e+00
2.639852464199066162e+00
3.069139480590820312e+00
3.754628419876098633e+00
5.124199539422988892e+00
4.926719427108764648e+00
5.704338192939758301e+00
3.419006228446960449e+00
2.094907224178314209e+00
1.943845868110656738e+00
2.679356813430786133e+00
3.957146614789962769e+00
2.490251362323760986e+00
2.141133368015289307e+00
3.725355386734008789e+00
5.054874941706657410e+00
3.831442207098007202e+00
4.538164734840393066e+00
1.939976900815963745e+00
4.826898872852325439e+00
4.363335609436035156e+00
4.172549486160278320e+00
3.060524076223373413e+00
3.343679875135421753e+00
1.323997281491756439e+00
3.645170360803604126e+00
3.341102898120880127e+00
4.760598033666610718e+00
2.889172434806823730e+00
2.211772829294204712e+00
2.340410798788070679e+00
3.578303754329681396e+00
1.524147436022758484e+00
4.050451278686523438e+00
4.082310557365417480e+00
2.872640371322631836e+00
1.242862179875373840e+00
2.363645583391189575e+00
3.872601419687271118e+00
1.945908516645431519e+00
4.084802508354187012e+00
2.155176967382431030e+00
2.623135715723037720e+00
2.721341416239738464e+00
1.975087165832519531e+00
2.952417641878128052e+00
3.668805897235870361e+00
2.720365732908248901e+00
5.241776585578918457e+00
3.901206076145172119e+00
2.999498143792152405e+00
1.489984706044197083e+00
2.482481181621551514e+00
5.500708758831024170e+00
2.754950314760208130e+00
2.171233892440795898e+00
4.979555249214172363e+00
1.687930986285209656e+00
3.616708278656005859e+00
2.272345960140228271e+00
2.354114055633544922e+00
3.702882736921310425e+00
2.837494820356369019e+00
4.388976871967315674e+00
2.113911390304565430e+00
1.360726341605186462e+00
2.735650986433029175e+00
2.487396150827407837e+00
4.098026543855667114e+00
2.758873611688613892e+00
3.280087709426879883e+00
2.089756146073341370e+00
4.242223024368286133e+00
2.865327775478363037e+00
9.832146167755126953e-01
1.339958548545837402e+00
2.438232630491256714e+00
1.713053807616233826e+00
2.956205785274505615e+00
1.575478293001651764e+00
3.853475511074066162e+00
3.076713293790817261e+00
3.870755672454833984e+00
2.737329930067062378e+00
2.831027075648307800e+00
1.719302266836166382e+00
3.629401773214340210e+00
1.764021158218383789e+00
2.259736299514770508e+00
3.500663369894027710e+00
2.867327451705932617e+00
2.703473955392837524e+00
2.725762099027633667e+00
3.235448062419891357e+00
3.956188440322875977e+00
1.899267852306365967e+00
1.366757899522781372e+00
4.230025619268417358e+00
3.009014606475830078e+00
2.642077594995498657e+00
1.972009778022766113e+00
1.569536417722702026e+00
3.392277657985687256e+00
4.096954584121704102e+00
2.141649425029754639e+00
3.474035918712615967e+00
2.866442531347274780e+00
3.285271823406219482e+00
3.107641771435737610e+00
2.590501606464385986e+00
2.185269370675086975e+00
2.176965028047561646e+00
2.038307219743728638e+00
2.296468570828437805e+00
2.616619110107421875e+00
4.131823778152465820e+00
3.370178163051605225e+00
1.856551975011825562e+00
2.386798590421676636e+00
3.123049080371856689e+00
2.162971958518028259e+00
2.527149796485900879e+00
1.154348582029342651e+00
2.922805652022361755e+00
1.258825182914733887e+00
4.745758533477783203e+00
1.969922930002212524e+00
3.898546263575553894e+00
2.678983166813850403e+00
2.101712375879287720e+00
2.950073361396789551e+00
2.551636785268783569e+00
2.499426797032356262e+00
4.279733836650848389e+00
2.158847838640213013e+00
2.653811633586883545e+00
2.874115377664566040e+00
2.340459868311882019e+00
4.584197551012039185e+00
3.479873657226562500e+00
1.678339689970016479e+00
1.796943396329879761e+00
1.538463950157165527e+00
1.767147570848464966e+00
2.701593041419982910e+00
5.559948116540908813e+00
1.766996398568153381e+00
2.978761732578277588e+00
2.191994801163673401e+00
2.718469470739364624e+00
2.185659587383270264e+00
2.278411865234375000e+00
2.460736304521560669e+00
3.424124956130981445e+00
1.868354529142379761e+00
1.718757137656211853e+00
1.960708722472190857e+00
3.548455685377120972e+00
2.665877282619476318e+00
2.200810432434082031e+00
3.824345737695693970e+00
2.209106445312500000e+00
2.166167452931404114e+00
3.385688036680221558e+00
2.679391384124755859e+00
1.447797656059265137e+00
2.354320585727691650e+00
2.640167802572250366e+00
2.378189086914062500e+00
3.035611338913440704e+00
2.219239458441734314e+00
2.649763524532318115e+00
2.297159418463706970e+00
2.439973011612892151e+00
2.349558413028717041e+00
1.549733996391296387e+00
2.878592789173126221e+00
2.411673784255981445e+00
2.854066640138626099e+00
3.393349379301071167e+00
2.224809765815734863e+00
1.850323915481567383e+00
2.819917947053909302e+00
2.833967462182044983e+00
2.158158987760543823e+00
1.056720927357673645e+00
2.573416948318481445e+00
1.956492409110069275e+00
2.167102500796318054e+00
1.924212992191314697e+00
2.120294123888015747e+00
3.074506163597106934e+00
2.288704454898834229e+00
3.019698977470397949e+00
3.442742705345153809e+00
1.923672914505004883e+00
2.476690858602523804e+00
1.765171378850936890e+00
1.304978996515274048e+00
3.003016978502273560e+00
2.530802696943283081e+00
2.510856270790100098e+00
3.709777712821960449e+00
2.100878208875656128e+00
1.722868680953979492e+00
1.119366824626922607e+00
2.021503716707229614e+00
1.152909308671951294e+00
5.433162033557891846e+00
1.761325925588607788e+00
1.546527266502380371e+00
2.397519230842590332e+00
2.640957862138748169e+00
2.074661046266555786e+00
1.279446899890899658e+00
3.035251885652542114e+00
4.473441541194915771e+00
2.270217537879943848e+00
4.206673353910446167e+00
2.343541756272315979e+00
3.065077781677246094e+00
3.628069296479225159e+00
2.043712496757507324e+00
1.985906675457954407e+00
1.479985356330871582e+00
1.441992461681365967e+00
1.743273407220840454e+00
2.337851524353027344e+00
1.374026894569396973e+00
2.617110669612884521e+00
2.398821637034416199e+00
5.132717996835708618e+00
2.059374615550041199e+00
2.166483670473098755e+00
1.214876368641853333e+00
1.538525357842445374e+00
3.062686190009117126e+00
2.093101769685745239e+00
5.454226672649383545e+00
4.321471557021141052e+00
2.055036500096321106e+00
2.524791195988655090e+00
9.757249355316162109e-01
2.303171217441558838e+00
3.570691972970962524e+00
2.623726069927215576e+00
2.019334375858306885e+00
2.029246121644973755e+00
3.788428366184234619e+00
2.622085303068161011e+00
2.915981277823448181e+00
2.724228739738464355e+00
2.226422727108001709e+00
2.191940009593963623e+00
4.118899166584014893e+00
4.723775699734687805e+00
1.708357036113739014e+00
2.984759926795959473e+00
1.079005151987075806e+00
2.467101752758026123e+00
2.926333472132682800e+00
2.818403214216232300e+00
2.141364485025405884e+00
1.087584495544433594e+00
3.075059220194816589e+00
1.336434066295623779e+00
2.291987642645835876e+00
2.056915819644927979e+00
1.505307450890541077e+00
8.808378279209136963e-01
1.707546159625053406e+00
2.121276021003723145e+00
2.621565476059913635e+00
1.980271071195602417e+00
3.606560438871383667e+00
1.611183792352676392e+00
2.996688574552536011e+00
1.641538143157958984e+00
1.206371843814849854e+00
2.925268113613128662e+00
3.796646177768707275e+00
1.332026332616806030e+00
1.200787529349327087e+00
2.862564861774444580e+00
1.789222851395606995e+00
2.651234000921249390e+00
1.963200747966766357e+00
4.762998282909393311e+00
2.106408089399337769e+00
1.347048163414001465e+00
2.813824534416198730e+00
1.421173334121704102e+00
1.292040020227432251e+00
2.835280120372772217e+00
3.225797891616821289e+00
1.954502016305923462e+00
2.614652499556541443e+00
2.281623110175132751e+00
1.276047527790069580e+00
1.585381865501403809e+00
1.440076321363449097e+00
3.306131035089492798e+00
1.002784848213195801e+00
3.310542449355125427e+00
1.728628247976303101e+00
1.164226725697517395e+00
1.236483350396156311e+00
2.359086871147155762e+00
1.878635108470916748e+00
2.395487993955612183e+00
1.451884001493453979e+00
2.075953394174575806e+00
8.188135176897048950e-01
2.249115765094757080e+00
2.211167931556701660e+00
2.480268090963363647e+00
2.459411263465881348e+00
2.785470902919769287e+00
1.224399387836456299e+00
2.337525695562362671e+00
1.279711693525314331e+00
2.274531438946723938e+00
1.453132659196853638e+00
4.125854372978210449e+00
2.617534637451171875e+00
1.736579507589340210e+00
1.412125676870346069e+00
2.280776247382164001e+00
1.907563954591751099e+00
3.281023710966110229e+00
1.649802163243293762e+00
3.014712363481521606e+00
2.524460688233375549e+00
1.983173877000808716e+00
3.797168850898742676e+00
2.415082186460494995e+00
2.749482177197933197e+00
1.757174938917160034e+00
3.266032576560974121e+00
1.390190571546554565e+00
2.244397580623626709e+00
1.917247444391250610e+00
1.839576348662376404e+00
2.351313471794128418e+00
2.523851498961448669e+00
2.906941801309585571e+00
1.790861368179321289e+00
9.880718588829040527e-01
1.459887921810150146e+00
3.642795205116271973e+00
1.515581637620925903e+00
2.041376471519470215e+00
2.871488928794860840e+00
3.086155682802200317e+00
3.497084930539131165e+00
2.177801623940467834e+00
1.531929790973663330e+00
3.227843344211578369e+00
2.714463412761688232e+00
2.459156811237335205e+00
1.389393299818038940e+00
2.245072901248931885e+00
1.439756602048873901e+00
2.065609902143478394e+00
4.501594096422195435e+00
2.759299039840698242e+00
2.956489562988281250e+00
1.463555693626403809e+00
3.673523753881454468e+00
2.426801070570945740e+00
1.959032535552978516e+00
1.432531863451004028e+00
2.386651650071144104e+00
3.409408017992973328e+00
3.195107161998748779e+00
1.669630289077758789e+00
2.060345709323883057e+00
2.746990263462066650e+00
1.952916607260704041e+00
2.558836340904235840e+00
3.474288821220397949e+00
2.307310774922370911e+00
3.394254326820373535e+00
2.023319989442825317e+00
3.305523753166198730e+00
1.509337186813354492e+00
5.353973686695098877e+00
2.443596132099628448e+00
3.651606619358062744e+00
3.958296775817871094e+00
2.359360173344612122e+00
1.725690126419067383e+00
3.681504070758819580e+00
2.576274827122688293e+00
1.689590126276016235e+00
1.545352071523666382e+00
1.631131246685981750e+00
2.601828455924987793e+00
1.916985422372817993e+00
2.383111178874969482e+00
1.495609372854232788e+00
1.881629541516304016e+00
1.322114616632461548e+00
2.513046324253082275e+00
3.293223261833190918e+00
3.986534714698791504e+00
1.190566733479499817e+00
1.462793335318565369e+00
1.102386549115180969e+00
1.920490413904190063e+00
2.220676347613334656e+00
1.315098449587821960e+00
2.090105533599853516e+00
2.460261836647987366e+00
3.687458425760269165e+00
1.950082704424858093e+00
2.540749080479145050e+00
2.293779760599136353e+00
2.997094020247459412e+00
1.430502906441688538e+00
2.241303503513336182e+00
1.206444427371025085e+00
2.162341013550758362e+00
1.271354630589485168e+00
2.820381969213485718e+00
2.979471191763877869e+00
2.453412503004074097e+00
1.757179543375968933e+00
9.793236553668975830e-01
2.470847025513648987e+00
2.533569186925888062e+00
3.098016560077667236e+00
1.830378815531730652e+00
1.502678543329238892e+00
1.937118276953697205e+00
1.112268164753913879e+00
2.589833438396453857e+00
2.984904021024703979e+00
4.114445924758911133e+00
1.399785362184047699e+00
1.597674787044525146e+00
2.222416341304779053e+00
1.930430516600608826e+00
2.137499153614044189e+00
3.010234594345092773e+00
1.432269617915153503e+00
2.172209918498992920e+00
2.167012959718704224e+00
2.906002551317214966e+00
1.274219810962677002e+00
1.050652518868446350e+00
1.739662170410156250e+00
2.036996364593505859e+00
2.154319033026695251e+00
9.758768677711486816e-01
2.246148824691772461e+00
1.180342763662338257e+00
2.648914754390716553e+00
1.426519662141799927e+00
1.647796310484409332e+00
2.091581583023071289e+00
2.148180499672889709e+00
1.308598890900611877e+00
3.521826058626174927e+00
1.616870284080505371e+00
3.220946893095970154e+00
1.215764150023460388e+00
2.492574766278266907e+00
1.291498422622680664e+00
1.972186952829360962e+00
2.539402574300765991e+00
1.349530503153800964e+00
2.025366514921188354e+00
2.777587264776229858e+00
2.044000774621963501e+00
1.746764898300170898e+00
2.198148131370544434e+00
4.297667086124420166e+00
2.985233843326568604e+00
2.163922116160392761e+00
2.767162010073661804e+00
2.154250621795654297e+00
1.705507427453994751e+00
2.914499491453170776e+00
1.760975182056427002e+00
3.573680758476257324e+00
2.336229264736175537e+00
1.110407203435897827e+00
1.902301579713821411e+00
1.627665579319000244e+00
2.203864797949790955e+00
2.040492802858352661e+00
1.692239671945571899e+00
8.541022241115570068e-01
8.898597359657287598e-01
2.483782172203063965e+00
1.530780166387557983e+00
1.995817542076110840e+00
3.056225329637527466e+00
2.966394603252410889e+00
2.026017755270004272e+00
2.263386145234107971e+00
5.076376318931579590e+00
1.688016355037689209e+00
1.498794510960578918e+00
1.754599481821060181e+00
1.662643805146217346e+00
3.675247967243194580e+00
3.210501998662948608e+00
3.800801932811737061e+00
4.042677015066146851e+00
1.606520324945449829e+00
2.165864989161491394e+00
9.117796868085861206e-01
1.267826527357101440e+00
1.812385797500610352e+00
9.015864282846450806e-01
3.211338788270950317e+00
2.544251903891563416e+00
2.997143507003784180e+00
2.723748773336410522e+00
3.015155255794525146e+00
2.099306061863899231e+00
1.741130083799362183e+00
1.005576118826866150e+00
1.367907911539077759e+00
2.469181954860687256e+00
1.378921940922737122e+00
1.778642505407333374e+00
2.144622206687927246e+00
1.380391493439674377e+00
2.590078085660934448e+00
3.386316716670989990e+00
1.874069392681121826e+00
1.730471014976501465e+00
1.356034755706787109e+00
1.621433466672897339e+00
2.074825823307037354e+00
1.981919705867767334e+00
2.819689974188804626e+00
3.926693499088287354e+00
1.653421789407730103e+00
1.548149347305297852e+00
1.257494807243347168e+00
2.239355191588401794e+00
1.563863471150398254e+00
1.818945676088333130e+00
2.627040490508079529e+00
2.779202476143836975e+00
2.448271840810775757e+00
2.015356212854385376e+00
2.399172052741050720e+00
2.577942147850990295e+00
2.820767194032669067e+00
2.589332148432731628e+00
2.220054745674133301e+00
1.219950735569000244e+00
1.319025456905364990e+00
1.550983339548110962e+00
1.540292844176292419e+00
1.018527835607528687e+00
2.389211088418960571e+00
2.219150930643081665e+00
2.122939601540565491e+00
2.915893666446208954e+00
1.823979869484901428e+00
1.156343951821327209e+00
3.503476679325103760e+00
2.208704903721809387e+00
2.455997198820114136e+00
1.627046585083007812e+00
1.009790867567062378e+00
1.731355547904968262e+00
5.637167036533355713e+00
2.736378908157348633e+00
1.393995702266693115e+00
4.146841824054718018e+00
1.766758501529693604e+00
2.453404098749160767e+00
3.162917733192443848e+00
4.413466483354568481e+00
1.746259644627571106e+00
1.756618022918701172e+00
3.227668017148971558e+00
5.563428640365600586e+00
1.316631600260734558e+00
3.311831563711166382e+00
8.961836397647857666e-01
4.306224524974822998e+00
1.994604110717773438e+00
1.265416011214256287e+00
1.356089353561401367e+00
2.015102088451385498e+00
1.066277846693992615e+00
2.315353333950042725e+00
2.727299988269805908e+00
2.524875789880752563e+00
7.626419812440872192e-01
3.405931413173675537e+00
3.556290507316589355e+00
2.035487949848175049e+00
1.225857138633728027e+00
2.666477471590042114e+00
1.934194236993789673e+00
3.013074040412902832e+00
2.167327672243118286e+00
1.810358151793479919e+00
3.184541881084442139e+00
4.898976713418960571e+00
1.940291494131088257e+00
2.144951507449150085e+00
2.023972779512405396e+00
1.473152443766593933e+00
3.327050447463989258e+00
1.631672888994216919e+00
3.611881822347640991e+00
1.330282539129257202e+00
2.659710198640823364e+00
1.620711326599121094e+00
1.341371789574623108e+00
1.465293675661087036e+00
2.820501118898391724e+00
1.210348561406135559e+00
3.031427830457687378e+00
3.354495555162429810e+00
1.017556264996528625e+00
3.217113688588142395e+00
4.194483637809753418e+00
2.395196810364723206e+00
3.203904286026954651e+00
1.219496846199035645e+00
8.081332445144653320e-01
1.167793735861778259e+00
1.692044526338577271e+00
9.523629844188690186e-01
4.915909111499786377e+00
1.987684607505798340e+00
1.642545580863952637e+00
2.952609807252883911e+00
1.097741246223449707e+00
2.260977774858474731e+00
2.224864423274993896e+00
1.634827554225921631e+00
3.403822124004364014e+00
2.290825277566909790e+00
1.438875406980514526e+00
2.310489147901535034e+00
2.193135797977447510e+00
2.284428149461746216e+00
3.817335605621337891e+00
1.107489332556724548e+00
2.187248766422271729e+00
3.298326909542083740e+00
2.071162372827529907e+00
2.017786979675292969e+00
2.804009459912776947e+00
1.408169627189636230e+00
2.269016146659851074e+00
2.790038064122200012e+00
2.648049622774124146e+00
4.185428202152252197e+00
4.359690248966217041e+00
2.637221485376358032e+00
1.756215915083885193e+00
1.961389303207397461e+00
2.373167425394058228e+00
2.496180176734924316e+00
2.453279852867126465e+00
2.143963932991027832e+00
3.158369682729244232e+00
1.380939111113548279e+00
3.431809008121490479e+00
1.477762922644615173e+00
1.290255144238471985e+00
2.510735765099525452e+00
3.019205361604690552e+00
1.846085011959075928e+00
3.898958623409271240e+00
1.830711245536804199e+00
1.796251744031906128e+00
2.821522936224937439e+00
4.654623210430145264e+00
1.725331485271453857e+00
1.524483576416969299e+00
1.960877656936645508e+00
3.349724993109703064e+00
2.623376652598381042e+00
2.120463848114013672e+00
9.253993034362792969e-01
2.532858595252037048e+00
1.517852216958999634e+00
2.150581270456314087e+00
2.156911283731460571e+00
3.401560068130493164e+00
2.579445898532867432e+00
2.929283499717712402e+00
3.556785881519317627e+00
2.181646898388862610e+00
3.788702845573425293e+00
2.646250993013381958e+00
1.640635758638381958e+00
3.660741381347179413e+00
2.794014334678649902e+00
8.816405385732650757e-01
3.103156149387359619e+00
3.703852720558643341e+00
4.075387209653854370e+00
2.030192375183105469e+00
4.217636257410049438e+00
1.484578654170036316e+00
2.256638526916503906e+00
1.881625175476074219e+00
2.524938762187957764e+00
2.601493984460830688e+00
