4.144606769084930420e+00
1.893550723791122437e+00
6.893881037831306458e-01
1.730838045477867126e-01
9.105910547077655792e-02
9.230440668761730194e-02
4.450636077672243118e-02
4.972764058038592339e-02
4.416359122842550278e-02
1.446055213455110788e-02
1.308028295170515776e-02
1.245746540371328592e-02
1.690177852287888527e-02
1.162826130166649818e-02
7.833449228201061487e-03
6.429326895158737898e-03
5.360106530133634806e-03
5.442930152639746666e-02
3.635308612138032913e-02
3.380301460856571794e-02
5.531416845042258501e-02
2.635366015601903200e-02
3.364714095368981361e-02
2.345728268846869469e-02
2.271912782453000546e-02
1.781233400106430054e-02
2.182269748300313950e-02
2.095495653338730335e-02
1.537535234820097685e-02
1.062108448240906000e-02
2.705711952876299620e-02
3.880733210826292634e-02
4.065613832790404558e-02
3.945093310903757811e-03
1.055143645498901606e-02
5.612057400867342949e-03
3.321674605831503868e-02
1.292673801071941853e-02
2.359551796689629555e-02
2.707199734868481755e-02
2.153999498113989830e-02
1.437431026715785265e-02
2.052568149520084262e-02
8.570077887270599604e-03
3.478282107971608639e-02
3.494864818640053272e-02
7.446492731105536222e-03
2.595971920527517796e-02
2.246134646702557802e-02
6.236731831450015306e-03
2.925917180255055428e-02
2.446467115078121424e-03
1.393977765110321343e-02
2.546609099954366684e-02
9.161453956039622426e-03
2.475629060063511133e-02
2.738729375414550304e-02
2.180875520571134984e-02
2.014126948779448867e-03
1.824147120350971818e-02
1.920847978908568621e-02
1.293659064685925841e-02
4.816762782866135240e-03
2.036718896124511957e-02
1.038962657912634313e-02
2.776451525278389454e-02
9.900761215249076486e-03
1.288204538286663592e-02
3.952955640852451324e-02
1.350216765422374010e-02
1.748108357423916459e-02
1.274169786483980715e-02
5.297827738104388118e-03
1.828035421203821898e-02
1.327911968110129237e-02
1.376212906325235963e-02
2.925494412193074822e-02
5.337369802873581648e-03
6.441449222620576620e-03
1.064169904566369951e-02
1.271428196923807263e-02
1.836405970971100032e-02
2.751716983038932085e-02
2.064411411993205547e-02
9.487529750913381577e-03
3.094742569373920560e-03
2.145206107525154948e-02
2.619876593234948814e-02
1.944932085461914539e-02
9.628465806599706411e-03
2.019824204035103321e-02
7.145867217332124710e-03
1.022451813332736492e-02
1.899436161329504102e-02
1.876660203561186790e-02
3.539471159456297755e-03
1.307379326317459345e-02
2.899173676269128919e-03
1.552396314218640327e-02
4.651383380405604839e-03
1.280839135870337486e-02
7.587032683659344912e-03
1.965803920757025480e-02
7.075007364619523287e-03
3.457610448822379112e-02
9.721753827761858702e-03
1.679485943168401718e-02
1.980987031129188836e-02
6.091950577683746815e-03
2.693144511431455612e-02
1.089654481620527804e-02
2.999311254825443029e-03
1.705745770595967770e-02
1.908536267001181841e-02
5.926323225139640272e-03
1.222966704517602921e-02
1.489213568856939673e-02
1.734156519523821771e-02
2.318739439942874014e-03
3.680862762848846614e-03
2.819947956595569849e-03
7.238274440169334412e-03
1.352318661520257592e-02
3.343225078424438834e-03
6.441028614062815905e-03
6.298416657955385745e-03
7.981204253155738115e-03
6.049040472134947777e-03
7.772944460157305002e-03
1.654067670460790396e-02
8.442574500804767013e-03
5.244377185590565205e-03
3.395311417989432812e-03
2.355681601329706609e-02
6.063199980417266488e-03
1.795515374396927655e-03
9.425750904483720660e-03
1.173463923623785377e-02
6.716132629662752151e-03
5.043078039307147264e-03
1.202648694743402302e-02
9.303861937951296568e-03
1.185914943926036358e-02
8.973669959232211113e-03
1.119843591004610062e-02
2.118373844132293016e-02
1.847250992432236671e-02
8.643872686661779881e-03
3.100420377450063825e-03
7.352010987233370543e-03
4.728573359898291528e-03
1.002278247324284166e-02
8.505537669407203794e-03
1.119240943808108568e-02
1.246497035026550293e-02
4.164245037827640772e-03
1.071574445813894272e-02
4.994367249310016632e-03
1.104655500967055559e-02
1.353779310011304915e-02
3.779384336667135358e-03
6.333107885438948870e-03
1.400883682072162628e-02
3.534196293912827969e-03
6.795511697418987751e-03
6.478378520114347339e-03
9.215411002514883876e-03
1.523992163129150867e-03
3.693602600833401084e-03
1.766317780129611492e-02
1.778723247116431594e-02
7.833874027710407972e-03
2.731420507188886404e-03
2.108799788402393460e-03
6.515176617540419102e-03
7.257901073899120092e-03
2.140450043953023851e-03
1.726928778225556016e-03
1.162636920344084501e-02
1.081558282021433115e-02
5.407930002547800541e-03
3.880099306115880609e-03
2.274035313166677952e-02
1.241266110446304083e-02
3.144512651488184929e-03
3.720823588082566857e-03
7.160136243328452110e-03
5.205416251556016505e-03
4.723794409073889256e-03
1.901874458417296410e-02
9.918127587297931314e-03
3.359078749781474471e-03
7.829000358469784260e-03
8.622559020295739174e-03
5.688654026016592979e-03
1.029116639983840287e-02
1.819576750858686864e-02
1.706187165109440684e-02
4.778588452609255910e-03
2.921859704656526446e-03
3.375517262611538172e-03
2.137646748451516032e-03
7.382395910099148750e-03
8.476304181385785341e-03
1.624270269530825317e-03
1.167377762612886727e-03
4.209190723486244678e-03
2.785124757792800665e-03
5.931966516072861850e-03
4.501176852500066161e-03
6.106005530455149710e-03
8.349756069947034121e-03
4.689813853474333882e-03
6.956739642191678286e-03
6.280494708335027099e-03
8.836578053887933493e-04
2.760072355158627033e-03
6.158399861305952072e-03
2.177163361920975149e-03
5.390493606682866812e-03
1.207988115493208170e-02
8.493657107464969158e-03
4.215819935780018568e-03
1.344321899523492903e-02
7.106589473551139235e-04
5.063512799097225070e-03
3.101076435996219516e-03
3.133336096652783453e-03
1.619902002857998013e-03
2.250312536489218473e-03
6.869397344416938722e-03
5.708905140636488795e-03
1.204691083694342524e-02
6.184360623592510819e-03
2.006905211601406336e-03
2.767477242741733789e-03
1.928009437688160688e-02
2.506872173398733139e-03
1.028020435478538275e-02
6.450770742958411574e-03
4.289303658879362047e-03
9.456810454139485955e-03
2.686665538931265473e-03
6.467476574471220374e-03
4.495535424211993814e-03
1.164860004791989923e-03
5.567832791712135077e-03
4.717651929240673780e-03
4.422658486873842776e-03
2.929089372628368437e-03
7.113274506991729140e-03
5.262709688395261765e-03
3.487009555101394653e-03
3.955115709686651826e-03
2.298190622241236269e-03
1.226575535838492215e-03
2.282052344526164234e-03
4.523963434621691704e-03
5.936031695455312729e-03
1.408783195074647665e-02
1.118511465028859675e-02
1.058777712751179934e-02
8.077725011389702559e-03
1.587100319738965482e-02
8.674988232087343931e-03
6.624466506764292717e-03
8.948422735556960106e-03
9.710576734505593777e-03
1.598768794792704284e-03
4.917559563182294369e-03
1.192848115169908851e-02
1.177055764128454030e-02
3.872856163070537150e-03
3.483815438812598586e-03
1.060338703973684460e-02
2.548816497437655926e-03
5.424240371212363243e-03
4.913949305773712695e-03
8.089492126600816846e-03
1.667320146225392818e-03
3.730392083525657654e-03
1.225082752353046089e-02
1.089488578145392239e-03
4.847187316045165062e-03
5.307493614964187145e-03
4.035648104036226869e-03
4.411624206113629043e-03
3.697434163768775761e-03
4.728739862912334502e-03
8.377380334422923625e-03
1.334246902843005955e-02
1.813663676148280501e-02
1.540026301518082619e-02
5.772817152319476008e-03
1.998978696065023541e-03
1.784953463356941938e-03
4.444973397767171264e-03
7.084243145072832704e-03
4.477545764530077577e-03
2.956063864985480905e-03
4.937018034979701042e-03
1.074056152720004320e-02
7.655463545233942568e-03
6.369455659296363592e-03
2.511243248591199517e-03
9.615209550247527659e-03
7.123717921786010265e-03
6.794080021791160107e-03
3.408150776522234082e-03
4.800551279913634062e-03
1.059517395333386958e-03
4.109974834136664867e-03
4.518855101196095347e-03
8.049767042393796146e-03
4.147463740082457662e-03
1.840757191530428827e-03
2.322213782463222742e-03
5.758885177783668041e-03
1.601242474862374365e-03
1.206339051714166999e-02
6.908154959091916680e-03
3.985435439972206950e-03
1.086145275621674955e-03
3.250063586165197194e-03
5.302714766003191471e-03
2.709964508539997041e-03
6.113544281106442213e-03
2.837578358594328165e-03
4.603903958923183382e-03
2.393722315900959074e-03
1.990172968362458050e-03
3.996142942924052477e-03
6.337512633763253689e-03
7.176087077823467553e-03
6.754300062311813235e-03
6.878393731312826276e-03
3.177237449563108385e-03
1.258916017832234502e-03
3.174223587848246098e-03
1.600033702561631799e-02
5.383810028433799744e-03
3.106642558122985065e-03
1.099070033524185419e-02
2.384457504376769066e-03
6.045799207640811801e-03
2.174054199713282287e-03
3.145678405417129397e-03
5.872405308764427900e-03
3.402314425329677761e-03
5.291322173434309661e-03
2.853414858691394329e-03
1.149187737610191107e-03
2.909885268309153616e-03
3.882742545101791620e-03
5.217039753915742040e-03
4.285926741431467235e-03
4.570090852212160826e-03
2.660238766111433506e-03
6.806865712860599160e-03
3.497975703794509172e-03
1.067264856828842312e-03
1.145639456808567047e-03
3.394076047698035836e-03
1.327542515355162323e-03
5.640608156681992114e-03
1.014948531519621611e-03
6.282259695581160486e-03
5.249704161542467773e-03
5.703732604160904884e-03
4.307941446313634515e-03
4.500204202486202121e-03
1.799783814931288362e-03
5.810456088511273265e-03
2.504542208043858409e-03
1.913326355861499906e-03
3.070183054660446942e-03
3.572577363229356706e-03
3.240985854063183069e-03
2.586759568657726049e-03
5.138674736372195184e-03
5.174446268938481808e-03
2.152234854293055832e-03
1.358890673145651817e-03
7.938851194921880960e-03
2.631794399349018931e-03
2.693293019547127187e-03
1.892650907393544912e-03
3.363847965374588966e-03
1.222917313862126321e-02
6.239083188120275736e-03
2.949135508970357478e-03
7.568015193101018667e-03
4.459109710296615958e-03
7.978338078828528523e-03
3.930594131816178560e-03
2.706682265852577984e-03
1.900883638882078230e-03
2.527268763515166938e-03
1.398945823893882334e-03
2.662553684785962105e-03
4.186870966805145144e-03
5.428482487332075834e-03
5.697439482901245356e-03
2.058579673757776618e-03
4.033155477372929454e-03
4.462280485313385725e-03
1.995201790123246610e-03
4.020076070446521044e-03
1.155896810814738274e-03
2.933811949333176017e-03
1.217901837662793696e-03
5.777606740593910217e-03
2.091733491397462785e-03
6.027890121913515031e-03
4.147768588154576719e-03
3.614443936385214329e-03
3.676357591757550836e-03
2.386053354712203145e-03
2.293036450282670557e-03
5.018494906835258007e-03
2.669378882274031639e-03
6.089152011554688215e-03
4.365404893178492785e-03
3.878726885886862874e-03
6.877061066916212440e-03
3.988097014371305704e-03
1.488791254814714193e-03
2.072398143354803324e-03
1.148187453509308398e-03
1.764075888786464930e-03
3.048590966500341892e-03
9.890467161312699318e-03
1.802049591788090765e-03
7.532310977694578469e-03
2.312726370291784406e-03
3.102134171058423817e-03
2.155172609491273761e-03
2.745496734860353172e-03
6.754966030712239444e-03
5.353404820198193192e-03
1.737769081955775619e-03
1.592622138559818268e-03
2.705267790588550270e-03
5.408169512520544231e-03
4.049954848596826196e-03
2.288280782522633672e-03
5.556517571676522493e-03
2.304663066752254963e-03
2.723980491282418370e-03
4.799272544914856553e-03
3.494453456369228661e-03
1.388752207276411355e-03
2.543567563407123089e-03
2.567156581790186465e-03
1.929289501276798546e-03
3.077265850151889026e-03
2.265313334646634758e-03
2.065428416244685650e-03
2.691893707378767431e-03
2.488684243871830404e-03
3.266486368374899030e-03
1.379146648105233908e-03
6.146465995698235929e-03
3.574504924472421408e-03
4.783120850333943963e-03
3.995478706201538444e-03
2.269511373015120625e-03
1.970977726159617305e-03
3.801424754783511162e-03
3.298650233773514628e-03
3.032730164704844356e-03
8.041606342885643244e-04
2.560834152973257005e-03
2.785599819617345929e-03
1.941350346896797419e-03
2.201679468271322548e-03
4.407429427374154329e-03
3.912792075425386429e-03
2.011298362049274147e-03
5.072382540674880147e-03
3.835227515082806349e-03
2.054830780252814293e-03
3.233637049561366439e-03
1.416203856933861971e-03
1.293621484364848584e-03
2.908043446950614452e-03
2.514037376386113465e-03
2.816522101056762040e-03
5.319710006006062031e-03
3.807997287367470562e-03
1.614667853573337197e-03
1.038734772009775043e-03
2.180408278945833445e-03
1.022280928737018257e-03
9.544680709950625896e-03
2.080585109069943428e-03
1.197477162349969149e-03
3.079381989664398134e-03
2.968737157061696053e-03
2.955753880087286234e-03
9.910513326758518815e-04
3.741988562978804111e-03
7.121960181393660605e-03
2.574481884948909283e-03
7.707295910222455859e-03
2.081523489323444664e-03
3.551914269337430596e-03
4.465340898605063558e-03
3.032226704817730933e-03
1.974898463231511414e-03
1.656856416957452893e-03
1.387084572343155742e-03
1.907073281472548842e-03
4.512885760050266981e-03
1.588611878105439246e-03
6.700902158627286553e-03
3.481610576272942126e-03
8.475464186631143093e-03
1.748588023474439979e-03
2.311959629878401756e-03
1.394503226038068533e-03
1.136824634158983827e-03
3.864766098558902740e-03
2.558966079959645867e-03
8.645918802358210087e-03
6.552745384396985173e-03
2.140499360393732786e-03
3.143420894048176706e-03
8.405728731304407120e-04
2.489508216967806220e-03
5.050560983363538980e-03
5.496171419508755207e-03
3.234818825148977339e-03
2.823852948495186865e-03
7.756325358059257269e-03
8.661304847919382155e-03
4.642847634386271238e-03
2.921658713603392243e-03
3.206447028787806630e-03
2.721407960052601993e-03
5.801663792226463556e-03
8.048535804846324027e-03
1.563950383570045233e-03
4.162046941928565502e-03
9.189186966978013515e-04
3.719126922078430653e-03
4.727818784886039793e-03
3.352057174197398126e-03
1.979211374418810010e-03
7.838152523618191481e-04
3.364371834322810173e-03
9.939041920006275177e-04
3.401695284992456436e-03
1.653088009334169328e-03
1.331093313638120890e-03
6.903877219883725047e-04
2.211652623373083770e-03
1.937742170412093401e-03
2.620162689709104598e-03
2.348180336412042379e-03
6.522790790768340230e-03
1.621119547053240240e-03
3.051408173632808030e-03
2.482419149600900710e-03
8.746872626943513751e-04
5.367392368498258293e-03
6.239742986508645117e-03
1.355678861727938056e-03
1.026553087285719812e-03
3.698831424117088318e-03
1.374257655697874725e-03
3.416281979298219085e-03
3.106222815404180437e-03
7.438912056386470795e-03
1.865969781647436321e-03
1.264219798031263053e-03
3.717366751516237855e-03
1.336838962743058801e-03
1.106059440644457936e-03
3.621722586103715003e-03
4.325821762904524803e-03
2.118125907145440578e-03
4.637935620849020779e-03
1.947234835824929178e-03
1.596170142875052989e-03
1.543114049127325416e-03
1.518581833806820214e-03
3.399895533220842481e-03
6.353720236802473664e-04
5.578241689363494515e-03
1.641900016693398356e-03
8.296698215417563915e-04
1.114034414058551192e-03
4.190619976725429296e-03
1.410549943102523685e-03
2.176004694774746895e-03
1.301804426475428045e-03
3.554589813575148582e-03
5.838203578605316579e-04
2.084757448756136000e-03
3.511067247018218040e-03
2.999646283569745719e-03
2.901438303524628282e-03
2.870329044526442885e-03
8.984552696347236633e-04
3.917412570444867015e-03
1.799509162083268166e-03
3.286642153398133814e-03
9.756574872881174088e-04
7.901444223534781486e-03
2.637564350152388215e-03
2.615665609482675791e-03
1.205491731525398791e-03
2.326414993149228394e-03
1.530251349322497845e-03
7.198763865744695067e-03
1.194182405015453696e-03
3.913568973075598478e-03
3.931232000468298793e-03
2.835302846506237984e-03
6.119451660197228193e-03
3.245775907998904586e-03
3.453522935160435736e-03
1.976176063180901110e-03
4.307944269385188818e-03
1.389901211950927973e-03
4.404094273922964931e-03
1.786728040315210819e-03
2.082062295812647790e-03
3.221989929443225265e-03
2.684524763026274741e-03
3.445013804594054818e-03
1.712191995466127992e-03
9.031567315105348825e-04
1.092108141165226698e-03
5.233964999206364155e-03
1.437344195437617600e-03
3.095838852459564805e-03
3.326606500195339322e-03
3.189233553712256253e-03
5.506737856194376945e-03
4.694461676990613341e-03
9.427962068002671003e-04
6.847507218481041491e-03
4.397431184770539403e-03
5.354159176931716502e-03
1.779000594979152083e-03
2.317795457202009857e-03
1.371780963381752372e-03
2.197285823058336973e-03
6.364699918776750565e-03
3.435466860537417233e-03
3.626183548476547003e-03
1.493833115091547370e-03
5.124062867253087461e-03
2.268645010190084577e-03
1.776340359356254339e-03
1.083092240151017904e-03
3.370072343386709690e-03
3.703117101395037025e-03
5.095063839689828455e-03
1.773980897269211709e-03
2.280463464558124542e-03
4.783580865478143096e-03
1.682682515820488334e-03
3.423682588618248701e-03
4.726620318251661956e-03
2.315277495654299855e-03
5.860253586433827877e-03
2.360591155593283474e-03
5.367021803976967931e-03
2.887753071263432503e-03
9.430894628167152405e-03
2.110946355969645083e-03
6.273233011597767472e-03
6.074924487620592117e-03
2.654191092005930841e-03
1.831169473007321358e-03
5.068894126452505589e-03
2.113511436618864536e-03
2.112821573973633349e-03
1.021216303342953324e-03
2.996274255565367639e-03
5.936917725193779916e-03
3.736173268407583237e-03
2.300039253896102309e-03
2.317758255230728537e-03
2.602607448352500796e-03
9.853852970991283655e-04
4.451093758689239621e-03
4.599319421686232090e-03
9.198857151204720140e-03
8.802459196886047721e-04
1.314606794039718807e-03
7.616647781105712056e-04
2.501480463251937181e-03
2.089726956910453737e-03
8.488552848575636744e-04
4.058947451994754374e-03
2.338925492949783802e-03
5.017387215048074722e-03
1.878693219623528421e-03
2.095374991768039763e-03
2.228534576715901494e-03
6.028557785612065345e-03
1.359919813694432378e-03
3.277671959949657321e-03
8.143310988089069724e-04
3.341030147566925734e-03
1.013086934108287096e-03
2.686753941816277802e-03
2.982676305691711605e-03
2.651729912031441927e-03
1.646068121772259474e-03
8.101816201815381646e-04
1.821387682866770774e-03
1.841594479628838599e-03
4.366217079223133624e-03
1.419357562554068863e-03
1.057143323123455048e-03
1.790828289813362062e-03
1.005517566227354109e-03
3.338206326588988304e-03
3.078196154092438519e-03
7.382152834907174110e-03
9.296316275140270591e-04
1.420894710463471711e-03
4.200631068670190871e-03
1.295863898121751845e-03
2.035228288150392473e-03
3.770517650991678238e-03
1.025812875013798475e-03
2.075402153423056006e-03
1.950298465089872479e-03
3.714936698088422418e-03
8.736661984585225582e-04
6.550892576342448592e-04
1.471325085731223226e-03
1.992547506233677268e-03
2.080151461996138096e-03
8.121914579533040524e-04
2.214915206423029304e-03
1.219190366100519896e-03
2.240016881842166185e-03
1.051710991305299103e-03
1.183144901006016880e-03
2.840369095792993903e-03
3.212707073544152081e-03
1.476376106438692659e-03
3.735699006938375533e-03
1.625042903469875455e-03
3.578964446205645800e-03
1.028682221658527851e-03
2.385546962614171207e-03
9.952645559678785503e-04
3.814200797933153808e-03
2.717036695685237646e-03
1.154981146100908518e-03
1.534644019557163119e-03
3.517309072776697576e-03
1.834452996263280511e-03
1.454914454370737076e-03
2.209154525189660490e-03
7.027525338344275951e-03
6.878359185066074133e-03
2.569688491348642856e-03
2.976175484945997596e-03
4.151616260060109198e-03
2.301645596162416041e-03
4.721464632893912494e-03
1.854124944657087326e-03
7.511779753258451819e-03
2.851785982784349471e-03
8.843995165079832077e-04
1.491967646870762110e-03
1.345958356978371739e-03
1.845534381573088467e-03
2.163751196349039674e-03
1.595275054569356143e-03
6.101358449086546898e-04
6.746005456079728901e-04
2.611918316688388586e-03
1.737591097480617464e-03
1.553642956423573196e-03
2.754915898549370468e-03
5.152858677320182323e-03
2.488401136361062527e-03
3.214514224964659661e-03
8.147790955263189971e-03
2.026309346547350287e-03
2.447232283884659410e-03
1.894893597636837512e-03
2.080065809423103929e-03
8.147314103553071618e-03
3.932763851480558515e-03
6.160613789688795805e-03
5.434484977740794420e-03
1.363579605822451413e-03
3.043285803869366646e-03
1.146831556980032474e-03
1.180247272714041173e-03
2.512909122742712498e-03
6.192035434651188552e-04
4.385176252981182188e-03
2.253092854516580701e-03
3.269252658355981112e-03
4.415685092681087554e-03
3.065188269829377532e-03
1.629063874133862555e-03
1.642650546273216605e-03
6.605499220313504338e-04
1.078413595678284764e-03
3.424811278819106519e-03
9.554271673550829291e-04
1.506234781118109822e-03
2.004379741265438497e-03
1.291601132834330201e-03
2.017439357587136328e-03
4.042165528517216444e-03
1.757201447617262602e-03
1.526197978819254786e-03
1.307110986090265214e-03
1.166457557701505721e-03
3.344180920976214111e-03
1.999275089474394917e-03
4.351948649855330586e-03
1.033707070746459067e-02
1.670513192948419601e-03
1.391043973853811622e-03
8.169402135536074638e-04
2.942354622064158320e-03
2.387018343142699450e-03
2.041953950538299978e-03
3.322481090435758233e-03
3.007622479344718158e-03
4.215714579913765192e-03
2.143186196917667985e-03
2.566728653619065881e-03
2.392165246419608593e-03
3.235739422962069511e-03
3.942231764085590839e-03
3.345086050103418529e-03
9.218050836352631450e-04
1.370810321532189846e-03
1.689948156126774848e-03
1.118255982873961329e-03
8.496177251799963415e-04
1.896984351333230734e-03
2.740362368058413267e-03
3.012416535057127476e-03
2.600680039904545993e-03
2.073702155030332506e-03
8.338569314219057560e-04
4.196764377411454916e-03
3.457793180132284760e-03
2.954569034045562148e-03
2.444323057716246694e-03
8.667717265780083835e-04
1.808589149732142687e-03
1.060855653486214578e-02
3.927800746168941259e-03
1.870941392553504556e-03
7.324259699089452624e-03
1.689988916041329503e-03
2.015288671827875078e-03
3.578067029593512416e-03
8.942525164457038045e-03
1.986591712920926511e-03
1.498131750850006938e-03
3.968285629525780678e-03
1.047631044639274478e-02
1.446866685000713915e-03
4.181425960268825293e-03
6.040602893335744739e-04
7.282050239155068994e-03
1.597891765413805842e-03
1.063225034158676863e-03
9.308947483077645302e-04
2.255353276268579066e-03
7.898998301243409514e-04
2.381392521783709526e-03
4.329042916651815176e-03
2.459585579345002770e-03
5.137219413882121444e-04
5.830719746882095933e-03
5.591733264736831188e-03
1.888502461952157319e-03
8.425429623457603157e-04
2.943839601357467473e-03
2.501625654986128211e-03
3.424580681894440204e-03
2.422044941340573132e-03
1.847803505370393395e-03
4.330474359448999166e-03
1.252249123353976756e-02
3.844069535261951387e-03
1.650261125178076327e-03
2.344152700970880687e-03
1.068386496626771986e-03
6.735903094522655010e-03
1.505195730715058744e-03
4.462431650608778000e-03
9.691800805740058422e-04
4.565736293443478644e-03
1.779134443495422602e-03
8.756353345233947039e-04
1.188187190564349294e-03
3.655780921690165997e-03
7.704509625909850001e-04
4.518088535405695438e-03
3.060811926843598485e-03
7.630899053765460849e-04
3.650693077361211181e-03
6.640413033892400563e-03
2.518103952752426267e-03
6.402396989869885147e-03
1.028001803206279874e-03
6.632835211348719895e-04
8.471021865261718631e-04
1.483951709815301001e-03
7.789248702465556562e-04
8.294493425637483597e-03
1.651880957069806755e-03
1.616803041542880237e-03
4.354341072030365467e-03
1.318177921348251402e-03
2.900394290918484330e-03
2.055351680610328913e-03
1.711762481136247516e-03
4.749496350996196270e-03
2.527277989429421723e-03
1.026255471515469253e-03
2.690180845092982054e-03
2.024674322456121445e-03
2.176064779632724822e-03
4.382693645311519504e-03
1.051010745868552476e-03
3.021556447492912412e-03
4.034130746731534600e-03
1.921389193739742041e-03
2.071128823445178568e-03
3.692023332405369729e-03
1.143670218880288303e-03
2.354099604417569935e-03
3.200493287295103073e-03
3.777475911192595959e-03
6.754417292540892959e-03
8.247712554293684661e-03
3.022514865733683109e-03
1.382472721161320806e-03
2.232125494629144669e-03
6.037039769580587745e-03
4.240108697558753192e-03
3.988038435636553913e-03
2.562369205406866968e-03
3.197913953044917434e-03
9.404682641616091132e-04
3.796043951297178864e-03
1.179261118522845209e-03
1.380833673465531319e-03
4.571549463435076177e-03
3.867939289193600416e-03
1.765626017004251480e-03
5.361940129660069942e-03
1.769832429999951273e-03
1.428048810339532793e-03
3.957197077397722751e-03
8.835886372253298759e-03
1.839461154304444790e-03
1.502947765402495861e-03
1.538622425869107246e-03
3.765529007068835199e-03
3.112258666078560054e-03
1.975876250071451068e-03
6.766566075384616852e-04
5.317673421814106405e-03
1.110497905756346881e-03
1.931466191308572888e-03
2.877348502806853503e-03
4.662207560613751411e-03
2.741749805863946676e-03
3.143016205285675824e-03
5.864303580892737955e-03
1.396621315507218242e-03
4.950381553499028087e-03
3.375302330823615193e-03
2.095521151204593480e-03
4.879854524915572256e-03
4.600197484251111746e-03
5.957910325378179550e-04
3.798386285779997706e-03
5.750713578891009092e-03
7.162741763750091195e-03
4.468090541195124388e-03
6.255706714000552893e-03
2.223833427706267685e-03
1.883602861198596656e-03
1.531058587715961039e-03
3.462241700617596507e-03
2.740125259151682258e-03
