2.295313080151875962e+00
1.854848265647888184e+00
1.331400632858276367e+00
8.304191827774047852e-01
5.527895987033843994e-01
4.255159000555674420e-01
2.816414634386698590e-01
1.890463531017303467e-01
1.169784118731816563e-01
6.190298621853192879e-02
1.943343256910641872e-02
2.867482913037141048e-02
1.124235180517037767e-02
6.720880512148141861e-03
8.829438748459020672e-03
5.568235026051600485e-03
3.510423470288515091e-03
4.008016859491666389e-02
7.926139670113721905e-03
3.025078276793162144e-02
1.420720914999643904e-02
3.959792852401733398e-02
3.472273672620455193e-02
9.852797103424867572e-03
4.685530749460061102e-03
2.781888656318187714e-02
1.685946993529796600e-02
6.481804419308900833e-03
5.118749725321928949e-03
5.603147204965353012e-03
2.473221595088640964e-02
8.292419835925102234e-03
9.514948042730489788e-03
4.943278152495622635e-03
4.110562382265925407e-03
1.011765841394662857e-02
2.678631556530793392e-02
5.373552286376555472e-03
1.168431124339501005e-02
5.864654357234637232e-03
2.003606905539830410e-02
3.167491095761457934e-03
9.678884098927179394e-03
3.345805841187635913e-03
2.728221875925858700e-02
1.705588462452093876e-02
3.771973075345158577e-03
7.250721100717782974e-03
2.368523816888531194e-03
2.840922214090824127e-03
2.605405248080690846e-03
4.515849053859710693e-03
9.640710117916265545e-03
1.337110996246337891e-02
2.987444944058855519e-03
8.321831002831459045e-03
3.286858322098851204e-03
2.434007668246825681e-03
1.996352570131421089e-03
6.162169078985850305e-03
8.099672539780536709e-03
3.220668373008569226e-03
2.427735521147648349e-03
1.273678087939818758e-02
2.414608451848228917e-03
1.145127788186073303e-02
7.448818224171797724e-03
2.144359610974788666e-02
7.018116147567828207e-03
2.201903223370512471e-03
3.399081140135725484e-03
3.441220149397850037e-03
1.020920028289159197e-02
1.120100667079289812e-02
3.886454428235689654e-03
1.620337987939516819e-02
1.640053271936873667e-03
6.164379262675841360e-03
3.709725569933652878e-03
1.448306061017016642e-03
3.242159029468894005e-03
5.442126343647639246e-03
3.019371442496776581e-02
4.653327011813719778e-03
2.310435442874828830e-03
6.205104291439056396e-03
1.895280430714289463e-02
5.402056655536095590e-03
1.615605355861286395e-03
3.122067466999093547e-03
1.660233557534714468e-03
3.284401958808302879e-03
1.605511177331209183e-03
2.250419246653715885e-02
4.419847236325343161e-03
7.017584828039010077e-03
3.837386689459284291e-03
2.569036403050025449e-03
3.412600761900345340e-03
2.420947266121705518e-03
6.863352997849385233e-03
3.017858912547429547e-03
1.581363923226793535e-03
1.461633325864871271e-03
2.662993346651395307e-03
8.810606785118579865e-03
4.819165449589490891e-03
1.201771898195147514e-03
8.945558608199158943e-04
2.371722909932335362e-03
1.840006482476989500e-03
2.631678634012738719e-03
6.700226416190465002e-03
2.240675501525402069e-03
2.018401554475227847e-03
7.131994701921939850e-03
3.436207616080840573e-03
9.675788072248300278e-04
1.389647834002971649e-03
3.151220890382925525e-03
1.643233350478112698e-03
1.064287964254617691e-03
3.883785024906198039e-03
8.601970621384680271e-04
1.084507753451665170e-03
1.491740151929358714e-03
4.316173261031508446e-03
2.638140227645635605e-03
4.029360522205631227e-03
6.034402176737785339e-03
9.472079691477119923e-04
2.775483997538685799e-03
1.479159963006774657e-03
2.823578814665476337e-03
1.711926228987673991e-03
7.729542752106984167e-03
5.240242773046095877e-03
1.316955196671187878e-03
4.373546534528334646e-03
1.198397755312422984e-03
6.207255957027276068e-03
1.595375554946561582e-03
2.743366019179423795e-03
2.945391771694024548e-03
3.824663426106174931e-03
4.604385234415531158e-03
2.748288136596480861e-03
8.147768676280975342e-04
9.949179948307573795e-04
1.276315422728657722e-03
3.227293258532881737e-03
6.816126561413208933e-03
1.014527961766968243e-03
1.248730657001336473e-02
3.668539381275574222e-03
5.658667534589767456e-03
9.545321886738141956e-03
1.419360322567323916e-03
4.462718497961759567e-03
1.246841042302548885e-03
1.880857977084815502e-03
7.075229504456122427e-03
5.817285738885402679e-03
8.572181298707922661e-04
2.351594390347599983e-03
2.274238892520467296e-03
7.352660953377684319e-04
8.483036071993410587e-04
4.138288320973515511e-03
6.985215470194816589e-03
8.325897312412658749e-03
1.346511611094077356e-03
2.889322194581230626e-03
1.404926452475289576e-03
4.767572041600942612e-03
9.875328202421467232e-04
8.125068464626868927e-04
2.415656577795743942e-03
5.599061492830514908e-03
1.744412467814981937e-03
7.334203886178632939e-04
4.614855162799358368e-03
6.275433736542860956e-03
2.055615807573000445e-03
9.570660962102314198e-04
1.605165152189632185e-03
6.997987899618843830e-04
3.000316753362616048e-03
1.281069281200567954e-03
3.319055928538242831e-03
8.582456891114512718e-04
1.228176872245967388e-03
2.592232776805758476e-03
7.066527032293379307e-04
1.853640540502965450e-03
1.643084998552997835e-03
4.277453913042942972e-03
6.741316833843787222e-03
1.480246932866672747e-03
8.939087662535408771e-04
8.179218275472521782e-04
1.349442832482357748e-03
1.385238176832596533e-03
1.328253420069813728e-03
7.680350487741330898e-04
8.198065139974156654e-04
1.035210366050402396e-03
1.261091985118885763e-03
6.890812849936386311e-04
1.064737327396869659e-03
1.695055204133192770e-03
3.044702888776858792e-03
7.210051408037543297e-04
7.744891336187720299e-04
6.606652556608120239e-04
1.146838922674457304e-03
6.536698007645705974e-04
7.078189907285074032e-04
3.008548092717925563e-03
2.234826873367031560e-03
3.734216094017028809e-03
1.156351917112867110e-03
7.716541100914279258e-04
7.168139951924482620e-04
6.192918323601285255e-04
6.929664523340761662e-04
6.646421000671883786e-04
1.035157901545365579e-03
7.128042440551022327e-04
6.386336560050646103e-04
6.266035294781128204e-04
1.564039266668260098e-03
3.761699733634789929e-03
1.014024252071976662e-03
6.600505051513513291e-04
1.266845773595074885e-03
6.940918586527308190e-04
1.318044611252844334e-03
4.208296304568648338e-03
3.885863736892739787e-03
7.899138339174290859e-04
2.023324836045503616e-03
6.263945833779871464e-04
7.387292183314760887e-04
7.605079445056617260e-04
7.690192821125189102e-04
1.171639072708785534e-03
9.168978237236539161e-04
3.066083571563164249e-03
1.043344226976235635e-03
8.222446970952054226e-04
1.717734771470228903e-03
2.054183627478778362e-03
6.677724692660073078e-04
6.388691447985669339e-04
8.826931201231976712e-04
3.275722032412886620e-03
2.449612210815151677e-03
9.378584412237008774e-04
1.413921049485604041e-03
1.249152972983817332e-03
3.401116778453191266e-03
4.901255170504252405e-03
5.927312343070904703e-03
2.418609413628777013e-03
7.225030955548087394e-04
8.247040095739066601e-04
1.354706124402582645e-03
9.965564240701496601e-04
4.391644538069765062e-03
2.919572560737530246e-03
2.629399842893084035e-03
1.083901384845376015e-03
3.325351979583501816e-03
1.889826303037504427e-03
1.281793268087009661e-03
3.055572742596268654e-03
1.464440448520084150e-03
8.293950231745839119e-04
6.568652073231836521e-04
7.288881655161579811e-04
6.626873121907314026e-04
1.122650302325685747e-03
3.121279723321398244e-03
1.165363161514202826e-03
8.366428082808852196e-04
8.754254668019711971e-04
8.661309645200768745e-04
8.338078429612020290e-04
1.792998906845847838e-03
9.313611313700675964e-03
1.287750278910001177e-02
3.795843338593840599e-03
9.292435715906322002e-04
1.214997804102798231e-03
1.272995762216548197e-03
3.757271605233351245e-03
3.350904754673441396e-03
2.172940139037867532e-03
6.186261695499221122e-04
1.254524958009521239e-03
2.227090376739700780e-03
1.722110474171737902e-03
8.352232204439739025e-04
1.821260084398090839e-03
5.205390509217977524e-03
3.314685774967074394e-03
1.814710209146142006e-03
7.609928725287318230e-04
6.432915494466820991e-04
7.628238139053186142e-04
7.706996790754298008e-04
8.278071957950791085e-04
1.453284174203872681e-03
1.069595959658424132e-03
6.522815092466771603e-04
7.005961767087379730e-04
6.113842052097121513e-04
1.130796580885847337e-03
2.096833001511792197e-03
2.711557317525148392e-03
8.601597704303761685e-04
5.831955738055208957e-04
6.809738115407526493e-04
7.660676880429188049e-04
6.153971965735157692e-04
1.166091999039053917e-03
1.077393574329714053e-03
1.029521440311024659e-03
6.479264702647924423e-04
8.727266297986110413e-04
8.013371261768043041e-04
1.125207520090043545e-03
2.096486588319142804e-03
9.441172781710823738e-04
7.074099072876075542e-04
8.198833287072678768e-04
6.060109590180218220e-04
5.923322751186788082e-04
9.162002437127133572e-04
1.998717780224978924e-03
1.345710440849264391e-03
6.565241492353379726e-04
7.224962270508209503e-04
1.631702451656262152e-03
1.296338586447139509e-03
6.542920794648429119e-04
7.082623002740243709e-04
1.444579606565336459e-03
8.666853342826167381e-04
6.892217594819763935e-04
6.396359725234409535e-04
7.132418298472961151e-04
7.202559500001370907e-04
6.755741196684539318e-04
8.720471717727681362e-04
1.669204677455127239e-03
1.029884888945768349e-03
7.134817036179205143e-04
9.011666988953948021e-04
7.443267968483269215e-04
6.321812009749313557e-04
7.204337938067814076e-04
7.657173361318806446e-04
5.975217597248653209e-04
6.303632593092819416e-04
1.032269229957212932e-03
1.774973197219272382e-03
9.701480933775504792e-04
6.817110309687753880e-04
7.954036506513754165e-04
1.111885765567421913e-03
8.556638495065271854e-04
7.798436563462018967e-04
1.155341315704087489e-03
9.435787408923109734e-04
6.712785883185764515e-04
1.203929617380102403e-03
6.959611006701985634e-04
9.340376709587872028e-04
1.229344517923891544e-03
7.516029290854930878e-04
5.964650772511959076e-04
6.252580011884371078e-04
9.623894196314116680e-04
8.340598045227428639e-04
9.191574451203147209e-04
1.113694704448183305e-03
1.459041571555038221e-03
8.465955421949425972e-04
1.182468840852379799e-03
2.276702318340539932e-03
2.254156939064463124e-03
2.528794808313250542e-03
8.540972097155948841e-04
8.067147185405095780e-04
1.264505942041675322e-03
6.800225237384438515e-04
7.659752736799418926e-04
2.516115472341577067e-03
1.814584014937281609e-03
1.238405782108505495e-03
6.876013552149137223e-04
6.266213604249060154e-04
5.804223086064060890e-04
5.735945887863636017e-04
6.173041377527018750e-04
9.118539164774119854e-04
8.590579188118377960e-04
6.814352430713673794e-04
6.015823649552961552e-04
7.031732820905745029e-04
7.691447778294483459e-04
7.396235208337506020e-04
5.784711102023720741e-04
5.928561052617927754e-04
5.874882335774600506e-04
7.824599548863867557e-04
8.210667874664068222e-04
8.712811201500395572e-04
1.393279060721397400e-03
1.474682590924203396e-03
1.260025038694341905e-03
1.167996243263284438e-03
9.174942776250342167e-04
6.765885433803001678e-04
5.822120389590660370e-04
5.652071558870375156e-04
5.761987995356321335e-04
5.945363081991672516e-04
5.868420509311059749e-04
6.465674183952311313e-04
6.694725404183069504e-04
8.619150418477753437e-04
1.035841647535562515e-03
7.526589712748924530e-04
6.226580395984152591e-04
7.087437164348860943e-04
1.335577845262984507e-03
1.686202633815507166e-03
1.015414348027358525e-03
6.764530359456936157e-04
6.462477807266017163e-04
6.611108353051046169e-04
6.940911601607998574e-04
8.409909593562284744e-04
1.153264815608660452e-03
1.465359314655264146e-03
1.158198186506827600e-03
8.507687404441336429e-04
8.007513436799248421e-04
6.443797416674593723e-04
5.623469090399643147e-04
5.890127504244446754e-04
6.118220820402106011e-04
5.758515132280687130e-04
5.880328826606273651e-04
5.678905678602556026e-04
6.699818768538534641e-04
6.623446436909338200e-04
6.088655597219864166e-04
5.631781920480231083e-04
7.341775150659183300e-04
7.182610764478644097e-04
6.549333144600192344e-04
5.861639316814640796e-04
7.298411607431868351e-04
8.618167485110461712e-04
9.340690448880195618e-04
7.119182070406774318e-04
5.805195542052388191e-04
5.640738139239450657e-04
5.784967603782812393e-04
9.658117196522653103e-04
9.738579392433166504e-04
9.835233795456588268e-04
6.018915446475148201e-04
6.871365282374123371e-04
6.028204613054791725e-04
5.584221022824445999e-04
5.624357145279645920e-04
6.650504268084963524e-04
6.775200599804520607e-04
6.687143662323554718e-04
5.572128575295209885e-04
6.098990949491659439e-04
7.373703604874511921e-04
9.295740552867451942e-04
8.691164548508822918e-04
7.618764842239519322e-04
6.860534388882418835e-04
7.150846261841555798e-04
8.357986419772108757e-04
6.387724424712359905e-04
7.225253114787241185e-04
7.898092153482139111e-04
7.559040871759256089e-04
6.428730169621607029e-04
5.591214091206589973e-04
5.531007967268427574e-04
5.745467497035861015e-04
6.115530462314685547e-04
5.709823453798890114e-04
6.351507424066463745e-04
5.870401704063018524e-04
6.418900059846540654e-04
6.311448329749206341e-04
5.858951287033656872e-04
6.293557623090842998e-04
6.097035366110503674e-04
6.293207795048753059e-04
6.803686652953425682e-04
6.377384415827691555e-04
7.476134924218058586e-04
7.668698866230746472e-04
9.610698131533960140e-04
1.069274381734430790e-03
8.648130072591205799e-04
8.337689602437118328e-04
6.347346934489905834e-04
5.745993888316055500e-04
5.699094811764856541e-04
5.510993457088867462e-04
5.789359953875342643e-04
6.031395363000532353e-04
5.987388043043514454e-04
5.843784116829434669e-04
6.020788763028880322e-04
5.682618551266690457e-04
7.189184931727746761e-04
9.278076079984506333e-04
1.398426674616833456e-03
1.495667267590761185e-03
1.320759494168062933e-03
1.250990472423533671e-03
1.245856207485000365e-03
1.787001111855109460e-03
1.551144911597172492e-03
1.088413332278529875e-03
8.043077153464158737e-04
8.351898868568241596e-04
7.430125454751154148e-04
6.362810187662640846e-04
7.368902248951295650e-04
6.711498717777431011e-04
6.584040432547529900e-04
6.435784550073245800e-04
5.970460673173268997e-04
6.835500632102290428e-04
6.019689608365297318e-04
5.485468427650630474e-04
5.505259420412281788e-04
5.595190256523588932e-04
5.558533205961188042e-04
5.887038423679769039e-04
6.097998314847549164e-04
5.929976080854734146e-04
5.817087367177009583e-04
5.918692913837730885e-04
6.644161767326295376e-04
7.833952355819443500e-04
7.299236409987012184e-04
5.927362944930791855e-04
5.640568754946192467e-04
6.326746079139411449e-04
7.030362030491232872e-04
8.239421489027639591e-04
8.911969877469042576e-04
7.212137764630218708e-04
7.371295165891448295e-04
6.272238873255749905e-04
6.125439346457520759e-04
6.772149742270509041e-04
7.816487729238966739e-04
6.682715999583402908e-04
6.017029518261551857e-04
5.858439253643155098e-04
6.050174706615507603e-04
5.793932553691168988e-04
5.580728757195174694e-04
5.729225231334567070e-04
6.031833084610601628e-04
6.742830349442859852e-04
6.696557393297553062e-04
5.649164086207747459e-04
5.731293349526822567e-04
6.716300267726182938e-04
6.849414785392582417e-04
6.535145415303608143e-04
5.874892619128028190e-04
5.655407633942862713e-04
5.559578227500120437e-04
5.492530860162029302e-04
5.475286355552574360e-04
5.518601877459635699e-04
5.542343618193020785e-04
5.538515591373046601e-04
5.514868147050341332e-04
5.485944372291365898e-04
5.518281638311842716e-04
5.663518095389008522e-04
6.714008050039410591e-04
8.344893964628378189e-04
9.167973378983637059e-04
8.988928166218101978e-04
7.899684909110268318e-04
7.508440952127178871e-04
7.291559789640208447e-04
6.603730920081337654e-04
6.230902702858051026e-04
5.783509307851394379e-04
5.658021739994486534e-04
5.520535438942412174e-04
5.552547712189456188e-04
5.918030316630998886e-04
5.771412979811429977e-04
5.728130345232784748e-04
6.164097964453200138e-04
6.648154618839422500e-04
6.391268883210917675e-04
6.683527414376536644e-04
7.103429913210371769e-04
6.678827533808847630e-04
6.978507347715398037e-04
7.047757583980759346e-04
6.771926612903674805e-04
7.332558355604609215e-04
7.168581554045280182e-04
6.381764930362502372e-04
6.552115858842929566e-04
6.100097477125624454e-04
6.384918233379721642e-04
6.151048971029619014e-04
6.742769425424436367e-04
6.808797867658237255e-04
7.278595197324951851e-04
6.358779113118847573e-04
6.275658379308879375e-04
6.426864032012721264e-04
6.512360608515640461e-04
6.797750053616861141e-04
7.586545931796232498e-04
8.382513187825679779e-04
7.416252822925647461e-04
7.582465574766198433e-04
8.448566853379210198e-04
8.879521046765148640e-04
7.661089378719528878e-04
7.361058572617670262e-04
6.985811827083429062e-04
6.349793014427026474e-04
7.110539396914342678e-04
7.660083356313407421e-04
7.067229210709532463e-04
6.412999743285278118e-04
5.805725813843309879e-04
5.549967754632234573e-04
5.414525027542064226e-04
5.414162490827342236e-04
5.400071386247873306e-04
5.419475395077218973e-04
5.416463730701556170e-04
5.425003279621402061e-04
5.504179086225727833e-04
5.892137026724716389e-04
6.451129447668790817e-04
5.739793608275552952e-04
5.431910006639858448e-04
5.512667897467812264e-04
5.664675651739040649e-04
6.144973837460080421e-04
6.653799985845884049e-04
6.175777137589951718e-04
6.543991621583700180e-04
7.091879961080849171e-04
6.930888242398699486e-04
6.820241493793824947e-04
7.188646704889833927e-04
7.289812977736195290e-04
7.239636033773422241e-04
6.822804959180454052e-04
6.948075024411082268e-04
7.201907574199140072e-04
6.872351902226606643e-04
7.724459283053874969e-04
7.681762217544019222e-04
6.356076143371561802e-04
6.064356809171537197e-04
5.887715960852801800e-04
5.700558152360221112e-04
6.104696852465470993e-04
5.958617742483814919e-04
5.835459839242199695e-04
6.262816411132613456e-04
6.203535789002975189e-04
6.108733359724283218e-04
5.959691673827668392e-04
6.318889209069311619e-04
7.015053221645454204e-04
6.709861142250398433e-04
6.469459040090441704e-04
6.609816725055376327e-04
6.567167195801933968e-04
6.134011200629174709e-04
5.835356423631310463e-04
5.936106317676603794e-04
6.006263817350069320e-04
5.830075048531094825e-04
5.800724611617624760e-04
5.708470513733724392e-04
5.655057611875236034e-04
5.581345564375320709e-04
5.812197729634741581e-04
5.741571852316459381e-04
5.679551977664232254e-04
5.777344728509584701e-04
5.906127626076340675e-04
5.774786501812437809e-04
5.836869240738451481e-04
6.164369794229666031e-04
6.353108716818193233e-04
6.361256043116251266e-04
6.502063091223438942e-04
6.414837553165853024e-04
6.264949333854019642e-04
5.953156699736913407e-04
6.171192702216407025e-04
6.549012614414095879e-04
6.159786911060413086e-04
5.874538716549674309e-04
5.659739254042506218e-04
5.916976369917392731e-04
5.854877332846323288e-04
6.045142460304001606e-04
6.293270659322539604e-04
6.280847592279314995e-04
6.178283365443348885e-04
6.333464989438652992e-04
6.569151688988009727e-04
6.221038444588581360e-04
6.068514776416122913e-04
5.910717300139367580e-04
5.661008763127028942e-04
5.449951277114450932e-04
5.456484310949841774e-04
5.427612729060152805e-04
5.526960012502968311e-04
5.471091135405004025e-04
5.444988879996041095e-04
5.468688129136959350e-04
5.418109455301115549e-04
5.479198880493640900e-04
5.468370897384980953e-04
5.738528561778366566e-04
5.686266037325063980e-04
5.835002133001884186e-04
5.947102714950839317e-04
5.883909179829061031e-04
5.707882810384035110e-04
5.859729135408997536e-04
5.682585566925505436e-04
5.740008588569859302e-04
5.605302673454085624e-04
5.707528325729072094e-04
5.462802752541998661e-04
5.496494510831931865e-04
5.550829810090363026e-04
5.738879942024747169e-04
5.979258179043730461e-04
6.849378114566206932e-04
7.427970413118600845e-04
7.668240965964893139e-04
7.827363636655112469e-04
7.905217935331165791e-04
7.843314281975229943e-04
7.587877141001323497e-04
6.906291819177567959e-04
6.760322915700575077e-04
6.196446483954787254e-04
6.094920487763980663e-04
6.132385266634324825e-04
5.759433067093292511e-04
5.676327661300698555e-04
5.551487556658685207e-04
5.626126076094806194e-04
5.727422152025004589e-04
5.695412401109933853e-04
5.560212108927468097e-04
5.559255563033124172e-04
5.671944236382842064e-04
5.588324468893309796e-04
5.646653395767012871e-04
5.570501477147141731e-04
5.642159182267884052e-04
5.597514100372791290e-04
5.531394466136892998e-04
5.730156941960254944e-04
5.758295301347970963e-04
5.871743002596000469e-04
5.741859398161371910e-04
5.926077525752285755e-04
6.145551839532951153e-04
6.000238936394453049e-04
6.051214683490494526e-04
5.753045552410185337e-04
5.896620762844880783e-04
5.893421669801076615e-04
5.599572517288228237e-04
5.645773683985074723e-04
5.516397262302538121e-04
5.524038764027258122e-04
5.508323277657231056e-04
5.481737704637149608e-04
5.444706766866147518e-04
5.420233355835080147e-04
5.424026555071274078e-04
5.405128176789730787e-04
5.468819872476160526e-04
5.505350418388843536e-04
5.571417859755456448e-04
5.685999252212544644e-04
5.655145311417678631e-04
5.534899925502637661e-04
5.456017291483780110e-04
5.480062294130524361e-04
5.418203557686259711e-04
5.440198777553936207e-04
5.541579254592458046e-04
5.536254999848703182e-04
5.517246706100801265e-04
5.474743472101787365e-04
5.702186608687043190e-04
5.654392492336531842e-04
5.743384826928377151e-04
5.866505671292543411e-04
6.239701178856194019e-04
6.073513650335371494e-04
6.055947742424905300e-04
5.891902061800161636e-04
6.038624560460448265e-04
5.815319018438458443e-04
5.719691980630159378e-04
5.699983254695931709e-04
5.688529345206916332e-04
5.802429708031316960e-04
5.683941805424789226e-04
5.604021716862916946e-04
5.511768977157771587e-04
5.440239328891038895e-04
5.545981499987343586e-04
5.444102959396938122e-04
5.411387731631597245e-04
5.448868808646997177e-04
5.462171393446624279e-04
5.513103484796980655e-04
5.416540661826729774e-04
5.533512642917534077e-04
5.609500027882555759e-04
5.784854486895104611e-04
5.479793956813713276e-04
5.739106757876774037e-04
5.751776625402271748e-04
5.757528706453740597e-04
5.637107727428277695e-04
5.774444046740730965e-04
6.012987966338793075e-04
5.852974524411062038e-04
5.860384941721955574e-04
5.796851861911515033e-04
5.593550546715656555e-04
5.549680014761785305e-04
5.506808326269189155e-04
5.561388873805602753e-04
5.538223970991870129e-04
5.624317564070224762e-04
5.610878773344060147e-04
5.594187726577123368e-04
5.566241258444885051e-04
5.461219698190689087e-04
5.502249308240910733e-04
5.671101389452815056e-04
5.649027880281209946e-04
5.828808449829617775e-04
5.729843396693468094e-04
5.828829598613083363e-04
5.902416499642034733e-04
5.771451978944242001e-04
5.605864183356364929e-04
5.667407725316783154e-04
5.494157085195183754e-04
5.419407195101181305e-04
5.415087992635866368e-04
5.418621585704386234e-04
5.421375584167739117e-04
5.560647502231100834e-04
5.589579426062604153e-04
5.658956361003220081e-04
5.745949844519296921e-04
5.844228241282204426e-04
6.022612991121908390e-04
5.988925501393774784e-04
5.781226209364831448e-04
5.791993268455067909e-04
6.064581878793736660e-04
5.886812383929888046e-04
6.026638050874074662e-04
6.023280438967049122e-04
6.208829969788590706e-04
6.006969488225877285e-04
6.051495438441634178e-04
6.011914034994939602e-04
6.030939597015579903e-04
5.959855237354835236e-04
5.876935514000555241e-04
5.672461508462826050e-04
5.581779987551271915e-04
5.725771964838107788e-04
5.717089322085181511e-04
5.704126864050825798e-04
5.663450574502348900e-04
5.674875574186444283e-04
5.504695582203567028e-04
5.537233858679732048e-04
5.676528865781923497e-04
5.586059802832702434e-04
5.682472450037797653e-04
5.733286379836499691e-04
5.802111894202729428e-04
5.882685654796659946e-04
6.005235676032801831e-04
6.152748246677219868e-04
6.023379974067211151e-04
6.170241783062616623e-04
6.113118918923040592e-04
6.036858928079406059e-04
6.288315441148976124e-04
6.135591732648512089e-04
6.219530284094313419e-04
6.276887919132908547e-04
6.208768269668022430e-04
6.327097459385792053e-04
5.921108725791176522e-04
6.055414948302010334e-04
6.187932449392974377e-04
6.294008150386313236e-04
6.405154708772897720e-04
5.963230893636742866e-04
5.762161648211380207e-04
6.072944767462710178e-04
5.925199754225710666e-04
5.993718708244463169e-04
5.941797862760722637e-04
6.040419684723019600e-04
5.873228850153585636e-04
6.156724411994218826e-04
6.210325906674066818e-04
6.118648258658746517e-04
5.889066766637066639e-04
6.034988521908720696e-04
6.123162456788122654e-04
5.881213000975549221e-04
5.921500269323587418e-04
5.935664133479198181e-04
6.136038379433254039e-04
5.991132153819004333e-04
5.866782157681882381e-04
5.715179722756147385e-04
5.573022450941304004e-04
5.794457780818144119e-04
5.806718254461884499e-04
5.801123140069345272e-04
5.780338542535901070e-04
5.882073698254922664e-04
6.135165458545088768e-04
6.185535651942094528e-04
6.273282924667000771e-04
6.255638824465373790e-04
6.277649081312119961e-04
6.320476143931349480e-04
6.178061594255268574e-04
6.423908635042607784e-04
6.087412281582752502e-04
6.525824234510461128e-04
6.447799969464540482e-04
6.804151150087515152e-04
6.448118947446346283e-04
6.551929982379078865e-04
6.224389265601834023e-04
6.332400177295008934e-04
6.318411712224284446e-04
6.355996592901647091e-04
6.292055671413739884e-04
6.259574632470806801e-04
5.983740168934067452e-04
6.378668088776370251e-04
6.403833006819089615e-04
6.190224473054209984e-04
6.248108111321926117e-04
6.123280036263167858e-04
6.132461324644585812e-04
