3.531279818216959399e+01
3.172019958496093750e+01
2.682741483052571496e+01
2.110611597696940223e+01
1.720808601379394531e+01
1.511251608530680279e+01
1.223647626241048236e+01
1.000639343261718750e+01
7.902266502380371094e+00
5.791472752888997100e+00
3.224248250325520981e+00
3.952961683273315430e+00
2.428448359171549331e+00
1.683625380198160881e+00
1.957969228426615471e+00
1.738234996795654297e+00
1.199353734652201409e+00
4.684561967849731445e+00
1.944343884785969978e+00
4.150210460027058623e+00
2.840189218521118164e+00
4.629457632700602510e+00
4.295668919881184600e+00
2.128292242685953628e+00
1.500588575998942131e+00
3.744956334431966294e+00
2.866393884023030747e+00
1.704234838485717773e+00
1.606915036837260002e+00
1.570245504379272461e+00
3.643803278605143081e+00
1.971207102139790779e+00
2.147692839304605972e+00
1.680871446927388435e+00
1.448663751284281487e+00
2.253328164418538559e+00
3.810799042383829605e+00
1.698190609614054436e+00
2.565797885258992661e+00
1.635482072830200195e+00
3.303600708643595230e+00
1.286404689153035408e+00
2.299335400263468276e+00
1.179082711537678962e+00
3.883903900782267105e+00
3.048266331354776870e+00
1.434401114781697517e+00
2.000948985417684067e+00
9.508558313051859168e-01
1.187950571378072029e+00
1.002242386341094971e+00
1.449294646581013923e+00
2.240216612815856934e+00
2.670953591664632309e+00
1.298000335693359375e+00
2.170784433682759751e+00
1.321032643318176270e+00
1.010824223359425789e+00
8.564226627349853516e-01
1.770858049392700195e+00
2.063139041264852036e+00
1.319299578666687012e+00
9.691282510757446289e-01
2.653687397638956558e+00
1.070690194765726799e+00
2.484480500221252441e+00
1.943777163823445564e+00
3.444931745529174805e+00
1.930862148602803474e+00
9.533677101135253906e-01
1.164698998133341545e+00
1.349892814954121834e+00
2.351519743601480972e+00
2.491995652516683091e+00
1.412774443626403809e+00
2.976159493128458511e+00
8.901590704917907715e-01
1.832226951917012459e+00
1.360741933186848884e+00
7.362469832102457312e-01
1.295656005541483635e+00
1.672797640164693123e+00
4.132895946502685547e+00
1.481824358304341560e+00
1.061616142590840584e+00
1.841416517893473381e+00
3.249466260274251450e+00
1.699469725290934319e+00
9.138240615526834754e-01
1.255115032196044922e+00
8.255918025970458984e-01
1.334289908409118652e+00
8.805997371673583984e-01
3.553171157836914062e+00
1.547689716021219963e+00
1.944279988606770759e+00
1.425101757049560547e+00
1.128973007202148438e+00
1.299888849258422852e+00
1.109302779038747078e+00
1.945614576339721680e+00
1.256750027338663811e+00
8.687091668446859094e-01
8.152923385302225379e-01
1.170525471369425530e+00
2.213793754577636719e+00
1.618196884791056389e+00
7.309214075406392785e-01
5.729911526044210168e-01
1.100266575813293457e+00
9.470084309577941895e-01
1.189868609110514397e+00
1.951779683430989509e+00
1.091051240762074714e+00
9.937294125556945801e-01
1.934573332468668694e+00
1.312336564064025879e+00
5.800148049990335730e-01
8.178369601567586633e-01
1.319280147552490234e+00
9.006331165631612512e-01
6.743687987327575684e-01
1.458724101384480720e+00
5.487816135088602332e-01
7.041946649551391602e-01
8.437600135803222656e-01
1.550771236419677734e+00
1.159219364325205559e+00
1.456076661745707268e+00
1.794730544090270996e+00
5.660334825515747070e-01
1.203575491905212402e+00
8.489935398101806641e-01
1.192371904850006104e+00
8.989210526148477820e-01
2.094357172648111831e+00
1.715322573979695564e+00
7.547858357429504395e-01
1.514819780985514397e+00
7.405493458112081262e-01
1.848664363225301033e+00
8.910823067029317590e-01
1.199728528658549065e+00
1.212758819262186760e+00
1.444315830866495842e+00
1.606933514277140373e+00
1.224708477656046623e+00
5.587749878565470008e-01
6.565405925114949914e-01
7.651572823524475098e-01
1.334397117296854729e+00
1.952839732170104980e+00
6.715046366055806848e-01
2.599455118179321289e+00
1.380755027135213142e+00
1.789242903391520256e+00
2.311796347300211441e+00
7.978180249532064172e-01
1.533869504928588867e+00
7.330640951792398718e-01
9.678361018498738977e-01
1.996051470438639397e+00
1.799668709437052483e+00
5.871524612108866004e-01
1.101394017537434822e+00
1.082716107368469238e+00
5.277138153711954383e-01
5.958194136619567871e-01
1.532173236211140877e+00
1.992130359013875252e+00
2.172132253646850586e+00
7.858810226122537879e-01
1.219059387842814202e+00
8.342935840288797644e-01
1.636492331822713142e+00
6.505317489306131629e-01
5.819854338963826867e-01
1.138245562712351555e+00
1.752263704935709709e+00
8.943721850713094446e-01
5.201100905736287805e-01
1.623588681221008301e+00
1.893799106280009026e+00
1.057887196540832520e+00
6.245864033699035645e-01
8.541097044944763184e-01
4.922175904115040912e-01
1.302706837654113770e+00
8.146079381306966516e-01
1.299951712290446038e+00
6.257722377777099609e-01
7.777359088261922571e-01
1.202947994073231941e+00
5.234451591968536377e-01
9.427059690157572058e-01
8.711289366086324426e-01
1.571866552035013909e+00
1.975526372591654534e+00
8.095838030179342004e-01
5.665673216183980676e-01
5.558356444040933875e-01
8.473358949025472375e-01
8.662705421447753906e-01
8.381090958913167688e-01
5.120705763498941687e-01
5.535718997319539758e-01
7.183343569437662390e-01
8.181626796722412109e-01
4.866345723470051898e-01
6.789048910140991211e-01
9.696015318234761926e-01
1.320132374763488770e+00
5.450317561626434326e-01
5.695158441861470910e-01
4.790543317794799805e-01
7.739260196685791016e-01
4.935499231020609723e-01
5.435926318168640137e-01
1.309089263280232673e+00
1.123354633649190193e+00
1.460130413373311287e+00
7.770386934280395508e-01
5.226180156071981164e-01
5.182679593563079834e-01
4.629137118657429828e-01
5.143002370993295935e-01
4.920704066753387451e-01
7.251075108846029016e-01
5.428324937820434570e-01
4.659920732180277692e-01
4.696088830629984723e-01
9.291817545890808105e-01
1.471630056699116951e+00
7.217692335446675989e-01
4.701070586840311871e-01
7.369024356206258508e-01
4.974199434121449603e-01
8.493963082631429407e-01
1.556103150049845452e+00
1.493750532468159919e+00
5.996856093406677246e-01
9.949082930882772180e-01
4.567847748597462787e-01
5.710945328076680871e-01
5.558093190193176270e-01
5.599945386250814172e-01
7.202453613281250000e-01
6.665412386258443567e-01
1.322010477383931404e+00
7.192750573158264160e-01
5.910312732060750696e-01
9.747422337532043457e-01
1.065183579921722412e+00
5.127723415692647668e-01
4.849228163560231342e-01
6.476752559343973425e-01
1.348277767499287849e+00
1.145061612129211426e+00
6.239042480786641809e-01
8.125271995862325403e-01
8.194399674733480188e-01
1.397255857785542732e+00
1.677755554517110115e+00
1.840062101682027107e+00
1.161475976308186775e+00
5.400068461894989014e-01
5.752028624216715125e-01
7.934139370918273926e-01
7.139989932378133508e-01
1.587240576744079590e+00
1.289390563964843750e+00
1.219715714454650879e+00
7.271749774614969519e-01
1.314605871836344475e+00
9.650117158889770508e-01
8.239388863245645789e-01
1.323259075482686287e+00
8.935380776723226282e-01
6.258243918418884277e-01
4.781978130340576172e-01
5.243362585703531531e-01
4.828802545865376605e-01
7.764517863591512414e-01
1.333361347516377693e+00
7.748003204663594934e-01
6.326707800229390832e-01
5.927077929178873328e-01
5.753535827000936242e-01
5.554550687472025183e-01
1.005050857861836677e+00
2.309092203776041519e+00
2.704560120900472153e+00
1.466435909271240234e+00
6.131342252095540735e-01
7.246688008308410645e-01
8.159322738647460938e-01
1.472203056017557854e+00
1.382439573605855232e+00
1.107702414194742913e+00
4.707756638526916504e-01
7.601145704587300989e-01
1.055477182070414299e+00
9.084257682164510461e-01
5.637796123822530481e-01
1.019322594006856209e+00
1.730744441350301033e+00
1.379095594088236565e+00
1.003256062666575188e+00
5.745712518692016602e-01
4.627403418223063336e-01
5.208191871643066406e-01
5.718393127123514441e-01
6.232308149337768555e-01
9.047892491022745398e-01
7.607717911402384070e-01
5.300563573837280273e-01
5.049630502859751013e-01
4.465950230757395611e-01
7.851729194323221472e-01
1.099110682805379158e+00
1.253309985001881843e+00
6.626206835110982629e-01
4.440862536430358887e-01
4.725220700105031146e-01
5.124183893203735352e-01
4.442705909411112652e-01
7.988093694051107141e-01
7.521958152453104285e-01
7.372917930285135535e-01
4.641531705856323242e-01
5.747367143630981445e-01
5.416504939397176477e-01
6.938019394874572754e-01
1.008082747459411621e+00
6.102525790532430383e-01
5.491883854071298865e-01
6.364330450693765906e-01
4.758246541023254395e-01
4.464348554611206055e-01
6.898948351542154578e-01
1.074613412221272712e+00
8.666196664174398157e-01
5.227142274379730225e-01
5.858304897944132117e-01
9.645057916641235352e-01
8.492876688639322547e-01
5.363154013951619836e-01
5.744227766990661621e-01
8.997923533121744422e-01
6.631636818250020715e-01
5.631499489148458215e-01
4.583391149838765277e-01
4.926825861136118756e-01
5.047100782394409180e-01
4.839195807774861469e-01
6.571177840232849121e-01
9.708983500798543664e-01
7.307498653729757043e-01
5.578024784723917273e-01
6.787804166475931433e-01
5.933028658231099817e-01
4.905879199504852295e-01
5.185318986574808386e-01
5.367655158042907715e-01
4.613550802071889056e-01
5.135374168554941443e-01
7.425945401191711426e-01
1.003015319506327385e+00
7.112894058227539062e-01
5.613260269165039062e-01
5.562697450319925574e-01
6.953396995862325403e-01
5.752904216448465613e-01
6.024622519810994836e-01
7.860451539357503625e-01
6.900279323259989050e-01
4.761728545029957904e-01
7.261793017387390137e-01
4.836685061454772949e-01
6.982776920000711707e-01
8.257601459821065637e-01
6.034341454505920410e-01
4.650121927261352539e-01
4.538458585739135742e-01
7.088467081387838098e-01
6.512364149093627930e-01
6.948300600051879883e-01
7.773615121841430664e-01
9.021879633267720910e-01
6.583960254987081262e-01
8.001872698465982703e-01
1.136433819929758782e+00
1.129578351974487305e+00
1.200104792912801033e+00
6.576962471008300781e-01
5.798306465148925781e-01
7.694656650225321082e-01
4.895232617855072021e-01
6.035395463307698938e-01
1.203360577424367195e+00
1.014999866485595703e+00
8.187568585077921179e-01
5.422149697939554480e-01
4.678082565466563092e-01
4.344885845979054584e-01
4.555633266766865863e-01
5.063396195570627478e-01
6.907092531522115442e-01
6.636169950167337683e-01
5.546670754750570032e-01
4.936879674593607770e-01
5.787967840830484656e-01
6.173092325528463098e-01
5.984040300051370886e-01
4.433045387268066406e-01
4.424766302108764648e-01
4.764272967974345074e-01
6.235659122467041016e-01
6.458604931831359863e-01
6.730520129203796387e-01
8.853091398874918250e-01
9.110761682192484168e-01
8.352139592170715332e-01
7.978515426317850379e-01
6.910486419995626184e-01
5.582385659217834473e-01
4.827470481395721436e-01
4.556111097335815430e-01
4.425429999828338623e-01
4.355921943982442035e-01
4.404603838920593262e-01
5.314898490905761719e-01
5.507610241572061804e-01
6.678177118301391602e-01
7.482285300890604285e-01
6.052122712135314941e-01
5.101346274216970178e-01
5.794999996821085242e-01
8.662031491597493860e-01
9.819905757904052734e-01
7.404941320419311523e-01
5.573679407437642785e-01
5.294343630472818640e-01
5.463145077228546143e-01
5.709944268067678186e-01
6.543641289075216028e-01
7.936951319376627234e-01
9.072055617968241004e-01
7.961463928222656250e-01
6.615126530329386023e-01
6.345742940902709961e-01
5.363595386346181604e-01
4.576549629370371686e-01
4.424220025539398193e-01
4.515194396177927838e-01
4.301594495773315430e-01
4.368992348512013568e-01
4.626188476880391254e-01
5.546790361404418945e-01
5.463388661543527869e-01
4.982280631860097064e-01
4.517119030157725201e-01
5.228077073891957971e-01
5.113316575686136511e-01
4.726710021495819092e-01
4.415616989135742188e-01
5.928458770116170617e-01
6.687593261400858191e-01
7.028931180636087683e-01
5.797829627990722656e-01
4.627997775872548236e-01
4.280103246370951520e-01
4.700598816076914654e-01
7.186359167098999023e-01
7.200695276260375977e-01
7.230647404988607141e-01
4.927672445774078369e-01
5.005675653616586951e-01
4.524992605050404681e-01
4.401551485061645508e-01
4.380136529604594098e-01
5.471304059028625488e-01
5.560049116611480713e-01
5.553592344125112268e-01
4.472602903842926025e-01
5.078662733236948279e-01
5.977466702461242676e-01
7.009884913762410852e-01
6.728227933247884485e-01
6.149040460586547852e-01
5.671608845392862586e-01
5.850896835327148438e-01
6.525107423464456824e-01
5.293953518072763709e-01
5.869047840436300012e-01
6.271079579989115027e-01
6.094727516174316406e-01
5.358373125394185754e-01
4.249219199021657123e-01
4.265364309151967181e-01
4.745011528333027973e-01
5.104834536711374549e-01
4.644307295481364117e-01
5.304667254288991662e-01
4.872230390707651959e-01
5.361983080705007287e-01
5.270712673664093018e-01
4.855343997478485107e-01
5.261177321275075647e-01
5.093755920728048059e-01
5.262651741504669189e-01
5.641515354315439490e-01
5.341328978538513184e-01
6.080953280131021765e-01
6.191131671269735071e-01
7.176594734191894531e-01
7.651170889536539343e-01
6.715394258499145508e-01
6.564469536145528528e-01
5.316532254219055176e-01
4.755763411521911621e-01
4.711564779281616211e-01
4.352325797080993652e-01
4.329884548981984271e-01
4.448991119861602783e-01
4.395460983117421283e-01
4.367011288801829205e-01
4.437176982561747418e-01
4.412904779116312848e-01
5.872319738070169715e-01
7.013992468516031531e-01
8.884151180585225793e-01
9.208289384841918945e-01
8.589436411857604980e-01
8.318509658177694055e-01
8.297694325447082520e-01
1.007633209228515625e+00
9.344239632288614539e-01
7.671801845232645300e-01
6.334539651870727539e-01
6.502609451611837121e-01
5.999326308568319055e-01
5.297754804293314246e-01
6.004585027694702148e-01
5.592410067717233924e-01
5.496426522731781006e-01
5.381151040395101282e-01
4.990717470645904541e-01
5.658813615640004846e-01
5.046234329541524621e-01
4.379764199256896973e-01
4.404737949371337891e-01
4.582583506902058734e-01
4.525379637877146588e-01
4.888495604197184430e-01
5.081056753794351843e-01
4.883331755797068463e-01
4.745842218399047852e-01
4.470763305823008404e-01
4.849825700124104633e-01
5.500162839889526367e-01
5.201162894566854211e-01
4.392639100551605225e-01
4.439364075660705566e-01
5.259812573591867713e-01
5.793099204699198035e-01
6.500653425852457312e-01
6.835123300552368164e-01
5.899696946144104004e-01
5.995227694511413574e-01
5.250729223092397424e-01
5.142430067062377930e-01
5.634183684984842566e-01
6.271946430206298828e-01
5.574294328689575195e-01
5.058631002902984619e-01
4.901175896326701031e-01
5.065470139185587195e-01
4.770900011062622070e-01
4.207092622915903912e-01
4.255450268586476459e-01
4.445690313975016461e-01
4.871001044909159527e-01
4.825965265432993756e-01
4.257914622624714984e-01
4.716589351495106830e-01
5.569737156232198450e-01
5.659000277519226074e-01
5.440878470738729211e-01
4.865949352582295551e-01
4.590910673141479492e-01
4.535200794537861957e-01
4.269913633664448871e-01
4.383329550425211774e-01
4.213759700457255231e-01
4.200199147065480365e-01
4.207917551199595319e-01
4.208727777004241943e-01
4.363065958023071289e-01
4.450721045335133685e-01
4.666984478632609235e-01
5.583841602007547644e-01
6.547770102818807336e-01
6.957429647445678711e-01
6.871488293011983606e-01
6.305357217788696289e-01
6.074487566947937012e-01
5.943154891331990930e-01
5.505526562531789514e-01
5.232039888699849817e-01
4.832912087440490723e-01
4.709714452425639020e-01
4.540847738583882465e-01
4.579801658789316998e-01
4.963921904563903809e-01
4.811568657557169781e-01
4.774565895398457660e-01
5.178383092085520056e-01
5.540040135383605957e-01
5.353623032569885254e-01
5.560868382453918457e-01
5.834566950798034668e-01
5.562613606452941895e-01
5.763027667999267578e-01
5.806039969126383093e-01
5.625771482785543176e-01
5.971693197886148718e-01
5.865659316380819055e-01
5.325517455736795691e-01
5.457741717497507361e-01
5.111456314722696570e-01
5.336008469263712195e-01
5.159702102343241004e-01
5.604279935359954834e-01
5.648187696933746338e-01
5.951682130495706824e-01
5.341136356194814416e-01
5.273963610331217078e-01
5.386710961659749719e-01
5.429466764132181433e-01
5.629713137944539758e-01
6.119369864463806152e-01
6.553632418314615515e-01
6.034387151400247840e-01
6.130915681521097449e-01
6.590983668963114050e-01
6.812895735104879114e-01
6.176824768384298059e-01
5.997003316879272461e-01
5.760208964347839355e-01
5.307288964589437219e-01
5.812467932701110840e-01
6.142642696698507043e-01
5.803223649660745886e-01
5.369854768117269250e-01
4.865226348241170062e-01
4.571605920791625977e-01
4.295598367849985944e-01
4.216025471687316895e-01
4.207662542661030902e-01
4.185771346092224121e-01
4.197621444861094342e-01
4.317624171574910297e-01
4.471195538838704242e-01
4.931035439173380719e-01
5.386177698771158484e-01
4.766495923201243268e-01
4.330673217773437500e-01
4.499268233776092529e-01
4.701394041379292621e-01
5.158635179201761511e-01
5.545408229033151892e-01
5.181824366251627234e-01
5.467367172241210938e-01
5.834786494572957727e-01
5.728773176670074463e-01
5.656680464744567871e-01
5.899069507916768762e-01
5.964214404424031946e-01
5.938410361607869836e-01
5.670885841051737097e-01
5.756154457728067664e-01
5.920665264129638672e-01
5.711304744084676477e-01
6.232351064682006836e-01
6.196780999501546594e-01
5.337477127710977820e-01
5.078881184260050086e-01
4.906787673632304059e-01
4.703568120797474994e-01
5.091307957967122766e-01
4.986023406187693463e-01
4.882051348686218262e-01
5.268201331297556189e-01
5.214186608791351318e-01
5.133714973926544189e-01
5.000761349995931360e-01
5.300477941830953332e-01
5.794619520505269739e-01
5.596985419591268274e-01
5.429200530052185059e-01
5.529478788375854492e-01
5.499843756357828406e-01
5.174391369024912146e-01
4.905358652273814069e-01
4.999456008275349750e-01
5.065816044807434082e-01
4.904631376266479492e-01
4.875690539677937640e-01
4.772624373435974121e-01
4.717322091261546002e-01
4.628008405367533551e-01
4.885657032330830707e-01
4.807222088177998676e-01
4.733684162298838483e-01
4.845004181067149029e-01
4.974940617879231586e-01
4.839632312456766949e-01
4.905987679958343506e-01
5.196172396341959265e-01
5.344967842102050781e-01
5.349491536617279053e-01
5.454308191935220984e-01
5.385624269644418982e-01
5.270079970359802246e-01
5.008568167686462402e-01
5.197537541389465332e-01
5.480264226595560340e-01
5.190143585205078125e-01
4.943353931109110699e-01
4.716191291809082031e-01
4.984866976737976074e-01
4.926110108693440570e-01
5.096118450164794922e-01
5.301900704701741907e-01
5.289373199144998816e-01
5.211752454439798621e-01
5.333616733551025391e-01
5.506322582562764856e-01
5.246435701847076416e-01
5.123010476430257532e-01
4.983475903669993268e-01
4.732498228549957275e-01
4.440487325191497803e-01
4.454990327358245850e-01
4.386443793773651123e-01
4.522900482018788471e-01
4.429537951946258545e-01
4.381584425767262592e-01
4.442073603471120014e-01
4.329382677872975482e-01
4.457206130027770996e-01
4.444465239842732562e-01
4.779235223929087506e-01
4.734276235103607178e-01
4.893903136253356934e-01
5.005134940147399902e-01
4.952984849611918317e-01
4.776508609453837262e-01
4.932242035865783691e-01
4.751939276854197369e-01
4.809403220812479840e-01
4.663333793481190814e-01
4.782092173894246234e-01
4.468609790007273541e-01
4.512495398521423340e-01
4.578754007816314697e-01
4.801525970300038471e-01
5.032798051834106445e-01
5.691064099470773963e-01
6.053858995437622070e-01
6.192190249760946008e-01
6.281243165334066125e-01
6.324355602264404297e-01
6.289663712183634070e-01
6.147555510203043250e-01
5.733606020609537390e-01
5.638178586959838867e-01
5.228414535522460938e-01
5.147008001804351807e-01
5.182569523652394983e-01
4.846695661544799805e-01
4.758996268113453998e-01
4.606341918309529437e-01
4.698151350021362305e-01
4.814678629239400043e-01
4.773556888103485107e-01
4.618862966696421490e-01
4.619297385215759277e-01
4.754623572031657086e-01
4.652859369913737164e-01
4.718625644842783795e-01
4.618292252222697125e-01
4.707226951917012348e-01
4.640350540479024066e-01
4.522642393906911029e-01
4.784256517887115479e-01
4.821321368217468262e-01
4.943098227183024274e-01
4.812496602535247803e-01
4.993731975555419922e-01
5.186174511909484863e-01
5.061336457729339600e-01
5.107229351997375488e-01
4.826394418875376569e-01
4.968977967898051129e-01
4.967692593733469830e-01
4.658825496832529889e-01
4.716382920742034912e-01
4.547805488109588623e-01
4.565196434656779156e-01
4.545622865358988629e-01
4.509682456652323590e-01
4.444465637207031250e-01
4.385106265544891357e-01
4.404709140459696637e-01
4.359874824682871686e-01
4.478720426559448242e-01
4.533592959245045795e-01
4.630152384440104352e-01
4.764081239700317383e-01
4.724821647008259906e-01
4.564638634522755756e-01
4.427336752414703369e-01
4.480375250180562152e-01
4.347442587216694965e-01
4.374153812726338519e-01
4.559981326262156354e-01
4.542401035626729144e-01
4.528739949067433490e-01
4.451910654703776227e-01
4.771112600962321149e-01
4.707468450069427490e-01
4.813824792702992572e-01
4.939605494340260639e-01
5.258312324682871131e-01
5.121204753716787073e-01
5.105850100517272949e-01
4.961289167404174805e-01
5.094554324944814416e-01
4.886180361111958637e-01
4.781792660554249896e-01
4.762563407421112061e-01
4.752704501152038574e-01
4.877038796742756976e-01
4.753531118233998431e-01
4.661290943622589111e-01
4.536557396252949848e-01
4.406755169232686176e-01
4.591377278168995990e-01
4.429493049780527936e-01
4.346459011236826764e-01
4.426898757616679059e-01
4.459222157796223773e-01
4.553969999154408588e-01
4.380537271499633789e-01
4.579606056213378906e-01
4.674417972564697266e-01
4.860893487930297852e-01
4.478303492069244385e-01
4.804602563381195068e-01
4.817289610703786029e-01
4.823543330033620014e-01
4.688198963801066266e-01
4.844831724961598529e-01
5.066640973091125488e-01
4.923060337702433453e-01
4.928912123044331683e-01
4.870195587476094379e-01
4.645809133847554340e-01
4.589954018592834473e-01
4.530989925066630231e-01
4.611858228842417584e-01
4.582631091276804791e-01
4.693978627522786273e-01
4.678298433621724262e-01
4.658793111642201556e-01
4.621258278687794818e-01
4.464640915393829346e-01
4.530073006947835101e-01
4.743876953919728412e-01
4.715425968170166016e-01
4.907452563444773541e-01
4.806923270225524902e-01
4.908078809579213275e-01
4.978879789511362897e-01
4.853350818157196045e-01
4.670658707618713379e-01
4.744936525821685791e-01
4.524660507837931500e-01
4.381097058455149518e-01
4.381280839443206787e-01
4.382402002811431885e-01
4.371747573216756000e-01
4.623172978560129986e-01
4.637055695056915283e-01
4.722692569096882953e-01
4.820421735445658551e-01
4.909655551115671979e-01
5.078289210796356201e-01
5.052795211474100379e-01
4.854152500629425049e-01
4.860725204149882184e-01
5.117919246355692175e-01
4.955564141273498535e-01
5.082393785317739221e-01
5.079267223676046106e-01
5.235026280085245398e-01
5.065262118975321082e-01
5.106181800365447998e-01
5.072140296300252649e-01
5.088590184847513465e-01
5.024823943773905066e-01
4.950144390265147076e-01
4.735737045605977191e-01
4.624371528625488281e-01
4.794968565305073871e-01
4.784768819808959961e-01
4.772213300069172992e-01
4.722118675708770752e-01
4.739555418491363525e-01
4.508558015028635846e-01
4.562279979387919293e-01
4.739322563012440814e-01
4.626654684543609619e-01
4.744591414928436279e-01
4.799610177675883160e-01
4.871842563152313232e-01
4.952035148938496723e-01
5.059161086877187463e-01
5.183341503143310547e-01
5.072328547636667517e-01
5.194358229637145996e-01
5.151182015736898157e-01
5.089148382345834998e-01
5.289903879165649414e-01
5.172542532285054895e-01
5.237705508867899207e-01
5.286729037761688232e-01
5.230317910512288782e-01
5.317746102809906006e-01
4.985163609186808453e-01
5.103492836157480506e-01
5.209221442540487024e-01
5.289095143477121619e-01
5.375356276830037805e-01
5.023621618747711182e-01
4.825089077154795514e-01
5.117403268814086914e-01
4.987888137499491559e-01
5.050907532374063758e-01
5.005409320195516321e-01
5.094154477119445801e-01
4.937914113203684674e-01
5.189573665459951135e-01
5.232867797215779992e-01
5.159062445163726807e-01
4.954139788945515765e-01
5.088383952776590613e-01
5.163511633872985840e-01
4.945650696754455566e-01
4.983473122119903564e-01
4.998807609081268311e-01
5.175125201543172571e-01
5.051639874776204797e-01
4.937172631422678815e-01
4.778026938438415527e-01
4.594169358412424908e-01
4.863953590393066406e-01
4.876986245314280377e-01
4.870855907599131451e-01
4.850272635618845807e-01
4.952043195565541400e-01
5.177562634150186804e-01
5.219009717305501672e-01
5.288893381754556922e-01
5.274482766787210730e-01
5.290934840838114050e-01
5.324109296003977088e-01
5.211631357669830322e-01
5.399863819281259802e-01
5.131891568501790735e-01
5.473206738630930213e-01
5.418311854203542444e-01
5.663870970408121375e-01
5.416763226191202429e-01
5.491466323534647254e-01
5.245007971922556189e-01
5.330097377300262451e-01
5.320868690808614465e-01
5.349751810232797888e-01
5.301560660203298303e-01
5.278225143750508996e-01
5.046259164810180664e-01
5.367822349071502686e-01
5.385291377703348425e-01
5.219979484875997278e-01
5.265148679415384558e-01
5.164349178473154334e-01
5.171914796034494666e-01
