1.749177926219999790e+00
2.151422202587127686e-02
1.924077700823545456e-02
1.969861891120672226e-02
1.970249926671385765e-02
1.979098888114094734e-02
2.140185190364718437e-02
2.028493024408817291e-02
2.054870082065463066e-02
2.065964089706540108e-02
2.325224364176392555e-02
1.923309918493032455e-02
1.939781941473484039e-02
1.882220804691314697e-02
1.864328701049089432e-02
1.919571822509169579e-02
1.839444739744067192e-02
1.925464812666177750e-02
1.833301689475774765e-02
1.835852814838290215e-02
1.889925776049494743e-02
1.997171994298696518e-02
1.965297898277640343e-02
1.944073894992470741e-02
1.971763884648680687e-02
1.980705978348851204e-02
2.106348099187016487e-02
2.018307987600564957e-02
1.933042891323566437e-02
2.096462063491344452e-02
2.021205006167292595e-02
2.072038082405924797e-02
2.032078988850116730e-02
2.039904985576868057e-02
2.033879980444908142e-02
2.033292967826128006e-02
2.780616097152233124e-02
2.035891078412532806e-02
2.030107006430625916e-02
2.029938017949461937e-02
2.006075996905565262e-02
2.017974993214011192e-02
2.021121000871062279e-02
2.003148011863231659e-02
2.018534019589424133e-02
2.010994032025337219e-02
2.020486025139689445e-02
2.017350029200315475e-02
1.999475015327334404e-02
2.014212962239980698e-02
2.013261988759040833e-02
2.005259925499558449e-02
2.006829902529716492e-02
2.008261019363999367e-02
2.001700969412922859e-02
2.022706018760800362e-02
2.008299995213747025e-02
2.037033997476100922e-02
2.026613103225827217e-02
2.001204900443553925e-02
2.017314964905381203e-02
1.998678036034107208e-02
2.007777011021971703e-02
2.007887978106737137e-02
2.010547975078225136e-02
2.039276994764804840e-02
2.025004010647535324e-02
2.024296019226312637e-02
2.041043108329176903e-02
2.039337996393442154e-02
2.030195016413927078e-02
2.006395999342203140e-02
2.053855080157518387e-02
2.023772010579705238e-02
2.009952021762728691e-02
2.056921087205410004e-02
2.007757918909192085e-02
2.066124090924859047e-02
2.024978958070278168e-02
2.093581110239028931e-02
2.074065990746021271e-02
2.030103979632258415e-02
2.027639001607894897e-02
2.869232185184955597e-02
2.430235594511032104e-02
2.404178539291024208e-02
2.372208610177040100e-02
2.366245491430163383e-02
2.375084534287452698e-02
2.399183623492717743e-02
2.426845580339431763e-02
2.462013717740774155e-02
2.607343904674053192e-02
2.040569018572568893e-02
1.952567929401993752e-02
1.891860784962773323e-02
1.886476762592792511e-02
1.920656906440854073e-02
1.972268894314765930e-02
2.258235355839133263e-02
1.926362887024879456e-02
1.913035800680518150e-02
1.908640796318650246e-02
1.921538868919014931e-02
1.912822760641574860e-02
1.922615803778171539e-02
1.945764897391200066e-02
1.922125881537795067e-02
1.922977808862924576e-02
1.951942872256040573e-02
1.914919866248965263e-02
1.926199905574321747e-02
1.859324704855680466e-02
1.846913807094097137e-02
1.965654920786619186e-02
1.944574899971485138e-02
2.573651773855090141e-02
2.543101785704493523e-02
2.543695829808712006e-02
2.249989286065101624e-02
2.062912099063396454e-02
2.334495494142174721e-02
1.962646888568997383e-02
2.005656994879245758e-02
2.418002625927329063e-02
2.350893383845686913e-02
2.378790173679590225e-02
2.387881325557827950e-02
2.629276597872376442e-02
2.614861493930220604e-02
2.654646616429090500e-02
2.642851602286100388e-02
2.648172574117779732e-02
2.648600609973073006e-02
2.759808814153075218e-02
2.229853020980954170e-02
1.971462694928050041e-02
2.255448093637824059e-02
1.930633606389164925e-02
2.087497804313898087e-02
2.568407403305172920e-02
2.175072906538844109e-02
2.316228207200765610e-02
2.423592284321784973e-02
2.301088115200400352e-02
1.902045588940382004e-02
1.935353595763444901e-02
1.938023697584867477e-02
1.951958611607551575e-02
2.002995694056153297e-02
2.061615791171789169e-02
1.988404709845781326e-02
2.000823710113763809e-02
1.977833686396479607e-02
1.989431679248809814e-02
2.049120794981718063e-02
2.064809808507561684e-02
1.974010700359940529e-02
2.132256934419274330e-02
2.127240877598524094e-02
2.110085822641849518e-02
2.009349782019853592e-02
2.515224413946270943e-02
2.026780694723129272e-02
2.026102785021066666e-02
2.057116804644465446e-02
2.086023800075054169e-02
2.060587797313928604e-02
2.055661706253886223e-02
2.007820783182978630e-02
2.045303769409656525e-02
2.063623769208788872e-02
2.222491893917322159e-02
2.222851011902093887e-02
2.090058894827961922e-02
2.063579810783267021e-02
2.048381790518760681e-02
2.075705816969275475e-02
2.093012770637869835e-02
2.123112929984927177e-02
2.078741835430264473e-02
2.092515816912055016e-02
2.044470794498920441e-02
2.051856787875294685e-02
2.072629798203706741e-02
2.064218791201710701e-02
2.073225798085331917e-02
2.024198789149522781e-02
2.024472691118717194e-02
2.062931796535849571e-02
2.413432300090789795e-02
2.335888193920254707e-02
2.318517211824655533e-02
2.249390026554465294e-02
2.108308859169483185e-02
2.129629906266927719e-02
2.877477882429957390e-02
2.003931719809770584e-02
1.962862722575664520e-02
1.990302698686718941e-02
1.987161673605442047e-02
2.349865203723311424e-02
1.923141581937670708e-02
1.960894698277115822e-02
1.941594621166586876e-02
1.957093691453337669e-02
1.933408621698617935e-02
1.986466720700263977e-02
1.963573601096868515e-02
1.917749596759676933e-02
1.969321677461266518e-02
1.931342622265219688e-02
1.975760702043771744e-02
1.986231701448559761e-02
1.967894705012440681e-02
1.945577701553702354e-02
1.940295612439513206e-02
1.885679597035050392e-02
1.997121702879667282e-02
1.950183603912591934e-02
1.990398718044161797e-02
1.959488727152347565e-02
1.945605734363198280e-02
1.992899691686034203e-02
1.929010590538382530e-02
1.946488581597805023e-02
1.988370716571807861e-02
1.965370588004589081e-02
1.976305712014436722e-02
2.071559801697731018e-02
2.022307785227894783e-02
2.003303728997707367e-02
1.943633612245321274e-02
1.991831697523593903e-02
1.960257627069950104e-02
1.941592665389180183e-02
1.981146680191159248e-02
1.988821709528565407e-02
1.995958713814616203e-02
1.963359676301479340e-02
2.451260294765233994e-02
2.349284198135137558e-02
1.932560559362173080e-02
1.891764625906944275e-02
1.894068578258156776e-02
1.886055525392293930e-02
2.057033777236938477e-02
2.090561902150511742e-02
1.924233604222536087e-02
1.904981583356857300e-02
1.935388613492250443e-02
1.933909719809889793e-02
1.956312637776136398e-02
2.025984786450862885e-02
2.032538689672946930e-02
1.963428687304258347e-02
1.943525671958923340e-02
1.884291507303714752e-02
1.872507622465491295e-02
1.975090708583593369e-02
1.964446576312184334e-02
1.897555589675903320e-02
2.071605809032917023e-02
2.136818924918770790e-02
2.202546969056129456e-02
2.048431802541017532e-02
1.940832613036036491e-02
1.938907615840435028e-02
1.966516673564910889e-02
2.034920779988169670e-02
2.008777717128396034e-02
1.974507700651884079e-02
1.982914702966809273e-02
2.407518308609724045e-02
2.382428199052810669e-02
2.120241895318031311e-02
2.400157274678349495e-02
2.078073797747492790e-02
2.046307781711220741e-02
2.089783782139420509e-02
2.086557820439338684e-02
2.024627709761261940e-02
2.080177888274192810e-02
2.107829786837100983e-02
2.074844902381300926e-02
2.018926711753010750e-02
2.124331891536712646e-02
2.050567790865898132e-02
2.117819897830486298e-02
2.146856905892491341e-02
2.131118858233094215e-02
2.132429927587509155e-02
2.091267937794327736e-02
1.993490708991885185e-02
2.122656907886266708e-02
2.104032831266522408e-02
2.121260901913046837e-02
2.124150888994336128e-02
2.097984915599226952e-02
2.158579882234334946e-02
2.185207000002264977e-02
2.136766910552978516e-02
2.127977879717946053e-02
2.176050981506705284e-02
2.150719938799738884e-02
2.163621876388788223e-02
2.196596004068851471e-02
2.099289884790778160e-02
2.212943974882364273e-02
2.208202984184026718e-02
2.174027962610125542e-02
2.157600875943899155e-02
2.073995815590023994e-02
2.163696009665727615e-02
2.142664929851889610e-02
2.098125871270895004e-02
2.110171783715486526e-02
2.090500900521874428e-02
2.076233783736824989e-02
2.160906931385397911e-02
2.166543994098901749e-02
2.078688796609640121e-02
2.142298873513936996e-02
2.303708204999566078e-02
2.049111761152744293e-02
2.043089689686894417e-02
2.042998699471354485e-02
2.130410913378000259e-02
2.179706003516912460e-02
2.140251919627189636e-02
1.996727706864476204e-02
2.025025803595781326e-02
2.811759803444147110e-02
2.058925805613398552e-02
2.127626864239573479e-02
2.117957873269915581e-02
2.427822304889559746e-02
2.552733523771166801e-02
2.002903725951910019e-02
3.440635697916150093e-02
3.023817110806703568e-02
2.450173301622271538e-02
2.248520962893962860e-02
2.246813103556632996e-02
2.138750907033681870e-02
2.892113896086812019e-02
2.975932089611887932e-02
2.631320478394627571e-02
2.506469422951340675e-02
2.472259290516376495e-02
2.543461509048938751e-02
2.528276434168219566e-02
2.528766496106982231e-02
2.463532285764813423e-02
2.486206404864788055e-02
2.611294481903314590e-02
3.327017510309815407e-02
2.548211393877863884e-02
2.550414390861988068e-02
2.541345497593283653e-02
2.504344377666711807e-02
2.563383476808667183e-02
2.519512409344315529e-02
2.458767266944050789e-02
2.749099815264344215e-02
2.012781705707311630e-02
2.072016801685094833e-02
2.041803719475865364e-02
2.238731086254119873e-02
1.980776712298393250e-02
1.963516604155302048e-02
2.095002913847565651e-02
2.113219862803816795e-02
2.050220780074596405e-02
1.960968598723411560e-02
2.001254772767424583e-02
1.984283607453107834e-02
1.965514617040753365e-02
1.984421722590923309e-02
1.957403682172298431e-02
2.701238682493567467e-02
1.914105610921978951e-02
1.910550566390156746e-02
1.950279623270034790e-02
1.958201685920357704e-02
1.919357618317008018e-02
1.897883601486682892e-02
1.919527584686875343e-02
1.902962615713477135e-02
1.916715595871210098e-02
1.942215627059340477e-02
1.894426625221967697e-02
1.923563610762357712e-02
1.899919472634792328e-02
1.911991601809859276e-02
1.901799626648426056e-02
1.918935589492321014e-02
1.951232692226767540e-02
2.933379029855132103e-02
2.273815078660845757e-02
2.233573002740740776e-02
2.230723015964031219e-02
2.229664986953139305e-02
2.271808078512549400e-02
2.081217803061008453e-02
1.908231573179364204e-02
2.184318006038665771e-02
1.954255579039454460e-02
1.873989589512348175e-02
1.902635581791400909e-02
1.897151581943035126e-02
1.909459615126252174e-02
1.939418585970997810e-02
1.923872623592615128e-02
1.978502701967954636e-02
1.896837586537003517e-02
1.921439636498689651e-02
1.902146590873599052e-02
1.981326704844832420e-02
2.072362788021564484e-02
1.894765580072999001e-02
1.963939704000949860e-02
1.920716604217886925e-02
1.895035617053508759e-02
1.912002591416239738e-02
1.878399495035409927e-02
1.907525584101676941e-02
1.901611592620611191e-02
1.900902623310685158e-02
1.908310595899820328e-02
2.020419714972376823e-02
2.099983906373381615e-02
2.148465905338525772e-02
2.265493059530854225e-02
1.986303739249706268e-02
2.009973721578717232e-02
1.986146671697497368e-02
2.213499974459409714e-02
2.145767910405993462e-02
2.025062683969736099e-02
2.047973824664950371e-02
2.016039798036217690e-02
1.979627599939703941e-02
2.030244702473282814e-02
2.046996774151921272e-02
2.028962783515453339e-02
2.005347702652215958e-02
1.991373719647526741e-02
2.031800802797079086e-02
2.037835726514458656e-02
2.583062602207064629e-02
2.043018676340579987e-02
2.033408777788281441e-02
2.780598821118474007e-02
2.062862832099199295e-02
1.919099641963839531e-02
2.058273833245038986e-02
1.916471635922789574e-02
1.948375720530748367e-02
2.096608793362975121e-02
1.891954615712165833e-02
1.932141603901982307e-02
2.221398986876010895e-02
1.882825512439012527e-02
1.908110640943050385e-02
2.202904969453811646e-02
2.520040376111865044e-02
2.030730806291103363e-02
1.957208709791302681e-02
1.971775572746992111e-02
1.930206594988703728e-02
1.980626676231622696e-02
1.916940603405237198e-02
1.922517595812678337e-02
1.936228619888424873e-02
1.924674632027745247e-02
1.932152593508362770e-02
1.936536608263850212e-02
1.981108728796243668e-02
1.931377593427896500e-02
1.946256728842854500e-02
1.946270605549216270e-02
1.955011719837784767e-02
1.936005568131804466e-02
1.957518700510263443e-02
1.945815607905387878e-02
1.938516693189740181e-02
1.988667715340852737e-02
2.201918000355362892e-02
2.066538762301206589e-02
2.115768892690539360e-02
2.100929804146289825e-02
2.035947795957326889e-02
2.011445723474025726e-02
2.014122810214757919e-02
2.075387770310044289e-02
2.390959300100803375e-02
1.959163602441549301e-02
2.044264832511544228e-02
2.003163704648613930e-02
2.036702772602438927e-02
2.309977123513817787e-02
1.955384667962789536e-02
2.002421719953417778e-02
2.048541791737079620e-02
2.037304779514670372e-02
1.973894657567143440e-02
1.992684695869684219e-02
1.991808693856000900e-02
2.059512771666049957e-02
1.988964667543768883e-02
1.954645710065960884e-02
1.933278469368815422e-02
1.941827638074755669e-02
1.940819714218378067e-02
1.987772667780518532e-02
2.044684812426567078e-02
1.961008599027991295e-02
1.931447722017765045e-02
1.905914582312107086e-02
1.942897588014602661e-02
1.959351683035492897e-02
1.966310618445277214e-02
1.993383700028061867e-02
1.923075597733259201e-02
1.948448596522212029e-02
2.721164701506495476e-02
1.951531693339347839e-02
2.082358812913298607e-02
2.078666817396879196e-02
2.313556103035807610e-02
2.434826316311955452e-02
2.070327801629900932e-02
2.617535600438714027e-02
2.001577708870172501e-02
2.026941813528537750e-02
2.270890073850750923e-02
2.040868671610951424e-02
2.068772772327065468e-02
2.042335690930485725e-02
2.438298426568508148e-02
2.195556974038481712e-02
2.272637002170085907e-02
2.410666178911924362e-02
2.526681497693061829e-02
2.338867215439677238e-02
2.174269873648881912e-02
2.009143726900219917e-02
2.013215702027082443e-02
1.993366703391075134e-02
1.938311615958809853e-02
1.943960692733526230e-02
2.023208700120449066e-02
1.968981698155403137e-02
2.016575820744037628e-02
1.998954685404896736e-02
1.983937714248895645e-02
2.322736242786049843e-02
2.656731614843010902e-02
2.080817800015211105e-02
2.121876878663897514e-02
2.082347823306918144e-02
2.102652937173843384e-02
2.188001992180943489e-02
1.985652698203921318e-02
2.009455673396587372e-02
2.060050796717405319e-02
2.064425824210047722e-02
2.064043795689940453e-02
2.069520810618996620e-02
2.047088788822293282e-02
1.995199685916304588e-02
2.059754775837063789e-02
2.109113894402980804e-02
1.998474681749939919e-02
2.016839804127812386e-02
2.057838812470436096e-02
2.032874664291739464e-02
2.025070786476135254e-02
2.053566789254546165e-02
2.084248792380094528e-02
2.082300884649157524e-02
2.065652795135974884e-02
2.169696893543004990e-02
2.081169793382287025e-02
2.056703716516494751e-02
2.084198826923966408e-02
2.647438598796725273e-02
1.977198710665106773e-02
1.907344581559300423e-02
1.910918578505516052e-02
1.955955615267157555e-02
3.187300404533743858e-02
2.776481816545128822e-02
2.046371717005968094e-02
2.046926738694310188e-02
2.095149923115968704e-02
2.281944081187248230e-02
2.336469199508428574e-02
2.010104712098836899e-02
2.118307864293456078e-02
1.909022592008113861e-02
1.830070512369275093e-02
1.863731490448117256e-02
1.860677497461438179e-02
1.887429505586624146e-02
1.979369670152664185e-02
1.958543667569756508e-02
1.986334705725312233e-02
1.932257600128650665e-02
2.016996825113892555e-02
1.996154664084315300e-02
1.991010736674070358e-02
1.967065688222646713e-02
1.996733713895082474e-02
2.004202688112854958e-02
1.992672728374600410e-02
1.982134673744440079e-02
1.858221506699919701e-02
1.829888531938195229e-02
1.863242639228701591e-02
2.138456888496875763e-02
1.933139609172940254e-02
2.379394229501485825e-02
1.851961575448513031e-02
2.067385800182819366e-02
2.027050731703639030e-02
1.905508618801832199e-02
1.942421682178974152e-02
1.899562636390328407e-02
2.041531726717948914e-02
2.192591968923807144e-02
2.083886880427598953e-02
2.144943876191973686e-02
2.091280836611986160e-02
2.118228934705257416e-02
2.080605784431099892e-02
2.080920804291963577e-02
2.073473809286952019e-02
2.018745662644505501e-02
2.066456805914640427e-02
2.091922797262668610e-02
2.115578902885317802e-02
2.026023669168353081e-02
2.057558717206120491e-02
2.106101810932159424e-02
2.089948905631899834e-02
2.090011816471815109e-02
2.077136794105172157e-02
2.051494829356670380e-02
2.086224919185042381e-02
2.102126786485314369e-02
2.076839888468384743e-02
2.067098813131451607e-02
2.105186786502599716e-02
2.504104422405362129e-02
1.967596588656306267e-02
1.924664573743939400e-02
1.930275699123740196e-02
2.253472013399004936e-02
2.071189926937222481e-02
2.068023802712559700e-02
2.309019071981310844e-02
2.340884180739521980e-02
2.295434102416038513e-02
1.946237683296203613e-02
2.085445821285247803e-02
1.906380616128444672e-02
1.938508590683341026e-02
1.951098721474409103e-02
1.928132586181163788e-02
1.924280589446425438e-02
1.936319703236222267e-02
1.923181582242250443e-02
1.908122608438134193e-02
1.946886582300066948e-02
1.928161690011620522e-02
1.923268567770719528e-02
1.919606607407331467e-02
1.940368628129363060e-02
1.965104695409536362e-02
1.926741609349846840e-02
1.948619680479168892e-02
1.922448584809899330e-02
1.942575583234429359e-02
1.959000620990991592e-02
1.929440628737211227e-02
1.989677734673023224e-02
1.933962665498256683e-02
1.922299619764089584e-02
1.976397680118680000e-02
1.919199572876095772e-02
1.923064608126878738e-02
1.913760602474212646e-02
1.913125580176711082e-02
1.931633567437529564e-02
1.927633583545684814e-02
1.904054591432213783e-02
1.886086491867899895e-02
1.956130703911185265e-02
1.906809583306312561e-02
2.621218515560030937e-02
2.384444186463952065e-02
2.380173187702894211e-02
2.583804586902260780e-02
2.160426881164312363e-02
2.107854932546615601e-02
1.991490693762898445e-02
2.315647108480334282e-02
2.549537504091858864e-02
2.266980102285742760e-02
2.294758101925253868e-02
2.291423082351684570e-02
2.285323059186339378e-02
2.294662129133939743e-02
2.331837080419063568e-02
2.344220224767923355e-02
2.409077296033501625e-02
2.313991216942667961e-02
2.295848075300455093e-02
2.343677217140793800e-02
2.308848081156611443e-02
2.309439191594719887e-02
2.301789121702313423e-02
2.281055133789777756e-02
2.236235095188021660e-02
2.324539097025990486e-02
2.303022192791104317e-02
2.301607094705104828e-02
2.294923132285475731e-02
2.902293996885418892e-02
2.311143092811107635e-02
2.098549902439117432e-02
1.912180567160248756e-02
1.917658606544137001e-02
1.976043684408068657e-02
1.897616498172283173e-02
1.944326609373092651e-02
1.928950566798448563e-02
2.223909972235560417e-02
2.054757717996835709e-02
1.922751637175679207e-02
2.382824197411537170e-02
2.198742004111409187e-02
1.973066711798310280e-02
2.497877366840839386e-02
2.038716804236173630e-02
2.051185723394155502e-02
1.981040602549910545e-02
2.001716801896691322e-02
2.396171214058995247e-02
1.889645587652921677e-02
1.905081607401371002e-02
2.087762812152504921e-02
2.401466295123100281e-02
2.504867361858487129e-02
2.514017419889569283e-02
2.465145383030176163e-02
2.469586301594972610e-02
2.477660309523344040e-02
2.492708386853337288e-02
2.489759400486946106e-02
2.489886386319994926e-02
2.503194380551576614e-02
2.500887401401996613e-02
2.511003380641341209e-02
2.508028410375118256e-02
2.488950407132506371e-02
2.539985487237572670e-02
2.531968383118510246e-02
2.511421404778957367e-02
2.493391418829560280e-02
2.525144489482045174e-02
2.485746284946799278e-02
2.625033492222428322e-02
1.987981703132390976e-02
1.954041700810194016e-02
2.043879823759198189e-02
2.163575915619730949e-02
2.315006172284483910e-02
2.363646216690540314e-02
2.137509873136878014e-02
1.908710598945617676e-02
2.075838763266801834e-02
1.915591629222035408e-02
1.897470606490969658e-02
1.912616612389683723e-02
1.903689606115221977e-02
1.964812725782394409e-02
1.917999563738703728e-02
1.906934613361954689e-02
1.923954579979181290e-02
1.926504587754607201e-02
1.911563612520694733e-02
1.895682606846094131e-02
1.905111595988273621e-02
1.902122609317302704e-02
1.883681491017341614e-02
1.929378695785999298e-02
2.021091710776090622e-02
1.914340583607554436e-02
1.914144586771726608e-02
1.906670583412051201e-02
1.913248607888817787e-02
1.905213622376322746e-02
1.927738590165972710e-02
1.918267598375678062e-02
1.929089613258838654e-02
1.950283627957105637e-02
2.540255524218082428e-02
2.131805941462516785e-02
2.124534919857978821e-02
2.202514978125691414e-02
2.368921227753162384e-02
1.953759696334600449e-02
1.954589597880840302e-02
1.928433682769536972e-02
1.916942605748772621e-02
1.972852600738406181e-02
1.941816601902246475e-02
2.033314807340502739e-02
2.034052694216370583e-02
1.932385703548789024e-02
2.029706723988056183e-02
2.309173205867409706e-02
1.921769604086875916e-02
1.937403623014688492e-02
1.928550610318779945e-02
1.915348600596189499e-02
2.464515296742320061e-02
2.675008587539196014e-02
2.388084167614579201e-02
2.437953324988484383e-02
2.484111394733190536e-02
2.375256177037954330e-02
2.372254198417067528e-02
2.399977203458547592e-02
2.408917294815182686e-02
2.350279223173856735e-02
2.383307227864861488e-02
2.378525305539369583e-02
2.348526194691658020e-02
2.377797244116663933e-02
2.374210208654403687e-02
2.390797296538949013e-02
2.360450197011232376e-02
2.423449326306581497e-02
2.379992231726646423e-02
2.364252228289842606e-02
2.401931211352348328e-02
2.364914212375879288e-02
2.348185190930962563e-02
2.362990193068981171e-02
2.422938309609889984e-02
2.444207295775413513e-02
2.480053296312689781e-02
2.511922363191843033e-02
2.454290399327874184e-02
2.475495310500264168e-02
2.539125503972172737e-02
2.689554588869214058e-02
2.542154397815465927e-02
2.581342495977878571e-02
2.468921430408954620e-02
2.460792334750294685e-02
2.685973700135946274e-02
2.438810281455516815e-02
2.437691297382116318e-02
2.398427296429872513e-02
2.503076381981372833e-02
2.335515199229121208e-02
2.311584120616316795e-02
2.310090092942118645e-02
2.275743009522557259e-02
2.280851034447550774e-02
2.221693005412817001e-02
2.323217131197452545e-02
2.324298210442066193e-02
2.274510124698281288e-02
2.266618097200989723e-02
2.239667018875479698e-02
2.282367134466767311e-02
2.303280215710401535e-02
2.258526021614670753e-02
2.286103088408708572e-02
2.277565142139792442e-02
2.299128100275993347e-02
2.271057106554508209e-02
2.246082015335559845e-02
2.312754187732934952e-02
2.284805104136466980e-02
2.296754112467169762e-02
2.663044631481170654e-02
2.319647185504436493e-02
2.274846099317073822e-02
2.547421399503946304e-02
1.962936716154217720e-02
1.962738716974854469e-02
1.952973613515496254e-02
1.947578694671392441e-02
1.970789674669504166e-02
1.973853586241602898e-02
1.949966698884963989e-02
1.928692590445280075e-02
1.893573580309748650e-02
1.900409627705812454e-02
1.960306707769632339e-02
1.916815573349595070e-02
1.975231710821390152e-02
1.973748626187443733e-02
1.918035699054598808e-02
1.927293604239821434e-02
1.992215728387236595e-02
1.978231733664870262e-02
1.970249740406870842e-02
1.965046580880880356e-02
1.970661710947751999e-02
1.955262664705514908e-02
1.959818601608276367e-02
2.233573095872998238e-02
1.912743598222732544e-02
2.386352187022566795e-02
2.386151300743222237e-02
2.105885883793234825e-02
1.994590740650892258e-02
1.970554608851671219e-02
2.409943193197250366e-02
2.452934393659234047e-02
2.002855716273188591e-02
2.009076718240976334e-02
2.254833094775676727e-02
1.956205675378441811e-02
1.991866715252399445e-02
1.971899578347802162e-02
2.016161708161234856e-02
1.981885684654116631e-02
1.972749689593911171e-02
1.983906701207160950e-02
1.985779684036970139e-02
2.027026703581213951e-02
2.093178918585181236e-02
2.157378895208239555e-02
1.932761585339903831e-02
2.032509725540876389e-02
1.981649687513709068e-02
2.027514809742569923e-02
1.925208605825901031e-02
2.114317938685417175e-02
1.979011716321110725e-02
2.005391707643866539e-02
2.013980736956000328e-02
2.072876831516623497e-02
1.980713568627834320e-02
2.010966790840029716e-02
1.976051693782210350e-02
1.974988728761672974e-02
1.949167624115943909e-02
1.977704698219895363e-02
1.978336693719029427e-02
1.996701722964644432e-02
1.986104669049382210e-02
2.010641712695360184e-02
2.033527707681059837e-02
2.046764781698584557e-02
2.009264705702662468e-02
1.914772624149918556e-02
1.946084713563323021e-02
1.962594734504818916e-02
2.073564799502491951e-02
1.959749637171626091e-02
1.979562686756253242e-02
1.989625720307230949e-02
1.929679606109857559e-02
2.011641673743724823e-02
1.960255717858672142e-02
1.971707725897431374e-02
1.961908582597970963e-02
2.033743774518370628e-02
2.138771908357739449e-02
1.998398732393980026e-02
1.967904670163989067e-02
2.021559793502092361e-02
1.995250675827264786e-02
1.988605689257383347e-02
2.012870693579316139e-02
1.943599712103605270e-02
1.957503613084554672e-02
1.997035695239901543e-02
1.981460675597190857e-02
1.962200738489627838e-02
1.970674702897667885e-02
1.989936688914895058e-02
1.992258708924055099e-02
1.879031583666801453e-02
2.004904719069600105e-02
1.973792724311351776e-02
1.994428690522909164e-02
1.958145713433623314e-02
1.992741739377379417e-02
1.981229707598686218e-02
