8.733670616149902344e+01
2.665618801116943359e+01
1.751635670661926270e+01
1.413838648796081543e+01
1.547491270303726196e+01
5.084954798221588135e+00
9.723982453346252441e+00
8.885000109672546387e+00
1.081572914123535156e+01
7.151956975460052490e+00
9.077569603919982910e+00
9.307253599166870117e+00
7.574398458003997803e+00
1.183424222469329834e+01
1.084104418754577637e+01
1.035869729518890381e+01
7.261116862297058105e+00
1.524071717262268066e+01
1.492648148536682129e+01
1.115790021419525146e+01
7.073305368423461914e+00
6.921538949012756348e+00
6.331482470035552979e+00
1.049698066711425781e+01
6.945941448211669922e+00
9.333153486251831055e+00
7.381554961204528809e+00
7.796906352043151855e+00
5.961323142051696777e+00
8.415162444114685059e+00
7.175874233245849609e+00
6.514802217483520508e+00
1.169658130407333374e+01
6.927927970886230469e+00
8.155640184879302979e+00
3.267953097820281982e+00
1.075241816043853760e+01
6.104888916015625000e+00
1.053966367244720459e+01
5.792450547218322754e+00
6.383425205945968628e+00
8.154932141304016113e+00
8.912101209163665771e+00
6.960203528404235840e+00
6.456991910934448242e+00
8.578593641519546509e+00
4.942973732948303223e+00
6.835059523582458496e+00
4.959022402763366699e+00
8.258661746978759766e+00
7.554332435131072998e+00
8.327329993247985840e+00
8.740381360054016113e+00
8.982241809368133545e+00
3.828812748193740845e+00
5.622679412364959717e+00
2.636735081672668457e+00
8.229256331920623779e+00
3.107405453920364380e+00
6.183628320693969727e+00
6.102825224399566650e+00
7.637267112731933594e+00
2.914995908737182617e+00
7.455821812152862549e+00
6.506233334541320801e+00
5.770640909671783447e+00
8.553715467453002930e+00
7.461294770240783691e+00
7.192771792411804199e+00
5.498971134424209595e+00
5.483598947525024414e+00
7.113607168197631836e+00
6.197720468044281006e+00
7.202200889587402344e+00
4.555084586143493652e+00
6.696171939373016357e+00
6.597392678260803223e+00
7.374755501747131348e+00
9.128506660461425781e+00
5.522719204425811768e+00
7.487856030464172363e+00
4.268053233623504639e+00
6.833997607231140137e+00
8.136609315872192383e+00
6.067217469215393066e+00
1.069638490676879883e+01
7.040430843830108643e+00
8.849952697753906250e+00
7.844918251037597656e+00
1.182863891124725342e+01
6.884384751319885254e+00
8.477539181709289551e+00
9.322539210319519043e+00
9.711666107177734375e+00
4.136593610048294067e+00
5.781620621681213379e+00
4.187804818153381348e+00
4.299447447061538696e+00
7.591304481029510498e+00
5.740507662296295166e+00
6.894173830747604370e+00
5.787075877189636230e+00
4.123068034648895264e+00
4.595473468303680420e+00
3.941422879695892334e+00
1.048264172673225403e+01
5.969870269298553467e+00
4.358021914958953857e+00
5.597900748252868652e+00
5.184313416481018066e+00
3.059905886650085449e+00
5.476080894470214844e+00
7.737438559532165527e+00
8.287448644638061523e+00
4.061987936496734619e+00
5.546807080507278442e+00
4.192060291767120361e+00
4.583348631858825684e+00
7.467039465904235840e+00
3.630585372447967529e+00
6.602696835994720459e+00
3.051948457956314087e+00
3.753713428974151611e+00
5.072465360164642334e+00
6.518750011920928955e+00
5.931799650192260742e+00
4.126751273870468140e+00
6.298934519290924072e+00
4.608046174049377441e+00
3.700304746627807617e+00
5.528443157672882080e+00
8.311686754226684570e+00
2.663848340511322021e+00
4.304668188095092773e+00
3.993856012821197510e+00
4.248832225799560547e+00
5.605616688728332520e+00
6.324814200401306152e+00
4.167452573776245117e+00
5.609690546989440918e+00
9.784259855747222900e+00
3.624316722154617310e+00
7.246779799461364746e+00
4.533255636692047119e+00
7.147025465965270996e+00
3.064606159925460815e+00
3.962860226631164551e+00
6.274963080883026123e+00
3.338285923004150391e+00
6.062511503696441650e+00
4.460967123508453369e+00
2.889804124832153320e+00
4.647212266921997070e+00
3.204555094242095947e+00
4.673314809799194336e+00
6.326116889715194702e+00
4.178239762783050537e+00
5.191442549228668213e+00
3.697411119937896729e+00
5.273010939359664917e+00
6.301675438880920410e+00
3.618085205554962158e+00
4.399904489517211914e+00
6.305041134357452393e+00
5.661840021610260010e+00
7.425160706043243408e+00
6.308839440345764160e+00
3.943210095167160034e+00
3.662344455718994141e+00
3.874421238899230957e+00
3.485943317413330078e+00
3.810824096202850342e+00
4.789509057998657227e+00
6.711395740509033203e+00
8.039409875869750977e+00
7.112676501274108887e+00
5.339725673198699951e+00
1.056546932458877563e+01
6.328371584415435791e+00
7.252545475959777832e+00
4.271885156631469727e+00
5.420522391796112061e+00
5.337179183959960938e+00
4.071801543235778809e+00
5.002572298049926758e+00
2.562235474586486816e+00
3.366988867521286011e+00
3.734145522117614746e+00
3.162460565567016602e+00
3.644255876541137695e+00
3.820578515529632568e+00
7.629899263381958008e+00
5.640990138053894043e+00
3.621088683605194092e+00
6.245599150657653809e+00
5.456885576248168945e+00
7.007079720497131348e+00
6.694784045219421387e+00
5.944340586662292480e+00
6.118693709373474121e+00
5.336387395858764648e+00
4.974695622920989990e+00
4.319939136505126953e+00
2.609404146671295166e+00
4.622010260820388794e+00
3.836034715175628662e+00
4.441997528076171875e+00
3.427681535482406616e+00
1.942889481782913208e+00
4.280002832412719727e+00
3.955467611551284790e+00
2.981517761945724487e+00
6.192950457334518433e+00
4.284746319055557251e+00
4.956980109214782715e+00
3.855767428874969482e+00
4.517189741134643555e+00
6.278028935194015503e+00
6.076960623264312744e+00
3.977648437023162842e+00
3.446919739246368408e+00
7.661153435707092285e+00
4.585656553506851196e+00
4.881711483001708984e+00
3.885061293840408325e+00
5.080247342586517334e+00
4.737683236598968506e+00
5.353927046060562134e+00
4.670998096466064453e+00
6.405738472938537598e+00
3.623252153396606445e+00
3.204334139823913574e+00
2.385832786560058594e+00
4.942418158054351807e+00
5.185696542263031006e+00
2.781212240457534790e+00
4.810403168201446533e+00
5.441458523273468018e+00
2.556977152824401855e+00
2.250158190727233887e+00
4.356474161148071289e+00
4.012692481279373169e+00
2.080452591180801392e+00
4.545833766460418701e+00
3.559945762157440186e+00
1.691170394420623779e+00
3.389744043350219727e+00
3.616399407386779785e+00
2.795968562364578247e+00
5.846794486045837402e+00
2.387909144163131714e+00
4.088024616241455078e+00
3.665528714656829834e+00
6.925469100475311279e+00
2.526960253715515137e+00
4.934736371040344238e+00
3.901782691478729248e+00
4.501494765281677246e+00
5.400347590446472168e+00
5.603938430547714233e+00
3.224682629108428955e+00
4.747305274009704590e+00
4.514697968959808350e+00
1.889767080545425415e+00
4.251879215240478516e+00
3.043300747871398926e+00
3.401807785034179688e+00
4.853687703609466553e+00
4.895003974437713623e+00
7.030622422695159912e+00
3.291021704673767090e+00
5.025922954082489014e+00
2.324513167142868042e+00
3.871663987636566162e+00
3.147907614707946777e+00
3.502321302890777588e+00
3.655574649572372437e+00
3.795470952987670898e+00
5.228176385164260864e+00
4.811488449573516846e+00
3.127712011337280273e+00
2.162252172827720642e+00
5.290626645088195801e+00
3.695109397172927856e+00
2.325840830802917480e+00
3.616032004356384277e+00
4.077206015586853027e+00
6.343733787536621094e+00
6.223514482378959656e+00
3.468422710895538330e+00
5.004994004964828491e+00
4.150669574737548828e+00
2.248165577650070190e+00
4.523230582475662231e+00
3.473586082458496094e+00
3.003863334655761719e+00
3.561571300029754639e+00
2.226672440767288208e+00
4.870218694210052490e+00
4.548047184944152832e+00
2.830372452735900879e+00
2.457777172327041626e+00
4.035516142845153809e+00
2.948789417743682861e+00
1.663986206054687500e+00
4.048050671815872192e+00
2.272796511650085449e+00
5.252324461936950684e+00
3.477649092674255371e+00
2.672401249408721924e+00
1.896857857704162598e+00
2.455925971269607544e+00
3.366511672735214233e+00
3.351281523704528809e+00
3.701798796653747559e+00
3.686909914016723633e+00
4.112353503704071045e+00
2.501528620719909668e+00
5.660624653100967407e+00
2.522849380970001221e+00
2.579452782869338989e+00
1.903864294290542603e+00
2.804488092660903931e+00
2.346607178449630737e+00
2.888978987932205200e+00
3.508987605571746826e+00
2.502280622720718384e+00
3.265497624874114990e+00
2.856283128261566162e+00
4.222674727439880371e+00
3.678208887577056885e+00
2.010184481739997864e+00
2.935593277215957642e+00
3.823499500751495361e+00
3.985904693603515625e+00
3.435722291469573975e+00
3.489090502262115479e+00
2.892004698514938354e+00
1.934341877698898315e+00
2.608843863010406494e+00
2.805896848440170288e+00
4.088075995445251465e+00
2.599041119217872620e+00
4.097265243530273438e+00
2.772050678730010986e+00
3.043637663125991821e+00
1.933300554752349854e+00
3.569662928581237793e+00
3.129745662212371826e+00
2.517497003078460693e+00
1.993127524852752686e+00
3.429676473140716553e+00
2.495376139879226685e+00
3.074471145868301392e+00
4.089432865381240845e+00
4.021002113819122314e+00
2.615326434373855591e+00
2.244213283061981201e+00
4.874208807945251465e+00
3.713134020566940308e+00
4.211910724639892578e+00
3.220941126346588135e+00
3.824301898479461670e+00
2.477726995944976807e+00
4.734334081411361694e+00
4.812448590993881226e+00
4.092956483364105225e+00
3.211884617805480957e+00
3.175229310989379883e+00
2.770837217569351196e+00
2.556460142135620117e+00
1.837503135204315186e+00
2.800867080688476562e+00
3.918559730052947998e+00
4.998353719711303711e+00
2.570739746093750000e+00
3.596116662025451660e+00
1.759092032909393311e+00
4.825022488832473755e+00
5.186304748058319092e+00
2.340436995029449463e+00
2.957136571407318115e+00
3.416170358657836914e+00
3.451611086726188660e+00
3.045791804790496826e+00
1.675426036119461060e+00
1.816792547702789307e+00
2.414535641670227051e+00
1.962061166763305664e+00
3.538228154182434082e+00
1.945320725440979004e+00
2.018292009830474854e+00
2.302150070667266846e+00
5.649944514036178589e+00
2.047000616788864136e+00
5.118111014366149902e+00
2.065027177333831787e+00
3.635729670524597168e+00
4.077094614505767822e+00
2.347035035490989685e+00
1.882613569498062134e+00
3.118682146072387695e+00
4.330339789390563965e+00
3.220828086137771606e+00
3.369392037391662598e+00
4.158506631851196289e+00
1.569369107484817505e+00
2.663391113281250000e+00
1.890143126249313354e+00
2.835878551006317139e+00
3.150323003530502319e+00
2.497631996870040894e+00
3.670270889997482300e+00
2.625765174627304077e+00
2.929974853992462158e+00
2.418561041355133057e+00
2.914475470781326294e+00
2.209148228168487549e+00
2.332239866256713867e+00
6.093389868736267090e+00
4.911922991275787354e+00
1.423827350139617920e+00
2.482278823852539062e+00
1.891268491744995117e+00
2.765014261007308960e+00
2.162996560335159302e+00
2.345315545797348022e+00
4.168798565864562988e+00
2.751552581787109375e+00
2.157381653785705566e+00
2.680870652198791504e+00
4.025900930166244507e+00
3.303924620151519775e+00
2.447754412889480591e+00
2.603043794631958008e+00
3.373325407505035400e+00
2.004712939262390137e+00
4.910664618015289307e+00
2.401826232671737671e+00
3.882700860500335693e+00
2.348581075668334961e+00
1.945161074399948120e+00
3.902379393577575684e+00
2.608167588710784912e+00
1.612852111458778381e+00
1.367903947830200195e+00
2.782644808292388916e+00
2.035153329372406006e+00
4.782206475734710693e+00
3.518774449825286865e+00
3.461475491523742676e+00
3.567181468009948730e+00
2.927078545093536377e+00
2.275966048240661621e+00
4.308994352817535400e+00
3.121390968561172485e+00
2.943361476063728333e+00
4.470811367034912109e+00
4.589934945106506348e+00
1.744112133979797363e+00
4.420766711235046387e+00
3.357100903987884521e+00
1.961292296648025513e+00
3.312486916780471802e+00
3.258391797542572021e+00
3.716534614562988281e+00
2.253390088677406311e+00
3.207526996731758118e+00
3.386741578578948975e+00
2.975008308887481689e+00
2.555875301361083984e+00
2.258727878332138062e+00
1.593801558017730713e+00
3.738523334264755249e+00
2.719137817621231079e+00
3.804015517234802246e+00
2.803871601819992065e+00
2.478991657495498657e+00
3.571487843990325928e+00
2.379071190953254700e+00
4.434924423694610596e+00
1.917866587638854980e+00
1.808923035860061646e+00
2.810980379581451416e+00
2.838923990726470947e+00
1.896411091089248657e+00
2.348095089197158813e+00
3.672488167881965637e+00
2.106704086065292358e+00
3.164464294910430908e+00
2.408525884151458740e+00
3.041125655174255371e+00
2.464098215103149414e+00
2.164896219968795776e+00
3.481549263000488281e+00
4.162581682205200195e+00
4.563284546136856079e+00
2.705711454153060913e+00
2.357002496719360352e+00
2.618115037679672241e+00
2.790462434291839600e+00
3.932312190532684326e+00
4.283859819173812866e+00
2.190158486366271973e+00
5.652306079864501953e+00
1.573922142386436462e+00
3.080966651439666748e+00
2.301283806562423706e+00
1.925538286566734314e+00
2.176837593317031860e+00
2.847729206085205078e+00
3.501035273075103760e+00
2.525709897279739380e+00
2.356551781296730042e+00
2.098882257938385010e+00
4.108577787876129150e+00
1.864446103572845459e+00
2.517521858215332031e+00
2.103395879268646240e+00
1.586970224976539612e+00
3.150992095470428467e+00
3.474552303552627563e+00
2.685070812702178955e+00
1.788117647171020508e+00
3.419080018997192383e+00
4.351365327835083008e+00
2.240973055362701416e+00
3.535408437252044678e+00
3.013778179883956909e+00
2.617147982120513916e+00
2.227501958608627319e+00
2.679951578378677368e+00
4.147759899497032166e+00
2.397575736045837402e+00
3.635245859622955322e+00
2.178861200809478760e+00
1.976332038640975952e+00
3.064175695180892944e+00
3.207928001880645752e+00
3.054764002561569214e+00
2.044875264167785645e+00
2.435721576213836670e+00
1.852167040109634399e+00
4.452110528945922852e+00
2.267256736755371094e+00
4.964973568916320801e+00
2.563560068607330322e+00
3.390051424503326416e+00
2.680182307958602905e+00
2.195190846920013428e+00
1.742243543267250061e+00
2.048858463764190674e+00
1.700429350137710571e+00
2.090962171554565430e+00
2.491905093193054199e+00
2.240926772356033325e+00
2.864081025123596191e+00
3.955467820167541504e+00
1.631582155823707581e+00
4.806776940822601318e+00
3.726910233497619629e+00
1.801563471555709839e+00
3.549479722976684570e+00
4.961403310298919678e+00
1.652642577886581421e+00
3.181890994310379028e+00
2.417162150144577026e+00
2.528184354305267334e+00
2.052156597375869751e+00
3.358320832252502441e+00
3.178472518920898438e+00
3.884352207183837891e+00
2.730582684278488159e+00
3.159961253404617310e+00
2.258685603737831116e+00
3.816010951995849609e+00
2.377477407455444336e+00
2.403395414352416992e+00
2.846171200275421143e+00
2.827267736196517944e+00
1.055243834853172302e+00
2.115506142377853394e+00
2.343681603670120239e+00
2.209011614322662354e+00
2.294552683830261230e+00
1.893339931964874268e+00
2.018484890460968018e+00
2.633470475673675537e+00
4.307820856571197510e+00
3.618922948837280273e+00
2.984950974583625793e+00
5.543509960174560547e+00
4.203398585319519043e+00
1.839186802506446838e+00
1.829561978578567505e+00
2.606346487998962402e+00
3.951209783554077148e+00
4.515019148588180542e+00
1.540665149688720703e+00
2.681541860103607178e+00
2.242296397686004639e+00
1.967632263898849487e+00
3.758628666400909424e+00
3.277861744165420532e+00
3.528689324855804443e+00
2.355983555316925049e+00
3.254442334175109863e+00
3.651623755693435669e+00
2.242958903312683105e+00
3.383364796638488770e+00
1.884810686111450195e+00
2.804009884595870972e+00
1.816352978348731995e+00
2.466875255107879639e+00
2.458980739116668701e+00
2.340443611145019531e+00
2.528732329607009888e+00
3.610445320606231689e+00
2.149528294801712036e+00
3.140810787677764893e+00
3.295544534921646118e+00
1.854809999465942383e+00
1.401251286268234253e+00
3.431629657745361328e+00
2.402596086263656616e+00
5.231053888797760010e+00
4.374575436115264893e+00
2.551009416580200195e+00
2.891013085842132568e+00
3.443479359149932861e+00
2.792400002479553223e+00
2.764594197273254395e+00
2.509752780199050903e+00
2.396114319562911987e+00
2.727569609880447388e+00
5.206567555665969849e+00
2.505180597305297852e+00
1.970873698592185974e+00
1.897695600986480713e+00
2.725673601031303406e+00
4.191502943634986877e+00
2.788594126701354980e+00
2.936865329742431641e+00
2.841830179095268250e+00
3.410539031028747559e+00
2.907024532556533813e+00
1.996783554553985596e+00
3.769923299551010132e+00
3.608787983655929565e+00
2.258789032697677612e+00
2.786762148141860962e+00
1.865997284650802612e+00
3.304510056972503662e+00
2.387920141220092773e+00
3.685420870780944824e+00
4.093572616577148438e+00
3.141686320304870605e+00
1.520957559347152710e+00
1.479341030120849609e+00
3.965931296348571777e+00
2.695011615753173828e+00
2.701548665761947632e+00
1.464541912078857422e+00
4.223695576190948486e+00
2.840269863605499268e+00
2.620971590280532837e+00
2.683299735188484192e+00
4.357420146465301514e+00
3.253190040588378906e+00
3.148684918880462646e+00
2.989135444164276123e+00
3.474390923976898193e+00
2.197371989488601685e+00
2.486659049987792969e+00
2.676175981760025024e+00
2.486436903476715088e+00
2.845367670059204102e+00
2.491376608610153198e+00
1.801445215940475464e+00
2.303441345691680908e+00
2.489195168018341064e+00
2.652318358421325684e+00
2.035309195518493652e+00
1.442377373576164246e+00
3.043260842561721802e+00
3.075193613767623901e+00
3.302101790904998779e+00
2.104773908853530884e+00
1.863751888275146484e+00
2.331175133585929871e+00
1.512122988700866699e+00
4.134584158658981323e+00
2.299711778759956360e+00
3.505735963582992554e+00
2.319766312837600708e+00
4.202141433954238892e+00
1.697448730468750000e+00
2.420890629291534424e+00
1.992455899715423584e+00
2.316186398267745972e+00
2.446213066577911377e+00
1.724869519472122192e+00
1.340570181608200073e+00
1.766476333141326904e+00
1.897593051195144653e+00
1.910983964800834656e+00
2.534056141972541809e+00
2.030763044953346252e+00
2.972923159599304199e+00
2.450924307107925415e+00
2.161374866962432861e+00
2.646067470312118530e+00
4.120695143938064575e+00
2.190465137362480164e+00
2.618688791990280151e+00
3.186190336942672729e+00
2.666994005441665649e+00
1.301286280155181885e+00
3.693445742130279541e+00
2.588817134499549866e+00
3.011367544531822205e+00
1.256104111671447754e+00
3.842076957225799561e+00
2.165558010339736938e+00
2.742157906293869019e+00
2.979990124702453613e+00
2.230395078659057617e+00
2.009471148252487183e+00
3.999626636505126953e+00
3.444237112998962402e+00
2.578885138034820557e+00
2.158329069614410400e+00
1.689802259206771851e+00
2.586444675922393799e+00
2.472640261054039001e+00
2.756553411483764648e+00
4.627162247896194458e+00
2.367119252681732178e+00
3.708657175302505493e+00
2.414008796215057373e+00
5.258029133081436157e+00
3.100879460573196411e+00
2.579470098018646240e+00
2.703155219554901123e+00
3.803165823221206665e+00
3.688026487827301025e+00
2.318408608436584473e+00
2.571546018123626709e+00
1.714358255267143250e+00
2.437003165483474731e+00
2.185368984937667847e+00
3.570389270782470703e+00
1.707656949758529663e+00
1.948397755622863770e+00
3.119962036609649658e+00
2.989377945661544800e+00
1.578640833497047424e+00
1.859668076038360596e+00
2.470702067017555237e+00
2.859944045543670654e+00
1.736231431365013123e+00
1.931078910827636719e+00
2.978131860494613647e+00
2.744969144463539124e+00
1.550866395235061646e+00
2.588626623153686523e+00
2.382542520761489868e+00
2.001643627882003784e+00
1.346529364585876465e+00
2.628327339887619019e+00
2.464941143989562988e+00
1.749178469181060791e+00
3.594784036278724670e+00
3.200370699167251587e+00
2.096818476915359497e+00
3.371466577053070068e+00
2.322269231081008911e+00
1.786460995674133301e+00
2.000678241252899170e+00
2.386175051331520081e+00
1.519877433776855469e+00
3.252771615982055664e+00
2.320124894380569458e+00
2.238426476716995239e+00
2.503153085708618164e+00
1.956058233976364136e+00
2.460549712181091309e+00
1.380813956260681152e+00
3.021913915872573853e+00
2.953253746032714844e+00
2.194692790508270264e+00
4.538965523242950439e+00
2.263709664344787598e+00
2.656677186489105225e+00
2.600181996822357178e+00
1.548977136611938477e+00
3.896060764789581299e+00
3.362100541591644287e+00
1.529377967119216919e+00
1.936880260705947876e+00
2.974052488803863525e+00
4.405678868293762207e+00
2.226075604557991028e+00
1.645232275128364563e+00
2.367416948080062866e+00
2.795997440814971924e+00
2.469545543193817139e+00
2.786665439605712891e+00
4.502463728189468384e+00
4.884467422962188721e+00
1.752879619598388672e+00
2.203507691621780396e+00
2.265264704823493958e+00
5.398815274238586426e+00
4.258567631244659424e+00
1.600500732660293579e+00
1.970400154590606689e+00
2.247701719403266907e+00
1.415567904710769653e+00
2.987914621829986572e+00
2.598728418350219727e+00
3.604449212551116943e+00
1.157472461462020874e+00
3.803092718124389648e+00
4.081923723220825195e+00
4.209801495075225830e+00
1.684081494808197021e+00
3.355368793010711670e+00
2.797370672225952148e+00
3.836634904146194458e+00
2.277393683791160583e+00
2.327407211065292358e+00
1.885124802589416504e+00
2.992743954062461853e+00
2.497498333454132080e+00
2.328530490398406982e+00
1.674727708101272583e+00
1.769047498703002930e+00
2.380060493946075439e+00
3.873181462287902832e+00
1.738095343112945557e+00
2.146608293056488037e+00
3.058635383844375610e+00
3.170093715190887451e+00
2.922776430845260620e+00
3.840364217758178711e+00
3.066849231719970703e+00
4.946997046470642090e+00
3.201147347688674927e+00
2.873363137245178223e+00
2.860357105731964111e+00
2.482622802257537842e+00
5.652151107788085938e+00
2.983917295932769775e+00
1.920983254909515381e+00
2.550077468156814575e+00
2.457471340894699097e+00
4.118012547492980957e+00
2.292432785034179688e+00
3.260846376419067383e+00
2.073289379477500916e+00
2.356271952390670776e+00
2.142468005418777466e+00
3.668869197368621826e+00
4.222548007965087891e+00
2.751921832561492920e+00
2.175153911113739014e+00
2.181827008724212646e+00
2.139232158660888672e+00
2.234671413898468018e+00
3.261601686477661133e+00
1.426768496632575989e+00
2.043610781431198120e+00
1.548593074083328247e+00
3.921236842870712280e+00
2.061958372592926025e+00
1.695895910263061523e+00
1.947571948170661926e+00
2.254857093095779419e+00
2.095927357673645020e+00
3.456981152296066284e+00
3.455991297960281372e+00
2.440922588109970093e+00
2.292691528797149658e+00
3.655397474765777588e+00
9.096265286207199097e-01
3.361314609646797180e+00
1.844877541065216064e+00
1.650023728609085083e+00
2.191095143556594849e+00
2.366492688655853271e+00
3.445068836212158203e+00
2.861853092908859253e+00
1.701978713274002075e+00
3.942696869373321533e+00
1.931816935539245605e+00
4.384348928928375244e+00
3.502469539642333984e+00
1.171875923871994019e+00
2.188335776329040527e+00
3.561753898859024048e+00
1.860720261931419373e+00
2.718566268682479858e+00
1.923311024904251099e+00
2.845515981316566467e+00
2.113815233111381531e+00
1.753665000200271606e+00
3.495559096336364746e+00
1.693968847393989563e+00
4.237961828708648682e+00
2.569275677204132080e+00
2.108644396066665649e+00
2.533945262432098389e+00
3.894129574298858643e+00
3.118838548660278320e+00
1.727605283260345459e+00
2.865160465240478516e+00
2.914334684610366821e+00
2.838771969079971313e+00
2.434444606304168701e+00
2.650648206472396851e+00
3.750348478555679321e+00
3.526244223117828369e+00
3.194554239511489868e+00
2.024485826492309570e+00
2.209952443838119507e+00
3.226317912340164185e+00
2.074352800846099854e+00
2.113058105111122131e+00
3.132497131824493408e+00
2.058296084403991699e+00
2.738272398710250854e+00
2.513428002595901489e+00
2.175974905490875244e+00
1.303501501679420471e+00
4.549837350845336914e+00
3.329583644866943359e+00
2.450482904911041260e+00
5.146124958992004395e+00
3.942048549652099609e+00
2.724847704172134399e+00
3.105098396539688110e+00
1.483414158225059509e+00
3.504121333360671997e+00
1.540251910686492920e+00
1.840825676918029785e+00
2.451177299022674561e+00
1.692701607942581177e+00
2.980031013488769531e+00
2.084828466176986694e+00
3.226588726043701172e+00
3.228920996189117432e+00
2.450582623481750488e+00
2.108995079994201660e+00
4.152185678482055664e+00
2.103347793221473694e+00
3.801743209362030029e+00
3.274826437234878540e+00
1.662945091724395752e+00
3.009522974491119385e+00
3.325281322002410889e+00
2.145073175430297852e+00
2.672155439853668213e+00
2.613365888595581055e+00
4.868620276451110840e+00
2.349564373493194580e+00
1.819793507456779480e+00
2.208155155181884766e+00
2.407982707023620605e+00
4.226719826459884644e+00
2.157643377780914307e+00
5.427845388650894165e+00
2.703932851552963257e+00
2.402486532926559448e+00
2.095304697751998901e+00
2.822361379861831665e+00
2.512273281812667847e+00
3.414016067981719971e+00
3.026706159114837646e+00
1.918432146310806274e+00
3.138115882873535156e+00
4.326996147632598877e+00
4.700860470533370972e+00
2.082502484321594238e+00
3.590954303741455078e+00
1.675582826137542725e+00
3.301487177610397339e+00
3.014803886413574219e+00
3.144494801759719849e+00
2.784808263182640076e+00
2.174372315406799316e+00
4.106693744659423828e+00
1.854033082723617554e+00
2.922814458608627319e+00
2.876874446868896484e+00
4.494632154703140259e+00
3.956942319869995117e+00
2.193576097488403320e+00
1.699984431266784668e+00
1.483139783143997192e+00
