2.992834389209747314e+00
5.686174705624580383e-01
1.122009065002202988e-01
8.190260455012321472e-02
6.100193504244089127e-02
2.952738991007208824e-02
3.923779912292957306e-02
3.238604217767715454e-02
3.062163433060050011e-02
2.827640506438910961e-02
2.923229569569230080e-02
4.235946573317050934e-02
2.499579917639493942e-02
4.226394928991794586e-02
3.321854304522275925e-02
4.050670983269810677e-02
1.952121988870203495e-02
7.843291573226451874e-02
7.010197872295975685e-02
3.373435966204851866e-02
1.865048636682331562e-02
2.046125149354338646e-02
1.728097978048026562e-02
3.874708968214690685e-02
4.912021884229034185e-02
4.327035206370055676e-02
2.541025006212294102e-02
3.396093554329127073e-02
2.065289323218166828e-02
3.082167939282953739e-02
2.730581199284642935e-02
1.524369325488805771e-02
3.426735801622271538e-02
2.977391821332275867e-02
2.982528973370790482e-02
8.543407544493675232e-03
3.525292943231761456e-02
2.345213352236896753e-02
4.012153716757893562e-02
2.323739998973906040e-02
1.890332950279116631e-02
3.350322926416993141e-02
2.821670338744297624e-02
1.535424357280135155e-02
1.203510502818971872e-02
2.987898536957800388e-02
1.272828131914138794e-02
1.606493908911943436e-02
8.514314191415905952e-03
2.676681068260222673e-02
1.876802043989300728e-02
2.963561913929879665e-02
2.739964134525507689e-02
2.662527351640164852e-02
5.878796044271439314e-03
1.055708434432744980e-02
4.252285289112478495e-03
2.149661560542881489e-02
4.849470220506191254e-03
1.715378824155777693e-02
1.638715923763811588e-02
1.499428460374474525e-02
4.785785888088867068e-03
2.096734242513775826e-02
2.274665917502716184e-02
9.320121956989169121e-03
1.865427219308912754e-02
1.605453412048518658e-02
2.366116247139871120e-02
1.246206124778836966e-02
2.039522561244666576e-02
2.165065775625407696e-02
1.220548379933461547e-02
2.118066151160746813e-02
8.456574054434895515e-03
2.664701093453913927e-02
1.660927361808717251e-02
1.725264790002256632e-02
4.154974850825965405e-02
1.980011933483183384e-02
2.704943041317164898e-02
9.625066304579377174e-03
2.743312763050198555e-02
2.404891699552536011e-02
1.277591811958700418e-02
4.712902498431503773e-02
1.959908031858503819e-02
2.668224985245615244e-02
2.172935521230101585e-02
4.182422766461968422e-02
1.862493727821856737e-02
5.131065787281841040e-02
4.040437703952193260e-02
2.315033168997615576e-02
7.280984369572252035e-03
1.274156314320862293e-02
1.526326074963435531e-02
8.407732675550505519e-03
2.837601513601839542e-02
1.449102180777117610e-02
1.424273662269115448e-02
9.474885358940809965e-03
1.055067207198590040e-02
1.214129099389538169e-02
7.131675782147794962e-03
2.828832843806594610e-02
1.221087609883397818e-02
1.079492384451441467e-02
2.560771949356421828e-02
1.030631258618086576e-02
4.351856361608952284e-03
1.024083327502012253e-02
3.114354913122951984e-02
2.159161667805165052e-02
1.008675270713865757e-02
1.168699475238099694e-02
8.631876262370496988e-03
1.539743022294715047e-02
1.838728191796690226e-02
5.622976808808743954e-03
1.596361875999718904e-02
6.908696726895868778e-03
4.608301678672432899e-03
1.112918497528880835e-02
2.393200987717136741e-02
1.283523975871503353e-02
1.065703455242328346e-02
1.231284125242382288e-02
9.824881068198010325e-03
4.745250713312998414e-03
1.632579299621284008e-02
2.155824587680399418e-02
3.086842654738575220e-03
6.971093389438465238e-03
1.036981519428081810e-02
7.717390370089560747e-03
2.005053020548075438e-02
2.173575549386441708e-02
7.976060849614441395e-03
1.638305094093084335e-02
2.610783604905009270e-02
7.141221547499299049e-03
2.323076396714895964e-02
1.074893405893817544e-02
1.374513830523937941e-02
8.470779896015301347e-03
9.270687820389866829e-03
1.758530433289706707e-02
5.594291433226317167e-03
1.249567954801023006e-02
1.242997928056865931e-02
4.793381202034652233e-03
1.548908231779932976e-02
7.341103977523744106e-03
1.181735785212367773e-02
1.738027459941804409e-02
1.568502763984724879e-02
1.729778817389160395e-02
1.072158606257289648e-02
1.064144610427320004e-02
1.506519760005176067e-02
6.505496392492204905e-03
1.066426781471818686e-02
1.114331977441906929e-02
1.160963962320238352e-02
2.064907248131930828e-02
1.573180558625608683e-02
1.103256642818450928e-02
4.390464659081771970e-03
5.851742142112925649e-03
1.229116402100771666e-02
8.540023176465183496e-03
1.339466823264956474e-02
1.434325589798390865e-02
2.653871465008705854e-02
2.051903365645557642e-02
1.224103372078388929e-02
2.790185337653383613e-02
1.295719365589320660e-02
1.751307072117924690e-02
7.481779553927481174e-03
1.744793495163321495e-02
1.062140753492712975e-02
1.207745756255462766e-02
1.117650908417999744e-02
3.579756710678339005e-03
6.104677799157798290e-03
1.107634545769542456e-02
5.482643842697143555e-03
6.901789398398250341e-03
6.211476284079253674e-03
1.756371348164975643e-02
1.171998516656458378e-02
7.200167921837419271e-03
1.327159162610769272e-02
1.818211341742426157e-02
2.095539716538041830e-02
3.878978465218096972e-02
1.925951539305970073e-02
1.212260138709098101e-02
1.350902579724788666e-02
7.227491383673623204e-03
8.198272262234240770e-03
1.307782356161624193e-02
8.387348148971796036e-03
8.471182722132652998e-03
1.061434182338416576e-02
7.589187298435717821e-03
4.383635474368929863e-03
7.635831949301064014e-03
7.457673054886981845e-03
5.093794228741899133e-03
1.010013470659032464e-02
5.976974323857575655e-03
1.288637472316622734e-02
8.783793018665164709e-03
1.264691739925183356e-02
1.538991928100585938e-02
1.610064448323100805e-02
1.368554355576634407e-02
3.971104160882532597e-03
1.584075181744992733e-02
5.892636720091104507e-03
1.054313848726451397e-02
9.932553104590624571e-03
1.003297802526503801e-02
1.069622382055968046e-02
2.015615318669006228e-02
7.508001755923032761e-03
1.236526947468519211e-02
1.261661620810627937e-02
8.036094979615882039e-03
3.800217004027217627e-03
7.938364753499627113e-03
9.537406149320304394e-03
4.822936840355396271e-03
1.254258502740412951e-02
1.677934423787519336e-02
4.021844972157850862e-03
3.595257410779595375e-03
1.514341976144351065e-02
7.879357086494565010e-03
2.995680100866593421e-03
1.350394776090979576e-02
8.312058926094323397e-03
3.197045938577502966e-03
7.257451012264937162e-03
8.248105907114222646e-03
6.122463702922686934e-03
1.423682842869311571e-02
3.280875855125486851e-03
8.289976278319954872e-03
8.154435548931360245e-03
1.513095782138407230e-02
3.888887003995478153e-03
1.150432031136006117e-02
8.856054453644901514e-03
1.114271651022136211e-02
1.363062678137794137e-02
1.415972138056531549e-02
6.409283145330846310e-03
8.751675602979958057e-03
7.162798428907990456e-03
3.621539566665887833e-03
6.210048799403011799e-03
3.439963969867676497e-03
6.851099780760705471e-03
7.808110094629228115e-03
1.187342789489775896e-02
1.443702235701493919e-02
4.386605665786191821e-03
9.568878449499607086e-03
2.630088769365102053e-03
9.693807514850050211e-03
7.914269343018531799e-03
4.699314653407782316e-03
1.213097275467589498e-02
1.056068617617711425e-02
1.050956989638507366e-02
1.076893747085705400e-02
8.469223685096949339e-03
2.152873581508174539e-03
9.639307972975075245e-03
1.102376935887150466e-02
3.325618075905367732e-03
6.602820765692740679e-03
8.885762174031697214e-03
1.281901320908218622e-02
1.204325692378915846e-02
8.827451907563954592e-03
8.269567450042814016e-03
1.360509439837187529e-02
3.875780384987592697e-03
6.652022217167541385e-03
8.255852502770721912e-03
5.558547854889184237e-03
6.737724179401993752e-03
2.945726329926401377e-03
9.400280774571001530e-03
1.291825494263321161e-02
5.651349085383117199e-03
3.672238090075552464e-03
7.843998260796070099e-03
6.140299083199352026e-03
3.683027491206303239e-03
8.382146421354264021e-03
2.328433358343318105e-03
1.493500568903982639e-02
5.573579925112426281e-03
6.246962584555149078e-03
2.674342205864377320e-03
3.345863922731950879e-03
7.185295165982097387e-03
1.311445457395166159e-02
6.066077563446015120e-03
5.701405927538871765e-03
5.665214790496975183e-03
4.250872530974447727e-03
1.190177514217793941e-02
4.803717165486887097e-03
4.666284337872639298e-03
3.900630952557548881e-03
5.316292779752984643e-03
2.697953896131366491e-03
6.237189110834151506e-03
6.554311665240675211e-03
4.363915213616564870e-03
5.551363865379244089e-03
4.066556051839143038e-03
9.911671630106866360e-03
9.849868074525147676e-03
2.631015697261318564e-03
1.117231795797124505e-02
6.182040262501686811e-03
9.047341125551611185e-03
5.929926410317420959e-03
5.986757925711572170e-03
3.568021900719031692e-03
3.524258092511445284e-03
3.743129200302064419e-03
4.909444425720721483e-03
8.112909388728439808e-03
6.481149146566167474e-03
1.022640155861154199e-02
7.159860688261687756e-03
9.783180779777467251e-03
3.832075628452003002e-03
1.077545876614749432e-02
6.975012714974582195e-03
3.941697534173727036e-03
3.119942237390205264e-03
9.503723355010151863e-03
2.343051921343430877e-03
8.885224175173789263e-03
5.887026054551824927e-03
4.854119906667619944e-03
5.587246385402977467e-03
7.122438488295301795e-03
1.133386045694351196e-02
4.916072881314903498e-03
6.298070074990391731e-03
7.858737430069595575e-03
8.425571431871503592e-03
3.919836395652964711e-03
7.860579120460897684e-03
7.632656721398234367e-03
7.056479516904801130e-03
8.342155691934749484e-03
1.113354985136538744e-02
3.618566173827275634e-03
6.751226959750056267e-03
3.151018376229330897e-03
4.160997690632939339e-03
5.456167476950213313e-03
9.740464505739510059e-03
3.871440479997545481e-03
8.113168645650148392e-03
1.878757117083296180e-03
1.087273180019110441e-02
7.775183999910950661e-03
2.592648874269798398e-03
5.833370873006060719e-03
5.838172219227999449e-03
3.942913128412328660e-03
8.478402276523411274e-03
2.402705315034836531e-03
5.196101265028119087e-03
4.402048711199313402e-03
3.152233519358560443e-03
5.156874278327450156e-03
4.223767755320295691e-03
3.241637634346261621e-03
3.095931810094043612e-03
1.187176397070288658e-02
3.314491652417927980e-03
1.057382219005376101e-02
3.107901691691949964e-03
6.341524771414697170e-03
8.339809952303767204e-03
5.523683794308453798e-03
1.624452153919264674e-03
3.685914009111002088e-03
8.222503121942281723e-03
7.964787131641060114e-03
5.395677639171481133e-03
7.396824192255735397e-03
1.403295114869251847e-03
3.807568282354623079e-03
3.588669671444222331e-03
3.627320867963135242e-03
5.227401969023048878e-03
3.472759213764220476e-03
8.802858588751405478e-03
4.306723945774137974e-03
6.306233291979879141e-03
6.320602551568299532e-03
3.790852642850950360e-03
4.442468431079760194e-03
6.590337870875373483e-03
1.315985177643597126e-02
1.366735750343650579e-02
1.579980234964750707e-03
3.517985431244596839e-03
2.776467154035344720e-03
6.900234700879082084e-03
5.106095573864877224e-03
6.945815184735693038e-03
7.789837196469306946e-03
5.448299285490065813e-03
4.295416860259138048e-03
6.784407276427373290e-03
5.823758023325353861e-03
5.230541893979534507e-03
3.426115115871652961e-03
3.535491006914526224e-03
7.416046137223020196e-03
3.340023104101419449e-03
1.320784119889140129e-02
2.433657471556216478e-03
7.446024799719452858e-03
5.006253602914512157e-03
2.381519472692161798e-03
5.964967538602650166e-03
4.930721741402521729e-03
2.873606252251192927e-03
2.206122691859491169e-03
7.688280922593548894e-03
3.198039368726313114e-03
1.106079900637269020e-02
6.873933132737874985e-03
5.855083116330206394e-03
7.812546915374696255e-03
8.882541791535913944e-03
2.531776728574186563e-03
8.226471662055701017e-03
4.415813411469571292e-03
5.215102471993304789e-03
7.703140843659639359e-03
9.510995994787663221e-03
2.350878683500923216e-03
6.635562196606770158e-03
6.508903228677809238e-03
4.022695909952744842e-03
9.533703676424920559e-03
5.174478021217510104e-03
1.188321586232632399e-02
3.986594907473772764e-03
4.340023966506123543e-03
7.194071193225681782e-03
1.007332623703405261e-02
3.662612580228596926e-03
3.150764008751139045e-03
2.331930678337812424e-03
1.026499184081330895e-02
4.966386302839964628e-03
7.273656432516872883e-03
4.949944734107702971e-03
3.904841956682503223e-03
8.063842338742688298e-03
3.488371497951447964e-03
7.364820456132292747e-03
2.245315408799797297e-03
3.035180881852284074e-03
5.423408292699605227e-03
9.927277802489697933e-03
1.719415100524201989e-03
2.411960798781365156e-03
5.936509813182055950e-03
1.798480705474503338e-03
4.959550700732506812e-03
4.827127850148826838e-03
5.816053453600034118e-03
4.225784854497760534e-03
3.834748582448810339e-03
6.083038984797894955e-03
7.162443478591740131e-03
5.845716339536011219e-03
6.452036264818161726e-03
5.826151114888489246e-03
3.954091429477557540e-03
6.104788393713533878e-03
7.421789458021521568e-03
7.821270904969424009e-03
5.307013925630599260e-03
1.086329226382076740e-02
2.194545639213174582e-03
9.703283954877406359e-03
4.800438066013157368e-03
2.861356784706003964e-03
5.402554728789255023e-03
3.897451621014624834e-03
4.679904115619137883e-03
4.986137180821970105e-03
4.867107374593615532e-03
2.501467650290578604e-03
7.425598683767020702e-03
3.671364363981410861e-03
3.017765324329957366e-03
7.139890862163156271e-03
1.827973566832952201e-03
4.558705317322164774e-03
9.281190112233161926e-03
5.055245012044906616e-03
2.958358119940385222e-03
9.089715458685532212e-03
7.068042003083974123e-03
3.142347035463899374e-03
7.125773554434999824e-03
6.981546073802746832e-03
3.607509919675067067e-03
6.119217461673542857e-03
4.123098566196858883e-03
8.899238309822976589e-03
3.302527795312926173e-03
6.032701407093554735e-03
4.505109827732667327e-03
3.472814118140377104e-03
3.265970648499205709e-03
4.673556046327576041e-03
5.527111876290291548e-03
4.539057321380823851e-03
3.184673667419701815e-03
2.434364170767366886e-03
7.908076629973948002e-03
5.513816431630402803e-03
1.401832897681742907e-02
2.792395986034534872e-03
8.703146944753825665e-03
4.020740889245644212e-03
2.750393352471292019e-03
4.022208144306205213e-03
4.124387691263109446e-03
2.609349568956531584e-03
4.675579650211147964e-03
4.724173981230705976e-03
5.714003025786951184e-03
8.632490556919947267e-03
8.770105952862650156e-03
1.627776786335743964e-03
1.142679102485999465e-02
6.903910078108310699e-03
4.201319752610288560e-03
5.423434660769999027e-03
1.045718602836132050e-02
2.259238404803909361e-03
8.313216967508196831e-03
5.705280462279915810e-03
3.964219475165009499e-03
4.897452003206126392e-03
1.355694502126425505e-02
7.085591234499588609e-03
9.325054794317111373e-03
8.302514412207528949e-03
9.570264723151922226e-03
5.100859270896762609e-03
7.744765374809503555e-03
4.552298225462436676e-03
5.898496368899941444e-03
5.475176323670893908e-03
3.648636615253053606e-03
1.186739405966363847e-03
7.937097150715999305e-03
3.998678963398560882e-03
8.578169698012061417e-03
4.893361474387347698e-03
2.353850053623318672e-03
4.714614653494209051e-03
5.676920933183282614e-03
5.325203994289040565e-03
1.101470552384853363e-02
4.102500097360461950e-03
1.127864711452275515e-02
6.651377421803772449e-03
2.919063321314752102e-03
2.954815470729954541e-03
8.380644081626087427e-03
6.443873047828674316e-03
5.925462639424949884e-03
2.536290383432060480e-03
6.093526346376165748e-03
5.159606604138389230e-03
4.659104393795132637e-03
7.699933194089680910e-03
3.790323913563042879e-03
5.430984718259423971e-03
3.097926324699074030e-03
4.559630731819197536e-03
6.407026550732553005e-03
4.037663398776203394e-03
7.060628937324509025e-03
3.919580762158147991e-03
5.525387328816577792e-03
3.394747938727959991e-03
4.959367550327442586e-03
2.723592653637751937e-03
3.075531101785600185e-03
4.915475146844983101e-03
7.749571348540484905e-03
3.703617025166749954e-03
5.139202694408595562e-03
4.477819922612980008e-03
4.874931648373603821e-03
2.651495262398384511e-03
8.064376132097095251e-03
5.203606473514810205e-03
1.665729747037403286e-02
8.882491441909223795e-03
4.109825677005574107e-03
4.263377748429775238e-03
4.883506102487444878e-03
6.863013346446678042e-03
8.588891942054033279e-03
6.742201134329661727e-03
4.980311554390937090e-03
7.439056178554892540e-03
8.441744837909936905e-03
4.891880293143913150e-03
4.489014507271349430e-03
3.807906236033886671e-03
7.027456187643110752e-03
7.888659019954502583e-03
6.288402015343308449e-03
8.236030495027080178e-03
5.291345602017827332e-03
9.246689034625887871e-03
6.831906153820455074e-03
2.931327995611354709e-03
5.846019455930218101e-03
6.626887479797005653e-03
3.393680206499993801e-03
3.944574535125866532e-03
3.275402152212336659e-03
4.872916382737457752e-03
5.589178937952965498e-03
6.338054023217409849e-03
6.130936555564403534e-03
5.585897888522595167e-03
3.794604475842788815e-03
1.755857156240381300e-03
5.512486502993851900e-03
5.807259352877736092e-03
4.837761633098125458e-03
2.028485905611887574e-03
1.286076975520700216e-02
5.719190638046711683e-03
4.442641336936503649e-03
4.238586625433526933e-03
1.740695434273220599e-02
1.020241589867509902e-02
8.084078028332442045e-03
4.889648320386186242e-03
7.392780040390789509e-03
3.508152236463502049e-03
3.919362992746755481e-03
6.170996610308066010e-03
7.641068310476839542e-03
4.289522126782685518e-03
3.407520591281354427e-03
3.844179707812145352e-03
3.356127039296552539e-03
6.606264010770246387e-03
4.401089565362781286e-03
7.087383695761673152e-03
2.199814523919485509e-03
6.702624086756259203e-03
6.069832335924729705e-03
5.684897536411881447e-03
4.767869482748210430e-03
3.145378257613629103e-03
8.724046609131619334e-03
3.594327252358198166e-03
5.603563331533223391e-03
6.870861776405945420e-03
5.376706307288259268e-03
4.812616331037133932e-03
6.363957829307764769e-03
4.196662048343569040e-03
6.236161920242011547e-03
3.050169412745162845e-03
4.946542714606039226e-03
4.865650262217968702e-03
3.295803384389728308e-03
1.813869457691907883e-03
2.182410127716138959e-03
3.652919025626033545e-03
3.808377368841320276e-03
4.420592551468871534e-03
3.052434069104492664e-03
6.872253579786047339e-03
4.059385508298873901e-03
2.809977449942380190e-03
4.236527893226593733e-03
7.323666941374540329e-03
4.541669142781756818e-03
4.834512015804648399e-03
5.657035944750532508e-03
5.138307344168424606e-03
2.269068936584517360e-03
6.342549575492739677e-03
3.671547950943931937e-03
5.319705975125543773e-03
2.699572680285200477e-03
7.373451546300202608e-03
2.509203652152791619e-03
2.753739507170394063e-03
3.586750739486888051e-03
5.854926188476383686e-03
2.902322448790073395e-03
1.090235740412026644e-02
6.397333650966174901e-03
9.185146249365061522e-03
4.495600442169234157e-03
1.637052919249981642e-03
5.997457832563668489e-03
5.244658648734912276e-03
4.863932816078886390e-03
1.045602551312185824e-02
7.644881145097315311e-03
5.737380619393661618e-03
4.044060886371880770e-03
6.313318997854366899e-03
5.227683112025260925e-03
7.569590641651302576e-03
4.681764869019389153e-03
1.182366866851225495e-02
7.399911992251873016e-03
2.390118810581043363e-03
2.322081854799762368e-03
1.722969289403408766e-03
3.996550600277259946e-03
3.740437794476747513e-03
5.288066808134317398e-03
2.380074030952528119e-03
2.972306945594027638e-03
6.202891294378787279e-03
5.032007000409066677e-03
2.027182388701476157e-03
5.700639521819539368e-03
3.733039833605289459e-03
4.190995125100016594e-03
5.030981148593127728e-03
4.124234881601296365e-03
3.912286832928657532e-03
3.995475650299340487e-03
2.651626404258422554e-03
6.283569091465324163e-03
2.467373444233089685e-03
2.683863058337010443e-03
1.890625499072484672e-03
2.989712636917829514e-03
4.527080847765319049e-03
2.712126704864203930e-03
6.830852347775362432e-03
4.366082750493660569e-03
2.761932759312912822e-03
4.687017702963203192e-03
3.222248866222798824e-03
2.853892161510884762e-03
2.607381407869979739e-03
3.261828300310298800e-03
1.690315359155647457e-03
5.899400275666266680e-03
5.272225826047360897e-03
4.454375404748134315e-03
7.276076299604028463e-03
2.090410329401493073e-03
6.786540383473038673e-03
2.036511650658212602e-03
7.638382609002292156e-03
4.802390525583177805e-03
5.088154895929619670e-03
6.725122162606567144e-03
6.066685222322121263e-03
9.326851577498018742e-03
3.142471803585067391e-03
2.522065828088670969e-03
8.231333747971802950e-03
9.124803706072270870e-03
1.557813142426311970e-03
3.026616206625476480e-03
4.094771808013319969e-03
8.863142807967960835e-03
5.263700586510822177e-03
3.693617560202255845e-03
2.604453940875828266e-03
3.559361939551308751e-03
3.751412674318999052e-03
6.168370426166802645e-03
7.014934031758457422e-03
7.828808913473039865e-03
3.197390033164992929e-03
2.344050706597045064e-03
2.915723132900893688e-03
9.133781539276242256e-03
7.165036164224147797e-03
2.271491510327905416e-03
3.323715616716071963e-03
5.201095016673207283e-03
2.437634073430672288e-03
9.226097419741563499e-03
3.427720599574968219e-03
6.245069904252886772e-03
1.117931882617995143e-03
6.335342593956738710e-03
6.944617663975805044e-03
5.855058640008792281e-03
1.768505375366657972e-03
7.149039476644247770e-03
4.762813798151910305e-03
6.477332557551562786e-03
3.022076634806580842e-03
4.239807531121186912e-03
4.940800921758636832e-03
7.384546828689053655e-03
5.050717241829261184e-03
7.318769348785281181e-03
3.677472283015958965e-03
2.433969668345525861e-03
3.524988598655909300e-03
7.139639696106314659e-03
4.706260166130959988e-03
3.576618386432528496e-03
3.829593479167670012e-03
8.220664283726364374e-03
5.130326258949935436e-03
8.033959718886762857e-03
4.851782927289605141e-03
5.980343645205721259e-03
4.283806600142270327e-03
5.783547472674399614e-03
9.598434320650994778e-03
4.310787422582507133e-03
1.032562652835622430e-02
3.324541088659316301e-03
3.552919428329914808e-03
6.355471763527020812e-03
3.678770008264109492e-03
5.470589559990912676e-03
3.778754471568390727e-03
1.213781395927071571e-02
3.417120547965168953e-03
6.883639580337330699e-03
3.457368657109327614e-03
7.269589346833527088e-03
8.770480635575950146e-03
3.556352981831878424e-03
4.858349886490032077e-03
6.705203210003674030e-03
3.206665365723893046e-03
3.098065630183555186e-03
5.629688035696744919e-03
1.288079118239693344e-03
5.279495162540115416e-03
2.028448419878259301e-03
7.485901616746559739e-03
3.617423702962696552e-03
3.848491382086649537e-03
2.401806646957993507e-03
5.332079454092308879e-03
3.031692031072452664e-03
6.367722351569682360e-03
8.113731950288638473e-03
8.980198967037722468e-03
6.225104385521262884e-03
5.679984693415462971e-03
8.645910129416733980e-04
4.153681016759946942e-03
2.242740563815459609e-03
2.768250560620799661e-03
3.621752985054627061e-03
3.930449485778808594e-03
4.623165528755635023e-03
5.040987380198203027e-03
1.968386466614902020e-03
5.241879291133955121e-03
3.155337355565279722e-03
6.947093032067641616e-03
7.496024423744529486e-03
1.366596188745461404e-03
3.177651029545813799e-03
7.244786946102976799e-03
2.931729133706539869e-03
4.687000939156860113e-03
5.907184357056394219e-03
4.410840192576870322e-03
1.961150061106309295e-03
2.793195541016757488e-03
8.760006661759689450e-03
3.420547378482297063e-03
1.048696297220885754e-02
3.116520412731915712e-03
3.820778627414256334e-03
5.744270427385345101e-03
6.908024472068063915e-03
5.204491084441542625e-03
4.299886291846632957e-03
6.358470709528774023e-03
4.731396387796849012e-03
4.118376527912914753e-03
5.212941498029977083e-03
4.003017238574102521e-03
6.488623970653861761e-03
6.483121891506016254e-03
1.207420555874705315e-02
1.997676823521032929e-03
3.672765393275767565e-03
9.821635670959949493e-03
4.473692941246554255e-03
4.195364817860536277e-03
6.531208404339849949e-03
4.714705253718420863e-03
5.738072330132126808e-03
3.212553274352103472e-03
4.850698795053176582e-03
2.199102251324802637e-03
6.790394021663814783e-03
4.472956905374303460e-03
5.298946867696940899e-03
1.154277112800627947e-02
5.224572028964757919e-03
4.027811693958938122e-03
5.110787373268976808e-03
2.290973498020321131e-03
7.105576340109109879e-03
2.017748425714671612e-03
2.321217121789231896e-03
4.583206726238131523e-03
2.409401291515678167e-03
4.446497419849038124e-03
2.302316308487206697e-03
4.126299230847507715e-03
7.901399105321615934e-03
4.592506069457158446e-03
4.796660767169669271e-03
8.627492119558155537e-03
2.393370596109889448e-03
4.293772886740043759e-03
5.096370383398607373e-03
2.691149027668870986e-03
3.324300967506133020e-03
6.497560010757297277e-03
5.999257002258673310e-03
4.874668462434783578e-03
3.978351975092664361e-03
9.169265744276344776e-03
3.637643298134207726e-03
5.677418928826227784e-03
2.731647517066448927e-03
4.706903273472562432e-03
8.600921428296715021e-03
4.291087796445935965e-03
1.178653864189982414e-02
4.321817483287304640e-03
4.225884011248126626e-03
3.529185822117142379e-03
5.622592754662036896e-03
9.680447881692089140e-03
3.870462096529081464e-03
5.515903161722235382e-03
2.667973851202987134e-03
7.394484477117657661e-03
7.081813877448439598e-03
6.515581510029733181e-03
4.978138778824359179e-03
8.404251857427880168e-03
3.049429971724748611e-03
4.702195758000016212e-03
3.760158899240195751e-03
7.277349301148205996e-03
5.602369084954261780e-03
2.483803182258270681e-03
8.254151034634560347e-03
3.418014908675104380e-03
5.335058376658707857e-03
5.460977961774915457e-03
6.086310779210180044e-03
7.483287830837070942e-03
3.162238223012536764e-03
1.927605859236791730e-03
2.210347709478810430e-03
