4.571540832519531250e+01
3.706231307983398438e+01
3.285398864746093750e+01
2.746681976318359375e+01
2.066185951232910156e+01
1.639934158325195312e+01
1.183279705047607422e+01
5.852298259735107422e+00
8.493690490722656250e+00
6.367136955261230469e+00
3.326427936553955078e+00
3.292678356170654297e+00
4.588619232177734375e+00
4.789102554321289062e+00
2.147197723388671875e+00
4.563205242156982422e+00
5.708876609802246094e+00
9.547212600708007812e+00
3.258093595504760742e+00
2.313809394836425781e+00
1.711545705795288086e+00
2.463942050933837891e+00
3.302180528640747070e+00
4.585398674011230469e+00
4.100533962249755859e+00
2.633403301239013672e+00
3.420670747756958008e+00
1.453634262084960938e+00
1.868980646133422852e+00
2.155516624450683594e+00
3.165312290191650391e+00
4.367410182952880859e+00
1.510883450508117676e+00
4.980671882629394531e+00
2.392639160156250000e+00
1.964830875396728516e+00
1.739163637161254883e+00
2.558372259140014648e+00
4.119933128356933594e+00
1.670302271842956543e+00
2.470812320709228516e+00
1.383784413337707520e+00
1.844307899475097656e+00
2.587469100952148438e+00
2.681243658065795898e+00
2.077383041381835938e+00
3.456056833267211914e+00
1.129926085472106934e+00
2.880819082260131836e+00
1.773597717285156250e+00
1.508995056152343750e+00
1.997508049011230469e+00
2.226639747619628906e+00
2.456205844879150391e+00
2.115751028060913086e+00
1.672483205795288086e+00
2.481894493103027344e+00
1.321980714797973633e+00
2.329960823059082031e+00
3.061580657958984375e+00
1.243102312088012695e+00
1.986032605171203613e+00
8.266417980194091797e-01
3.267022609710693359e+00
3.709991455078125000e+00
1.800351858139038086e+00
1.759988784790039062e+00
3.075547933578491211e+00
2.682179927825927734e+00
1.238985300064086914e+00
3.412149906158447266e+00
2.994039297103881836e+00
3.452507019042968750e+00
2.175875663757324219e+00
3.511601924896240234e+00
3.601775169372558594e+00
2.059506654739379883e+00
2.946243762969970703e+00
2.135450363159179688e+00
2.941017627716064453e+00
1.316421031951904297e+00
2.013956546783447266e+00
4.987833023071289062e+00
2.513122081756591797e+00
2.956287384033203125e+00
4.838254451751708984e+00
3.679349422454833984e+00
5.973869323730468750e+00
4.532872200012207031e+00
3.097311019897460938e+00
5.169764518737792969e+00
8.283744812011718750e+00
2.406370162963867188e+00
2.559233665466308594e+00
3.030807971954345703e+00
2.366493225097656250e+00
1.735513091087341309e+00
2.469713449478149414e+00
3.729441165924072266e+00
2.357387065887451172e+00
2.194149255752563477e+00
2.357319831848144531e+00
2.508202075958251953e+00
1.461124658584594727e+00
3.349035263061523438e+00
2.346765041351318359e+00
1.654356837272644043e+00
3.381994724273681641e+00
3.890855073928833008e+00
1.012701988220214844e+00
2.094312191009521484e+00
1.338247537612915039e+00
2.936623096466064453e+00
2.644433736801147461e+00
8.308812975883483887e-01
2.947551012039184570e+00
1.000416517257690430e+00
4.651709079742431641e+00
2.451046466827392578e+00
1.830940008163452148e+00
2.163679838180541992e+00
2.157943725585937500e+00
1.468209624290466309e+00
1.760294914245605469e+00
1.887350559234619141e+00
2.109861135482788086e+00
1.847431421279907227e+00
1.718005418777465820e+00
1.993463754653930664e+00
1.703394174575805664e+00
1.457740545272827148e+00
1.800333023071289062e+00
1.097325801849365234e+00
1.897920608520507812e+00
1.357864260673522949e+00
1.149305343627929688e+00
2.519044876098632812e+00
2.437230348587036133e+00
1.210313677787780762e+00
2.015759944915771484e+00
1.803722739219665527e+00
1.303894758224487305e+00
1.978860735893249512e+00
1.004743099212646484e+00
1.702180504798889160e+00
2.294634342193603516e+00
1.435404181480407715e+00
1.177168130874633789e+00
1.260245084762573242e+00
1.401120424270629883e+00
1.366661071777343750e+00
1.004843831062316895e+00
1.354490518569946289e+00
1.296866893768310547e+00
2.164306640625000000e+00
1.575772285461425781e+00
1.096202135086059570e+00
1.422501087188720703e+00
1.172887802124023438e+00
1.380338668823242188e+00
1.190148830413818359e+00
1.019797205924987793e+00
3.292167663574218750e+00
1.467357397079467773e+00
1.907161235809326172e+00
3.502925634384155273e+00
1.188908576965332031e+00
2.110814094543457031e+00
1.384647607803344727e+00
2.441532135009765625e+00
2.410640239715576172e+00
1.270248413085937500e+00
1.677507042884826660e+00
1.452954411506652832e+00
4.638493537902832031e+00
2.495013952255249023e+00
1.455948352813720703e+00
1.482007265090942383e+00
2.620496273040771484e+00
2.852246046066284180e+00
1.726835250854492188e+00
1.673601627349853516e+00
2.216257572174072266e+00
2.121749162673950195e+00
2.126536607742309570e+00
1.620103120803833008e+00
1.236278295516967773e+00
1.604923963546752930e+00
1.224980354309082031e+00
2.548375606536865234e+00
1.281284570693969727e+00
2.045711755752563477e+00
3.330314636230468750e+00
1.552348971366882324e+00
2.239960193634033203e+00
3.420890569686889648e+00
4.739459991455078125e+00
5.755430221557617188e+00
1.450892686843872070e+00
2.828958511352539062e+00
1.765920877456665039e+00
1.903561353683471680e+00
2.318753719329833984e+00
2.068143129348754883e+00
1.748119235038757324e+00
1.024036765098571777e+00
1.280764579772949219e+00
1.171823620796203613e+00
1.592476010322570801e+00
1.856454610824584961e+00
1.042599081993103027e+00
1.100730657577514648e+00
1.461407303810119629e+00
1.308995008468627930e+00
1.931703090667724609e+00
1.347243547439575195e+00
2.641455173492431641e+00
2.183288097381591797e+00
1.455688595771789551e+00
1.715140342712402344e+00
1.850564241409301758e+00
1.103906154632568359e+00
9.412004947662353516e-01
2.121429920196533203e+00
1.433363556861877441e+00
1.742034554481506348e+00
1.336262345314025879e+00
2.498215198516845703e+00
2.495302677154541016e+00
1.527996778488159180e+00
2.123197555541992188e+00
1.743039608001708984e+00
1.543719053268432617e+00
2.440497398376464844e+00
1.374180436134338379e+00
1.128878831863403320e+00
1.541219949722290039e+00
1.047618746757507324e+00
1.205479264259338379e+00
1.321376204490661621e+00
1.524976611137390137e+00
1.152234315872192383e+00
1.132237315177917480e+00
1.357394218444824219e+00
1.223036766052246094e+00
1.229211807250976562e+00
1.135381221771240234e+00
1.109656095504760742e+00
1.853997588157653809e+00
1.297196149826049805e+00
1.026919126510620117e+00
1.576889991760253906e+00
1.760293245315551758e+00
1.151885986328125000e+00
1.128281354904174805e+00
1.848358631134033203e+00
1.676019191741943359e+00
1.260128140449523926e+00
1.912628769874572754e+00
1.316284656524658203e+00
1.762183427810668945e+00
1.774304866790771484e+00
1.475067853927612305e+00
1.206629514694213867e+00
1.720812320709228516e+00
1.295170187950134277e+00
1.452485322952270508e+00
1.127704620361328125e+00
1.880525588989257812e+00
2.469285964965820312e+00
1.158054947853088379e+00
1.598283648490905762e+00
1.478909730911254883e+00
1.597595214843750000e+00
1.179592370986938477e+00
1.021426558494567871e+00
1.322042942047119141e+00
1.177006602287292480e+00
1.191531896591186523e+00
1.505102157592773438e+00
1.215930342674255371e+00
1.325186491012573242e+00
2.016451358795166016e+00
1.530720472335815430e+00
1.060481905937194824e+00
1.619823932647705078e+00
2.291450977325439453e+00
2.365474224090576172e+00
1.384486198425292969e+00
2.994304656982421875e+00
1.726126909255981445e+00
1.159458398818969727e+00
1.166290044784545898e+00
1.632959961891174316e+00
1.331324815750122070e+00
1.579658389091491699e+00
1.202411293983459473e+00
1.632585525512695312e+00
1.374447345733642578e+00
1.323216676712036133e+00
1.157262682914733887e+00
1.218001604080200195e+00
1.563648819923400879e+00
1.096423745155334473e+00
1.277831196784973145e+00
1.344579815864562988e+00
1.163270831108093262e+00
1.273324370384216309e+00
1.548866033554077148e+00
1.520383715629577637e+00
1.104445815086364746e+00
1.220256328582763672e+00
1.329015731811523438e+00
1.094583272933959961e+00
1.047927021980285645e+00
1.063932657241821289e+00
1.204637527465820312e+00
1.203746199607849121e+00
1.453880429267883301e+00
1.156824827194213867e+00
1.069942712783813477e+00
1.256920695304870605e+00
1.075503587722778320e+00
1.042976379394531250e+00
1.277010321617126465e+00
1.196948409080505371e+00
1.180081009864807129e+00
1.073769688606262207e+00
1.046087265014648438e+00
1.214432835578918457e+00
1.678174018859863281e+00
1.170059919357299805e+00
1.348134994506835938e+00
1.166615486145019531e+00
1.210979223251342773e+00
1.263281226158142090e+00
1.093951582908630371e+00
1.122647285461425781e+00
1.203280568122863770e+00
1.219744920730590820e+00
1.060498595237731934e+00
1.312988638877868652e+00
1.182922720909118652e+00
1.123297810554504395e+00
1.131870269775390625e+00
1.098128080368041992e+00
1.206161975860595703e+00
1.231705665588378906e+00
1.229840278625488281e+00
1.104048490524291992e+00
1.208595275878906250e+00
1.327093362808227539e+00
1.142749786376953125e+00
1.199616670608520508e+00
1.237695932388305664e+00
1.324320673942565918e+00
1.244306325912475586e+00
1.293818473815917969e+00
1.415924668312072754e+00
1.145002365112304688e+00
1.402080535888671875e+00
2.361484289169311523e+00
1.811339616775512695e+00
1.342651605606079102e+00
2.101168870925903320e+00
1.298861980438232422e+00
1.284825325012207031e+00
1.315038204193115234e+00
1.236297607421875000e+00
1.103171110153198242e+00
1.090544223785400391e+00
1.186375856399536133e+00
1.458238959312438965e+00
1.533631801605224609e+00
1.574207663536071777e+00
1.369388341903686523e+00
1.232066392898559570e+00
1.061803817749023438e+00
1.656900644302368164e+00
1.438282251358032227e+00
1.231033802032470703e+00
1.453181505203247070e+00
1.744357585906982422e+00
1.234860420227050781e+00
1.081371426582336426e+00
1.051891446113586426e+00
1.132445573806762695e+00
1.267100572586059570e+00
1.150974035263061523e+00
1.107048749923706055e+00
1.177024841308593750e+00
1.229453682899475098e+00
1.102768063545227051e+00
1.110601782798767090e+00
1.068280935287475586e+00
1.458179473876953125e+00
1.104284882545471191e+00
1.506317615509033203e+00
1.551890134811401367e+00
1.195227503776550293e+00
1.359639525413513184e+00
1.330541849136352539e+00
1.360302567481994629e+00
1.425065398216247559e+00
1.195198774337768555e+00
1.084126472473144531e+00
1.042424201965332031e+00
1.068987965583801270e+00
1.071737289428710938e+00
1.112260341644287109e+00
1.182006120681762695e+00
1.315228223800659180e+00
1.195418357849121094e+00
1.069943308830261230e+00
1.097024321556091309e+00
1.088510036468505859e+00
1.104339599609375000e+00
1.188848257064819336e+00
1.150424718856811523e+00
1.169889211654663086e+00
1.100241899490356445e+00
1.079750895500183105e+00
1.345112323760986328e+00
1.240608572959899902e+00
1.068638682365417480e+00
1.114186525344848633e+00
1.254798412322998047e+00
1.590627193450927734e+00
1.444020986557006836e+00
1.127698779106140137e+00
1.117992877960205078e+00
1.155364751815795898e+00
1.107631087303161621e+00
1.101130008697509766e+00
1.061019897460937500e+00
1.100267052650451660e+00
1.086593031883239746e+00
1.258074522018432617e+00
1.342913866043090820e+00
1.302906274795532227e+00
1.327313899993896484e+00
1.222670793533325195e+00
1.042151689529418945e+00
1.078266263008117676e+00
1.092423200607299805e+00
1.184555649757385254e+00
1.279157996177673340e+00
1.076672077178955078e+00
1.159992218017578125e+00
1.197034120559692383e+00
1.077980160713195801e+00
1.184630155563354492e+00
1.450308322906494141e+00
1.381265521049499512e+00
1.085231423377990723e+00
1.066431283950805664e+00
1.079478025436401367e+00
1.068108201026916504e+00
1.061754465103149414e+00
1.092716693878173828e+00
1.055274605751037598e+00
1.148651599884033203e+00
1.119156122207641602e+00
1.176533102989196777e+00
1.079395651817321777e+00
1.083245038986206055e+00
1.079998254776000977e+00
1.065753221511840820e+00
1.069837093353271484e+00
1.189660310745239258e+00
1.327160358428955078e+00
1.131125450134277344e+00
1.060520648956298828e+00
1.069984912872314453e+00
1.158752679824829102e+00
1.473241925239562988e+00
1.529933214187622070e+00
1.248424291610717773e+00
1.129837155342102051e+00
1.406638383865356445e+00
1.313664793968200684e+00
1.076643824577331543e+00
1.164278984069824219e+00
1.158630371093750000e+00
1.215831995010375977e+00
1.150466680526733398e+00
1.091581344604492188e+00
1.173911333084106445e+00
1.095860838890075684e+00
1.070194602012634277e+00
1.064514040946960449e+00
1.167768478393554688e+00
1.208420872688293457e+00
1.069561362266540527e+00
1.106160759925842285e+00
1.160493731498718262e+00
1.136903405189514160e+00
1.153200626373291016e+00
1.073816180229187012e+00
1.117765903472900391e+00
1.192074060440063477e+00
1.362044692039489746e+00
1.374789953231811523e+00
1.314235210418701172e+00
1.141876101493835449e+00
1.078037261962890625e+00
1.082913994789123535e+00
1.072759866714477539e+00
1.079239368438720703e+00
1.104455947875976562e+00
1.131344914436340332e+00
1.200301051139831543e+00
1.383842468261718750e+00
1.547180175781250000e+00
1.341892957687377930e+00
1.089687347412109375e+00
1.068402051925659180e+00
1.084947109222412109e+00
1.130869626998901367e+00
1.107513427734375000e+00
1.097681999206542969e+00
1.077236175537109375e+00
1.162273168563842773e+00
1.293553471565246582e+00
1.263908147811889648e+00
1.273719072341918945e+00
1.246647596359252930e+00
1.155706644058227539e+00
1.083054542541503906e+00
1.077727317810058594e+00
1.066159009933471680e+00
1.063223481178283691e+00
1.118380308151245117e+00
1.168627977371215820e+00
1.261743545532226562e+00
1.251668572425842285e+00
1.241131544113159180e+00
1.249958395957946777e+00
1.098507761955261230e+00
1.078067302703857422e+00
1.085582256317138672e+00
1.099358201026916504e+00
1.104735851287841797e+00
1.156985282897949219e+00
1.162022590637207031e+00
1.125449299812316895e+00
1.091492176055908203e+00
1.098730087280273438e+00
1.105100035667419434e+00
1.088190793991088867e+00
1.086735725402832031e+00
1.105944156646728516e+00
1.177241563796997070e+00
1.209141731262207031e+00
1.180723786354064941e+00
1.111097812652587891e+00
1.076876878738403320e+00
1.075843334197998047e+00
1.076595067977905273e+00
1.084229707717895508e+00
1.131669282913208008e+00
1.112232923507690430e+00
1.082788467407226562e+00
1.116389751434326172e+00
1.103463649749755859e+00
1.077592372894287109e+00
1.129220962524414062e+00
1.182169079780578613e+00
1.303319096565246582e+00
1.427885532379150391e+00
1.408928632736206055e+00
1.309622526168823242e+00
1.237391471862792969e+00
1.273783564567565918e+00
1.288808345794677734e+00
1.228201270103454590e+00
1.217387437820434570e+00
1.290583133697509766e+00
1.299098968505859375e+00
1.185584783554077148e+00
1.110329866409301758e+00
1.101566791534423828e+00
1.076371192932128906e+00
1.079800963401794434e+00
1.116697907447814941e+00
1.212500333786010742e+00
1.182762503623962402e+00
1.149736642837524414e+00
1.195036411285400391e+00
1.261460661888122559e+00
1.310353040695190430e+00
1.248591899871826172e+00
1.367101430892944336e+00
1.277250170707702637e+00
1.174207091331481934e+00
1.144168257713317871e+00
1.093792915344238281e+00
1.125639081001281738e+00
1.088196873664855957e+00
1.074099302291870117e+00
1.102501392364501953e+00
1.112552165985107422e+00
1.164953351020812988e+00
1.127995371818542480e+00
1.160148859024047852e+00
1.151019334793090820e+00
1.199910879135131836e+00
1.228405714035034180e+00
1.232306718826293945e+00
1.224826574325561523e+00
1.230165958404541016e+00
1.240624427795410156e+00
1.157700181007385254e+00
1.125818490982055664e+00
1.105355858802795410e+00
1.106198191642761230e+00
1.109233379364013672e+00
1.091899633407592773e+00
1.080996513366699219e+00
1.075380206108093262e+00
1.093312025070190430e+00
1.088719606399536133e+00
1.091351032257080078e+00
1.166307210922241211e+00
1.205691576004028320e+00
1.329166293144226074e+00
1.434035539627075195e+00
1.413312196731567383e+00
1.394897699356079102e+00
1.431751012802124023e+00
1.373304367065429688e+00
1.406441688537597656e+00
1.325678467750549316e+00
1.230525374412536621e+00
1.152600526809692383e+00
1.099934220314025879e+00
1.094888091087341309e+00
1.091643452644348145e+00
1.098372697830200195e+00
1.078809738159179688e+00
1.085063695907592773e+00
1.089532136917114258e+00
1.094373822212219238e+00
1.160838365554809570e+00
1.237108707427978516e+00
1.317680597305297852e+00
1.266452670097351074e+00
1.204341650009155273e+00
1.153357982635498047e+00
1.098484277725219727e+00
1.084046125411987305e+00
1.102460145950317383e+00
1.129357576370239258e+00
1.116382360458374023e+00
1.101541638374328613e+00
1.092251062393188477e+00
1.082189798355102539e+00
1.095857739448547363e+00
1.107373237609863281e+00
1.139564275741577148e+00
1.150976300239562988e+00
1.164055228233337402e+00
1.199708104133605957e+00
1.237958192825317383e+00
1.243337154388427734e+00
1.209042787551879883e+00
1.177950620651245117e+00
1.103618502616882324e+00
1.086850643157958984e+00
1.081508874893188477e+00
1.075980424880981445e+00
1.097738265991210938e+00
1.134444952011108398e+00
1.209005832672119141e+00
1.274677515029907227e+00
1.223654150962829590e+00
1.254133939743041992e+00
1.241241335868835449e+00
1.163490295410156250e+00
1.148950457572937012e+00
1.136060237884521484e+00
1.099421501159667969e+00
1.080202698707580566e+00
1.070106029510498047e+00
1.083006381988525391e+00
1.184614777565002441e+00
1.170419454574584961e+00
1.122587680816650391e+00
1.107258319854736328e+00
1.083330392837524414e+00
1.093968272209167480e+00
1.154958486557006836e+00
1.215684652328491211e+00
1.189809560775756836e+00
1.170602917671203613e+00
1.172874212265014648e+00
1.139563798904418945e+00
1.156137108802795410e+00
1.134787797927856445e+00
1.106532931327819824e+00
1.096230864524841309e+00
1.103790044784545898e+00
1.108417272567749023e+00
1.097507715225219727e+00
1.096300363540649414e+00
1.101774692535400391e+00
1.084710121154785156e+00
1.084628343582153320e+00
1.084883809089660645e+00
1.078567743301391602e+00
1.070958495140075684e+00
1.069463372230529785e+00
1.069186687469482422e+00
1.072661161422729492e+00
1.081791162490844727e+00
1.108386754989624023e+00
1.125168800354003906e+00
1.124137282371520996e+00
1.114563465118408203e+00
1.117823362350463867e+00
1.094313144683837891e+00
1.102008104324340820e+00
1.105006456375122070e+00
1.100874304771423340e+00
1.091477155685424805e+00
1.104990720748901367e+00
1.136874079704284668e+00
1.177488207817077637e+00
1.217499494552612305e+00
1.230766296386718750e+00
1.209375858306884766e+00
1.206045150756835938e+00
1.207958459854125977e+00
1.181661248207092285e+00
1.195432543754577637e+00
1.179447889328002930e+00
1.140153408050537109e+00
1.147285819053649902e+00
1.187103271484375000e+00
1.202883005142211914e+00
1.228221654891967773e+00
1.230389595031738281e+00
1.243464469909667969e+00
1.218950033187866211e+00
1.208638429641723633e+00
1.185809135437011719e+00
1.186194300651550293e+00
1.148476600646972656e+00
1.153631567955017090e+00
1.150023818016052246e+00
1.127263307571411133e+00
1.107466578483581543e+00
1.084406495094299316e+00
1.073338985443115234e+00
1.071111440658569336e+00
1.081897020339965820e+00
1.099555373191833496e+00
1.110954761505126953e+00
1.116257309913635254e+00
1.110269308090209961e+00
1.111968278884887695e+00
1.110166549682617188e+00
1.090598583221435547e+00
1.093520879745483398e+00
1.102188587188720703e+00
1.110659122467041016e+00
1.129183053970336914e+00
1.128193855285644531e+00
1.123748660087585449e+00
1.092834949493408203e+00
1.088163018226623535e+00
1.079425692558288574e+00
1.069155097007751465e+00
1.066968441009521484e+00
1.068197250366210938e+00
1.070616245269775391e+00
1.071497797966003418e+00
1.071024894714355469e+00
1.076234698295593262e+00
1.072553396224975586e+00
1.073461890220642090e+00
1.074521541595458984e+00
1.074275255203247070e+00
1.088431119918823242e+00
1.107630610466003418e+00
1.119931697845458984e+00
1.131385803222656250e+00
1.142007112503051758e+00
1.130355834960937500e+00
1.128525376319885254e+00
1.157843828201293945e+00
1.179329514503479004e+00
1.219558715820312500e+00
1.256466031074523926e+00
1.267522096633911133e+00
1.224066615104675293e+00
1.244742393493652344e+00
1.298415660858154297e+00
1.259717941284179688e+00
1.217707395553588867e+00
1.223047256469726562e+00
1.212638139724731445e+00
1.177960872650146484e+00
1.153787136077880859e+00
1.127637147903442383e+00
1.127797126770019531e+00
1.115815162658691406e+00
1.116162657737731934e+00
1.091428279876708984e+00
1.105344772338867188e+00
1.108275294303894043e+00
1.109903454780578613e+00
1.108022809028625488e+00
1.105671882629394531e+00
1.102021336555480957e+00
1.114371538162231445e+00
1.102457046508789062e+00
1.106945037841796875e+00
1.099606037139892578e+00
1.095037817955017090e+00
1.099038839340209961e+00
1.096872329711914062e+00
1.090875744819641113e+00
1.089877724647521973e+00
1.108341693878173828e+00
1.091373682022094727e+00
1.087846875190734863e+00
1.077330946922302246e+00
1.075130462646484375e+00
1.080484509468078613e+00
1.077751994132995605e+00
1.082011699676513672e+00
1.082675218582153320e+00
1.097522020339965820e+00
1.098169326782226562e+00
1.097190499305725098e+00
1.095429301261901855e+00
1.091249465942382812e+00
1.084301710128784180e+00
1.079109907150268555e+00
1.080551624298095703e+00
1.083716392517089844e+00
1.089924335479736328e+00
1.086445927619934082e+00
1.093886613845825195e+00
1.083518505096435547e+00
1.085746765136718750e+00
1.102109074592590332e+00
1.119282245635986328e+00
1.140121936798095703e+00
1.127396821975708008e+00
1.129951953887939453e+00
1.170415639877319336e+00
1.153483390808105469e+00
1.162060976028442383e+00
1.155909538269042969e+00
1.145920991897583008e+00
1.181451559066772461e+00
1.165509939193725586e+00
1.187980651855468750e+00
1.183666348457336426e+00
1.188234567642211914e+00
1.199662923812866211e+00
1.212713241577148438e+00
1.198146820068359375e+00
1.210255265235900879e+00
1.191396236419677734e+00
1.186883330345153809e+00
1.159427046775817871e+00
1.137304544448852539e+00
1.126045942306518555e+00
1.122774124145507812e+00
1.123796939849853516e+00
1.128642320632934570e+00
1.138375878334045410e+00
1.117580175399780273e+00
1.112918257713317871e+00
1.104380846023559570e+00
1.110627055168151855e+00
1.110726237297058105e+00
1.098362207412719727e+00
1.122392892837524414e+00
1.119060635566711426e+00
1.122008562088012695e+00
1.128237724304199219e+00
1.123967885971069336e+00
1.120810747146606445e+00
1.111986160278320312e+00
1.114485025405883789e+00
1.141116857528686523e+00
1.165280222892761230e+00
1.157260417938232422e+00
1.160156130790710449e+00
1.165247082710266113e+00
1.161787748336791992e+00
1.142250657081604004e+00
1.107131481170654297e+00
1.093429684638977051e+00
1.097638726234436035e+00
1.096984505653381348e+00
1.107304334640502930e+00
1.115715622901916504e+00
1.125371217727661133e+00
1.126564979553222656e+00
1.124224185943603516e+00
1.123708724975585938e+00
1.112981200218200684e+00
1.098165035247802734e+00
1.093913435935974121e+00
1.088665366172790527e+00
1.095394134521484375e+00
1.108020305633544922e+00
1.106947898864746094e+00
1.118396759033203125e+00
1.118738651275634766e+00
1.112154006958007812e+00
1.119060277938842773e+00
1.110243082046508789e+00
1.109660029411315918e+00
1.120538115501403809e+00
1.113987445831298828e+00
1.136380434036254883e+00
1.116554617881774902e+00
1.132293939590454102e+00
1.119464159011840820e+00
1.127081632614135742e+00
1.131267786026000977e+00
1.141589999198913574e+00
1.143542885780334473e+00
1.125829696655273438e+00
1.118090629577636719e+00
1.118997931480407715e+00
1.123658180236816406e+00
1.111660718917846680e+00
1.112993240356445312e+00
1.110227823257446289e+00
1.127135038375854492e+00
1.116676092147827148e+00
1.119264125823974609e+00
1.106258988380432129e+00
1.104635834693908691e+00
1.115340471267700195e+00
1.121987462043762207e+00
1.146576762199401855e+00
1.146917343139648438e+00
1.157025337219238281e+00
1.156493782997131348e+00
1.147459268569946289e+00
1.140317440032958984e+00
1.126774072647094727e+00
1.141392469406127930e+00
1.122882485389709473e+00
1.119275450706481934e+00
1.117369532585144043e+00
1.100566029548645020e+00
1.110254883766174316e+00
1.114008188247680664e+00
1.124409437179565430e+00
1.110585451126098633e+00
1.101669669151306152e+00
1.102242469787597656e+00
1.104023933410644531e+00
1.128867387771606445e+00
1.141088366508483887e+00
1.137280941009521484e+00
1.120511054992675781e+00
1.116468191146850586e+00
1.105982780456542969e+00
1.097339987754821777e+00
1.094007134437561035e+00
1.099517583847045898e+00
1.097269177436828613e+00
1.106485128402709961e+00
1.099923133850097656e+00
1.120280265808105469e+00
1.132179737091064453e+00
1.147303581237792969e+00
1.138303518295288086e+00
1.165827989578247070e+00
1.166667461395263672e+00
1.147251605987548828e+00
1.178937196731567383e+00
1.160307884216308594e+00
1.150150895118713379e+00
1.155419826507568359e+00
1.151516079902648926e+00
1.131145238876342773e+00
1.126648783683776855e+00
1.125741720199584961e+00
1.131900548934936523e+00
1.131524801254272461e+00
1.149685859680175781e+00
1.144664287567138672e+00
1.136124849319458008e+00
1.128126621246337891e+00
1.104987621307373047e+00
1.115408062934875488e+00
1.114007472991943359e+00
1.118304967880249023e+00
1.123682022094726562e+00
