2.244702577590942383e+00
1.485453486442565918e+00
1.164605975151062012e+00
8.082793354988098145e-01
4.600683152675628662e-01
2.921469509601593018e-01
1.547448933124542236e-01
4.279231280088424683e-02
7.911584526300430298e-02
4.628843069076538086e-02
1.317141763865947723e-02
1.215039473026990891e-02
2.330326475203037262e-02
2.519844099879264832e-02
5.413724109530448914e-03
2.205621264874935150e-02
3.478756546974182129e-02
9.468170255422592163e-02
1.145830750465393066e-02
6.871547084301710129e-03
3.986170515418052673e-03
6.882301531732082367e-03
1.217326242476701736e-02
2.238469012081623077e-02
1.818310469388961792e-02
7.763599976897239685e-03
1.282980106770992279e-02
2.934964839369058609e-03
4.195714835077524185e-03
5.497303791344165802e-03
1.095972023904323578e-02
2.001127786934375763e-02
2.820343943312764168e-03
2.636870369315147400e-02
6.754892878234386444e-03
4.485392943024635315e-03
4.250762984156608582e-03
7.140013389289379120e-03
1.797962933778762817e-02
3.585416823625564575e-03
6.826008204370737076e-03
2.554499777033925056e-03
3.866955870762467384e-03
7.128615397959947586e-03
8.076026104390621185e-03
4.969731438905000687e-03
1.267319172620773315e-02
1.592901768162846565e-03
9.412948973476886749e-03
3.554013092070817947e-03
2.698405412957072258e-03
4.664001055061817169e-03
5.864281207323074341e-03
6.568918470293283463e-03
4.847745411098003387e-03
3.033781191334128380e-03
7.132934406399726868e-03
2.119449200108647346e-03
5.724502727389335632e-03
1.002425979822874069e-02
1.930192811414599419e-03
4.166972823441028595e-03
1.111231278628110886e-03
1.116894558072090149e-02
1.450978498905897141e-02
3.879553638398647308e-03
3.572607878595590591e-03
9.844759479165077209e-03
7.531525567173957825e-03
2.040572231635451317e-03
1.199344731867313385e-02
9.217488579452037811e-03
1.331130042672157288e-02
5.119847599416971207e-03
1.274287700653076172e-02
1.359118707478046417e-02
4.688333254307508469e-03
1.126216538250446320e-02
5.088788922876119614e-03
8.957495912909507751e-03
2.539267297834157944e-03
5.540383979678153992e-03
2.565916441380977631e-02
6.651560310274362564e-03
9.840678423643112183e-03
2.510337904095649719e-02
1.412008982151746750e-02
3.711803257465362549e-02
2.227670326828956604e-02
1.111032720655202866e-02
2.790154889225959778e-02
7.161742448806762695e-02
6.411305628716945648e-03
8.250321261584758759e-03
1.019761897623538971e-02
6.024200003594160080e-03
3.962318878620862961e-03
7.015664596110582352e-03
1.444078143686056137e-02
6.521066185086965561e-03
6.000807974487543106e-03
5.975381005555391312e-03
6.504334975033998489e-03
2.397022908553481102e-03
1.279435865581035614e-02
6.858543958514928818e-03
3.196835052222013474e-03
1.186220254749059677e-02
1.574221625924110413e-02
1.364208292216062546e-03
5.315466783940792084e-03
2.133668866008520126e-03
8.944131433963775635e-03
7.263045292347669601e-03
1.151244039647281170e-03
9.734097868204116821e-03
1.587341073900461197e-03
2.251254953444004059e-02
6.266084965318441391e-03
4.133529495447874069e-03
5.786332767456769943e-03
5.101789254695177078e-03
2.431222703307867050e-03
3.299349220469594002e-03
3.986095543950796127e-03
4.696263466030359268e-03
3.606247948482632637e-03
3.168382449075579643e-03
4.690944217145442963e-03
3.884223056957125664e-03
2.434537978842854500e-03
3.399403532966971397e-03
1.946094562299549580e-03
4.742300603538751602e-03
2.124289516359567642e-03
1.756942365318536758e-03
6.743411999195814133e-03
6.104860920459032059e-03
2.129051834344863892e-03
5.355786066502332687e-03
3.846976207569241524e-03
2.455315319821238518e-03
4.714336246252059937e-03
1.599309733137488365e-03
3.333969740197062492e-03
5.455712787806987762e-03
2.318384824320673943e-03
1.899831928312778473e-03
2.314753830432891846e-03
2.551021054387092590e-03
2.139772986993193626e-03
1.467221649363636971e-03
2.283114008605480194e-03
2.352160634472966194e-03
5.658247508108615875e-03
3.471295814961194992e-03
2.026070142164826393e-03
2.636676654219627380e-03
2.205797936767339706e-03
2.574000973254442215e-03
1.807148219086229801e-03
1.670988393016159534e-03
1.216439809650182724e-02
2.727962331846356392e-03
4.035547841340303421e-03
1.284032408148050308e-02
1.875686109997332096e-03
5.541737191379070282e-03
2.586053684353828430e-03
6.270540878176689148e-03
6.140206009149551392e-03
2.014365280047059059e-03
3.755420446395874023e-03
2.894761739298701286e-03
2.219036407768726349e-02
6.530113052576780319e-03
3.079179674386978149e-03
2.749049337580800056e-03
7.130593527108430862e-03
8.413090370595455170e-03
4.031956195831298828e-03
3.835146548226475716e-03
5.141870118677616119e-03
4.762887489050626755e-03
4.768806975334882736e-03
3.457609098404645920e-03
2.709549153223633766e-03
3.187863854691386223e-03
1.928002107888460159e-03
6.739296950399875641e-03
2.413639100268483162e-03
5.125284194946289062e-03
1.143879909068346024e-02
2.837982494384050369e-03
6.586346775293350220e-03
1.205508969724178314e-02
2.305806986987590790e-02
3.410312533378601074e-02
2.411467488855123520e-03
9.902955032885074615e-03
4.655407276004552841e-03
3.914521075785160065e-03
5.591083783656358719e-03
4.472524393349885941e-03
3.323372220620512962e-03
2.031988929957151413e-03
2.823074348270893097e-03
2.091920701786875725e-03
2.906447509303689003e-03
3.722691442817449570e-03
1.830934779718518257e-03
2.263888251036405563e-03
3.500008722767233849e-03
2.327609341591596603e-03
4.014911130070686340e-03
2.354768104851245880e-03
8.481077849864959717e-03
6.420318968594074249e-03
3.436749568209052086e-03
3.278876887634396553e-03
3.657421329990029335e-03
2.096321666613221169e-03
1.729685347527265549e-03
4.732437431812286377e-03
2.440275391563773155e-03
3.997498191893100739e-03
3.041250864043831825e-03
6.530809681862592697e-03
6.457163952291011810e-03
2.692869631573557854e-03
5.865782964974641800e-03
4.295187070965766907e-03
3.024573437869548798e-03
6.230116356164216995e-03
2.401028759777545929e-03
2.172150649130344391e-03
3.643488278612494469e-03
1.936179003678262234e-03
2.177965361624956131e-03
2.185398014262318611e-03
3.164150984957814217e-03
2.308626426383852959e-03
1.967339077964425087e-03
2.405405743047595024e-03
1.961344154551625252e-03
2.644781721755862236e-03
2.388020977377891541e-03
1.943207811564207077e-03
3.711534431204199791e-03
2.101777354255318642e-03
1.714593381620943546e-03
3.713563317432999611e-03
4.441242199391126633e-03
2.068518660962581635e-03
1.977610168978571892e-03
3.713613608852028847e-03
3.133117221295833588e-03
2.182268304750323296e-03
3.966550808399915695e-03
2.220229478552937508e-03
4.560959991067647934e-03
4.771903157234191895e-03
2.919353544712066650e-03
2.658955985680222511e-03
4.223397467285394669e-03
2.491888590157032013e-03
3.070956096053123474e-03
2.418880118057131767e-03
3.892316017299890518e-03
6.377353332936763763e-03
2.286645583808422089e-03
3.929756581783294678e-03
2.728397026658058167e-03
2.979536075145006180e-03
2.271508332341909409e-03
2.065441804006695747e-03
2.521658549085259438e-03
2.233200706541538239e-03
2.192287705838680267e-03
3.683507908135652542e-03
2.786482917144894600e-03
2.519024070352315903e-03
4.350291099399328232e-03
2.741013187915086746e-03
1.972910016775131226e-03
4.067013505846261978e-03
6.920353975147008896e-03
7.293923292309045792e-03
2.566445153206586838e-03
9.304240345954895020e-03
3.343492280691862106e-03
2.092077629640698433e-03
2.191546373069286346e-03
3.183849388733506203e-03
2.789625432342290878e-03
2.968444023281335831e-03
2.150809857994318008e-03
3.555070376023650169e-03
2.716344781219959259e-03
2.501457696780562401e-03
2.367049222812056541e-03
2.247858792543411255e-03
2.956231357529759407e-03
2.241021720692515373e-03
2.859052736312150955e-03
3.036109264940023422e-03
2.155086025595664978e-03
2.348891692236065865e-03
2.865558257326483727e-03
2.763644093647599220e-03
2.065893495455384254e-03
2.746188547462224960e-03
3.123774193227291107e-03
2.452499931678175926e-03
2.165784826502203941e-03
2.127764746546745300e-03
2.227626740932464600e-03
2.182241994887590408e-03
2.601789310574531555e-03
2.073094015941023827e-03
2.018876606598496437e-03
2.581244334578514099e-03
2.278506290167570114e-03
2.050863578915596008e-03
2.220508875325322151e-03
2.111160662025213242e-03
2.199471928179264069e-03
2.117046853527426720e-03
2.092538401484489441e-03
2.170378575101494789e-03
3.226901171728968620e-03
2.123403362929821014e-03
3.051005769520998001e-03
2.664775354787707329e-03
2.757829381152987480e-03
2.507616765797138214e-03
2.210840815678238869e-03
2.521750517189502716e-03
2.235775114968419075e-03
2.202048897743225098e-03
2.265414921566843987e-03
3.113877726718783379e-03
2.602048916742205620e-03
2.362032188102602959e-03
2.255106111988425255e-03
2.259942470118403435e-03
2.783122006803750992e-03
2.352984389290213585e-03
2.362632425501942635e-03
2.368027111515402794e-03
2.300588414072990417e-03
2.436714945361018181e-03
2.586214337497949600e-03
2.822753973305225372e-03
2.471930114552378654e-03
2.547956770285964012e-03
2.365388907492160797e-03
2.646340290084481239e-03
3.043806646019220352e-03
2.320332685485482216e-03
2.670179819688200951e-03
5.855984054505825043e-03
3.690818324685096741e-03
3.159092273563146591e-03
6.070971954613924026e-03
3.149788593873381615e-03
2.549604047089815140e-03
2.493617124855518341e-03
2.746999962255358696e-03
2.380388090386986732e-03
2.261889632791280746e-03
2.213102299720048904e-03
2.715079579502344131e-03
2.878911094740033150e-03
2.943820320069789886e-03
2.481195144355297089e-03
2.265335991978645325e-03
2.192308194935321808e-03
4.267348907887935638e-03
3.600477939471602440e-03
2.398898359388113022e-03
2.661812352016568184e-03
3.458733204752206802e-03
2.202082658186554909e-03
2.218113746494054794e-03
2.305692061781883240e-03
2.463488373905420303e-03
2.496966859325766563e-03
2.142427954822778702e-03
2.162797376513481140e-03
2.186875557526946068e-03
2.334140473976731300e-03
2.291783690452575684e-03
2.364480402320623398e-03
2.348938491195440292e-03
2.717586467042565346e-03
2.220986410975456238e-03
3.727038158103823662e-03
3.938442096114158630e-03
2.452981425449252129e-03
2.605118323117494583e-03
2.473967382684350014e-03
2.488358644768595695e-03
2.607795642688870430e-03
2.221279777586460114e-03
2.140859840437769890e-03
2.239633118733763695e-03
2.375645563006401062e-03
2.389159984886646271e-03
2.280506771057844162e-03
2.237102016806602478e-03
2.404936123639345169e-03
2.215062966570258141e-03
2.222886774688959122e-03
2.406680490821599960e-03
2.179628936573863029e-03
2.220462076365947723e-03
2.279247622936964035e-03
2.286126837134361267e-03
2.294092439115047455e-03
2.278957515954971313e-03
2.284134272485971451e-03
2.498999238014221191e-03
2.340992214158177376e-03
2.182811964303255081e-03
2.355039585381746292e-03
2.474935026839375496e-03
3.063077572733163834e-03
2.683032769709825516e-03
2.212242688983678818e-03
2.367451321333646774e-03
2.644017105922102928e-03
2.488400321453809738e-03
2.215710235759615898e-03
2.178659662604331970e-03
2.134935464709997177e-03
2.118821023032069206e-03
2.283227629959583282e-03
2.425378421321511269e-03
2.350477501749992371e-03
2.407240215688943863e-03
2.232173923403024673e-03
2.237044973298907280e-03
2.271926263347268105e-03
2.227770630270242691e-03
2.217762172222137451e-03
2.370348200201988220e-03
2.225189004093408585e-03
2.684911480173468590e-03
2.778478665277361870e-03
2.428801730275154114e-03
2.267636358737945557e-03
2.718892646953463554e-03
2.537919674068689346e-03
2.194265602156519890e-03
2.233321778476238251e-03
2.487416611984372139e-03
2.439541975036263466e-03
2.195800188928842545e-03
2.194470027461647987e-03
2.241545589640736580e-03
2.222694223746657372e-03
2.220112364739179611e-03
2.225263277068734169e-03
2.263204194605350494e-03
2.384406747296452522e-03
2.242692979052662849e-03
2.359023317694664001e-03
2.340408740565180779e-03
2.332985168322920799e-03
2.454939065501093864e-03
2.223885850980877876e-03
2.338415943086147308e-03
2.337785437703132629e-03
2.279348205775022507e-03
2.760748378932476044e-03
2.874175319448113441e-03
2.340988488867878914e-03
2.645491622388362885e-03
3.456713398918509483e-03
3.194358432665467262e-03
2.457219641655683517e-03
2.427706029266119003e-03
2.267753006890416145e-03
2.317590406164526939e-03
2.320091240108013153e-03
2.208456629887223244e-03
2.284960122779011726e-03
2.446507802233099937e-03
2.334176329895853996e-03
2.307783113792538643e-03
2.263576257973909378e-03
2.297243569046258926e-03
2.292167395353317261e-03
2.247193828225135803e-03
2.752025844529271126e-03
2.663085469976067543e-03
2.735640155151486397e-03
2.422925084829330444e-03
2.286115661263465881e-03
2.296395599842071533e-03
2.541935537010431290e-03
2.580297412350773811e-03
2.472858410328626633e-03
2.289045369252562523e-03
2.345128916203975677e-03
2.474152715876698494e-03
2.384343417361378670e-03
2.355858916416764259e-03
2.324950881302356720e-03
2.337056910619139671e-03
2.334112534299492836e-03
2.582962624728679657e-03
2.932190429419279099e-03
2.481452655047178268e-03
2.226880984380841255e-03
2.352677285671234131e-03
2.471290761604905128e-03
2.644167514517903328e-03
2.567339921370148659e-03
2.553599420934915543e-03
2.378583885729312897e-03
2.337449928745627403e-03
2.466197824105620384e-03
2.407903317362070084e-03
2.405564533546566963e-03
2.356767188757658005e-03
2.260559936985373497e-03
2.340086037293076515e-03
2.321319887414574623e-03
2.367243636399507523e-03
2.335182391107082367e-03
2.263227477669715881e-03
2.303002169355750084e-03
2.381888451054692268e-03
2.366464817896485329e-03
2.363504609093070030e-03
2.369806636124849319e-03
2.269851509481668472e-03
2.291486365720629692e-03
2.254685154184699059e-03
2.285551745444536209e-03
2.274284139275550842e-03
2.292017219588160515e-03
2.272900892421603203e-03
2.286163158714771271e-03
2.287672366946935654e-03
2.260805107653141022e-03
2.245442476123571396e-03
2.258124062791466713e-03
2.259105909615755081e-03
2.251602243632078171e-03
2.288498915731906891e-03
2.321581123396754265e-03
2.298240782693028450e-03
2.279058797284960747e-03
2.335474593564867973e-03
2.364071784541010857e-03
2.342324703931808472e-03
2.338547958061099052e-03
2.315227175131440163e-03
2.313048811629414558e-03
2.345909131690859795e-03
2.611617557704448700e-03
2.568125491961836815e-03
2.407254418358206749e-03
2.308783587068319321e-03
2.312300261110067368e-03
2.448686864227056503e-03
2.676233882084488869e-03
2.630295464769005775e-03
2.441643970087170601e-03
2.337249927222728729e-03
2.413413953036069870e-03
2.421964891254901886e-03
2.357615157961845398e-03
2.333545824512839317e-03
2.433306537568569183e-03
2.439871197566390038e-03
2.297803061082959175e-03
2.273128600791096687e-03
2.284072339534759521e-03
2.324690343812108040e-03
2.327122958377003670e-03
2.249882323667407036e-03
2.315831137821078300e-03
2.303632209077477455e-03
2.276359824463725090e-03
2.310888608917593956e-03
2.388167427852749825e-03
2.459188457578420639e-03
2.370423637330532074e-03
2.543325303122401237e-03
2.390413079410791397e-03
2.265393966808915138e-03
2.265342045575380325e-03
2.314758719876408577e-03
2.287466311827301979e-03
2.270975382998585701e-03
2.288858173415064812e-03
2.251126803457736969e-03
2.258136169984936714e-03
2.286814851686358452e-03
2.299975603818893433e-03
2.281381748616695404e-03
2.283080480992794037e-03
2.302295295521616936e-03
2.327053109183907509e-03
2.326990710571408272e-03
2.323402324691414833e-03
2.326354617252945900e-03
2.335206605494022369e-03
2.259814646095037460e-03
2.245415467768907547e-03
2.246970543637871742e-03
2.243938855826854706e-03
2.253687009215354919e-03
2.273770049214363098e-03
2.301304601132869720e-03
2.338082529604434967e-03
2.295162063091993332e-03
2.326265675947070122e-03
2.327009569853544235e-03
2.311720512807369232e-03
2.358276396989822388e-03
2.546658273786306381e-03
2.733421977609395981e-03
2.685162704437971115e-03
2.650596201419830322e-03
2.719738753512501717e-03
2.600304782390594482e-03
2.649180591106414795e-03
2.505128504708409309e-03
2.376780379563570023e-03
2.321561798453330994e-03
2.387596294283866882e-03
2.484245225787162781e-03
2.522297669202089310e-03
2.579973079264163971e-03
2.459682058542966843e-03
2.419555559754371643e-03
2.492280211299657822e-03
2.342236228287220001e-03
2.319037215784192085e-03
2.379388781264424324e-03
2.488026861101388931e-03
2.410314045846462250e-03
2.326505258679389954e-03
2.286580158397555351e-03
2.288772491738200188e-03
2.318348037078976631e-03
2.291618147864937782e-03
2.286042552441358566e-03
2.287416718900203705e-03
2.285297960042953491e-03
2.289413707330822945e-03
2.322167623788118362e-03
2.296728547662496567e-03
2.283269539475440979e-03
2.270608209073543549e-03
2.271983306854963303e-03
2.285765018314123154e-03
2.314254641532897949e-03
2.360124606639146805e-03
2.369155408814549446e-03
2.331777475774288177e-03
2.291028853505849838e-03
2.298253355547785759e-03
2.280087908729910851e-03
2.279612701386213303e-03
2.312095602974295616e-03
2.291116630658507347e-03
2.298177219927310944e-03
2.342330059036612511e-03
2.423268975690007210e-03
2.366785425692796707e-03
2.387965330854058266e-03
2.372058108448982239e-03
2.306853886693716049e-03
2.295864745974540710e-03
2.291277283802628517e-03
2.318294951692223549e-03
2.345280721783638000e-03
2.359568141400814056e-03
2.521341200917959213e-03
2.862803637981414795e-03
2.816098975017666817e-03
2.676171483471989632e-03
2.620686544105410576e-03
2.441975520923733711e-03
2.350645372644066811e-03
2.313755918294191360e-03
2.359298756346106529e-03
2.342000836506485939e-03
2.311404561623930931e-03
2.301674569025635719e-03
2.288251882418990135e-03
2.313378499820828438e-03
2.305047819390892982e-03
2.281565451994538307e-03
2.292019547894597054e-03
2.296648453921079636e-03
2.302172826603055000e-03
2.309809671714901924e-03
2.308942377567291260e-03
2.308655530214309692e-03
2.347808796912431717e-03
2.342572668567299843e-03
2.353899879381060600e-03
2.351021394133567810e-03
2.383308019489049911e-03
2.372538670897483826e-03
2.366937464103102684e-03
2.362306229770183563e-03
2.341280225664377213e-03
2.313032746315002441e-03
2.304862486198544502e-03
2.311293035745620728e-03
2.308471594005823135e-03
2.297626109793782234e-03
2.333974000066518784e-03
2.324149711057543755e-03
2.332653850317001343e-03
2.344016684219241142e-03
2.355094300583004951e-03
2.326292451471090317e-03
2.316860249266028404e-03
2.323764609172940254e-03
2.357349498197436333e-03
2.364922547712922096e-03
2.351477276533842087e-03
2.344338456168770790e-03
2.348662586882710457e-03
2.335391705855727196e-03
2.334714168682694435e-03
2.309523988515138626e-03
2.300543943420052528e-03
2.302294597029685974e-03
2.320889616385102272e-03
2.337526762858033180e-03
2.364728366956114769e-03
2.366166561841964722e-03
2.375922864302992821e-03
2.347514266148209572e-03
2.336272271350026131e-03
2.325282664969563484e-03
2.318793442100286484e-03
2.299322979524731636e-03
2.297216327860951424e-03
2.289966214448213577e-03
2.284738468006253242e-03
2.289952011778950691e-03
2.321351319551467896e-03
2.351584378629922867e-03
2.402652753517031670e-03
2.312250202521681786e-03
2.292178105562925339e-03
2.297221915796399117e-03
2.286613686010241508e-03
2.300657797604799271e-03
2.325731096789240837e-03
2.313507255166769028e-03
2.320959465578198433e-03
2.308290917426347733e-03
2.288861898705363274e-03
2.284780377522110939e-03
2.284178743138909340e-03
2.281052526086568832e-03
2.280060201883316040e-03
2.308398485183715820e-03
2.314885379746556282e-03
2.332741394639015198e-03
2.396579831838607788e-03
2.396717201918363571e-03
2.415706403553485870e-03
2.350951079279184341e-03
2.371736336499452591e-03
2.417970681563019753e-03
2.453824272379279137e-03
2.396772382780909538e-03
2.404544036835432053e-03
2.455171197652816772e-03
2.416976261883974075e-03
2.353743184357881546e-03
2.305119764059782028e-03
2.304993104189634323e-03
2.306145848706364632e-03
2.304334426298737526e-03
2.311452059075236320e-03
2.315537538379430771e-03
2.313678618520498276e-03
2.322226995602250099e-03
2.348161768168210983e-03
2.387502230703830719e-03
2.401304198428988457e-03
2.350623952224850655e-03
2.368853660300374031e-03
2.439717063680291176e-03
2.387175569310784340e-03
2.337419893592596054e-03
2.339148195460438728e-03
2.329677110537886620e-03
2.303916029632091522e-03
2.288628835231065750e-03
2.284645568579435349e-03
2.278062514960765839e-03
2.275093225762248039e-03
2.271701581776142120e-03
2.304308814927935600e-03
2.287772949784994125e-03
2.295423997566103935e-03
2.300464315339922905e-03
2.302977954968810081e-03
2.309941919520497322e-03
2.320801373571157455e-03
2.301779342815279961e-03
2.310255775228142738e-03
2.299780724570155144e-03
2.300005406141281128e-03
2.307613845914602280e-03
2.292291494086384773e-03
2.293708035722374916e-03
2.302392851561307907e-03
2.300036139786243439e-03
2.277730964124202728e-03
2.299251267686486244e-03
2.307411050423979759e-03
2.348534762859344482e-03
2.364807995036244392e-03
2.328508766368031502e-03
2.358683850616216660e-03
2.340140519663691521e-03
2.332116244360804558e-03
2.293904544785618782e-03
2.301690867170691490e-03
2.304254099726676941e-03
2.302958397194743156e-03
2.313643228262662888e-03
2.330890158191323280e-03
2.360954182222485542e-03
2.347935456782579422e-03
2.335100201889872551e-03
2.320855390280485153e-03
2.333886921405792236e-03
2.315439982339739799e-03
2.347097033634781837e-03
2.349561313167214394e-03
2.302144188433885574e-03
2.287872135639190674e-03
2.285474678501486778e-03
2.296101301908493042e-03
2.306310459971427917e-03
2.308306284248828888e-03
2.311683492735028267e-03
2.317041857168078423e-03
2.315194578841328621e-03
2.324678469449281693e-03
2.323532244190573692e-03
2.321723615750670433e-03
2.329766517505049706e-03
2.325131790712475777e-03
2.328102011233568192e-03
2.331209369003772736e-03
2.337117679417133331e-03
2.327903406694531441e-03
2.335983328521251678e-03
2.324385801330208778e-03
2.324360422790050507e-03
2.309855306521058083e-03
2.305697416886687279e-03
2.304199617356061935e-03
2.297895960509777069e-03
2.289492636919021606e-03
2.283262787386775017e-03
2.277988009154796600e-03
2.280202228575944901e-03
2.282008761540055275e-03
2.287243260070681572e-03
2.283499808982014656e-03
2.283682581037282944e-03
2.304821740835905075e-03
2.281774301081895828e-03
2.293647965416312218e-03
2.300284570083022118e-03
2.295886632055044174e-03
2.297427505254745483e-03
2.291121054440736771e-03
2.292528748512268066e-03
2.293784171342849731e-03
2.286060946062207222e-03
2.294259378686547279e-03
2.299219835549592972e-03
2.300426363945007324e-03
2.299023326486349106e-03
2.295222831889986992e-03
2.287631388753652573e-03
2.303573768585920334e-03
2.329145092517137527e-03
2.317134989425539970e-03
2.321132691577076912e-03
2.307539572939276695e-03
2.296945778653025627e-03
2.292732475325465202e-03
2.288326388224959373e-03
2.288183197379112244e-03
2.286531263962388039e-03
2.289513591676950455e-03
2.303835470229387283e-03
2.312229014933109283e-03
2.336615696549415588e-03
2.321031643077731133e-03
2.297208877280354500e-03
2.300784224644303322e-03
2.293045166879892349e-03
2.298309700563549995e-03
2.296977210789918900e-03
2.286717761307954788e-03
2.292294055223464966e-03
2.292109886184334755e-03
2.287179930135607719e-03
2.295081038028001785e-03
2.286914037540555000e-03
2.301782602444291115e-03
2.295133890584111214e-03
2.300963504239916801e-03
2.293313853442668915e-03
2.293282654136419296e-03
2.292018849402666092e-03
2.292561577633023262e-03
2.293420489877462387e-03
2.295431215316057205e-03
2.294599777087569237e-03
2.285611350089311600e-03
2.301455475389957428e-03
2.297002822160720825e-03
2.303014742210507393e-03
2.288268646225333214e-03
2.292723627761006355e-03
2.293801400810480118e-03
2.314764074981212616e-03
2.323709893971681595e-03
2.312638098374009132e-03
2.309765666723251343e-03
2.299492480233311653e-03
2.302350010722875595e-03
2.300246618688106537e-03
2.295488724485039711e-03
2.291052835062146187e-03
2.288206480443477631e-03
2.289092866703867912e-03
2.282666508108377457e-03
2.288423711434006691e-03
2.295218175277113914e-03
2.291897078976035118e-03
2.313355216756463051e-03
2.299185609444975853e-03
2.294023521244525909e-03
2.284384332597255707e-03
2.296275924891233444e-03
2.310273004695773125e-03
2.315698657184839249e-03
2.310256939381361008e-03
2.284860936924815178e-03
2.284548478201031685e-03
2.285515889525413513e-03
2.290775300934910774e-03
2.290378790348768234e-03
2.299340441823005676e-03
2.306527690961956978e-03
2.310975920408964157e-03
2.301048720255494118e-03
2.316678641363978386e-03
2.298232400789856911e-03
2.309419214725494385e-03
2.290622564032673836e-03
2.290904754772782326e-03
2.293100114911794662e-03
2.296964870765805244e-03
2.303395187482237816e-03
2.305257599800825119e-03
2.300128806382417679e-03
2.312551252543926239e-03
2.306624548509716988e-03
2.309116767719388008e-03
2.302322071045637131e-03
2.299827057868242264e-03
2.300583291798830032e-03
2.300529042258858681e-03
2.301565837115049362e-03
2.298560459166765213e-03
2.297482453286647797e-03
2.292428631335496902e-03
2.290760166943073273e-03
2.290858188644051552e-03
2.297531813383102417e-03
2.311258809641003609e-03
2.298242645338177681e-03
2.299598418176174164e-03
2.297718310728669167e-03
2.294775797054171562e-03
