4.219462335109710471e-01
4.137677311897277610e-01
4.121402442455291970e-01
4.122410595417022594e-01
4.131607204675674661e-01
4.139711022377013938e-01
4.074186533689498901e-01
4.093919456005096214e-01
4.082900047302245872e-01
4.113169670104980247e-01
4.075551956892013439e-01
4.093684226274490467e-01
4.090308159589767234e-01
4.103009164333343284e-01
4.122706741094589455e-01
4.127421408891677745e-01
4.113983005285263284e-01
4.063006877899170144e-01
4.088149935007095448e-01
4.101327955722808838e-01
4.109277755022048839e-01
4.072022259235382191e-01
4.042887449264526145e-01
4.012571424245834351e-01
4.007523834705352672e-01
3.992521077394485252e-01
3.985288590192794800e-01
3.985560595989227073e-01
3.954975888133048789e-01
3.882160574197769387e-01
3.885107547044753806e-01
3.882460117340088002e-01
3.845565944910049327e-01
3.806501150131225697e-01
3.754088938236236350e-01
3.732310116291046032e-01
3.703510612249374390e-01
3.661898940801620594e-01
3.599223002791404613e-01
3.562601193785667197e-01
3.524480074644088523e-01
3.498458683490753285e-01
3.485013157129287498e-01
3.451642721891403087e-01
3.418138161301612632e-01
3.444575458765030129e-01
3.383015424013137706e-01
3.403577834367751964e-01
3.480606481432914623e-01
3.507287889719009621e-01
3.397968634963035583e-01
3.374002009630203136e-01
3.342205062508583069e-01
3.369556531310081704e-01
3.331774950027465709e-01
3.337280303239822388e-01
3.360616773366927879e-01
3.320035859942436218e-01
3.324942186474800221e-01
3.376995727419853099e-01
3.378644540905952343e-01
3.363139167428016441e-01
3.319918721914291160e-01
3.315027311444282421e-01
3.336503788828849570e-01
3.341558516025543435e-01
3.404034823179244995e-01
3.325054973363876232e-01
3.326902672648429649e-01
3.322869718074798473e-01
3.389218926429748424e-01
3.348375529050827137e-01
3.320313990116119385e-01
3.297383800148964150e-01
3.309410452842712624e-01
3.345113858580589516e-01
3.337484121322631947e-01
3.315117910504341014e-01
3.301360636949539074e-01
3.293703958392143472e-01
3.273901954293251260e-01
3.283111646771431080e-01
3.263610795140266529e-01
3.260667681694030540e-01
3.271642357110977062e-01
3.279628500342369191e-01
3.246322542428970448e-01
3.264456719160079845e-01
3.323597341775894054e-01
3.295267984271049722e-01
3.303801253437995689e-01
3.282432392239570396e-01
3.263279274106025696e-01
3.245962575078010781e-01
3.254450872540474160e-01
3.237868398427963257e-01
3.232667729258537070e-01
3.228703290224075317e-01
3.223025962710380776e-01
3.259426668286323769e-01
3.216751903295517190e-01
3.218830734491348045e-01
3.201089821755885856e-01
3.199132546782493813e-01
3.234938710927963146e-01
3.218339502811431996e-01
3.226218670606613159e-01
3.221799522638321145e-01
3.199080958962440269e-01
3.262849703431129345e-01
3.201353535056113975e-01
3.209353506565094105e-01
3.190662279725074990e-01
3.190056160092353821e-01
3.197189360857010110e-01
3.209509581327438243e-01
3.187317773699760437e-01
3.194216296076774486e-01
3.193866670131683128e-01
3.181779250502586587e-01
3.186216965317726357e-01
3.227799326181411965e-01
3.178744971752166526e-01
3.172549799084663502e-01
3.186326712369919045e-01
3.167047753930091747e-01
3.168393224477767944e-01
3.174916639924049155e-01
3.189765796065330283e-01
3.177363783121108787e-01
3.178370445966720581e-01
3.175787493586540444e-01
3.164576262235641591e-01
3.166179358959197998e-01
3.172740116715431213e-01
3.165544778108596580e-01
3.167050793766975625e-01
3.165717750787734874e-01
3.168267935514449962e-01
3.160324648022651561e-01
3.149463772773742898e-01
3.161326885223388894e-01
3.152400404214859009e-01
3.155486121773719566e-01
3.155015274882316811e-01
3.143479734659194724e-01
3.155587702989578469e-01
3.141665920615196450e-01
3.131616815924644359e-01
3.136891424655914307e-01
3.158810049295425193e-01
3.150864183902740701e-01
3.138028517365455405e-01
3.136162303388118633e-01
3.136179760098457558e-01
3.133442446589470021e-01
3.139045372605323569e-01
3.130545616149902344e-01
3.128106012940407021e-01
3.134510293602943420e-01
3.125921025872230308e-01
3.121951133012771384e-01
3.125838726758957131e-01
3.127910003066062816e-01
3.125923350453376770e-01
3.118474602699279896e-01
3.129701003432273643e-01
3.108949311077594535e-01
3.108442828059196361e-01
3.108185738325118797e-01
3.140220269560813904e-01
3.120898917317390664e-01
3.117673605680465476e-01
3.131165862083434837e-01
3.108854964375495911e-01
3.108541503548621909e-01
3.102626740932464822e-01
3.107537508010864147e-01
3.104356616735458596e-01
3.098824501037597545e-01
3.105172619223594555e-01
3.095271505415439495e-01
3.098423361778259166e-01
3.099432483315467945e-01
3.093230053782463074e-01
3.090381711721420510e-01
3.089070066809654347e-01
3.089831933379173501e-01
3.079789906740188488e-01
3.083710238337517007e-01
3.072814136743545754e-01
3.081084713339805603e-01
3.098811894655227883e-01
3.113854974508285522e-01
3.096341177821159141e-01
3.089552357792854087e-01
3.086817398667335288e-01
3.052532434463500755e-01
3.075624510645866283e-01
3.076358303427696450e-01
3.055785596370697021e-01
3.061280190944671853e-01
3.064577043056487815e-01
3.070320785045623779e-01
3.073125422000885232e-01
3.083777651190757751e-01
3.065450757741928212e-01
3.057758152484894021e-01
3.060247153043746948e-01
3.055969864130020364e-01
3.077508658170700073e-01
3.066139400005340465e-01
3.065687835216522328e-01
3.062030345201492421e-01
3.068526461720466614e-01
3.055078133940696827e-01
3.065755575895309226e-01
3.050744071602821128e-01
3.061494395136833413e-01
3.055566683411597984e-01
3.061498299241066090e-01
3.052136257290840038e-01
3.055378124117851257e-01
3.049639463424682617e-01
3.051090374588966148e-01
3.048201829195022472e-01
3.053188279271125682e-01
3.044901147484779247e-01
3.047984138131141774e-01
3.050522759556770214e-01
3.046615779399871604e-01
3.050004452466964500e-01
3.042777158319950326e-01
3.041697844862937816e-01
3.042539149522781594e-01
3.041139110922813638e-01
3.044233962893486134e-01
3.042688533663749917e-01
3.039107143878936879e-01
3.039599925279617421e-01
3.041328817605972179e-01
3.036789119243621937e-01
3.038657858967780956e-01
3.034373655915260093e-01
3.030080705881118552e-01
3.034857466816902050e-01
3.034169748425483704e-01
3.032877147197723389e-01
3.034331470727920643e-01
3.034627363085746765e-01
3.029907122254371643e-01
3.026704192161560059e-01
3.030033886432647594e-01
3.036969467997551186e-01
3.027538061141967773e-01
3.034573078155517467e-01
3.034266024827957375e-01
3.025702938437461742e-01
3.029406473040580638e-01
3.020324960350990184e-01
3.024265646934509166e-01
3.026773661375045665e-01
3.022270351648330688e-01
3.017278194427490123e-01
3.020745530724525674e-01
3.022515133023261913e-01
3.021567583084106556e-01
3.018589794635772594e-01
3.018484279513359292e-01
3.018382474780082481e-01
3.020769357681274414e-01
3.022032231092453003e-01
3.017113670706749184e-01
3.019546881318092568e-01
3.016528680920601002e-01
3.010808654129505380e-01
3.012284770607948081e-01
3.021355338394641765e-01
3.013753816485404968e-01
3.015384569764137379e-01
3.014073729515075462e-01
3.009646102786064370e-01
3.006932914257049450e-01
3.010112494230270386e-01
3.008923411369323619e-01
3.004810407757759205e-01
3.018500238656997570e-01
3.006134659051895031e-01
3.005632862448692211e-01
3.009119540452956931e-01
3.000443071126938088e-01
3.004250586032867210e-01
3.005537837743759155e-01
3.003713235259056202e-01
3.001667037606239319e-01
3.004563681781292073e-01
3.002507969737052695e-01
2.998384490609168895e-01
2.998171880841254966e-01
2.992699921131133922e-01
2.998335272073745505e-01
2.995572671294212119e-01
2.998543500900268666e-01
2.995056569576263206e-01
3.000562459230423085e-01
2.995690181851387024e-01
2.995594412088394276e-01
2.995003670454025047e-01
2.998652458190917969e-01
2.995073854923248069e-01
2.993200510740280373e-01
2.993201464414596558e-01
2.995378866791725270e-01
2.992540866136551014e-01
2.997751355171203724e-01
2.993080139160156361e-01
2.999860107898711936e-01
2.995569631457328796e-01
2.990454256534576527e-01
2.987929657101631165e-01
2.985588535666465759e-01
2.989771842956542858e-01
2.986564278602600320e-01
2.993930205702781677e-01
2.988680794835090748e-01
2.991108432412147300e-01
2.987422451376914867e-01
2.988199681043625100e-01
2.988908633589744679e-01
2.988083317875862011e-01
2.990292742848396079e-01
2.989433288574218639e-01
2.984240174293518177e-01
2.984598249197006337e-01
2.984039902687072865e-01
2.986450463533401600e-01
2.988093629479408042e-01
2.986996486783027871e-01
2.984153404831886292e-01
2.985050052404403798e-01
2.984622657299041970e-01
2.984479665756225586e-01
2.984837725758552329e-01
2.986897096037864907e-01
2.982760749757289997e-01
2.982896625995635764e-01
2.981265120208263508e-01
2.981391653418540844e-01
2.985260769724845664e-01
2.984703965485095978e-01
2.984433889389038197e-01
2.982170522212982400e-01
2.981101915240287892e-01
2.979635387659073098e-01
2.978283613920211792e-01
2.980396747589111328e-01
2.982038944959640725e-01
2.980783313512802013e-01
2.977350994944572560e-01
2.979607045650481956e-01
2.976140901446342468e-01
2.978045985102653614e-01
2.983887821435928234e-01
2.975327402353286632e-01
2.975180618464946525e-01
2.970620438456535450e-01
2.975589394569396751e-01
2.971058636903762817e-01
2.973065331578254589e-01
2.970381438732146995e-01
2.975037887692451588e-01
2.969624951481819042e-01
2.971425309777259716e-01
2.971739105880260579e-01
2.977609112858772278e-01
2.968342229723930359e-01
2.971998617053032143e-01
2.970058441162109486e-01
2.968564316630363242e-01
2.968310773372649924e-01
2.970616057515144126e-01
2.968269005417824014e-01
2.967268034815788158e-01
2.966521337628364452e-01
2.968195274472236744e-01
2.968691751360893472e-01
2.968769311904907449e-01
2.968951329588890298e-01
2.967978090047836415e-01
2.965917661786079407e-01
2.968230530619621055e-01
2.965847834944724815e-01
2.966787382960319741e-01
2.964962467551231495e-01
2.964118897914886364e-01
2.965633779764175193e-01
2.965248391032219155e-01
2.963194154202938302e-01
2.964306309819221275e-01
2.966185450553894265e-01
2.963169172406196483e-01
2.963163018226623313e-01
2.960514202713966370e-01
2.960895717144012562e-01
2.960561543703079113e-01
2.960857510566711204e-01
2.963244184851646645e-01
2.960531339049339294e-01
2.961192220449447854e-01
2.959173083305358665e-01
2.959538713097572549e-01
2.959739908576011769e-01
2.958495169878005981e-01
2.958611249923706055e-01
2.957971602678298728e-01
2.957908213138580322e-01
2.957821443676948436e-01
2.958543926477432140e-01
2.958812072873115429e-01
2.957707226276397594e-01
2.957939207553863525e-01
2.956192210316658242e-01
2.958183601498604043e-01
2.954511642456054688e-01
2.957134932279587014e-01
2.955864503979682700e-01
2.955808743834495433e-01
2.954427957534789817e-01
2.954632550477981345e-01
2.955357015132903942e-01
2.953460007905960305e-01
2.954968482255935780e-01
2.953393936157226451e-01
2.953164935111999290e-01
2.954021409153938516e-01
2.952555581927299722e-01
2.952198922634124978e-01
2.953469663858413474e-01
2.952488303184509499e-01
2.952722623944282754e-01
2.950985670089721902e-01
2.951815351843833923e-01
2.952003762125968711e-01
2.950498595833778159e-01
2.950300857424735801e-01
2.950171425938606373e-01
2.950881585478782876e-01
2.949512422084808461e-01
2.950046151876449807e-01
2.950663924217223899e-01
2.948858618736266979e-01
2.950167387723922618e-01
2.948261648416519165e-01
2.949031293392181396e-01
2.947698339819908031e-01
2.947846814990043862e-01
2.947794139385223611e-01
2.947725594043731911e-01
2.949176549911499134e-01
2.948542878031730763e-01
2.946124196052551381e-01
2.948501572012901528e-01
2.948085814714431763e-01
2.946997478604316822e-01
2.947900399565696605e-01
2.944207221269607433e-01
2.943749681115150341e-01
2.943701654672622459e-01
2.943133458495140187e-01
2.941941156983375327e-01
2.942721992731094360e-01
2.943963266909122578e-01
2.943283393979072571e-01
2.943022698163986206e-01
2.944094575941562653e-01
2.942656144499778970e-01
2.942800089716911538e-01
2.943064227700233348e-01
2.942313790321350320e-01
2.942233175039291604e-01
2.940497517585754506e-01
2.942435845732688793e-01
2.941145673394203186e-01
2.940711662173270957e-01
2.940119698643684498e-01
2.940883308649063221e-01
2.940960749983787537e-01
2.938836485147476307e-01
2.939840018749236839e-01
2.939189583063125388e-01
2.938482180237770303e-01
2.938691228628158569e-01
2.939391896128654702e-01
2.940070271492004617e-01
2.939127475023269875e-01
2.937713012099266163e-01
2.938288450241088867e-01
2.939296633005142323e-01
2.937986627221107483e-01
2.937466114759444968e-01
2.937097981572150962e-01
2.937136694788932689e-01
2.936876744031906017e-01
2.936703622341155784e-01
2.936391815543174522e-01
2.937292218208312766e-01
2.936374500393867382e-01
2.936456978321075328e-01
2.936886027455329895e-01
2.936681717634200828e-01
2.935952007770538108e-01
2.936060562729835288e-01
2.935616075992584229e-01
2.936377093195915444e-01
2.936784237623214500e-01
2.936665952205658181e-01
2.935301095247268566e-01
2.936230361461639182e-01
2.934980273246765026e-01
2.934848688542842643e-01
2.934676051139831765e-01
2.934559553861618153e-01
2.934197083115577809e-01
2.935146659612655751e-01
2.935042038559913524e-01
2.934440344572067372e-01
2.934001639485359081e-01
2.935833662748336681e-01
2.934319049119949452e-01
2.933358386158942954e-01
2.934446886181831249e-01
2.935400009155273438e-01
2.933487072587013245e-01
2.934101894497871399e-01
2.933197855949402078e-01
2.932868853211402782e-01
2.932342439889907837e-01
2.932557120919227489e-01
2.932441487908363231e-01
2.932327419519424327e-01
2.932210959494113700e-01
2.932813838124275208e-01
2.932159692049026711e-01
2.931855037808418496e-01
2.931341677904129028e-01
2.930498495697975159e-01
2.930853173136711010e-01
2.931821972131729015e-01
2.931485906243324058e-01
2.930878072977066151e-01
2.931165620684623718e-01
2.931226685643196217e-01
2.930946692824363820e-01
2.930708751082420349e-01
2.930643424391746743e-01
2.930595561861991660e-01
2.930106222629547119e-01
2.930323235690593942e-01
2.929793089628219827e-01
2.929129943251609913e-01
2.929637849330902211e-01
2.929573655128479004e-01
2.928905799984932168e-01
2.929155394434929116e-01
2.929397195577621571e-01
2.929049313068389782e-01
2.928936496376991494e-01
2.929628193378448486e-01
2.929001003503799438e-01
2.928202927112579235e-01
2.928067967295646667e-01
2.928191050887107849e-01
2.928737401962280273e-01
2.928053289651870728e-01
2.927907750010490529e-01
2.927744463086128235e-01
2.927524149417877197e-01
2.927211284637450950e-01
2.926605731248855813e-01
2.927628844976425393e-01
2.926926031708717568e-01
2.927407503128051647e-01
2.925862148404121399e-01
2.927975013852119335e-01
2.925900667905807495e-01
2.926617518067359813e-01
2.925117582082748524e-01
2.925743907690048218e-01
2.925267830491066201e-01
2.925140857696533203e-01
2.924075543880462758e-01
2.925768584012985452e-01
2.924978926777839772e-01
2.924120888113975747e-01
2.924066111445426941e-01
2.924363464117050171e-01
2.923857182264327781e-01
2.924265295267104992e-01
2.923777431249618419e-01
2.923766583204269187e-01
2.923066720366477855e-01
2.924062341451644786e-01
2.922979339957237355e-01
2.922675952315330616e-01
2.923882827162742615e-01
2.923296213150024525e-01
2.922944113612174766e-01
2.923018336296081543e-01
2.922586560249328391e-01
2.922751039266586193e-01
2.922755628824234009e-01
2.922626316547393688e-01
2.922665700316429138e-01
2.922256976366043313e-01
2.922179669141769520e-01
2.922630250453949197e-01
2.922695651650428772e-01
2.922541320323944203e-01
2.922016337513923534e-01
2.921892151236534230e-01
2.921967521309852822e-01
2.922021701931953319e-01
2.921602323651313893e-01
2.922005653381347656e-01
2.921869538724422566e-01
2.922120496630668529e-01
2.921685509383678547e-01
2.921385124325752147e-01
2.921169042587280495e-01
2.921244427561759949e-01
2.921118721365928428e-01
2.921310797333717124e-01
2.921233177185058594e-01
2.920833289623260276e-01
2.921052291989326699e-01
2.921223938465118408e-01
2.920999124646186940e-01
2.920681387186050415e-01
2.920637041330337302e-01
2.920685037970542908e-01
2.920780465006828086e-01
2.920776680111885071e-01
2.920179739594459534e-01
2.920393608510494232e-01
2.919927209615707508e-01
2.920236490666866525e-01
2.920045956969261058e-01
2.920071318745612876e-01
2.920159980654716270e-01
2.919685900211334006e-01
2.920133754611015098e-01
2.919989973306655884e-01
2.919544726610183716e-01
2.919606953859329446e-01
2.919999390840530284e-01
2.919505029916763528e-01
2.919380500912666099e-01
2.919048562645912281e-01
2.919416487216949241e-01
2.918970093131065258e-01
2.918753072619438282e-01
2.918914616107940452e-01
2.918579548597335926e-01
2.918654099106788857e-01
2.917948767542838939e-01
2.918429970741271973e-01
2.918262183666229248e-01
2.918531045317649952e-01
2.918440446257591359e-01
2.918785773217678070e-01
2.918314114212989807e-01
2.917858317494392284e-01
2.917877882719039917e-01
2.917927220463752969e-01
2.918243393301963584e-01
2.918054699897766335e-01
2.917752206325531228e-01
2.917263671755790932e-01
2.917296603322029336e-01
2.917280703783035056e-01
2.917126774787902610e-01
2.916963458061218040e-01
2.916849225759506337e-01
2.916712716221809276e-01
2.917034499347209708e-01
2.917009890079498291e-01
2.917018517851829307e-01
2.916560709476471169e-01
2.916872695088386647e-01
2.916228964924812428e-01
2.916486799716949685e-01
2.916008681058883667e-01
2.916175141930580361e-01
2.915695741772651450e-01
2.916288733482360618e-01
2.915927991271018982e-01
2.915693059563636558e-01
2.915650680661201477e-01
2.915509328246116416e-01
2.915262952446937561e-01
2.915378183126449696e-01
2.915279135107994302e-01
2.915175423026085122e-01
2.915196076035499462e-01
2.915056928992271201e-01
2.915241405367851035e-01
2.915278568863868824e-01
2.915120139718055947e-01
2.914934307336807251e-01
2.914839744567870872e-01
2.914854422211646812e-01
2.914949581027030945e-01
2.914956405758857838e-01
2.914814397692680470e-01
2.914794415235519298e-01
2.914564013481140137e-01
2.914466708898544312e-01
2.914627067744731681e-01
2.914597138762474171e-01
2.914485186338424683e-01
2.914469406008720620e-01
2.914399251341819874e-01
2.914327874779701344e-01
2.914480954408645852e-01
2.914374589920044056e-01
2.914216309785843118e-01
2.914353042840957531e-01
2.914241552352905273e-01
2.914114475250244030e-01
2.914062306284904702e-01
2.913982734084129556e-01
2.914006948471069558e-01
2.913841724395752064e-01
2.913766518235206826e-01
2.913795188069343567e-01
2.913814783096313477e-01
2.913708850741386636e-01
2.913656041026115306e-01
2.913697883486747742e-01
2.913616091012954934e-01
2.913658551871776692e-01
2.913521647453308216e-01
2.913408204913139343e-01
2.913426950573921315e-01
2.913349792361259460e-01
2.913156241178512795e-01
2.913110628724098206e-01
2.913217455148696677e-01
2.913142263889312855e-01
2.913094520568847434e-01
2.913189679384231567e-01
2.913187399506568798e-01
2.912940889596938865e-01
2.912585988640785106e-01
2.912665471434593423e-01
2.912915140390396340e-01
2.912861429154872672e-01
2.912854298949241749e-01
2.912711575627326965e-01
2.912573769688606151e-01
2.912543937563896179e-01
2.912370756268501393e-01
2.912395775318145641e-01
2.912277683615684398e-01
2.912171155214309803e-01
2.912341192364692466e-01
2.912416160106658936e-01
2.912429451942443737e-01
2.911960870027542336e-01
2.912015929818153603e-01
2.911924764513969532e-01
2.912007987499237172e-01
2.912197232246399037e-01
2.911868080496787803e-01
2.911755666136741638e-01
2.911649972200393566e-01
2.911686405539512523e-01
2.911577150225639343e-01
2.911732271313667297e-01
2.911503359675407521e-01
2.911530300974846108e-01
2.911473274230956809e-01
2.911435708403587452e-01
2.911409899592399819e-01
2.911372363567352184e-01
2.911293163895606884e-01
2.911289110779762268e-01
2.911311849951744302e-01
2.911248937249183433e-01
2.910833895206451638e-01
2.910727158188819996e-01
2.910855136811733024e-01
2.911116227507591359e-01
2.910932272672653309e-01
2.910666152834892051e-01
2.910740673542022705e-01
2.910501733422279358e-01
2.910575687885284535e-01
2.910432711243629567e-01
2.910411551594734303e-01
2.910343840718269126e-01
2.910283267498016135e-01
2.910219646990299114e-01
2.910175785422325356e-01
2.910232111811638100e-01
2.910140998661517875e-01
2.910210803151130898e-01
2.910192430019378773e-01
2.910067364573478699e-01
2.910081833600998147e-01
2.910212054848670959e-01
2.910059385001659282e-01
2.909902065992355236e-01
2.910024821758270264e-01
2.910070091485977284e-01
2.909921362996101268e-01
2.909848570823669323e-01
2.909858606755733601e-01
2.909697696566581615e-01
2.909693405032157676e-01
2.909701392054557800e-01
2.909664213657379150e-01
2.909669578075408936e-01
2.909541949629783630e-01
2.909613788127899392e-01
2.909660056233406289e-01
2.909676685929298290e-01
2.909620314836501853e-01
2.909504935145378335e-01
2.909471511840820424e-01
2.909484848380088917e-01
2.909397527575492970e-01
2.909327581524848716e-01
2.909327328205108532e-01
2.909325852990150563e-01
2.909249484539032093e-01
2.909355640411376842e-01
2.909398607909679524e-01
2.909255757927894370e-01
2.909162461757660023e-01
2.909162715077400208e-01
2.909191355109214672e-01
2.909074172377586476e-01
2.909042567014694103e-01
2.908996626734733359e-01
2.908947706222534402e-01
2.908995211124419944e-01
2.908965766429901234e-01
2.908983714878559113e-01
2.908928766846656799e-01
2.908890739083290211e-01
2.908864125609397777e-01
2.908799842000007740e-01
2.908754229545593151e-01
2.908723324537277333e-01
2.908773273229598999e-01
2.908743932843208535e-01
2.908722862601280101e-01
2.908565461635589378e-01
2.908487543463706970e-01
2.908553630113601685e-01
2.908474236726760753e-01
2.908513978123664634e-01
2.908454507589340321e-01
2.908491760492324940e-01
2.908507660031318665e-01
2.908536806702614053e-01
2.908399298787117115e-01
2.908393904566765054e-01
2.908426120877266041e-01
2.908300817012786643e-01
2.908227667212486267e-01
2.908148616552352905e-01
2.908050298690795787e-01
2.908037424087524525e-01
2.908122688531875610e-01
2.908048331737518311e-01
2.908129468560218811e-01
2.908096179366111977e-01
2.907917380332946666e-01
2.907867580652236938e-01
2.907937839627265930e-01
2.907986223697662242e-01
2.907972604036331288e-01
2.907954692840576394e-01
2.907765775918960682e-01
2.907645896077156178e-01
2.907594963908195496e-01
2.907743528485298157e-01
2.907712876796722523e-01
2.907745242118835449e-01
2.907613500952720420e-01
2.907506734132766502e-01
2.907570958137511985e-01
2.907479017972945945e-01
2.907459884881973267e-01
2.907334044575691223e-01
2.907262623310089000e-01
2.907268375158310048e-01
2.907189950346946716e-01
2.907167404890060314e-01
2.907187893986701854e-01
2.907156944274902344e-01
2.907138213515281788e-01
2.907132640480994956e-01
2.907134503126144187e-01
2.907126888632774464e-01
2.907090127468109353e-01
2.907036647200584301e-01
2.907041139900684579e-01
2.907016426324844360e-01
2.907035812735557778e-01
2.907011464238166698e-01
2.906942456960678323e-01
2.906969740986823925e-01
2.906971380114555248e-01
2.906910851597785950e-01
2.906852990388870128e-01
2.906809382140636555e-01
2.906814694404601940e-01
2.906878009438514932e-01
2.906885087490082009e-01
2.906858131289482006e-01
2.906803771853446738e-01
2.906800255179405323e-01
2.906736835837364086e-01
2.906690701842308266e-01
2.906629398465156444e-01
2.906683772802353127e-01
2.906734630465507285e-01
2.906680323183536419e-01
2.906729057431221008e-01
2.906683355569839589e-01
2.906652987003326416e-01
2.906625360250473245e-01
2.906578809022903331e-01
2.906595066189766041e-01
2.906581878662109486e-01
2.906609565019607766e-01
2.906636521220207214e-01
2.906632527709007152e-01
2.906565472483634838e-01
2.906525015830993541e-01
2.906488746404647938e-01
2.906512036919594033e-01
2.906492903828620800e-01
2.906480625271797291e-01
2.906385540962219127e-01
2.906395018100738636e-01
2.906440883874893411e-01
2.906394079327583313e-01
2.906343534588813893e-01
2.906333521008491738e-01
2.906283207237720378e-01
2.906281337141990440e-01
2.906285554170608409e-01
2.906265087425708993e-01
2.906256675720214622e-01
2.906269252300262562e-01
2.906248420476913452e-01
2.906122371554374917e-01
2.906151026487350242e-01
2.906210631132125632e-01
2.906215086579322926e-01
2.906186595559120400e-01
2.906090036034584267e-01
2.906028322875499614e-01
2.906048789620399586e-01
2.906100310385227314e-01
2.906007423996925243e-01
2.906056404113769309e-01
2.905987635254859702e-01
2.905905619263648987e-01
2.905945047736168130e-01
2.905963771045207977e-01
2.905906155705452187e-01
2.905892074108124001e-01
2.905960500240326039e-01
2.905848518013954274e-01
2.905832991003990395e-01
2.905773937702179066e-01
2.905758261680603249e-01
2.905727371573448292e-01
2.905726954340934753e-01
2.905775502324104420e-01
2.905751362442970387e-01
2.905695229768753274e-01
2.905690565705299488e-01
2.905684351921081765e-01
2.905714258551597706e-01
2.905630081892013328e-01
2.905663453042507394e-01
2.905645474791526683e-01
2.905582912266254647e-01
2.905575960874557384e-01
2.905569069087505230e-01
2.905587822198867909e-01
2.905526086688041687e-01
2.905472874641418235e-01
2.905501127243041992e-01
