1.049356508255004927e+00
1.002813047170639127e+00
9.961937546730041948e-01
9.679164350032806174e-01
9.863003671169281450e-01
9.522664546966552734e-01
9.588490664958954079e-01
9.874966502189636008e-01
9.838655114173888716e-01
9.579008102416992632e-01
9.263718843460082564e-01
9.213720977306365523e-01
9.204210698604583518e-01
9.096628129482269287e-01
9.712114274501800759e-01
9.827419579029083030e-01
9.976716220378876177e-01
9.221923887729644997e-01
9.091831088066101296e-01
9.081633508205413374e-01
9.183422625064849854e-01
8.995133697986602561e-01
9.110993921756744829e-01
8.937676489353180154e-01
8.988198697566985862e-01
8.831647336483001709e-01
8.674127459526062012e-01
8.897129893302917480e-01
9.049213290214538352e-01
8.946779608726501687e-01
8.550333738327026145e-01
8.426458597183227317e-01
8.493043243885040061e-01
8.759525537490844282e-01
8.275478124618530495e-01
8.156216979026794656e-01
8.158963918685913086e-01
8.467911601066588911e-01
7.972888946533203125e-01
7.858459889888763650e-01
7.924383103847503218e-01
7.911401689052581787e-01
8.211822509765625000e-01
7.736440956592559592e-01
7.848835766315460649e-01
8.190061330795288530e-01
7.828319132328033225e-01
8.112275481224060503e-01
8.504390716552734375e-01
7.959957182407378928e-01
7.900152504444122314e-01
7.794918954372406228e-01
7.779099881649017556e-01
7.585150361061095969e-01
7.445027351379394087e-01
7.500005304813385232e-01
7.719739794731139693e-01
7.412833690643310103e-01
7.277339577674866167e-01
8.038259565830230269e-01
8.299043953418732134e-01
7.580474734306335005e-01
7.335917592048645242e-01
7.422862112522125022e-01
7.411674857139587402e-01
7.825604140758514182e-01
7.976114869117736372e-01
7.983687162399292214e-01
7.427414953708648682e-01
7.448807299137115701e-01
7.594715416431426780e-01
7.412181258201598899e-01
7.200609683990478738e-01
7.133719563484192117e-01
7.155997753143310547e-01
7.648464739322662354e-01
7.562715649604797585e-01
7.295408606529235618e-01
7.334993183612823486e-01
7.058393597602844460e-01
7.002901911735535112e-01
7.085567474365234153e-01
7.134313881397247314e-01
7.078139483928680420e-01
7.170381426811218706e-01
7.386137366294860396e-01
7.243810415267943892e-01
7.527928948402404785e-01
8.431236445903778076e-01
7.683690369129181352e-01
7.459827780723571333e-01
7.731499969959259033e-01
7.070617556571960893e-01
6.915887951850890891e-01
7.032717823982238547e-01
7.035114705562591775e-01
7.060949444770813210e-01
7.272990465164184126e-01
7.196472764015198198e-01
7.441408872604370339e-01
7.120307266712189165e-01
6.919138908386230913e-01
6.869376182556152788e-01
7.036463558673858865e-01
6.966361463069915549e-01
7.266065299510955366e-01
7.302569210529327171e-01
7.062127172946930376e-01
7.142640888690948708e-01
7.396756887435913530e-01
6.998980224132538286e-01
6.793806493282318337e-01
6.785507917404174361e-01
6.724734961986541526e-01
6.850229084491730180e-01
7.080264329910278542e-01
6.967167735099792925e-01
6.703347682952880415e-01
6.682273805141448753e-01
6.643252730369567649e-01
6.977121412754059282e-01
7.255798757076263872e-01
6.923325657844543457e-01
6.882265448570251687e-01
6.769163489341736284e-01
6.675564050674438477e-01
6.797518730163574219e-01
6.969965755939483421e-01
6.981632709503173828e-01
7.570010602474213091e-01
7.224325656890868697e-01
7.173343956470489280e-01
6.807406485080719216e-01
6.773543953895568848e-01
6.784059524536132368e-01
6.626866102218628152e-01
6.668217480182647705e-01
6.594246506690979448e-01
6.739805519580841509e-01
6.600590765476226363e-01
6.560072124004363570e-01
6.561910033226012740e-01
6.536558389663695845e-01
6.737625062465667503e-01
6.665072619915008989e-01
6.802931249141692671e-01
6.662825942039489746e-01
6.610493242740631548e-01
6.526506751775741355e-01
6.598939180374145952e-01
6.626822233200073686e-01
6.559305071830749956e-01
6.541220486164093240e-01
6.586931198835372925e-01
6.502239346504211648e-01
6.625575065612793191e-01
6.833347916603088601e-01
6.566284239292144997e-01
6.621288537979126421e-01
6.613799989223480003e-01
6.677068114280700906e-01
6.509731590747833696e-01
6.483084112405776978e-01
6.560264527797698975e-01
6.663885295391083208e-01
6.976883292198181596e-01
6.621318697929382546e-01
6.578256249427795188e-01
6.549630165100097656e-01
6.720286011695861816e-01
7.178650319576262984e-01
6.812170326709747759e-01
6.948841273784637229e-01
7.125733613967895064e-01
6.639313876628876177e-01
6.502782940864563210e-01
6.461487829685210738e-01
6.480227470397948997e-01
6.403181135654449907e-01
6.402133524417876753e-01
6.373172342777252419e-01
6.351474404335022417e-01
6.357955455780028853e-01
6.499181032180786355e-01
6.458726286888122337e-01
6.515674293041229248e-01
6.547246277332305908e-01
6.387757778167724165e-01
6.532555401325226274e-01
6.503477036952972634e-01
6.499208450317383035e-01
6.534677326679230180e-01
7.461401820182800293e-01
7.529728412628173828e-01
7.513595998287201372e-01
6.834024548530578391e-01
6.535007536411285844e-01
6.656139075756073442e-01
6.389454722404479536e-01
6.345934808254242165e-01
6.327189683914185014e-01
6.327361226081847922e-01
6.391742706298828569e-01
6.619854927062988059e-01
6.876367688179015891e-01
6.748758435249329057e-01
6.512483298778534158e-01
6.377289533615112527e-01
6.414658367633819802e-01
6.538007736206055132e-01
6.789847254753113015e-01
6.533818483352661355e-01
6.567607462406158669e-01
6.571328163146972212e-01
6.578593909740447776e-01
6.663004755973815918e-01
6.452535927295685036e-01
6.607882142066955344e-01
6.529303073883057085e-01
6.636743247509002686e-01
6.664688885211944580e-01
6.426862180233001709e-01
6.454622864723205122e-01
6.393456637859344927e-01
6.314558982849121094e-01
6.365372538566589355e-01
6.284475743770598921e-01
6.308989763259887917e-01
6.270926892757415771e-01
6.345118582248687744e-01
6.366760730743408203e-01
6.351582288742065874e-01
6.328366577625275102e-01
6.265124499797820601e-01
6.301307916641235574e-01
6.370680332183837891e-01
6.265957415103912131e-01
6.323900640010833296e-01
6.307743281126022561e-01
6.348020493984222190e-01
6.386306107044219527e-01
6.539232850074767622e-01
6.398074686527251975e-01
6.384046673774719238e-01
6.316446334123611006e-01
6.257455706596374290e-01
6.437419474124908003e-01
6.360639572143554910e-01
6.353850603103637917e-01
6.276789724826812300e-01
6.291465401649475320e-01
6.312426507472992387e-01
6.392044603824615923e-01
6.542894244194030762e-01
6.822865247726440652e-01
6.498154222965240034e-01
6.500967144966125488e-01
6.415909051895141157e-01
6.323390007019042969e-01
6.278642654418945535e-01
6.406580626964568648e-01
6.301785230636596236e-01
6.318359136581420676e-01
6.402236998081207719e-01
6.236665248870849609e-01
6.194625258445739524e-01
6.212574630975723489e-01
6.210638642311095969e-01
6.181816577911376509e-01
6.254780948162078635e-01
6.276592552661895974e-01
6.344277918338775413e-01
6.184253036975860818e-01
6.184093773365020308e-01
6.188660383224486861e-01
6.165696859359741655e-01
6.239944636821747048e-01
6.435845017433166060e-01
6.412839770317078081e-01
6.659426331520080788e-01
6.412208497524261031e-01
6.218918919563293235e-01
6.199812769889831987e-01
6.259293198585510476e-01
6.268045723438262495e-01
6.409294903278350830e-01
6.369189143180846724e-01
6.274558842182159646e-01
6.224854409694671187e-01
6.190388858318328635e-01
6.164352595806121826e-01
6.150789141654968706e-01
6.305089056491851585e-01
6.163537353277206421e-01
6.365270435810088667e-01
6.311819255352020264e-01
6.215652525424957275e-01
6.227086663246155229e-01
6.152246534824371560e-01
6.142379581928253396e-01
6.144592702388763650e-01
6.169484794139862283e-01
6.271929740905761719e-01
6.316661953926085982e-01
6.151652991771697776e-01
6.134619474411010520e-01
6.220630526542663130e-01
6.430989325046538863e-01
6.190791308879852739e-01
6.146534919738769753e-01
6.113871395587920921e-01
6.128032743930816872e-01
6.124068737030029519e-01
6.239385664463042991e-01
6.307714015245438066e-01
6.474317908287048340e-01
6.600254237651824729e-01
6.458365023136138916e-01
6.250724971294403520e-01
6.143910467624664751e-01
6.199738740921020286e-01
6.194203257560729758e-01
6.293938398361206277e-01
6.347307801246643288e-01
6.191300868988036665e-01
6.131136476993560569e-01
6.124697566032409890e-01
6.101973176002501997e-01
6.134182393550873247e-01
6.171270966529845969e-01
6.307736814022064653e-01
6.330148339271545188e-01
6.256909251213074175e-01
6.305970430374145952e-01
6.200214445590972456e-01
6.179099619388580544e-01
6.149761795997619185e-01
6.156660139560699019e-01
6.094835162162780540e-01
6.083707123994827048e-01
6.125713050365447776e-01
6.122974872589110884e-01
6.149199783802032915e-01
6.203890860080718550e-01
6.150525808334350586e-01
6.070751070976256880e-01
6.099391967058181985e-01
6.071684241294861284e-01
6.074980139732361062e-01
6.066103607416153398e-01
6.090830206871032937e-01
6.128368854522705522e-01
6.082002699375153032e-01
6.051650702953338401e-01
6.058591365814208762e-01
6.107461035251617876e-01
6.055114924907684104e-01
6.083602130413054976e-01
6.225433945655822754e-01
6.234697163105010764e-01
6.155686736106872337e-01
6.445841670036316362e-01
6.376918137073517290e-01
6.164922714233398438e-01
6.054916650056838545e-01
6.119803607463836226e-01
6.214483082294464111e-01
6.188691139221191850e-01
6.261218428611755593e-01
6.151037096977234331e-01
6.335964381694794145e-01
6.176245868206023948e-01
6.136621773242950661e-01
6.193454682826995406e-01
6.439556777477264404e-01
6.257532835006713867e-01
6.247838973999023660e-01
6.043584734201431496e-01
6.037414014339447244e-01
6.037146747112274170e-01
6.077769577503204790e-01
6.019839018583297285e-01
6.018344551324844582e-01
6.016300380229949729e-01
6.013238966464996560e-01
6.010322272777557373e-01
6.009741306304932085e-01
6.009218335151672585e-01
6.009910106658935547e-01
6.076378822326660156e-01
6.065806567668914351e-01
6.014494061470031516e-01
6.045450031757354514e-01
6.001438736915588601e-01
5.996625065803528054e-01
5.994076073169708474e-01
5.993326425552367720e-01
5.991176724433898704e-01
6.071349740028381126e-01
6.095975399017333762e-01
6.037627160549163818e-01
6.028602153062820879e-01
6.010956943035126177e-01
5.998756110668181929e-01
5.997472882270813432e-01
6.013435781002044456e-01
6.008548915386200395e-01
5.997954607009887695e-01
6.025424242019653542e-01
6.016588687896728960e-01
5.984541565179825051e-01
6.005549132823944092e-01
5.997389197349548562e-01
5.974790722131728682e-01
5.985721319913863692e-01
5.973444014787674394e-01
5.973960012197494507e-01
5.974220871925354226e-01
5.976555943489074707e-01
5.977250933647155762e-01
5.994328320026397483e-01
6.006976187229156050e-01
6.028327941894531250e-01
6.067386448383331743e-01
5.998420238494872603e-01
5.985233604907989058e-01
5.959714800119400024e-01
5.958987027406692505e-01
5.968635916709900124e-01
5.985618948936461958e-01
5.997127145528793335e-01
6.018194437026977983e-01
5.983281046152114646e-01
5.970619052648544756e-01
5.985458195209503174e-01
6.026061862707138284e-01
6.028940111398697344e-01
5.973267257213592529e-01
5.972635626792908159e-01
5.959856152534485085e-01
5.947403669357299583e-01
5.951795905828476396e-01
6.003602862358092818e-01
5.968710154294967207e-01
5.967310786247252974e-01
5.978081405162811723e-01
6.032169520854949729e-01
5.957349002361297385e-01
5.951815843582153320e-01
5.975425899028777854e-01
6.037331879138946311e-01
5.995359152555466142e-01
5.939324617385863814e-01
5.938472986221313699e-01
5.949746549129486528e-01
5.942286670207976851e-01
5.940168648958206177e-01
5.933245122432708740e-01
5.931908249855041282e-01
5.965852439403533936e-01
6.077619433403015359e-01
6.156000673770904985e-01
6.099318444728851762e-01
6.040445923805236594e-01
6.164168119430541992e-01
6.000169277191161887e-01
5.969148337841033714e-01
6.040793120861053245e-01
5.947650253772736040e-01
5.933093845844268355e-01
5.954850852489471658e-01
5.980266481637954712e-01
5.995517253875732866e-01
5.976771771907806174e-01
5.984111279249191284e-01
5.958341240882873979e-01
5.933223813772201538e-01
5.942069530487060769e-01
5.944878101348877175e-01
5.925005823373794556e-01
5.935608565807342085e-01
5.966394424438477007e-01
5.933240056037902832e-01
5.958999574184418169e-01
5.961421310901642290e-01
6.018669724464416060e-01
5.976413667201996294e-01
5.911921262741088867e-01
5.911386132240294966e-01
5.910170078277587891e-01
5.918279200792312400e-01
5.937991201877593772e-01
5.906242966651916726e-01
5.907683551311493364e-01
5.901630491018294844e-01
5.898303806781768355e-01
5.898233652114868164e-01
5.899191439151764138e-01
5.900929152965546098e-01
5.931595087051391157e-01
5.911680608987808228e-01
5.901547312736511453e-01
5.919256031513213667e-01
5.916202157735824807e-01
5.895939558744430764e-01
5.895951658487319502e-01
5.891145765781402588e-01
5.890035808086395708e-01
5.890154361724853072e-01
5.890749335289001687e-01
5.891302227973937988e-01
5.894476652145386186e-01
5.895503550767898782e-01
5.895125299692154375e-01
5.896479964256287065e-01
5.897727966308593528e-01
5.905434012413024458e-01
5.919771671295166460e-01
5.892893135547637717e-01
5.885852307081222978e-01
5.883797585964203325e-01
5.883061289787292480e-01
5.882894724607468095e-01
5.882237106561660767e-01
5.883020848035812600e-01
5.887329339981078880e-01
5.899495601654052290e-01
5.899018406867980735e-01
5.893049567937851396e-01
5.894994348287582175e-01
5.927378952503203902e-01
5.941443651914596336e-01
5.905031442642212358e-01
5.890435814857483132e-01
5.900850504636764304e-01
5.915207952260971291e-01
5.909114360809326616e-01
5.879858076572418435e-01
5.879049152135848999e-01
5.880036294460296853e-01
5.879708915948868020e-01
5.874878346920013872e-01
5.878308653831482156e-01
5.878892481327057107e-01
5.879087328910828081e-01
5.875033795833587424e-01
5.874584615230560303e-01
5.872488111257553323e-01
5.869428634643554243e-01
5.868865698575973511e-01
5.872489899396896584e-01
5.872093677520752175e-01
5.879529416561126709e-01
5.890855014324187788e-01
5.872263371944427268e-01
5.868210017681121382e-01
5.864573687314986739e-01
5.864103525876999123e-01
5.863556474447250144e-01
5.862848907709121704e-01
5.862428665161132368e-01
5.861926496028899702e-01
5.861061334609984907e-01
5.860714912414550781e-01
5.860029280185699019e-01
5.859682321548461692e-01
5.859117537736893144e-01
5.858640909194946511e-01
5.858358621597290483e-01
5.858065783977508545e-01
5.860397636890410933e-01
5.858921557664871216e-01
5.856318980455398338e-01
5.857682585716247337e-01
5.856074064970016035e-01
5.855163276195526345e-01
5.857628941535949485e-01
5.858303755521774292e-01
5.863443911075592041e-01
5.881735205650329146e-01
5.900460004806518111e-01
5.890884757041930930e-01
5.899752199649810347e-01
5.898527771234511885e-01
5.879931300878524780e-01
5.876960515975951926e-01
5.879923641681671365e-01
5.856082916259766069e-01
5.860345602035522683e-01
5.868308722972870317e-01
5.873746484518050925e-01
5.870420098304748313e-01
5.851468563079833540e-01
5.846527993679047075e-01
5.846551835536957231e-01
5.850100308656692727e-01
5.865403741598129717e-01
5.849710285663605180e-01
5.857377111911773460e-01
5.874567151069640669e-01
5.900830119848251565e-01
5.863118678331374900e-01
5.851284265518188477e-01
5.870994627475738525e-01
5.857269883155822310e-01
5.863033711910248247e-01
5.854578912258148193e-01
5.841558784246444480e-01
5.841318249702454057e-01
5.839338898658752441e-01
5.838097631931304932e-01
5.837434649467467818e-01
5.837364584207535012e-01
5.836924433708190474e-01
5.836902648210525735e-01
5.836673974990844727e-01
5.836164176464080366e-01
5.836024373769760354e-01
5.835832536220550981e-01
5.835404515266418013e-01
5.835274010896682739e-01
5.835059016942978349e-01
5.835444688796996848e-01
5.834761768579482810e-01
5.835467129945755005e-01
5.836729645729065163e-01
5.839686334133148415e-01
5.836759328842162642e-01
5.833048522472381592e-01
5.832405060529708418e-01
5.832065880298614724e-01
5.831836551427841409e-01
5.831572175025939719e-01
5.831129401922225952e-01
5.830757230520248191e-01
5.830502241849899736e-01
5.830200463533401489e-01
5.829799890518188032e-01
5.829654574394226296e-01
5.829472839832305908e-01
5.829266846179962380e-01
5.829470336437225786e-01
5.829002499580383523e-01
5.828470438718795776e-01
5.828982710838317427e-01
5.828358829021453857e-01
5.828267633914947510e-01
5.827874422073364702e-01
5.829312086105347124e-01
5.832993716001511064e-01
5.830990374088287354e-01
5.827405452728271484e-01
5.826071977615356889e-01
5.827752679586410967e-01
5.826761007308960405e-01
5.826346516609192117e-01
5.827658653259277788e-01
5.829303592443466631e-01
5.833632767200469527e-01
5.827554464340209961e-01
5.836559772491455300e-01
5.830830812454224077e-01
5.834490716457366721e-01
5.824277162551879661e-01
5.824289411306381448e-01
5.826267242431640847e-01
5.823028862476349321e-01
5.821223855018615723e-01
5.821556895971298218e-01
5.821235060691833940e-01
5.819732367992400679e-01
5.819334447383880393e-01
5.819119840860367265e-01
5.818718105554581133e-01
5.818483412265778032e-01
5.818178951740264893e-01
5.817929774522780928e-01
5.817475587129592451e-01
5.817324578762054221e-01
5.816742956638336626e-01
5.816731005907058716e-01
5.816687792539596558e-01
5.816834032535552756e-01
5.819238901138306108e-01
5.822886973619461060e-01
5.825301945209503396e-01
5.844572663307190385e-01
5.824195027351379839e-01
5.822741955518722090e-01
5.837139070034027544e-01
5.821638643741607888e-01
5.815771043300628218e-01
5.820112526416778564e-01
5.823086857795715110e-01
5.820297807455062644e-01
5.813995420932769331e-01
5.814108788967132790e-01
5.812341719865798950e-01
5.811318933963776079e-01
5.811517238616943359e-01
5.810987859964370505e-01
5.810018390417098777e-01
5.809790700674056785e-01
5.809837102890014204e-01
5.809411436319351640e-01
5.809313684701920000e-01
5.809176653623581155e-01
5.809059441089630127e-01
5.808866202831268755e-01
5.808593451976775679e-01
5.808614134788513406e-01
5.808375656604767290e-01
5.808128714561462402e-01
5.807999044656753096e-01
5.807782411575317383e-01
5.807606667280197366e-01
5.807441562414169534e-01
5.807310312986373457e-01
5.807132005691528764e-01
5.806881308555602583e-01
5.806842058897018211e-01
5.806635439395904097e-01
5.806487232446670976e-01
5.806234776973724365e-01
5.806023061275482622e-01
5.805934518575668335e-01
5.805798113346100076e-01
5.805658310651778953e-01
5.805369824171066062e-01
5.805272668600082175e-01
5.805060178041457908e-01
5.805003136396408303e-01
5.804709583520889504e-01
5.804641783237457497e-01
5.804786562919617143e-01
5.804423719644546953e-01
5.804011344909667525e-01
5.803745269775391069e-01
5.803670376539230569e-01
5.803412437438965066e-01
5.803266376256942527e-01
5.803101122379302756e-01
5.802887320518493874e-01
5.802742987871170044e-01
5.802502870559692605e-01
5.802322566509247048e-01
5.802114814519881980e-01
5.802025139331817849e-01
5.801886945962906328e-01
5.801621109247208086e-01
5.801447510719299760e-01
5.801207304000854936e-01
5.801052004098892212e-01
5.800877451896667703e-01
5.800711631774901900e-01
5.800589323043823242e-01
5.800360321998596635e-01
5.800220370292663574e-01
5.799941122531890869e-01
5.799757838249206543e-01
5.799605995416641235e-01
5.799459934234618697e-01
5.799336552619933638e-01
5.798980832099914773e-01
5.798970550298691018e-01
5.798855841159820113e-01
5.799242049455642922e-01
5.799665898084640503e-01
5.798734962940216286e-01
5.798860728740692361e-01
5.798184931278228538e-01
5.797538459300994873e-01
5.797463536262512651e-01
5.797247320413589922e-01
5.797419488430023415e-01
5.797080248594284058e-01
5.796501874923706277e-01
5.796265900135040283e-01
5.796340197324753030e-01
5.795930922031402588e-01
5.795634925365448220e-01
5.795554667711257935e-01
5.795536160469054732e-01
5.795130640268325584e-01
5.794889271259308083e-01
5.794658005237579568e-01
5.794491231441497581e-01
5.794381797313690186e-01
5.794226258993149248e-01
5.793835073709487915e-01
5.793703556060790794e-01
5.793461352586746216e-01
5.793302893638611062e-01
5.793098628520965132e-01
5.792878538370132002e-01
5.792641818523407427e-01
5.792436987161636575e-01
5.792277902364730835e-01
5.792050451040268166e-01
5.791819274425507036e-01
5.791586428880691750e-01
5.791427642107009888e-01
5.791377484798431174e-01
5.791252553462982178e-01
5.791240692138671653e-01
5.791026026010512862e-01
5.791077256202697976e-01
5.790788620710373147e-01
5.790704697370528953e-01
5.790640532970428023e-01
5.790526151657104936e-01
5.790409713983535323e-01
5.790301024913787620e-01
5.790178447961806807e-01
5.790070086717605813e-01
5.790042996406554732e-01
5.789839625358581543e-01
5.789857327938079390e-01
5.789751827716826948e-01
5.789553940296172652e-01
5.789445608854293379e-01
5.789293199777603149e-01
5.789246827363967451e-01
5.789143949747085349e-01
5.788954079151154009e-01
5.788858950138091597e-01
5.788740932941436323e-01
5.788632363080978838e-01
5.788561850786209106e-01
5.788397669792175737e-01
5.788367301225662009e-01
5.788245856761932151e-01
5.788051247596740501e-01
5.787960737943649292e-01
5.787855625152588113e-01
5.787761539220810381e-01
5.787642240524292214e-01
5.787523061037063155e-01
5.787459254264831765e-01
5.787352919578552246e-01
5.787213832139969094e-01
5.787095665931701882e-01
5.786905258893966231e-01
5.786788642406464067e-01
5.786706298589706643e-01
5.786570280790328535e-01
5.786446511745453325e-01
5.786307036876678911e-01
5.786422550678252952e-01
5.786145597696303877e-01
5.785988032817840354e-01
5.785854756832122803e-01
5.785741209983825684e-01
5.785682708024978416e-01
5.785454303026199563e-01
5.785439819097518699e-01
5.785245835781097634e-01
5.785169273614882979e-01
5.785036832094192505e-01
5.784927815198898093e-01
5.784780740737914817e-01
5.784635186195373757e-01
5.784644871950149758e-01
5.784423291683197244e-01
5.784463316202164140e-01
5.784349203109740989e-01
5.784253686666488425e-01
5.783924192190170732e-01
5.783821761608123335e-01
5.783645361661911011e-01
5.783558845520019309e-01
5.783414721488953081e-01
5.783309400081634299e-01
5.783169209957123025e-01
5.782974243164062944e-01
5.782917290925979614e-01
5.782762765884399414e-01
5.782700359821320024e-01
5.782651931047440019e-01
5.782488256692885908e-01
5.782301068305969460e-01
5.782174199819565263e-01
5.782018452882766724e-01
5.781871646642684492e-01
5.781817317008972612e-01
5.781762957572936790e-01
5.781591176986694558e-01
5.781495481729507224e-01
5.781320869922638161e-01
5.781085759401320967e-01
5.781120777130126509e-01
5.780832350254059282e-01
5.780689597129822221e-01
5.780564606189727561e-01
5.780503690242767556e-01
5.780323922634125200e-01
5.780150711536407027e-01
5.780030846595763938e-01
5.779986947774886641e-01
5.779792845249176469e-01
5.779647290706634299e-01
5.779591739177704079e-01
5.779519647359847578e-01
5.779431819915771262e-01
5.779352784156799316e-01
5.779281497001648171e-01
5.779236972332000288e-01
5.779170244932174683e-01
5.779088169336319414e-01
5.779038816690444946e-01
5.778949111700057983e-01
5.778904557228088379e-01
5.778807610273360984e-01
5.778719842433929221e-01
5.778662532567977461e-01
5.778632640838623491e-01
5.778568506240844282e-01
5.778500735759735107e-01
5.778382420539855957e-01
5.778357923030853494e-01
5.778299868106842041e-01
5.778185397386550459e-01
5.778136849403381348e-01
5.778074234724044356e-01
5.777988821268081887e-01
5.777895867824553999e-01
5.777835667133330855e-01
5.777773350477218850e-01
5.777674853801727517e-01
5.777635127305984497e-01
5.777541220188140425e-01
5.777514576911926270e-01
5.777410298585892168e-01
5.777333498001098189e-01
5.777272164821625200e-01
5.777167201042174849e-01
5.777130007743835893e-01
5.777107447385787520e-01
5.776965320110321045e-01
5.776888102293014082e-01
5.776866853237152544e-01
5.776752531528472900e-01
5.776695251464843972e-01
5.776630997657775657e-01
5.776546359062194602e-01
5.776496827602386475e-01
5.776430726051330344e-01
5.776307642459869163e-01
5.776220291852951494e-01
5.776168495416641457e-01
5.776165753602982011e-01
5.776043802499770674e-01
5.775947213172912820e-01
5.775854557752608809e-01
5.775771409273147139e-01
5.775721788406371626e-01
5.775667130947113037e-01
5.775607019662857278e-01
5.775490075349807295e-01
5.775508582592010498e-01
5.775299847126007524e-01
5.775280475616455522e-01
5.775194823741912620e-01
5.775159835815429910e-01
5.775168687105178833e-01
5.774952054023743120e-01
5.774878472089767234e-01
5.774816215038299783e-01
5.774743288755417314e-01
5.774673461914062722e-01
5.774660408496856689e-01
5.774452865123749223e-01
5.774432212114334328e-01
5.774355262517929521e-01
5.774287313222885576e-01
5.774163216352462547e-01
5.774104416370391402e-01
5.774059355258941428e-01
5.773997604846954346e-01
5.773869216442107932e-01
5.773805946111678633e-01
5.773690104484557883e-01
5.773594141006469505e-01
5.773517102003097312e-01
5.773470818996428999e-01
5.773365497589111328e-01
5.773287296295166460e-01
5.773234844207764116e-01
5.773145407438278198e-01
5.773081630468368530e-01
5.773034036159515603e-01
5.772886395454406294e-01
5.772799491882324441e-01
5.772763520479202715e-01
5.772695660591125044e-01
5.772597372531891313e-01
5.772514998912811057e-01
5.772391736507416216e-01
5.772332996129989624e-01
5.772230654954910722e-01
