9.817675352096557617e-01
9.965007901191711426e-01
9.795281887054443359e-01
9.787865877151489258e-01
9.636225303014119836e-01
9.543833136558532715e-01
9.714802106221517297e-01
9.626486102739969519e-01
9.721874396006265906e-01
9.449448188145955774e-01
9.364726146062215539e-01
9.368751446406046179e-01
9.282918771107991907e-01
9.301578601201375696e-01
9.359952410062154504e-01
1.023026625315348381e+00
9.477805296579996375e-01
9.312816858291625977e-01
9.155348539352416992e-01
9.158362150192260742e-01
9.226269324620565149e-01
9.260973930358886719e-01
9.126387635866800574e-01
8.889208237330118445e-01
9.066275556882222864e-01
9.029813011487325403e-01
8.993508418401082727e-01
8.733527660369873047e-01
8.888703385988870886e-01
8.954225381215413782e-01
8.882936835289001465e-01
8.671607176462808875e-01
8.702994187672933313e-01
8.567428986231485633e-01
8.596281806627908972e-01
8.395896355311075476e-01
8.875302871068319055e-01
8.238895734151204797e-01
8.246397574742635461e-01
8.198821942011514929e-01
8.112983306248983117e-01
8.196924328804016113e-01
7.926152149836221961e-01
7.820935448010762903e-01
7.929155429204305383e-01
8.069046735763549805e-01
7.841044465700784949e-01
7.971486449241638184e-01
8.169573744138082239e-01
7.926011085510253906e-01
7.837183475494384766e-01
7.662533720334371301e-01
7.810677289962768555e-01
7.565240263938903809e-01
7.530037164688110352e-01
7.693429787953695032e-01
7.390762567520141602e-01
7.413670221964517859e-01
7.381363511085510254e-01
8.271671732266744348e-01
7.772189180056253699e-01
7.438805301984151575e-01
7.502036889394124719e-01
7.226901054382324219e-01
7.405851284662882117e-01
7.901200850804647180e-01
7.657810250918070105e-01
7.511272629102071496e-01
7.388445734977722168e-01
7.502552469571431848e-01
7.533344427744547156e-01
7.310739556948343543e-01
7.297564347585042688e-01
7.116679151852925989e-01
7.414274017016092566e-01
7.526505986849466590e-01
7.445143461227416992e-01
7.401462594668070105e-01
7.152151465415954590e-01
7.111863493919372559e-01
7.100675702095031738e-01
7.049454450607299805e-01
7.016659577687581750e-01
7.019292314847310754e-01
6.948492527008056641e-01
7.308012445767720910e-01
6.911860704421997070e-01
7.577795187632242468e-01
7.220418453216552734e-01
7.427222728729248047e-01
7.554144064585367468e-01
7.209674517313638953e-01
6.824037631352742883e-01
7.076390782992044715e-01
7.021440466245015832e-01
7.091060876846313477e-01
7.120146354039510461e-01
6.848494807879129675e-01
7.097667654355367395e-01
6.897457043329874304e-01
7.044003009796142578e-01
6.810784339904785156e-01
6.937595208485921594e-01
6.854162017504373816e-01
6.673260728518167761e-01
6.958693663279215125e-01
6.953511039415994910e-01
6.910224755605062219e-01
7.297393282254537317e-01
6.949192285537719727e-01
6.770807703336080285e-01
6.893378098805745813e-01
6.824406584103902551e-01
6.735737522443135950e-01
6.960178216298421594e-01
6.888062159220377234e-01
6.760668357213338586e-01
6.775639255841573450e-01
6.709796984990438196e-01
6.780938704808553430e-01
7.321679989496866492e-01
6.793867150942484168e-01
6.664710640907287598e-01
6.804841359456380578e-01
6.698442697525024414e-01
6.752211848894754675e-01
6.635676622390747070e-01
6.939345399538675574e-01
7.265169421831766394e-01
6.974473396937052039e-01
6.756334900856018066e-01
6.654538710912069055e-01
6.914175748825073242e-01
6.699602603912353516e-01
6.591762900352478027e-01
6.542357603708902625e-01
6.727731227874755859e-01
6.886471708615621301e-01
6.772565245628356934e-01
6.640054186185201379e-01
6.625309785207113000e-01
6.556606690088907508e-01
6.473795175552368164e-01
6.661634445190429688e-01
6.700862248738607141e-01
6.479830543200174597e-01
6.418433984120687219e-01
6.593331495920816687e-01
6.616441011428833008e-01
6.566714048385620117e-01
6.580140391985574988e-01
6.506893237431844446e-01
6.691626906394958496e-01
6.547352075576782227e-01
6.474635402361551550e-01
6.580027739206949500e-01
6.491735974947611121e-01
6.567405660947164270e-01
6.606281797091165808e-01
6.564990878105163574e-01
6.603479782740274695e-01
6.635825037956237793e-01
6.552977363268533972e-01
6.522631843884786340e-01
6.638844013214111328e-01
6.507121324539184570e-01
6.698446671168009070e-01
6.542183359464009973e-01
6.705773870150247840e-01
6.510124603907266883e-01
6.646724740664163855e-01
6.526506741841634485e-01
6.535370349884033203e-01
6.682041883468627930e-01
6.555099487304687500e-01
6.380535761515299109e-01
6.514131625493367883e-01
6.509040395418802527e-01
6.530733307202657434e-01
6.610182722409566614e-01
6.469341516494750977e-01
6.357242067654927942e-01
6.513907710711160925e-01
6.401561697324117395e-01
6.374057133992513391e-01
6.425220767656961707e-01
6.518913904825845984e-01
6.143566270669301721e-01
6.286312937736511230e-01
6.446028947830200195e-01
6.404051780700683594e-01
6.999254226684570312e-01
6.735986868540445593e-01
6.849970817565917969e-01
6.763330698013305664e-01
6.511755188306173059e-01
6.332711974779764441e-01
6.617866555849710730e-01
6.579354206720987586e-01
6.556249459584554407e-01
6.295162041982015344e-01
6.417596141497293738e-01
6.408873399098714563e-01
6.647775769233703613e-01
6.409970720609029504e-01
6.576424439748128625e-01
6.424467364947000769e-01
6.267376144727071496e-01
6.394055684407552453e-01
6.708816091219583777e-01
6.401046514511108398e-01
6.690034667650858191e-01
6.574455300966898230e-01
6.573976675669351843e-01
6.541599631309509277e-01
6.502624948819478723e-01
6.565680503845214844e-01
6.555820703506469727e-01
6.373592416445413855e-01
6.459166606267293664e-01
6.459467808405557898e-01
6.612606644630432129e-01
6.518557866414388391e-01
6.546542644500732422e-01
6.242720087369283410e-01
6.206176479657491418e-01
6.438098351160684851e-01
6.430474917093912390e-01
6.303927898406982422e-01
6.572460532188415527e-01
6.225526730219522742e-01
6.345368027687072754e-01
6.416284044583638879e-01
6.451471249262491492e-01
6.432986656824747351e-01
6.211473544438680383e-01
6.363793611526489258e-01
6.287336746851602820e-01
6.278922955195108679e-01
6.212914586067199707e-01
6.248718102773030969e-01
6.319685180981954309e-01
6.485138932863870886e-01
6.269781986872354773e-01
6.420625249544779090e-01
6.398527423540750769e-01
6.315460602442423133e-01
6.300685207049051550e-01
6.451383431752523157e-01
6.394426623980203894e-01
6.242559353510538367e-01
6.383077303568521765e-01
6.338813702265421179e-01
6.189897259076436731e-01
6.243710319201151160e-01
6.271572113037109375e-01
6.558354298273721961e-01
6.354443232218424109e-01
6.203876535097757605e-01
6.167227824529012414e-01
6.397319634755452844e-01
6.177779038747152063e-01
6.154385209083557129e-01
6.322840054829915735e-01
6.039590736230214807e-01
6.104841430981954309e-01
6.378086805343627930e-01
6.265433231989542273e-01
6.245707273483276367e-01
6.303405960400899621e-01
6.402951081593831750e-01
6.013177633285522461e-01
6.364597678184509277e-01
6.346410314242044715e-01
6.313186685244241980e-01
6.232707699139913293e-01
6.499086221059163782e-01
6.203460295995076867e-01
6.650082071622213098e-01
6.247418920199075965e-01
6.168902516365051270e-01
6.368022759755452844e-01
6.181223591168721887e-01
6.316331227620443078e-01
6.157462199529012414e-01
6.351115902264913293e-01
6.158098975817362097e-01
6.234290599822998047e-01
6.095723311106363562e-01
6.334501107533773157e-01
6.092947721481323242e-01
6.273618936538696289e-01
6.269314885139465332e-01
6.162255803743997840e-01
6.248471140861511230e-01
6.243227720260620117e-01
6.132860978444417688e-01
6.438806454340616492e-01
6.234488288561502722e-01
6.132011214892069129e-01
6.138870318730672571e-01
6.157446503639221191e-01
6.140011747678121301e-01
6.225572824478149414e-01
6.272994875907897949e-01
6.159392595291137695e-01
6.338761250178018836e-01
6.133366028467813758e-01
6.211523811022440222e-01
6.043998797734578821e-01
6.080081462860107422e-01
6.202412843704223633e-01
6.266184051831563684e-01
6.067519585291544226e-01
6.291723847389221191e-01
6.322285532951354980e-01
6.318979064623514441e-01
6.136565804481506348e-01
6.279614965120950965e-01
6.226108074188232422e-01
6.156209111213684082e-01
6.198142369588216516e-01
6.256981094678243371e-01
6.222494641939798621e-01
6.069270372390747070e-01
6.139815449714660645e-01
6.209399104118347168e-01
6.030955910682678223e-01
6.143804589907327918e-01
6.335521936416625977e-01
6.386358539263407019e-01
6.248091856638590125e-01
6.236255168914794922e-01
6.054749091466268274e-01
6.264250874519348145e-01
6.171405911445617676e-01
6.327368617057800293e-01
6.079032818476358679e-01
6.226456363995870325e-01
6.193147699038187293e-01
5.948098500569661828e-01
6.117209394772847864e-01
6.303873360157012939e-01
6.083191037178039551e-01
6.032360792160034180e-01
6.187417308489481238e-01
6.223746538162231445e-01
6.128093202908834192e-01
6.311089793841043738e-01
6.119868755340576172e-01
6.137301127115885047e-01
6.064772605895996094e-01
5.913838545481363562e-01
6.050844391187032434e-01
5.998969276746114465e-01
6.101871132850646973e-01
6.224725246429443359e-01
6.230090459187825891e-01
6.235797405242919922e-01
6.346027255058288574e-01
6.403155326843261719e-01
6.108528772989908484e-01
6.180876890818277625e-01
6.004371047019958496e-01
5.987337629000345496e-01
6.225192944208780554e-01
5.977958639462789270e-01
6.187778313954671594e-01
6.131775379180908203e-01
6.393425861994425086e-01
6.110940972963968543e-01
6.067106326421102258e-01
6.341087420781453821e-01
6.145207782586415979e-01
5.950919985771179199e-01
6.520919005076090125e-01
6.174389322598775598e-01
5.943256417910257605e-01
6.047890981038411828e-01
6.025762359301248816e-01
6.059010624885559082e-01
5.921558638413747522e-01
5.973181525866190222e-01
5.996392369270324707e-01
6.231268445650736121e-01
6.024892727533975867e-01
5.931969285011291504e-01
6.108530958493550989e-01
6.121390859285990027e-01
6.124925414721170691e-01
5.902056892712911340e-01
6.214731931686401367e-01
6.091117858886718750e-01
6.091654499371846887e-01
5.980401635169982910e-01
5.910499493281046179e-01
6.122760375340779992e-01
6.109253962834676477e-01
6.050884326299031946e-01
5.897456010182698938e-01
6.190354824066162109e-01
6.177529096603393555e-01
6.033381024996439246e-01
6.213556925455728797e-01
5.961693326632181433e-01
5.820540487766265869e-01
6.224544445673624304e-01
5.950759450594583777e-01
6.021455526351928711e-01
5.842897991339365271e-01
6.305704315503438684e-01
5.951409339904785156e-01
6.050893863042196008e-01
5.909048418203989295e-01
6.167152921358743933e-01
5.937607089678446082e-01
6.087026198705037805e-01
6.120671629905700684e-01
6.082974274953206750e-01
6.025722622871398926e-01
5.941398541132608679e-01
6.126531561215718957e-01
5.946766734123229980e-01
6.227347850799560547e-01
6.145386695861816406e-01
6.066136956214904785e-01
5.916218757629394531e-01
5.995685656865438196e-01
6.142321626345316199e-01
5.790572265783945349e-01
6.201976935068765906e-01
6.259323358535766602e-01
5.967435240745544434e-01
5.960375467936197547e-01
5.912551879882812500e-01
5.829656322797139856e-01
6.055041352907816199e-01
5.988862315813699988e-01
6.125949422518411902e-01
6.092649300893148157e-01
5.975717504819234582e-01
5.859059492746988562e-01
5.937217076619466516e-01
5.935888489087423059e-01
6.123186151186624793e-01
6.085340380668640137e-01
6.220146814982095984e-01
5.817386011282602576e-01
5.788881679375966760e-01
6.175000866254171106e-01
5.883258779843648645e-01
5.974739193916320801e-01
5.819528400897979736e-01
5.952901244163513184e-01
6.032981276512145996e-01
5.917122960090637207e-01
5.987679759661356238e-01
5.934309760729471472e-01
5.765059093634287146e-01
6.058188676834106445e-01
6.252305507659912109e-01
6.084821224212646484e-01
6.092060009638468054e-01
5.941860874493917200e-01
5.936734875043233606e-01
5.903745492299398157e-01
6.030775904655456543e-01
5.967826843261718750e-01
6.030477285385131836e-01
5.830826063950856897e-01
6.022599736849466590e-01
5.931463241577148438e-01
5.994738936424255371e-01
5.906984607378641394e-01
5.920777320861816406e-01
6.039652228355407715e-01
5.847362677256265906e-01
5.987389882405599328e-01
5.852010051409403113e-01
6.098608771959940222e-01
6.021021803220113489e-01
5.867767731348673133e-01
5.980147123336791992e-01
6.065665682156881067e-01
5.947850147883096961e-01
6.158316135406494141e-01
5.775551994641622278e-01
5.933904647827148438e-01
5.842096209526062012e-01
5.878907640775045129e-01
5.940914352734883996e-01
5.806830724080404016e-01
5.973896384239196777e-01
6.005681753158569336e-01
5.823396046956380578e-01
5.996824701627095910e-01
6.074475447336832312e-01
5.925691326459249231e-01
5.942577521006265906e-01
6.022762656211853027e-01
5.855879187583923340e-01
6.106722354888916016e-01
5.905744234720865515e-01
5.904755989710489539e-01
5.834261775016784668e-01
6.039383610089620325e-01
5.799811184406280518e-01
5.889189441998800012e-01
5.818234284718831750e-01
5.806130071481069299e-01
5.810274283091226843e-01
6.100389957427978516e-01
5.903230508168538782e-01
5.891368389129638672e-01
5.993149677912393836e-01
5.878396034240722656e-01
5.914184252421060828e-01
6.099566022555032996e-01
5.894249081611633301e-01
5.745582779248555871e-01
5.986259380976358679e-01
5.898572405179342004e-01
5.807608167330423621e-01
5.954674283663431433e-01
5.819804072380065918e-01
5.792459348837534217e-01
5.939829945564270020e-01
5.985343257586160925e-01
6.048126618067423133e-01
5.939184228579202918e-01
5.717347065607706336e-01
5.812044143676757812e-01
5.657003521919250488e-01
5.851468245188394812e-01
5.976443092028299597e-01
5.972537398338317871e-01
5.926743149757385254e-01
5.892996191978454590e-01
5.921562512715657922e-01
5.799528360366821289e-01
6.036057869593302039e-01
5.895131627718607215e-01
5.887422362963358191e-01
5.942388772964477539e-01
5.924679040908813477e-01
5.941318074862161902e-01
5.801970958709716797e-01
5.916188955307006836e-01
5.959279934565225867e-01
5.711762309074401855e-01
5.811612010002136230e-01
5.985637307167053223e-01
5.944003462791442871e-01
5.869045257568359375e-01
5.851584076881408691e-01
5.828076203664144250e-01
6.024458607037862512e-01
5.923988223075866699e-01
5.799431800842285156e-01
5.650196472803751258e-01
5.842966636021932336e-01
5.938110947608947754e-01
6.063283483187357215e-01
5.978071292241414758e-01
5.735088686148325232e-01
5.909708937009175989e-01
5.775604446729024621e-01
5.962640841801961633e-01
5.882774591445922852e-01
5.858879288037618371e-01
6.122284531593322754e-01
5.924444794654846191e-01
5.870243509610494348e-01
5.708142220973968506e-01
5.893989404042562219e-01
5.901314616203308105e-01
5.774110456307729455e-01
5.857142607371012000e-01
5.908026099205017090e-01
6.095263759295145300e-01
5.761875311533609656e-01
5.905397335688272742e-01
5.831072330474853516e-01
5.621988872687021521e-01
5.789962410926818848e-01
5.705740054448446008e-01
5.881963570912679407e-01
6.023231943448384973e-01
5.859285990397135047e-01
5.763311783472696570e-01
5.913705031077066687e-01
6.126648982365926477e-01
5.993640224138895300e-01
5.899749199549356726e-01
5.801472663879394531e-01
5.727272232373555871e-01
5.945653319358825684e-01
5.932365059852600098e-01
5.880685846010843543e-01
5.891492962837219238e-01
5.960550705591837195e-01
5.862793525060018274e-01
5.885031620661417273e-01
5.849002997080484656e-01
5.823421676953633996e-01
5.870642066001892090e-01
5.833834012349446985e-01
5.850679278373718262e-01
5.945163965225219727e-01
5.859467585881551477e-01
5.813542207082113000e-01
6.006761789321899414e-01
5.808363556861877441e-01
5.834123492240905762e-01
6.048847436904907227e-01
5.920841495196024207e-01
5.867552161216735840e-01
5.773522059122720984e-01
5.925941467285156250e-01
6.041576464970906946e-01
6.032665570576986047e-01
6.012665629386901855e-01
5.983010331789652136e-01
6.066453655560811731e-01
5.830359458923339844e-01
5.816057125727335242e-01
5.922783017158508301e-01
5.740480323632558557e-01
5.875681241353353235e-01
5.668964584668477746e-01
5.865819454193115234e-01
5.827623804410299035e-01
5.967754324277242395e-01
5.723538597424825403e-01
5.596792201201120642e-01
5.988912185033162805e-01
5.824164052804311487e-01
5.834792852401733398e-01
6.026917298634847375e-01
5.791088740030924109e-01
5.826694965362548828e-01
5.929906169573465613e-01
5.872130791346231726e-01
5.728578170140584680e-01
5.695522228876749304e-01
5.870212713877359656e-01
5.720064938068389893e-01
5.557916065057119104e-01
6.017925739288330078e-01
5.903868079185485840e-01
6.115733782450357703e-01
5.687691867351531982e-01
5.891322294871012000e-01
5.915962656339009973e-01
5.870616237322489050e-01
5.747518936793009070e-01
5.888150533040364953e-01
5.723216434319814416e-01
5.925796429316202429e-01
5.741555690765380859e-01
6.214511593182882043e-01
5.862641135851541785e-01
5.978570977846781043e-01
5.846700867017110559e-01
5.855757196744283410e-01
5.924534598986307410e-01
5.743006269137064246e-01
6.036577026049295691e-01
5.792886416117349890e-01
6.092126866181691858e-01
5.686496794223785400e-01
5.962181687355041504e-01
5.838031967480977746e-01
5.644288460413614539e-01
5.957523783047994348e-01
5.751318335533142090e-01
5.904696583747863770e-01
5.785926580429077148e-01
5.635020335515340539e-01
5.934328039487203332e-01
5.976291298866271973e-01
5.892186363538106653e-01
5.753730535507202148e-01
5.721016824245452881e-01
5.691340466340383264e-01
5.734483400980631140e-01
5.720719794432321814e-01
5.972688992818196985e-01
5.642470816771189002e-01
5.567923386891683313e-01
5.930135448773702356e-01
5.938932597637176514e-01
5.974596738815307617e-01
5.729833841323852539e-01
5.690558056036630896e-01
6.022401750087738037e-01
5.767453511555989953e-01
5.975599686304727820e-01
5.942873756090799597e-01
5.818621913592020300e-01
5.777402321497598914e-01
5.980828801790872840e-01
5.776510039965311316e-01
5.778983036677042273e-01
5.796292424201965332e-01
6.017613609631856653e-01
5.785095890363057825e-01
5.604543189207712439e-01
5.865659912427266809e-01
5.970133741696675989e-01
5.756530960400899621e-01
5.877975821495056152e-01
5.588180522123972205e-01
5.795316497484842566e-01
5.892541209856668738e-01
5.674813985824584961e-01
5.779836376508077356e-01
5.707687536875406531e-01
5.776214996973673133e-01
5.941587487856546668e-01
5.838319063186645508e-01
5.750592152277628211e-01
5.848460793495178223e-01
5.740290284156799316e-01
5.696970125039418908e-01
5.875369906425476074e-01
5.752489566802978516e-01
5.982684493064880371e-01
5.711177488168081018e-01
5.930943687756856653e-01
5.795421699682871131e-01
5.677868425846099854e-01
5.902742743492126465e-01
6.050850351651509973e-01
5.694764157136281701e-01
5.734869639078775672e-01
5.788649717966715125e-01
5.977584322293599817e-01
5.679404139518737793e-01
5.723595122496286658e-01
5.833852291107177734e-01
5.842422048250833777e-01
5.706307192643483850e-01
5.750889976819356653e-01
5.813566247622171668e-01
5.750358104705810547e-01
5.886145234107971191e-01
5.837371746699014929e-01
5.803857843081156043e-01
5.742401083310445520e-01
5.731707413991292688e-01
5.753412842750549316e-01
6.024381120999654504e-01
5.926346182823181152e-01
5.809376239776611328e-01
5.633039673169454309e-01
5.776260296503702429e-01
5.806413491566976282e-01
5.655522346496582031e-01
5.634868144989013672e-01
5.848490794499715539e-01
5.932556589444478723e-01
5.847780903180440637e-01
5.661939283212026330e-01
5.841533144315084192e-01
5.843699375788370398e-01
5.718435943126678467e-01
5.856426954269409180e-01
5.771309137344360352e-01
5.764303406079610559e-01
5.783595641454061242e-01
5.791076620419820520e-01
5.611617863178253174e-01
5.826445221900939941e-01
5.900210738182067871e-01
5.786480108896890906e-01
5.715959866841634485e-01
6.014818549156188965e-01
5.868593255678812293e-01
5.943744977315267297e-01
5.863821307818094519e-01
5.833516518274942664e-01
5.770599643389383582e-01
5.786923766136169434e-01
5.709838370482126502e-01
5.710403025150299072e-01
5.826684832572937012e-01
5.840052366256713867e-01
5.899670124053955078e-01
6.046899855136871338e-01
5.992824435234069824e-01
5.893183549245198938e-01
5.804572701454162598e-01
5.662771761417388916e-01
5.890113711357116699e-01
5.733489195505777625e-01
5.881113409996032715e-01
5.877356727917989465e-01
5.775611599286397668e-01
5.841754873593648645e-01
5.617402692635854455e-01
5.971497694651285437e-01
5.926476716995239258e-01
5.823321342468261719e-01
5.936918457349141809e-01
5.792836546897888184e-01
6.028253237406412390e-01
5.993138551712036133e-01
5.957286556561788293e-01
5.889675219853719446e-01
5.813616315523782996e-01
5.817498366038004187e-01
5.674622356891632080e-01
5.775971810022989539e-01
5.833675066630045203e-01
5.884389281272888184e-01
5.953345100084940222e-01
5.617618064085642127e-01
5.889438390731811523e-01
5.699601372083028528e-01
5.671564439932504920e-01
5.895901123682657508e-01
5.696223477522531775e-01
5.789338747660318640e-01
5.927864511807759973e-01
5.952072143554687500e-01
5.930910110473632812e-01
5.752860307693481445e-01
5.629307727018991736e-01
5.677860379219055176e-01
5.878415803114572791e-01
5.730650524298349646e-01
6.023083925247192383e-01
5.770522952079772949e-01
5.906691551208496094e-01
5.751116474469503137e-01
5.740620493888854980e-01
5.867122213045755652e-01
5.628287394841512414e-01
5.703088045120239258e-01
5.914328893025716516e-01
5.782313346862792969e-01
5.757482846577962610e-01
5.937243898709615442e-01
5.815026958783467981e-01
5.733261704444885254e-01
5.964514414469400672e-01
5.795658032099405554e-01
5.820850133895874023e-01
5.930944681167602539e-01
5.687933663527170447e-01
5.663111706574758264e-01
5.778587659200032922e-01
5.899741252263387414e-01
5.764212210973104211e-01
5.838786760965982703e-01
5.777853329976400110e-01
5.766751567522684363e-01
5.882480740547180176e-01
5.809866984685262414e-01
5.838854908943176270e-01
5.743762056032816199e-01
5.731473763783773157e-01
5.928780436515808105e-01
5.870428284009298059e-01
5.632435083389282227e-01
5.848083694775899621e-01
5.961679418881734582e-01
5.575937430063883093e-01
5.696889460086822510e-01
5.883709589640299109e-01
5.821150143941243860e-01
5.861652493476867676e-01
5.908244848251342773e-01
5.775967041651407508e-01
5.938377976417541504e-01
5.794957677523294715e-01
5.958294272422790527e-01
5.695207118988037109e-01
5.621153811613718299e-01
5.785772005716959265e-01
5.804561773935953406e-01
5.848495562871297571e-01
5.850805441538492468e-01
5.841317772865295410e-01
5.807981689771016809e-01
5.639139413833618164e-01
5.565224985281626013e-01
5.785611470540364953e-01
5.678397019704183313e-01
5.877742966016133996e-01
5.714370508988698694e-01
5.826270778973897668e-01
5.910427769025167200e-01
5.745820204416910437e-01
5.804637074470520020e-01
5.994192759195963172e-01
5.800660848617553711e-01
5.953299999237060547e-01
5.541834036509195593e-01
5.691653490066528320e-01
5.845074256261190149e-01
5.582809746265411377e-01
5.679100453853607178e-01
5.749826232592264441e-01
5.790768067042032508e-01
5.684279402097066614e-01
5.861321489016214636e-01
5.858764052391052246e-01
5.968268712361654016e-01
5.679686268170675012e-01
5.619192222754160193e-01
5.630872944990793494e-01
5.670342346032460901e-01
5.907091697057088586e-01
5.761257211367288855e-01
5.787328084309896203e-01
5.711950858434041711e-01
5.787339409192403528e-01
5.773717363675435754e-01
5.788118044535318640e-01
6.006330251693725586e-01
5.765400528907775879e-01
5.815915266672769812e-01
5.949401060740152625e-01
5.811498959859212610e-01
5.724662939707437781e-01
5.869802435239156457e-01
5.913626948992410925e-01
5.863837599754333496e-01
5.738109548886617395e-01
5.676243007183074951e-01
5.757896701494852332e-01
5.789025227228800086e-01
5.829127033551534387e-01
5.676661630471547815e-01
5.838429927825927734e-01
5.854879816373189660e-01
5.713993509610494348e-01
5.894677440325418738e-01
5.882721344629923133e-01
5.893581509590148926e-01
5.820934971173604700e-01
5.899009505907694129e-01
5.813682277997335168e-01
5.885874827702840539e-01
5.846622586250305176e-01
5.989124178886413574e-01
5.691414078076680871e-01
5.792184273401895789e-01
5.961864988009134558e-01
5.796929796536763879e-01
5.828120311101278039e-01
5.883107980092366907e-01
5.796410044034322473e-01
5.883115927378336218e-01
5.773236155509948730e-01
5.933747887611389160e-01
5.925619006156921387e-01
5.810442169507344934e-01
5.810029506683349609e-01
5.869256258010864258e-01
5.909266869227091101e-01
5.572673877080281946e-01
5.786564350128173828e-01
5.868079066276550293e-01
5.874990920225778845e-01
5.794922510782877234e-01
5.787161986033121375e-01
5.750905672709146765e-01
5.717998743057250977e-01
5.736448566118875769e-01
5.601280629634857178e-01
5.899597605069478723e-01
5.720739563306173059e-01
5.842844843864440918e-01
5.850876569747924805e-01
5.829529166221618652e-01
5.713003675142923621e-01
5.812534292538961145e-01
5.884790221850076941e-01
5.648944179217020300e-01
5.915695627530416223e-01
5.746746063232421875e-01
5.923242171605428430e-01
5.629459718863168982e-01
5.903645753860473633e-01
5.833708842595418664e-01
5.864211122194925574e-01
5.819670756657918664e-01
5.775436162948608398e-01
5.914000670115152625e-01
5.740421215693155554e-01
5.934886932373046875e-01
5.681298673152923584e-01
5.840992927551269531e-01
5.771553317705789832e-01
5.792326132456461218e-01
5.611666738986968994e-01
5.766977270444234582e-01
