3.492162823677062988e-01
3.559647599856058942e-01
3.808936476707458496e-01
3.606544435024261475e-01
3.530738453070322858e-01
3.472060263156890869e-01
3.831897179285685406e-01
3.580560982227325439e-01
3.843648135662078857e-01
3.696983456611633301e-01
3.580923577149708881e-01
3.650568425655364990e-01
3.592155079046885358e-01
3.388569454352061139e-01
3.657971819241841449e-01
3.654782176017761230e-01
3.342035263776779175e-01
3.721225410699844360e-01
3.296787142753601074e-01
3.601000408331553326e-01
3.753972748915354596e-01
3.579320112864176617e-01
3.725509146849314557e-01
3.228051712115605487e-01
3.592236936092376709e-01
3.645172814528147565e-01
3.529936869939168109e-01
3.195020308097203388e-01
3.507760067780812396e-01
3.473206261793772565e-01
3.527204791704813824e-01
3.261849979559580670e-01
3.338846961657206402e-01
3.218964040279388428e-01
3.251020212968190326e-01
3.229852120081583844e-01
3.437524338563283099e-01
3.126336733500162945e-01
3.102191388607025146e-01
3.083339432875315533e-01
2.871716370185216083e-01
2.951751252015431537e-01
2.824121167262395038e-01
2.700774470965067731e-01
2.916962256034215106e-01
2.871947884559631348e-01
2.598580022652943744e-01
2.778120140234629498e-01
2.880219767491022931e-01
2.656005769968032837e-01
2.879728774229685651e-01
2.748455206553141461e-01
2.778174628814061298e-01
2.821189463138580322e-01
2.687216103076934814e-01
2.828955352306365967e-01
2.561855663855870380e-01
2.742433895667393817e-01
2.561566730340321674e-01
2.784109562635421753e-01
2.716468721628189087e-01
2.579892873764038086e-01
2.620000441869099750e-01
2.471227596203486032e-01
2.616765052080154419e-01
2.851671129465103149e-01
2.560759882132212506e-01
2.767869979143142700e-01
2.707893550395965576e-01
2.658379425605137958e-01
2.781824270884196149e-01
2.606060802936553955e-01
2.723555912574132098e-01
2.457831501960754395e-01
2.570679287115733014e-01
2.931995590527852191e-01
2.932508289813995361e-01
2.852418224016825543e-01
2.451315273841222220e-01
2.532270501057307110e-01
2.571918964385986328e-01
2.517553816239039288e-01
2.652660210927327289e-01
2.501112818717956543e-01
2.444365620613098145e-01
2.472407122453053885e-01
2.524598340193430768e-01
2.667769938707351685e-01
2.412237375974655151e-01
2.593219081560770856e-01
2.901015579700469971e-01
2.522590706745783673e-01
2.311834022402763367e-01
2.724971373875935687e-01
2.662544399499893188e-01
2.518372933069865094e-01
2.422657410303751535e-01
2.371064871549606323e-01
2.609901626904805316e-01
2.551887830098469867e-01
2.438234587510426932e-01
2.522105624278386249e-01
2.405375043551127023e-01
2.541711529095967426e-01
2.378294765949249268e-01
2.405032614866892404e-01
2.506393541892369403e-01
2.526525110006332397e-01
2.503484288851420270e-01
2.529003222783406390e-01
2.348118225733439035e-01
2.546253502368927002e-01
2.417746186256408691e-01
2.408525695403417044e-01
2.560051629940668927e-01
2.373645553986231393e-01
2.525693277517954694e-01
2.546338886022567749e-01
2.407724261283874512e-01
2.556312878926594867e-01
2.615992973248164044e-01
2.495335042476654053e-01
2.371574640274047852e-01
2.282906671365102225e-01
2.553464819987614765e-01
2.412082006533940726e-01
2.332767546176910400e-01
2.497275521357854300e-01
2.442923436562220163e-01
2.300392935673395700e-01
2.435585955778757639e-01
2.289916227261225290e-01
2.784146815538406372e-01
2.509175141652424945e-01
2.328456689914067679e-01
2.311489035685857230e-01
2.598114808400471820e-01
2.677030811707178937e-01
2.500883042812347412e-01
2.552668799956639423e-01
2.539519468943278180e-01
2.607127229372660504e-01
2.248238573471705026e-01
2.452227324247360229e-01
2.364452977975209647e-01
2.263122498989105225e-01
2.441596090793609619e-01
2.526736805836359845e-01
2.538562615712483539e-01
2.527164220809936523e-01
2.394347488880157471e-01
2.324530333280563354e-01
2.441779623428980417e-01
2.425757497549057007e-01
2.290724913279215402e-01
2.372890164454778128e-01
2.384711652994155884e-01
2.460317164659500122e-01
2.407889862855275565e-01
2.363968143860498972e-01
2.550525416930516376e-01
2.560354520877202167e-01
2.405212273200353079e-01
2.386816193660100394e-01
2.345049579938252859e-01
2.246415615081787109e-01
2.629820207754771100e-01
2.523112446069717407e-01
2.733131647109985352e-01
2.296066631873448782e-01
2.284901241461435861e-01
2.305962095657984323e-01
2.467880100011825562e-01
2.301627298196156912e-01
2.488667368888854980e-01
2.392556170622507639e-01
2.549703170855839862e-01
2.512447585662205829e-01
2.527455190817515240e-01
2.743670096000035419e-01
2.669934233029683246e-01
2.309382557868957520e-01
2.541269560654957904e-01
2.608159432808558331e-01
2.297635177771250314e-01
2.658797154823939191e-01
2.571745365858078003e-01
2.173767288525899344e-01
2.283644477526346750e-01
2.619792421658833637e-01
2.373284250497817993e-01
2.453186810016632080e-01
2.469510138034820557e-01
2.491835852464040213e-01
2.876218309005101337e-01
2.436540921529134207e-01
2.270648082097371512e-01
2.660909146070480347e-01
2.467543979485829764e-01
2.448536703983942575e-01
2.267784426609674997e-01
2.503039439519246234e-01
2.325757642587026053e-01
2.473635375499725342e-01
2.320918291807174683e-01
2.436712682247161865e-01
2.354935606320699149e-01
2.245925615231195993e-01
2.328230837980906076e-01
2.390760779380798340e-01
2.474967141946156912e-01
2.511025369167327881e-01
2.839707781871159686e-01
2.384072691202163696e-01
2.471587583422660828e-01
2.349644402662912912e-01
2.479316492875417166e-01
2.490025063355763846e-01
2.321624855200449533e-01
2.323875874280929565e-01
2.342541366815567017e-01
2.748968104521433697e-01
2.546186000108718872e-01
2.600992818673451556e-01
2.384670277436574393e-01
2.295283476511637277e-01
2.556970367829005109e-01
2.539802441994349347e-01
2.413899600505828857e-01
2.757787356774012433e-01
2.219427575667699271e-01
2.332515915234883719e-01
2.495184044043222971e-01
2.661093125740687237e-01
2.457066824038823538e-01
2.254498451948165894e-01
2.477895567814508981e-01
2.327556560436884470e-01
2.255955785512924194e-01
2.435821543137232370e-01
2.286943197250366211e-01
2.496051142613092966e-01
2.582198431094487323e-01
2.317122320334116525e-01
2.536689241727193012e-01
2.368841171264648438e-01
2.235910644133885794e-01
2.393750051657358713e-01
2.580364296833674298e-01
2.479475488265355521e-01
2.419523696104685373e-01
2.341964244842529297e-01
2.313989847898483276e-01
2.255252401034037180e-01
2.288985749085744315e-01
2.282393127679824829e-01
2.756534665822982788e-01
2.438334872325261526e-01
2.282094607750574655e-01
2.216947525739669800e-01
2.344439526398976736e-01
2.263914744059244699e-01
2.214342753092447824e-01
2.475886891285578317e-01
2.189308628439903259e-01
2.207706967989603586e-01
2.548869848251342773e-01
2.309592465559641428e-01
2.436449676752090454e-01
2.497070183356603079e-01
2.523023784160614014e-01
2.149349401394526071e-01
2.536485393842061176e-01
2.394194404284159250e-01
2.370726366837819510e-01
2.467186699310938425e-01
2.363387743631998605e-01
2.234451969464620047e-01
2.446657369534174509e-01
2.217285434405008859e-01
2.249496479829152518e-01
2.511315147082011090e-01
2.401604205369949341e-01
2.365444401899973459e-01
2.352609584728876657e-01
2.426400979359944754e-01
2.290522356828053885e-01
2.328593134880065918e-01
2.334895282983779907e-01
2.656081815560658588e-01
2.349725613991419382e-01
2.362231016159057617e-01
2.596912582715352191e-01
2.238274961709976196e-01
2.385898729165395193e-01
2.328362663586934500e-01
2.253328214089075632e-01
2.563087046146392822e-01
2.466378659009933472e-01
2.248012473185857230e-01
2.288727511962254935e-01
2.289259135723114014e-01
2.413961887359619141e-01
2.435677101214726858e-01
2.629558891057968140e-01
2.269544651110967093e-01
2.257181157668431692e-01
2.395839343468348093e-01
2.464038232962290353e-01
2.222724358240763254e-01
2.238280028104782104e-01
2.466649711132049561e-01
2.500738402207692279e-01
2.227707356214523315e-01
2.526021550099055157e-01
2.370910197496414185e-01
2.221451203028360910e-01
2.376659313837687082e-01
2.489306827386220389e-01
2.305033554633458548e-01
2.443036486705144339e-01
2.275142222642898560e-01
2.467568169037500925e-01
2.354325453440348215e-01
2.381801009178161621e-01
2.319708963235219412e-01
2.446679025888442993e-01
2.176331256826718741e-01
2.271393686532974243e-01
2.627190252145131244e-01
2.468254119157791138e-01
2.431064297755559378e-01
2.436001598834991455e-01
2.221355587244033813e-01
2.490957876046498709e-01
2.432843844095865793e-01
2.686842878659566058e-01
2.256962557633717947e-01
2.489695549011230469e-01
2.453377743562062674e-01
2.174008190631866455e-01
2.251387685537338257e-01
2.559194341301918030e-01
2.257638076941172189e-01
2.250325530767440796e-01
2.479205628236134940e-01
2.504789779583613263e-01
2.316310852766036987e-01
2.555750211079915180e-01
2.397242536147435599e-01
2.420909106731414795e-01
2.252445121606191092e-01
2.304877092440923148e-01
2.274435361226399832e-01
2.327724844217300415e-01
2.276427249113718576e-01
2.505508710940678729e-01
2.336006661256154471e-01
2.320342113574345999e-01
2.506075551112492694e-01
2.269430508216222220e-01
2.423239399989446097e-01
2.478033999601999826e-01
2.375912268956502371e-01
2.347909361124038696e-01
2.502361287673314227e-01
2.196094592412312918e-01
2.329328507184982300e-01
2.251389125982920236e-01
2.704309100906054364e-01
2.280717641115188599e-01
2.275821069876352853e-01
2.642656664053599225e-01
2.293224359552065439e-01
2.330771038929621286e-01
2.660439064105351581e-01
2.607017805178959979e-01
2.169697731733322144e-01
2.370990316073099680e-01
2.331994076569875174e-01
2.544776201248168945e-01
2.215069284041722708e-01
2.233885029951731271e-01
2.226040015618006296e-01
2.536992828051249371e-01
2.224473655223846436e-01
2.192340344190597534e-01
2.457117537657419748e-01
2.415812412897745676e-01
2.325419286886850900e-01
2.186040778954823904e-01
2.512607872486114502e-01
2.295864323774973459e-01
2.323510895172754831e-01
2.213264753421147757e-01
2.190611213445663452e-01
2.455824613571166992e-01
2.316360721985498972e-01
2.251694599787394113e-01
2.171041220426559448e-01
2.392402986685434885e-01
2.487990409135818481e-01
2.403221875429153442e-01
2.511663188536961688e-01
2.376634975274403982e-01
2.144755249222119742e-01
2.543292740980784283e-01
2.167411347230275565e-01
2.412781218687693185e-01
2.127296676238377982e-01
2.856473674376805438e-01
2.218907177448272705e-01
2.433606932560602731e-01
2.204473515351613455e-01
2.460949172576268607e-01
2.210695296525955200e-01
2.313149124383926392e-01
2.462493727604548044e-01
2.324791848659515381e-01
2.399614403645197458e-01
2.196142872174580984e-01
2.341916014750798636e-01
2.221221874157587595e-01
2.521012922128041400e-01
2.489812523126602173e-01
2.413718054691950388e-01
2.181331564982732230e-01
2.399429778258005685e-01
2.337965617577234811e-01
2.119465048114458627e-01
2.560311332345008850e-01
2.690044194459915161e-01
2.340707679589589529e-01
2.250301490227381296e-01
2.193074921766916818e-01
2.116728400190671378e-01
2.436983386675516672e-01
2.279958724975585938e-01
2.491071025530497141e-01
2.589503129323323383e-01
2.385426710049311227e-01
2.300663391749064035e-01
2.213583141565322876e-01
2.198863923549652100e-01
2.475206504265467233e-01
2.412557055552800589e-01
2.655387421449025287e-01
2.165999909241994315e-01
2.135190417369206839e-01
2.638986806074778424e-01
2.173101256291071481e-01
2.395314325888951712e-01
2.280379831790924072e-01
2.538589586814244403e-01
2.418521245320638113e-01
2.231229046980539865e-01
2.414139757553736276e-01
2.229948888222376413e-01
2.135288044810295105e-01
2.326248288154602051e-01
2.650295098622639789e-01
2.360535661379496164e-01
2.451617469390233450e-01
2.346633871396382742e-01
2.208223392566045218e-01
2.353019118309020996e-01
2.393240680297215872e-01
2.242050518592198782e-01
2.688398013512293683e-01
2.171782453854878836e-01
2.400374064842859811e-01
2.195146878560384207e-01
2.399028291304906302e-01
2.321117371320724487e-01
2.207990934451421194e-01
2.584392527739207135e-01
2.188726117213567191e-01
2.293644795815149851e-01
2.163846492767333984e-01
2.381995171308517456e-01
2.437397291262944632e-01
2.333137641350428171e-01
2.263655861218770438e-01
2.330511411031087332e-01
2.205502390861511230e-01
2.376887500286102295e-01
2.147338589032491141e-01
2.525942971309025897e-01
2.347297668457031250e-01
2.196354816357294626e-01
2.231537352005640573e-01
2.147943228483200073e-01
2.543858041365941181e-01
2.423215458790461130e-01
2.144520779450734549e-01
2.296969145536422729e-01
2.467013001441955566e-01
2.268910159667333060e-01
2.232509603103002005e-01
2.408302376667658395e-01
2.214045822620391846e-01
2.485275367895762033e-01
2.355967760086059570e-01
2.368218998114267893e-01
2.329073150952657156e-01
2.297610441843668527e-01
2.168423930803934641e-01
2.479739834864934378e-01
2.184798667828241892e-01
2.184132089217503958e-01
2.184842477242151804e-01
2.480137993892033987e-01
2.195387283960978098e-01
2.213056087493896484e-01
2.411469121774037772e-01
2.345294902722040720e-01
2.235709875822067261e-01
2.505473196506500244e-01
2.358797987302144461e-01
2.138309627771377563e-01
2.300054927666982107e-01
2.489510724941889352e-01
2.151426325241724558e-01
2.524495919545491351e-01
2.151453942060470581e-01
2.143302957216898508e-01
2.248454143603642874e-01
2.425807714462280273e-01
2.469574163357416696e-01
2.387668490409851074e-01
2.118662074208259583e-01
2.190175354480743408e-01
2.065025890866915292e-01
2.340627859036127634e-01
2.414886256059010916e-01
2.273495644330978394e-01
2.368639508883158273e-01
2.358675350745519095e-01
2.369434187809626169e-01
2.194534440835317068e-01
2.466600040594736643e-01
2.491051157315572195e-01
2.222302556037902832e-01
2.387949973344802856e-01
2.264459282159805298e-01
2.522817005713780536e-01
2.177841116984685355e-01
2.241935779651006155e-01
2.396040856838226318e-01
2.113792747259140015e-01
2.161534428596496582e-01
2.429507275422414236e-01
2.273350159327189035e-01
2.207864671945571899e-01
2.195646415154139108e-01
2.326776832342147827e-01
2.594314813613891602e-01
2.382083634535471506e-01
2.145762542883555002e-01
2.045426567395528250e-01
2.212093869845072336e-01
2.270860622326532907e-01
2.484020839134851999e-01
2.290702660878499441e-01
2.126425554354985648e-01
2.382361143827438354e-01
2.144620716571807861e-01
2.409833371639251709e-01
2.386413315931955881e-01
2.229608794053395682e-01
2.547457069158554077e-01
2.255954394737879343e-01
2.171224107344945364e-01
2.116215253869692392e-01
2.377461592356363840e-01
2.263917848467826843e-01
2.157082209984461374e-01
2.329046875238418579e-01
2.246207396189371652e-01
2.645401110251744403e-01
2.143116195996602469e-01
2.349162449439366751e-01
2.186353951692581177e-01
2.199057241280873709e-01
2.183922181526819772e-01
2.281601428985595703e-01
2.383997887372970581e-01
2.543203979730606079e-01
2.388646254936853952e-01
2.168610841035842896e-01
2.399151772260665894e-01
2.540726313988367902e-01
2.436384012301762991e-01
2.370653748512268066e-01
2.223095794518788748e-01
2.261268049478530884e-01
2.301552494366963797e-01
2.280299812555313110e-01
2.337962239980697632e-01
2.199411491552988596e-01
2.283845692873001099e-01
2.226756860812505179e-01
2.374652276436487741e-01
2.303004612525304251e-01
2.202521264553070068e-01
2.197492470343907767e-01
2.362621227900187082e-01
2.201686650514602661e-01
2.273170848687489920e-01
2.378662278254826956e-01
2.343220959107081003e-01
2.705255746841430664e-01
2.194981078306833810e-01
2.334416757027308054e-01
2.586332857608795166e-01
2.409684509038925171e-01
2.209944427013397217e-01
2.303054680426915579e-01
2.406055827935536795e-01
2.595300724109013690e-01
2.612810085217158185e-01
2.482615063587824411e-01
2.303403417269388742e-01
2.361094454924265451e-01
2.188155800104141235e-01
2.344866643349329538e-01
2.293892900149027414e-01
2.142932315667470389e-01
2.504895826180775775e-01
2.108979399005571909e-01
2.373386571804682321e-01
2.321109722057978220e-01
2.539913902680079327e-01
2.138959169387817383e-01
2.056864450375238962e-01
2.413505762815475464e-01
2.199669778347015381e-01
2.211474825938542776e-01
2.437882373730341501e-01
2.185664077599843436e-01
2.197026362021764212e-01
2.387460321187973022e-01
2.224919050931930542e-01
2.150091578563054495e-01
2.128959099451700754e-01
2.369436472654342651e-01
2.131693065166473389e-01
2.026671742399533682e-01
2.476906230052312308e-01
2.374030103286107474e-01
2.671310305595397949e-01
2.099860732754071646e-01
2.251692910989125662e-01
2.378214150667190552e-01
2.504522949457168579e-01
2.158779452244440622e-01
2.358217487732569284e-01
2.129673113425572806e-01
2.311068375905354910e-01
2.160400847593943185e-01
2.859174857536951886e-01
2.495221942663192749e-01
2.559281140565872192e-01
2.352942327658335275e-01
2.368250538905461722e-01
2.270733714103698730e-01
2.133975426355997629e-01
2.515313476324081421e-01
2.188953210910161429e-01
2.655888199806213379e-01
2.130239953597386771e-01
2.568284223477045880e-01
2.480087429285049438e-01
2.086552729209264212e-01
2.538229425748189105e-01
2.164827932914098196e-01
2.232207208871841431e-01
2.186448127031326294e-01
2.072661643226941519e-01
2.410183300574620657e-01
2.436221639315287180e-01
2.279750655094782419e-01
2.181406219800313406e-01
2.124769141276677542e-01
2.106715614597002573e-01
2.136216511329015189e-01
2.153925547997156686e-01
2.442030509312947684e-01
2.126986732085545950e-01
2.032421504457791739e-01
2.558338443438212262e-01
2.562461247046788348e-01
2.588370740413665771e-01
2.155562986930211478e-01
2.116269444425900870e-01
2.495800604422887259e-01
2.329131265481313162e-01
2.568444112936655865e-01
2.437194983164469309e-01
2.349113722642262869e-01
2.168451199928919382e-01
2.592221846183140888e-01
2.184046953916549683e-01
2.147493908802668161e-01
2.185354679822921753e-01
2.592912018299102783e-01
2.198002288738886423e-01
2.061921209096908569e-01
2.385991662740707397e-01
2.413749247789382935e-01
2.162802418073018484e-01
2.361887643734613962e-01
2.192987998326619559e-01
2.207169781128565378e-01
2.382790495951970511e-01
2.075461447238922119e-01
2.148892978827158518e-01
2.102748552958170480e-01
2.194723437229792184e-01
2.420465846856435232e-01
2.201094826062520438e-01
2.180484731992085867e-01
2.335909654696782523e-01
2.169505308071772165e-01
2.153144776821136475e-01
2.329487303892771310e-01
2.179516851902008057e-01
2.587534462412198200e-01
2.150437831878662109e-01
2.545746415853500366e-01
2.331161623199780875e-01
2.129599253336588449e-01
2.251424739758173532e-01
2.611952672402064191e-01
2.127928882837295532e-01
2.166971862316131592e-01
2.221352656682332449e-01
2.589025944471359253e-01
2.125805666049321585e-01
2.306925952434539795e-01
2.226458986600240164e-01
2.247291157643000192e-01
2.146961937348047800e-01
2.283422251542409354e-01
2.198816289504369192e-01
2.164190858602523804e-01
2.345150858163833618e-01
2.356759160757064819e-01
2.343577643235524588e-01
2.169586171706517630e-01
2.134359329938888550e-01
2.189804116884867258e-01
2.467769185702005930e-01
2.396698296070098877e-01
2.380448579788208008e-01
2.222527712583541870e-01
2.181607385476430350e-01
2.201890051364898682e-01
2.121881296237309866e-01
2.242630223433176584e-01
2.380142609278360910e-01
2.269434829552968436e-01
2.223691940307617188e-01
2.091333965460459299e-01
2.219912459452947073e-01
2.245392948389053345e-01
2.123501996199289865e-01
2.241030136744181223e-01
2.170288364092508859e-01
2.161367734273274832e-01
2.187966157992680960e-01
2.225987613201141357e-01
2.076115384697914124e-01
2.230358322461446219e-01
2.420754184325536185e-01
2.313566108544667654e-01
2.126753926277160645e-01
2.639637738466262817e-01
2.261413981517156058e-01
2.581746578216552734e-01
2.229585746924082346e-01
2.206809669733047485e-01
2.312622865041097098e-01
2.204277565081914358e-01
2.143090764681498117e-01
2.123310615619023733e-01
2.202892005443572998e-01
2.379544377326965332e-01
2.417212078968683786e-01
2.497550795475641794e-01
2.602381954590479718e-01
2.384568899869918823e-01
2.219158907731374197e-01
2.140575895706812448e-01
2.242406507333119803e-01
2.175421317418416434e-01
2.370713055133819580e-01
2.396143972873687744e-01
2.159969607988993234e-01
2.223283350467681885e-01
2.094641377528508597e-01
2.596228768428166522e-01
2.431513766447702951e-01
2.364609887202580862e-01
2.300635923941930228e-01
2.181786497433980399e-01
2.452208598454793387e-01
2.593382075428962708e-01
2.566558271646499634e-01
2.246524840593338013e-01
2.219419777393341064e-01
2.343987127145131522e-01
2.139236579338709421e-01
2.310379942258199149e-01
2.311700433492660522e-01
2.296215494473775320e-01
2.594921787579854144e-01
2.114376251896222525e-01
2.287267347176869803e-01
2.121064017216364450e-01
2.101941754420598441e-01
2.239360809326171875e-01
2.135220915079116821e-01
2.218082845211029053e-01
2.440677235523859567e-01
2.428602278232574463e-01
2.429474045832951956e-01
2.179480642080307007e-01
2.095479642351468497e-01
2.152734249830245972e-01
2.393858681122461862e-01
2.160747696955998831e-01
2.495464682579040527e-01
2.453606128692626953e-01
2.561640838781992779e-01
2.162152280410130911e-01
2.165523171424865723e-01
2.219848682483037405e-01
2.095243359605471201e-01
2.134019533793131418e-01
2.293610473473866873e-01
2.162385731935501099e-01
2.175829857587814331e-01
2.445347209771474295e-01
2.225860953330993652e-01
2.166560888290405273e-01
2.332548946142196655e-01
2.206665774186452322e-01
2.347804357608159476e-01
2.401979168256123953e-01
2.104672864079475403e-01
2.253963500261306763e-01
2.215231259663899832e-01
2.417816569407781058e-01
2.171414097150166922e-01
2.250918050607045584e-01
2.185178697109222412e-01
2.188598861296971732e-01
2.417970001697540283e-01
2.350774705410003662e-01
2.357890903949737549e-01
2.193025946617126465e-01
2.159000635147094727e-01
2.288359254598617554e-01
2.410390675067901611e-01
2.094405790170033865e-01
2.379069030284881592e-01
2.457857181628545218e-01
2.053126320242881775e-01
2.276144474744796753e-01
2.548202872276306152e-01
2.237425645192464285e-01
2.529444793860117779e-01
2.396522263685862131e-01
2.478231241305669241e-01
2.416201730569203787e-01
2.350415736436843872e-01
2.582399547100067139e-01
2.120684882005055838e-01
2.118019908666610718e-01
2.337869356075922556e-01
2.356239408254623413e-01
2.248574942350387573e-01
2.389634152253468924e-01
2.244511346022287912e-01
2.356687982877095633e-01
2.144722044467926025e-01
2.069690947731336050e-01
2.201977968215942383e-01
2.120263775189717703e-01
2.377177675565083914e-01
2.154049426317214966e-01
2.225434780120849609e-01
2.417767345905303955e-01
2.183947463830312186e-01
2.190691481033960886e-01
2.636669029792149677e-01
2.194400082031885690e-01
2.305534482002258301e-01
2.052797749638557434e-01
2.414087255795796805e-01
2.491990079482396536e-01
2.078803653518358774e-01
2.146921455860137939e-01
2.308465739091237479e-01
2.168684154748916626e-01
2.119836658239364624e-01
2.412935346364974976e-01
2.264682302872339792e-01
2.574508686860402240e-01
2.135513375202814645e-01
2.088283846775690622e-01
2.110497330625852042e-01
2.097740297516187125e-01
2.415618002414703369e-01
2.329977055390675955e-01
2.208602080742518015e-01
2.168027857939402170e-01
2.212729503711064749e-01
2.192877133687337332e-01
2.186877628167470389e-01
2.485092381636301584e-01
2.315066158771514893e-01
2.239015748103459769e-01
2.546156495809555054e-01
2.325329333543777466e-01
2.147138714790344238e-01
2.385649085044860840e-01
2.560284286737442017e-01
2.519633223613103046e-01
2.170839458703994751e-01
2.144845624764760428e-01
2.192732443412145071e-01
2.373996426661809378e-01
2.211104780435562134e-01
2.165891279776891165e-01
2.375787744919458933e-01
2.333259930213292532e-01
2.161356856425603323e-01
2.411323487758636475e-01
2.418108383814493723e-01
2.412855774164199829e-01
2.357870638370513916e-01
2.405795107285181589e-01
2.223662336667378836e-01
2.691525717576344623e-01
2.392508834600448608e-01
2.594980125625928058e-01
2.169431596994400024e-01
2.204333394765853882e-01
2.585117171208063946e-01
2.237533877293268747e-01
2.371599376201629639e-01
2.257152100404103690e-01
2.217101355393727713e-01
2.395330766836802072e-01
2.344931413729985648e-01
2.554551462332407819e-01
2.540921022494633807e-01
2.378040601809819632e-01
2.319667836030324393e-01
2.257662862539291382e-01
2.547219544649124146e-01
2.040502429008483887e-01
2.316426982482274466e-01
2.512863924105961932e-01
2.386587411165237427e-01
2.167920420567194528e-01
2.168691158294677734e-01
2.180863519509633475e-01
2.286293158928553171e-01
2.193508595228195190e-01
2.064664885401725769e-01
2.295604149500528879e-01
2.153087457021077566e-01
2.363217572371164865e-01
2.426938513914743967e-01
2.233333736658096313e-01
2.152063151200612479e-01
2.254055589437484741e-01
2.421354502439498901e-01
2.117999643087387085e-01
2.413293321927388602e-01
2.207206239302953177e-01
2.535865058501561298e-01
2.096050704518953867e-01
2.421904454628626413e-01
2.378299236297607422e-01
2.389098505179087228e-01
2.366773188114166260e-01
2.197790344556172781e-01
2.546337048212687360e-01
2.188863505919774466e-01
2.441687931617101126e-01
2.106893310944239206e-01
2.387806425491968698e-01
2.465086778004964285e-01
2.456084142128626413e-01
2.219989051421483450e-01
2.216706424951553345e-01
