3.353157056029886007e+00
2.886274689808487892e-02
3.025196818634867668e-02
2.483186125755310059e-02
1.955127483233809471e-02
2.093608584254980087e-02
2.126106712967157364e-02
2.073497604578733444e-02
2.389326971024274826e-02
2.197775663807988167e-02
2.158419694751501083e-02
2.222051797434687614e-02
2.259258786216378212e-02
2.342574903741478920e-02
2.325677964836359024e-02
3.528708405792713165e-02
2.416537003591656685e-02
2.668256405740976334e-02
3.444475308060646057e-02
2.083230670541524887e-02
2.008585492148995399e-02
2.082664612680673599e-02
2.438298100605607033e-02
2.121769636869430542e-02
2.088534738868474960e-02
2.099604578688740730e-02
2.027200581505894661e-02
2.286222809925675392e-02
2.187395794317126274e-02
2.004925487563014030e-02
2.133391704410314560e-02
2.515862183645367622e-02
1.863054325804114342e-02
2.377388998866081238e-02
2.037577610462903976e-02
2.208999777212738991e-02
2.907962678000330925e-02
2.073209639638662338e-02
2.140334760770201683e-02
1.946089416742324829e-02
2.539955172687768936e-02
2.060842607170343399e-02
1.986801484599709511e-02
2.052296604961156845e-02
2.030858583748340607e-02
2.397520979866385460e-02
1.995914569124579430e-02
2.061766618862748146e-02
2.050816640257835388e-02
1.989296497777104378e-02
2.542417217046022415e-02
2.189475717023015022e-02
1.882384391501545906e-02
2.037493605166673660e-02
2.960097789764404297e-02
2.040130598470568657e-02
2.019857475534081459e-02
2.202366804704070091e-02
2.029772521927952766e-02
2.659397386014461517e-02
2.013765601441264153e-02
2.098988601937890053e-02
2.016882598400115967e-02
2.441202104091644287e-02
2.060740627348423004e-02
2.063280623406171799e-02
1.954399514943361282e-02
2.052839472889900208e-02
2.478429209440946579e-02
2.106560580432415009e-02
1.994960615411400795e-02
2.092090621590614319e-02
3.019401896744966507e-02
2.637430280447006226e-02
2.013642573729157448e-02
2.214134810492396355e-02
2.507431199774146080e-02
2.685750415548682213e-02
2.246891800314188004e-02
2.164401812478899956e-02
2.168904710561037064e-02
2.304237987846136093e-02
2.191422786563634872e-02
2.079854579642415047e-02
2.146091684699058533e-02
3.098550904542207718e-02
2.065513608977198601e-02
1.837576320394873619e-02
1.836846303194761276e-02
1.844955282285809517e-02
2.309743920341134071e-02
2.085937699303030968e-02
1.989674475044012070e-02
1.831848314031958580e-02
2.058564592152833939e-02
2.747693518176674843e-02
1.873396430164575577e-02
1.841505290940403938e-02
2.022819500416517258e-02
1.992116495966911316e-02
2.891713706776499748e-02
2.179927797988057137e-02
2.116403728723526001e-02
2.055657561868429184e-02
2.551863202825188637e-02
2.120005665346980095e-02
1.972420467063784599e-02
2.074380731210112572e-02
1.986620528623461723e-02
2.583956299349665642e-02
2.229483798146247864e-02
2.203021803870797157e-02
2.184537798166275024e-02
2.790155541151762009e-02
2.117353724315762520e-02
2.036145608872175217e-02
1.869247388094663620e-02
2.020065532997250557e-02
2.499748161062598228e-02
2.145873708650469780e-02
2.009152621030807495e-02
2.015036484226584435e-02
2.701004408299922943e-02
1.967401523143053055e-02
1.967059494927525520e-02
1.762275211513042450e-02
1.772810285910964012e-02
2.553503215312957764e-02
2.230694890022277832e-02
2.139522694051265717e-02
1.896555442363023758e-02
2.113673696294426918e-02
2.968236710876226425e-02
2.227025898173451424e-02
2.113248594105243683e-02
2.037661476060748100e-02
2.689377404749393463e-02
1.904845423996448517e-02
1.928154379129409790e-02
1.989274518564343452e-02
1.973967486992478371e-02
2.974917693063616753e-02
2.148145763203501701e-02
2.195001719519495964e-02
2.258813800290226936e-02
2.855763584375381470e-02
2.010842598974704742e-02
2.080889558419585228e-02
1.877836417406797409e-02
2.860287716612219810e-02
2.244657790288329124e-02
1.970908511430025101e-02
2.036423608660697937e-02
1.989368489012122154e-02
3.071162896230816841e-02
2.137112710624933243e-02
1.961727393791079521e-02
2.042140625417232513e-02
2.580254292115569115e-02
2.179033774882555008e-02
2.200948819518089294e-02
2.155126677826046944e-02
2.115343697369098663e-02
2.943071676418185234e-02
2.083039656281471252e-02
1.993606518954038620e-02
2.077208599075675011e-02
2.603199286386370659e-02
2.385699981823563576e-02
2.216368773952126503e-02
2.229516813531517982e-02
3.121249889954924583e-02
2.077578613534569740e-02
1.968977507203817368e-02
1.946496404707431793e-02
2.025518566370010376e-02
3.055001888424158096e-02
2.257497794926166534e-02
2.017726469784975052e-02
2.051476622000336647e-02
2.791001601144671440e-02
2.024874510243535042e-02
1.983815571293234825e-02
2.018334483727812767e-02
1.974813500419259071e-02
3.109670011326670647e-02
2.299646893516182899e-02
2.298144903033971786e-02
2.285989886149764061e-02
3.363406332209706306e-02
2.029566606506705284e-02
1.969017507508397102e-02
1.957751484587788582e-02
2.765665482729673386e-02
2.065139589831233025e-02
1.834313292056322098e-02
1.979938475415110588e-02
1.970677543431520462e-02
2.949499804526567459e-02
2.271392894908785820e-02
2.046641614288091660e-02
2.098520612344145775e-02
2.573518268764019012e-02
2.035346580669283867e-02
2.285929908975958824e-02
2.016185503453016281e-02
2.875681594014167786e-02
2.150178700685501099e-02
1.925454474985599518e-02
2.235325798392295837e-02
2.204325795173645020e-02
2.938817674294114113e-02
1.957497512921690941e-02
1.916910475119948387e-02
1.944268401712179184e-02
3.063184907659888268e-02
2.090309699997305870e-02
2.092143613845109940e-02
1.823679404333233833e-02
1.961234398186206818e-02
2.601463207975029945e-02
2.293965918943285942e-02
1.988804480060935020e-02
1.886381395161151886e-02
2.393890963867306709e-02
2.384049072861671448e-02
2.128099696710705757e-02
1.824168208986520767e-02
1.899183401837944984e-02
2.431051107123494148e-02
2.074557589367032051e-02
2.101988717913627625e-02
2.213688800111413002e-02
1.953370496630668640e-02
2.363278996199369431e-02
1.897520385682582855e-02
1.942442497238516808e-02
2.201300766319036484e-02
3.114284900948405266e-02
2.069176593795418739e-02
2.021298510953783989e-02
1.908043399453163147e-02
1.979632582515478134e-02
2.765040518715977669e-02
2.333722915500402451e-02
2.185108792036771774e-02
2.102126693353056908e-02
2.560739219188690186e-02
2.036266587674617767e-02
1.973396493121981621e-02
1.946024503558874130e-02
1.947493525221943855e-02
2.607731288298964500e-02
1.983518525958061218e-02
1.978022465482354164e-02
2.116666734218597412e-02
1.983606489375233650e-02
3.404806274920701981e-02
2.223366918042302132e-02
2.075029630213975906e-02
1.963024493306875229e-02
2.804550481960177422e-02
1.901704538613557816e-02
1.832879288122057915e-02
1.896595396101474762e-02
1.927677495405077934e-02
3.173387981951236725e-02
2.018174575641751289e-02
1.896626362577080727e-02
1.975417509675025940e-02
2.630439307540655136e-02
1.996819488704204559e-02
2.181809674948453903e-02
2.263989904895424843e-02
3.082456905394792557e-02
2.166989771649241447e-02
2.060319622978568077e-02
1.902965409681200981e-02
2.037443593144416809e-02
2.635936299338936806e-02
1.834929408505558968e-02
1.896951394155621529e-02
2.236866811290383339e-02
1.936248503625392914e-02
3.026716783642768860e-02
1.969914510846138000e-02
2.091973694041371346e-02
2.022397518157958984e-02
2.964654657989740372e-02
1.920740399509668350e-02
1.909645413979887962e-02
1.857257308438420296e-02
1.943721529096364975e-02
2.526661194860935211e-02
2.474171202629804611e-02
2.389222988858819008e-02
2.119939681142568588e-02
2.725184382870793343e-02
2.109619695693254471e-02
1.852784398943185806e-02
2.140370663255453110e-02
3.181792981922626495e-02
2.246001781895756721e-02
1.943738525733351707e-02
1.995455473661422729e-02
2.221305808052420616e-02
2.840935578569769859e-02
2.092622686177492142e-02
1.889987383037805557e-02
2.145068719983100891e-02
2.370772976428270340e-02
1.964572537690401077e-02
2.039270615205168724e-02
1.874010404571890831e-02
1.819952297955751419e-02
2.624031295999884605e-02
1.982687460258603096e-02
1.875610323622822762e-02
1.951887411996722221e-02
1.971622509881854057e-02
2.425187127664685249e-02
1.940290490165352821e-02
1.867930311709642410e-02
2.093819668516516685e-02
1.833963301032781601e-02
3.102446999400854111e-02
1.991323474794626236e-02
2.012419560924172401e-02
3.510088380426168442e-02
4.156047292053699493e-02
3.098853910341858864e-02
3.279389208182692528e-02
3.823006805032491684e-02
2.845455612987279892e-02
2.177611691877245903e-02
2.697500493377447128e-02
2.034394629299640656e-02
1.945825386792421341e-02
1.964602526277303696e-02
2.098700730130076408e-02
3.089994890615344048e-02
2.088708709925413132e-02
1.833575265482068062e-02
1.901178434491157532e-02
2.683468395844101906e-02
2.305810991674661636e-02
2.082410594448447227e-02
3.840204887092113495e-02
3.427364258095622063e-02
1.972764497622847557e-02
1.995688630267977715e-02
1.999646518379449844e-02
2.379734022542834282e-02
2.143140789121389389e-02
2.063399599865078926e-02
1.886018365621566772e-02
2.858576597645878792e-02
1.981538487598299980e-02
1.916834479197859764e-02
1.909867394715547562e-02
1.922179386019706726e-02
2.828793600201606750e-02
2.330093970522284508e-02
2.253782888874411583e-02
2.176934666931629181e-02
2.827966585755348206e-02
1.931951520964503288e-02
2.033797604963183403e-02
1.935422420501708984e-02
1.965770497918128967e-02
2.518170187249779701e-02
1.946540502831339836e-02
1.967492513358592987e-02
2.048715623095631599e-02
1.838337304070591927e-02
2.603384200483560562e-02
1.977168535813689232e-02
1.893217395991086960e-02
2.208593813702464104e-02
2.547485195100307465e-02
2.128868689760565758e-02
2.035156590864062309e-02
1.952734496444463730e-02
1.859419280663132668e-02
2.680657384917140007e-02
2.219796692952513695e-02
1.955973496660590172e-02
1.824522297829389572e-02
1.831349311396479607e-02
2.604638319462537766e-02
1.941487519070506096e-02
2.132761711254715919e-02
2.120413677766919136e-02
2.516724215820431709e-02
2.201775787398219109e-02
2.201217832043766975e-02
2.026978507637977600e-02
2.060155617073178291e-02
3.069386910647153854e-02
2.096956595778465271e-02
2.066162694245576859e-02
1.895760372281074524e-02
2.797822514548897743e-02
2.039885614067316055e-02
1.958857523277401924e-02
1.946711493656039238e-02
1.950303371995687485e-02
2.423579106107354164e-02
2.170891780406236649e-02
1.944720465689897537e-02
1.983048534020781517e-02
2.173088677227497101e-02
2.783321635797619820e-02
2.136705676093697548e-02
2.107199700549244881e-02
2.066788636147975922e-02
2.356933010742068291e-02
1.901127398014068604e-02
1.869673421606421471e-02
1.897666417062282562e-02
1.871205400675535202e-02
2.574965218082070351e-02
1.899536419659852982e-02
1.824421389028429985e-02
1.744003221392631531e-02
1.806911267340183258e-02
2.445780113339424133e-02
2.170851686969399452e-02
2.417834987863898277e-02
2.575598284602165222e-02
3.123370883986353874e-02
2.253071824088692665e-02
1.869210368022322655e-02
1.854356285184621811e-02
1.878984319046139717e-02
2.483941195532679558e-02
1.906526368111371994e-02
2.004922600463032722e-02
1.974409492686390877e-02
1.944983378052711487e-02
2.672684425488114357e-02
1.998149603605270386e-02
2.001528535038232803e-02
1.891113398596644402e-02
3.367624292150139809e-02
2.156995702534914017e-02
2.557218307629227638e-02
2.066699601709842682e-02
2.809787588194012642e-02
2.028219494968652725e-02
1.886069308966398239e-02
1.925790403038263321e-02
1.731233205646276474e-02
2.630440285429358482e-02
2.097978582605719566e-02
2.117009693756699562e-02
1.855826377868652344e-02
1.851465320214629173e-02
2.790341572836041451e-02
2.099064597859978676e-02
2.611203305423259735e-02
1.822684332728385925e-02
2.678150404244661331e-02
2.139728702604770660e-02
2.051427634432911873e-02
2.263267897069454193e-02
2.769473521038889885e-02
2.243617782369256020e-02
1.838485384359955788e-02
2.016944484785199165e-02
2.019864600151777267e-02
2.559888223186135292e-02
1.938946498557925224e-02
2.002783585339784622e-02
2.032149489969015121e-02
1.909831492230296135e-02
2.577895205467939377e-02
2.111319731920957565e-02
2.114294702187180519e-02
2.312488900497555733e-02
2.824893593788146973e-02
2.495946176350116730e-02
2.392998011782765388e-02
2.277334919199347496e-02
2.929953718557953835e-02
2.280510822311043739e-02
2.191667817533016205e-02
2.165787806734442711e-02
2.121498668566346169e-02
2.711910381913185120e-02
1.815968332812190056e-02
1.836894406005740166e-02
1.994348503649234772e-02
1.915455423295497894e-02
2.495116181671619415e-02
1.931124506518244743e-02
1.825811294838786125e-02
1.882171398028731346e-02
2.826052624732255936e-02
2.061906596645712852e-02
2.018362469971179962e-02
1.904766494408249855e-02
1.905299397185444832e-02
2.763385511934757233e-02
1.851893309503793716e-02
2.582834195345640182e-02
1.850252412259578705e-02
2.671665418893098831e-02
1.989869493991136551e-02
1.908473391085863113e-02
1.869620382785797119e-02
1.809128327295184135e-02
2.724480396136641502e-02
1.901787379756569862e-02
1.761117205023765564e-02
1.795499306172132492e-02
1.790056331083178520e-02
2.605822309851646423e-02
1.900914404541254044e-02
1.847709296271204948e-02
1.808464294299483299e-02
1.791291311383247375e-02
2.554408181458711624e-02
1.812919182702898979e-02
1.770162209868431091e-02
1.752420188859105110e-02
1.812708284705877304e-02
2.747542504221200943e-02
2.120999712496995926e-02
1.983541483059525490e-02
2.006011595949530602e-02
2.082518627867102623e-02
2.520826179534196854e-02
1.807499257847666740e-02
1.832148386165499687e-02
1.801719190552830696e-02
1.859959308058023453e-02
3.280458226799964905e-02
1.936375396326184273e-02
1.918104523792862892e-02
2.044998575001955032e-02
2.786661498248577118e-02
2.083004591986536980e-02
1.934684393927454948e-02
2.088204724714159966e-02
2.021819492802023888e-02
2.365779969841241837e-02
2.131768688559532166e-02
2.046580472961068153e-02
1.950468402355909348e-02
1.922211470082402229e-02
2.392585901543498039e-02
1.966775534674525261e-02
1.905025402083992958e-02
1.971595501527190208e-02
1.897256309166550636e-02
3.001848794519901276e-02
1.895225374028086662e-02
2.036618627607822418e-02
2.011582488194108009e-02
2.626478299498558044e-02
2.007155492901802063e-02
1.949720503762364388e-02
1.993165537714958191e-02
1.882596407085657120e-02
2.687179390341043472e-02
1.930146524682641029e-02
1.902543380856513977e-02
1.896331366151571274e-02
2.191280806437134743e-02
2.784000476822257042e-02
2.029546583071351051e-02
2.025329601019620895e-02
1.917745405808091164e-02
1.996705587953329086e-02
2.219765773043036461e-02
2.023903466761112213e-02
2.044610492885112762e-02
2.131046680733561516e-02
2.622982300817966461e-02
2.107571717351675034e-02
1.844100281596183777e-02
1.977667491883039474e-02
1.932191522791981697e-02
2.869404619559645653e-02
1.928612496703863144e-02
2.142210677266120911e-02
2.060675574466586113e-02
2.475639199838042259e-02
1.949770422652363777e-02
1.846888381987810135e-02
1.947066420689225197e-02
1.968577364459633827e-02
2.535908296704292297e-02
1.961917476728558540e-02
1.984610501676797867e-02
1.879668375477194786e-02
1.903212442994117737e-02
2.507659187540411949e-02
2.040017629042267799e-02
1.858463278040289879e-02
1.991635607555508614e-02
1.855699298903346062e-02
2.910670731216669083e-02
1.981057506054639816e-02
1.790186297148466110e-02
1.933414489030838013e-02
2.580939186736941338e-02
2.058022608980536461e-02
2.018397487699985504e-02
2.005395619198679924e-02
1.942657399922609329e-02
2.482277201488614082e-02
2.039494598284363747e-02
1.834772294387221336e-02
1.841252390295267105e-02
1.800993317738175392e-02
2.414982998743653297e-02
1.906409393996000290e-02
2.493670210242271423e-02
2.104387711733579636e-02
1.833559293299913406e-02
2.480666199699044228e-02
1.916218409314751625e-02
1.955146528780460358e-02
2.032644581049680710e-02
2.721221419051289558e-02
2.143344702199101448e-02
1.878040423616766930e-02
1.866233395412564278e-02
1.852801302447915077e-02
2.550055226311087608e-02
1.913000410422682762e-02
1.844860427081584930e-02
1.888644415885210037e-02
1.844764314591884613e-02
2.166616823524236679e-02
2.439156081527471542e-02
2.067031618207693100e-02
1.970103522762656212e-02
1.809298293665051460e-02
2.487796172499656677e-02
1.798151200637221336e-02
1.739123184233903885e-02
1.836094306781888008e-02
1.753347180783748627e-02
2.516009192913770676e-02
2.627842267975211143e-02
2.524021221324801445e-02
2.150227688252925873e-02
2.992900786921381950e-02
1.885173376649618149e-02
2.033649571239948273e-02
1.964519498869776726e-02
1.945833396166563034e-02
2.678752411156892776e-02
1.964503480121493340e-02
1.876759435981512070e-02
1.921026501804590225e-02
1.806500181555747986e-02
2.952095726504921913e-02
2.128518698737025261e-02
2.123172720894217491e-02
1.935437507927417755e-02
2.581190178170800209e-02
1.877179369330406189e-02
1.826384291052818298e-02
1.922407466918230057e-02
1.847773278132081032e-02
2.452381094917654991e-02
1.792988320812582970e-02
2.073491597548127174e-02
1.976215513423085213e-02
1.919228397309780121e-02
2.886273711919784546e-02
2.140623703598976135e-02
1.979320496320724487e-02
1.930906390771269798e-02
2.913800626993179321e-02
1.889201300218701363e-02
1.927268411964178085e-02
1.797776296734809875e-02
1.890899380668997765e-02
2.076808596029877663e-02
1.982071530073881149e-02
1.876700390130281448e-02
1.974785514175891876e-02
2.001220593228936195e-02
2.237445814535021782e-02
2.465132158249616623e-02
1.941840397194027901e-02
1.843962399289011955e-02
1.822271291166543961e-02
2.329212939366698265e-02
2.190490812063217163e-02
2.065953705459833145e-02
2.006355533376336098e-02
1.894553424790501595e-02
2.508814167231321335e-02
1.872995402663946152e-02
1.935009378939867020e-02
1.891258405521512032e-02
1.847842428833246231e-02
2.488080086186528206e-02
2.078157709911465645e-02
1.987904496490955353e-02
1.888138381764292717e-02
2.669263398274779320e-02
1.890946412459015846e-02
1.940542506054043770e-02
1.817126292735338211e-02
1.848573330789804459e-02
2.933734701946377754e-02
2.133004600182175636e-02
1.895684422925114632e-02
1.965125463902950287e-02
1.884774398058652878e-02
2.578195184469223022e-02
2.174116810783743858e-02
2.000322472304105759e-02
1.971654500812292099e-02
1.966660423204302788e-02
2.796276519075036049e-02
1.962772477418184280e-02
1.888166368007659912e-02
1.788229309022426605e-02
2.797635504975914955e-02
1.893332414329051971e-02
2.174474764615297318e-02
1.912968372926115990e-02
1.992107462137937546e-02
2.564052212983369827e-02
2.099447697401046753e-02
1.904763421043753624e-02
2.087766630575060844e-02
1.911410503089427948e-02
3.186632972210645676e-02
1.949351467192173004e-02
1.940281502902507782e-02
1.822256296873092651e-02
2.656050305813550949e-02
2.040847530588507652e-02
1.964215515181422234e-02
3.295211168006062508e-02
4.379778588190674782e-02
2.679152414202690125e-02
3.239597100764513016e-02
4.661880899220705032e-02
2.205883804708719254e-02
1.913952408358454704e-02
1.880579395219683647e-02
2.872296702116727829e-02
2.029654616490006447e-02
2.141586691141128540e-02
2.027818514034152031e-02
2.408212982118129730e-02
2.193196816369891167e-02
2.348882006481289864e-02
2.020219527184963226e-02
2.174996677786111832e-02
2.902357606217265129e-02
2.388765104115009308e-02
2.996588777750730515e-02
3.046507760882377625e-02
2.085780678316950798e-02
2.011208469048142433e-02
1.977671496570110321e-02
1.856283284723758698e-02
2.852473594248294830e-02
2.110433625057339668e-02
1.926483493298292160e-02
1.878508366644382477e-02
2.049976587295532227e-02
2.854206599295139313e-02
1.953168492764234543e-02
1.784832309931516647e-02
1.769921183586120605e-02
2.713643480092287064e-02
1.807164167985320091e-02
1.839923299849033356e-02
1.843061298131942749e-02
1.878210389986634254e-02
2.705290401354432106e-02
1.834161300212144852e-02
1.795788295567035675e-02
1.942111365497112274e-02
1.779887266457080841e-02
2.385206986218690872e-02
2.408452099189162254e-02
1.805358333513140678e-02
2.321770926937460899e-02
2.672675391659140587e-02
2.472855243831872940e-02
2.524040173739194870e-02
2.154288720339536667e-02
2.051303582265973091e-02
2.822272619232535362e-02
2.081134589388966560e-02
2.005349472165107727e-02
1.964862458407878876e-02
2.794116502627730370e-02
1.951873442158102989e-02
1.816368289291858673e-02
1.833094377070665359e-02
1.827821321785449982e-02
2.830317616462707520e-02
1.895367400720715523e-02
1.892917370423674583e-02
1.777710299938917160e-02
1.903751399368047714e-02
2.402904024347662926e-02
1.959882490336894989e-02
1.919385418295860291e-02
1.964266365393996239e-02
2.005945611745119095e-02
2.077662618830800056e-02
1.840221416205167770e-02
1.844738284125924110e-02
1.767822308465838432e-02
1.860630279406905174e-02
2.780632488429546356e-02
2.751933364197611809e-02
1.977609517052769661e-02
1.975305518135428429e-02
2.634501270949840546e-02
1.885808398947119713e-02
2.359661972150206566e-02
1.988438516855239868e-02
1.991998590528964996e-02
2.139522694051265717e-02
1.933986414223909378e-02
1.912224385887384415e-02
2.061496628448367119e-02
1.988857518881559372e-02
2.791315503418445587e-02
1.982925599440932274e-02
1.977557502686977386e-02
1.918933354318141937e-02
1.965470472350716591e-02
2.820826601237058640e-02
2.099803742021322250e-02
1.938171405345201492e-02
2.438162127509713173e-02
2.477453183382749557e-02
2.016997523605823517e-02
2.069921698421239853e-02
2.256859792396426201e-02
2.290135901421308517e-02
2.125174691900610924e-02
1.786333275958895683e-02
1.960623497143387794e-02
2.521789213642477989e-02
2.650245372205972672e-02
2.043630601838231087e-02
2.086088620126247406e-02
2.478186227381229401e-02
2.223813813179731369e-02
2.174372831359505653e-02
1.797070167958736420e-02
2.329223882406949997e-02
2.368103992193937302e-02
2.875818684697151184e-02
2.128774672746658325e-02
2.141723688691854477e-02
2.106503676623106003e-02
2.558274194598197937e-02
2.015174599364399910e-02
1.989685511216521263e-02
1.898100413382053375e-02
1.933399541303515434e-02
2.572680171579122543e-02
1.989712612703442574e-02
2.020291518419981003e-02
2.313918992877006531e-02
1.916095381602644920e-02
2.512966189533472061e-02
1.938734482973814011e-02
1.814929302781820297e-02
1.965163508430123329e-02
2.205543778836727142e-02
2.601138269528746605e-02
1.934133376926183701e-02
2.069304697215557098e-02
1.984704378992319107e-02
2.282079914584755898e-02
2.059436589479446411e-02
1.916488399729132652e-02
1.732696173712611198e-02
1.734597096219658852e-02
2.459775144234299660e-02
1.837351312860846519e-02
1.852887403219938278e-02
1.795825175940990448e-02
1.858720276504755020e-02
1.981149474158883095e-02
2.308565005660057068e-02
1.963442470878362656e-02
1.762401172891259193e-02
1.952652493491768837e-02
2.919856738299131393e-02
2.302415901795029640e-02
1.977021526545286179e-02
1.910831360146403313e-02
1.986220525577664375e-02
2.651697397232055664e-02
1.918154396116733551e-02
1.863912399858236313e-02
2.236554818227887154e-02
2.415517112240195274e-02
2.234238805249333382e-02
1.897409418597817421e-02
1.929048495367169380e-02
2.147952700033783913e-02
2.485906239598989487e-02
1.887524407356977463e-02
1.857488323003053665e-02
1.852565398439764977e-02
1.883086375892162323e-02
2.637049322947859764e-02
1.890612440183758736e-02
1.866862410679459572e-02
1.891756383702158928e-02
1.777608320116996765e-02
2.420159988105297089e-02
1.922476477921009064e-02
1.974845491349697113e-02
1.998698478564620018e-02
1.912690419703722000e-02
2.849145699292421341e-02
1.932351384311914444e-02
1.854184363037347794e-02
1.848715310916304588e-02
2.347587980329990387e-02
2.583952294662594795e-02
1.934340503066778183e-02
2.557209227234125137e-02
1.867681415751576424e-02
2.294338913634419441e-02
1.983651518821716309e-02
1.906037423759698868e-02
1.956004509702324867e-02
1.986065506935119629e-02
2.585800271481275558e-02
2.384727960452437401e-02
1.881219306960701942e-02
1.973362499848008156e-02
2.041850611567497253e-02
2.604856295511126518e-02
2.034376608207821846e-02
1.896824408322572708e-02
1.887024380266666412e-02
2.764674508944153786e-02
1.949749421328306198e-02
1.930946530774235725e-02
1.917159417644143105e-02
2.048435574397444725e-02
2.743929484859108925e-02
2.125144703313708305e-02
2.037655608728528023e-02
2.078876597806811333e-02
2.180391829460859299e-02
3.099327906966209412e-02
2.226023888215422630e-02
2.059605624526739120e-02
2.017022529616951942e-02
2.437863126397132874e-02
2.084018709138035774e-02
2.070216601714491844e-02
2.092397725209593773e-02
2.857757592573761940e-02
2.174797793850302696e-02
2.039919514209032059e-02
1.996139623224735260e-02
1.999945472925901413e-02
2.958139823749661446e-02
2.208449784666299820e-02
2.106557600200176239e-02
2.021098509430885315e-02
2.540471171960234642e-02
2.125722682103514671e-02
2.238849923014640808e-02
1.908469386398792267e-02
1.969330478459596634e-02
2.519831201061606407e-02
2.030627615749835968e-02
1.925195381045341492e-02
1.849185395985841751e-02
1.909233396872878075e-02
2.814342593774199486e-02
2.033104607835412025e-02
2.005602512508630753e-02
2.984422817826271057e-02
3.232948062941431999e-02
2.059145597741007805e-02
2.012907620519399643e-02
1.858366280794143677e-02
2.914692601189017296e-02
2.039108518511056900e-02
1.949147414416074753e-02
2.013820596039295197e-02
