1.135088771581649780e+00
5.489919707179069519e-01
4.452872797846794128e-01
3.850843235850334167e-01
3.480126187205314636e-01
3.173790946602821350e-01
2.965362593531608582e-01
2.854833267629146576e-01
2.881876751780509949e-01
2.740831822156906128e-01
2.733328640460968018e-01
2.702504172921180725e-01
2.656727284193038940e-01
2.632148675620555878e-01
2.605053707957267761e-01
2.587265223264694214e-01
2.573595345020294189e-01
2.565708048641681671e-01
2.550805807113647461e-01
2.556754946708679199e-01
2.547157518565654755e-01
2.514482773840427399e-01
2.526634596288204193e-01
2.552049495279788971e-01
2.547747194766998291e-01
2.515907883644104004e-01
2.491567395627498627e-01
2.503116764128208160e-01
2.503032088279724121e-01
2.480325810611248016e-01
2.500196471810340881e-01
2.518020272254943848e-01
2.505364306271076202e-01
2.513404563069343567e-01
2.524304427206516266e-01
2.489256672561168671e-01
2.496647946536540985e-01
2.466191835701465607e-01
2.434013672173023224e-01
2.464739680290222168e-01
2.445278652012348175e-01
2.470719181001186371e-01
2.444491684436798096e-01
2.407096922397613525e-01
2.396916300058364868e-01
2.384204156696796417e-01
2.394995577633380890e-01
2.399092428386211395e-01
2.454244866967201233e-01
2.412377372384071350e-01
2.427518293261528015e-01
2.419257238507270813e-01
2.423739247024059296e-01
2.379569262266159058e-01
2.370383329689502716e-01
2.368056029081344604e-01
2.384218312799930573e-01
2.364417947828769684e-01
2.357713244855403900e-01
2.327928915619850159e-01
2.334103062748908997e-01
2.318267300724983215e-01
2.335004098713397980e-01
2.319498248398303986e-01
2.332454323768615723e-01
2.311897277832031250e-01
2.310153655707836151e-01
2.338235601782798767e-01
2.319340631365776062e-01
2.399007715284824371e-01
2.318816892802715302e-01
2.327189333736896515e-01
2.298716418445110321e-01
2.314367443323135376e-01
2.328873388469219208e-01
2.303527630865573883e-01
2.331312373280525208e-01
2.312588952481746674e-01
2.368607036769390106e-01
2.340311966836452484e-01
2.295913323760032654e-01
2.299723364412784576e-01
2.362950779497623444e-01
2.424142397940158844e-01
2.387017160654067993e-01
2.380836680531501770e-01
2.453487478196620941e-01
2.343074344098567963e-01
2.306299656629562378e-01
2.327664606273174286e-01
2.281074672937393188e-01
2.269066385924816132e-01
2.271568402647972107e-01
2.296431697905063629e-01
2.291839905083179474e-01
2.255660779774188995e-01
2.228648960590362549e-01
2.220723293721675873e-01
2.249794900417327881e-01
2.214036099612712860e-01
2.237771637737751007e-01
2.201377041637897491e-01
2.203345336019992828e-01
2.197689302265644073e-01
2.203087024390697479e-01
2.185474596917629242e-01
2.197791300714015961e-01
2.202428951859474182e-01
2.193274646997451782e-01
2.187402918934822083e-01
2.177748605608940125e-01
2.170941121876239777e-01
2.181021347641944885e-01
2.169079482555389404e-01
2.170466668903827667e-01
2.170862518250942230e-01
2.170471437275409698e-01
2.169159278273582458e-01
2.172039747238159180e-01
2.174674533307552338e-01
2.168196402490139008e-01
2.163712531328201294e-01
2.165609672665596008e-01
2.181699424982070923e-01
2.186473868787288666e-01
2.191581688821315765e-01
2.181859165430068970e-01
2.170241214334964752e-01
2.178296484053134918e-01
2.176898159086704254e-01
2.177216969430446625e-01
2.167092189192771912e-01
2.163178808987140656e-01
2.174739465117454529e-01
2.174268774688243866e-01
2.163752987980842590e-01
2.158957719802856445e-01
2.170378603041172028e-01
2.161059826612472534e-01
2.152069807052612305e-01
2.158512659370899200e-01
2.181954756379127502e-01
2.187118232250213623e-01
2.192987911403179169e-01
2.179965898394584656e-01
2.194308601319789886e-01
2.198323607444763184e-01
2.184408605098724365e-01
2.162022478878498077e-01
2.170433402061462402e-01
2.157170176506042480e-01
2.154967598617076874e-01
2.154586054384708405e-01
2.157483473420143127e-01
2.148635461926460266e-01
2.141069360077381134e-01
2.146439552307128906e-01
2.149915769696235657e-01
2.159131988883018494e-01
2.154128998517990112e-01
2.159564234316349030e-01
2.181153781712055206e-01
2.248478867113590240e-01
2.187823876738548279e-01
2.197887450456619263e-01
2.190752848982810974e-01
2.176270261406898499e-01
2.184970229864120483e-01
2.160159721970558167e-01
2.146194875240325928e-01
2.159937247633934021e-01
2.170137576758861542e-01
2.170324251055717468e-01
2.168907709419727325e-01
2.208593003451824188e-01
2.187827974557876587e-01
2.213564142584800720e-01
2.190221175551414490e-01
2.187473736703395844e-01
2.180296517908573151e-01
2.154283337295055389e-01
2.137574441730976105e-01
2.136214300990104675e-01
2.152381353080272675e-01
2.140043899416923523e-01
2.164718843996524811e-01
2.163240499794483185e-01
2.180755138397216797e-01
2.143055312335491180e-01
2.136676162481307983e-01
2.172510176897048950e-01
2.133009210228919983e-01
2.133770622313022614e-01
2.142218984663486481e-01
2.124217078089714050e-01
2.121545411646366119e-01
2.118680812418460846e-01
2.128148265182971954e-01
2.132682502269744873e-01
2.147113457322120667e-01
2.141578085720539093e-01
2.120623663067817688e-01
2.140453159809112549e-01
2.120100259780883789e-01
2.133462168276309967e-01
2.125002667307853699e-01
2.140820696949958801e-01
2.114867046475410461e-01
2.116255238652229309e-01
2.115629576146602631e-01
2.117501087486743927e-01
2.131123095750808716e-01
2.112112008035182953e-01
2.125525213778018951e-01
2.119221650063991547e-01
2.131478972733020782e-01
2.129054963588714600e-01
2.120601050555706024e-01
2.118805870413780212e-01
2.118444107472896576e-01
2.115649953484535217e-01
2.110113427042961121e-01
2.111395671963691711e-01
2.108500339090824127e-01
2.104226835072040558e-01
2.105311341583728790e-01
2.101322375237941742e-01
2.102401331067085266e-01
2.102316468954086304e-01
2.101418636739253998e-01
2.104535959661006927e-01
2.107669301331043243e-01
2.101156078279018402e-01
2.108348049223423004e-01
2.106606736779212952e-01
2.103702910244464874e-01
2.110070735216140747e-01
2.105265595018863678e-01
2.102822624146938324e-01
2.111170366406440735e-01
2.106647863984107971e-01
2.121318690478801727e-01
2.103284150362014771e-01
2.128207162022590637e-01
2.108097113668918610e-01
2.107188291847705841e-01
2.110671922564506531e-01
2.102881297469139099e-01
2.106559425592422485e-01
2.102211229503154755e-01
2.107028141617774963e-01
2.109027653932571411e-01
2.098775394260883331e-01
2.105214595794677734e-01
2.099924162030220032e-01
2.106865830719470978e-01
2.106349319219589233e-01
2.100647054612636566e-01
2.113204114139080048e-01
2.108256854116916656e-01
2.111664414405822754e-01
2.106976993381977081e-01
2.124686948955059052e-01
2.108959592878818512e-01
2.118387483060359955e-01
2.106882855296134949e-01
2.108392901718616486e-01
2.128252387046813965e-01
2.122397832572460175e-01
2.120007090270519257e-01
2.103281579911708832e-01
2.102909050881862640e-01
2.101799473166465759e-01
2.107502445578575134e-01
2.103557959198951721e-01
2.101350799202919006e-01
2.106743641197681427e-01
2.103813737630844116e-01
2.128760926425457001e-01
2.105877585709095001e-01
2.115157023072242737e-01
2.109425030648708344e-01
2.107267789542675018e-01
2.097688689827919006e-01
2.101144120097160339e-01
2.104303315281867981e-01
2.095218151807785034e-01
2.092195637524127960e-01
2.097313366830348969e-01
2.097615487873554230e-01
2.103511393070220947e-01
2.104199603199958801e-01
2.107641510665416718e-01
2.106558755040168762e-01
2.100486308336257935e-01
2.096603065729141235e-01
2.096308544278144836e-01
2.099190540611743927e-01
2.093744687736034393e-01
2.097247093915939331e-01
2.092901058495044708e-01
2.091154418885707855e-01
2.092218585312366486e-01
2.089443840086460114e-01
2.090532705187797546e-01
2.090762928128242493e-01
2.092625983059406281e-01
2.088145315647125244e-01
2.089467905461788177e-01
2.088705785572528839e-01
2.087031453847885132e-01
2.086783908307552338e-01
2.086015827953815460e-01
2.086836919188499451e-01
2.085332944989204407e-01
2.086016125977039337e-01
2.085254974663257599e-01
2.085480429232120514e-01
2.084628492593765259e-01
2.084573619067668915e-01
2.085777595639228821e-01
2.085943110287189484e-01
2.086254321038722992e-01
2.085379622876644135e-01
2.085055522620677948e-01
2.087381295859813690e-01
2.088249325752258301e-01
2.086037471890449524e-01
2.088998034596443176e-01
2.088357806205749512e-01
2.089273333549499512e-01
2.089635580778121948e-01
2.088770195841789246e-01
2.086866386234760284e-01
2.088063992559909821e-01
2.086244188249111176e-01
2.086916379630565643e-01
2.090454772114753723e-01
2.086165882647037506e-01
2.085527330636978149e-01
2.086445651948451996e-01
2.085920684039592743e-01
2.085427045822143555e-01
2.091265693306922913e-01
2.085988558828830719e-01
2.089103683829307556e-01
2.084144316613674164e-01
2.086244225502014160e-01
2.085948474705219269e-01
2.083162032067775726e-01
2.084317728877067566e-01
2.082825116813182831e-01
2.085404247045516968e-01
2.086535096168518066e-01
2.085955664515495300e-01
2.084411941468715668e-01
2.093263082206249237e-01
2.085111476480960846e-01
2.088955380022525787e-01
2.084586210548877716e-01
2.085186913609504700e-01
2.084294557571411133e-01
2.085775621235370636e-01
2.088258154690265656e-01
2.084865905344486237e-01
2.083499021828174591e-01
2.087640576064586639e-01
2.086463905870914459e-01
2.085323482751846313e-01
2.084484510123729706e-01
2.083781585097312927e-01
2.084656469523906708e-01
2.086282856762409210e-01
2.087710797786712646e-01
2.088709361851215363e-01
2.083032093942165375e-01
2.081968002021312714e-01
2.084551341831684113e-01
2.083513215184211731e-01
2.081116996705532074e-01
2.080975957214832306e-01
2.082074247300624847e-01
2.081214897334575653e-01
2.081144787371158600e-01
2.081726603209972382e-01
2.083509080111980438e-01
2.086894810199737549e-01
2.081393040716648102e-01
2.080520689487457275e-01
2.083119004964828491e-01
2.081925645470619202e-01
2.082986123859882355e-01
2.082188762724399567e-01
2.081111818552017212e-01
2.086442373692989349e-01
2.083770446479320526e-01
2.080978341400623322e-01
2.079850770533084869e-01
2.080268226563930511e-01
2.084093540906906128e-01
2.080343738198280334e-01
2.079573683440685272e-01
2.079908624291419983e-01
2.079735994338989258e-01
2.078744433820247650e-01
2.079339511692523956e-01
2.077954858541488647e-01
2.078188695013523102e-01
2.077654208987951279e-01
2.077408879995346069e-01
2.077610418200492859e-01
2.077548839151859283e-01
2.077329419553279877e-01
2.076958417892456055e-01
2.077351436018943787e-01
2.077441923320293427e-01
2.077011615037918091e-01
2.076733894646167755e-01
2.077188715338706970e-01
2.076940909028053284e-01
2.077450603246688843e-01
2.077175900340080261e-01
2.076932862401008606e-01
2.076756171882152557e-01
2.076966725289821625e-01
2.076739445328712463e-01
2.077352218329906464e-01
2.076447904109954834e-01
2.076399661600589752e-01
2.076392769813537598e-01
2.076280005276203156e-01
2.076577879488468170e-01
2.076308391988277435e-01
2.076311483979225159e-01
2.076268196105957031e-01
2.076165936887264252e-01
2.075881212949752808e-01
2.076258808374404907e-01
2.076037526130676270e-01
2.075817957520484924e-01
2.075795643031597137e-01
2.075947821140289307e-01
2.075904682278633118e-01
2.075895331799983978e-01
2.075811251997947693e-01
2.076527401804924011e-01
2.076416574418544769e-01
2.076863832771778107e-01
2.077148072421550751e-01
2.076645903289318085e-01
2.076287940144538879e-01
2.077331580221652985e-01
2.077411897480487823e-01
2.078783251345157623e-01
2.078963033854961395e-01
2.079612277448177338e-01
2.077646218240261078e-01
2.076973691582679749e-01
2.077338248491287231e-01
2.076579034328460693e-01
2.077178508043289185e-01
2.076415233314037323e-01
2.075933925807476044e-01
2.075391300022602081e-01
2.075299061834812164e-01
2.075167894363403320e-01
2.074893154203891754e-01
2.075079344213008881e-01
2.075270228087902069e-01
2.074531391263008118e-01
2.075262665748596191e-01
2.075342573225498199e-01
2.075733914971351624e-01
2.075000852346420288e-01
2.074888236820697784e-01
2.074616104364395142e-01
2.074672952294349670e-01
2.074431851506233215e-01
2.074372731149196625e-01
2.074374258518218994e-01
2.074347808957099915e-01
2.074858173727989197e-01
2.075026035308837891e-01
2.075178958475589752e-01
2.075078710913658142e-01
2.075526006519794464e-01
2.075366005301475525e-01
2.075071856379508972e-01
2.075636126101016998e-01
2.074629366397857666e-01
2.075375132262706757e-01
2.074326090514659882e-01
2.074133045971393585e-01
2.074525505304336548e-01
2.074974328279495239e-01
2.074331641197204590e-01
2.074438445270061493e-01
2.074976488947868347e-01
2.074759006500244141e-01
2.075439356267452240e-01
2.074723877012729645e-01
2.073922008275985718e-01
2.073710076510906219e-01
2.073638848960399628e-01
2.073298916220664978e-01
2.073395624756813049e-01
2.073203437030315399e-01
2.073415666818618774e-01
2.073441781103610992e-01
2.073191143572330475e-01
2.073036991059780121e-01
2.073131911456584930e-01
2.073508687317371368e-01
2.073321677744388580e-01
2.073613703250885010e-01
2.073172479867935181e-01
2.073055878281593323e-01
2.073581516742706299e-01
2.073427699506282806e-01
2.072895728051662445e-01
2.073306478559970856e-01
2.073309719562530518e-01
2.073279172182083130e-01
2.073138505220413208e-01
2.073122151196002960e-01
2.072928324341773987e-01
2.072880938649177551e-01
2.072718068957328796e-01
2.072805501520633698e-01
2.072883658111095428e-01
2.073281444609165192e-01
2.073004320263862610e-01
2.072938904166221619e-01
2.073102779686450958e-01
2.072855234146118164e-01
2.073402628302574158e-01
2.073053084313869476e-01
2.073083184659481049e-01
2.072576135396957397e-01
2.072832696139812469e-01
2.072410620748996735e-01
2.072686180472373962e-01
2.072429545223712921e-01
2.072501815855503082e-01
2.072553634643554688e-01
2.072388045489788055e-01
2.072420492768287659e-01
2.072539851069450378e-01
2.072435542941093445e-01
2.072461247444152832e-01
2.072186209261417389e-01
2.072189189493656158e-01
2.072187364101409912e-01
2.072273679077625275e-01
2.072241269052028656e-01
2.072248496115207672e-01
2.072630301117897034e-01
2.072249241173267365e-01
2.072887346148490906e-01
2.072476074099540710e-01
2.072334587574005127e-01
2.072114311158657074e-01
2.072038501501083374e-01
2.071978114545345306e-01
2.071986347436904907e-01
2.072088122367858887e-01
2.072021588683128357e-01
2.072683908045291901e-01
2.072033770382404327e-01
2.071971036493778229e-01
2.071897387504577637e-01
2.071881443262100220e-01
2.071928232908248901e-01
2.072054520249366760e-01
2.071871012449264526e-01
2.071752697229385376e-01
2.071886062622070312e-01
2.071941122412681580e-01
2.071700878441333771e-01
2.071844115853309631e-01
2.071649767458438873e-01
2.071664035320281982e-01
2.071570083498954773e-01
2.071820199489593506e-01
2.071727961301803589e-01
2.071656771004199982e-01
2.071569599211215973e-01
2.071639224886894226e-01
2.071732990443706512e-01
2.071684114634990692e-01
2.071466371417045593e-01
2.071567736566066742e-01
2.071444392204284668e-01
2.071383874863386154e-01
2.071734666824340820e-01
2.071360424160957336e-01
2.071304246783256531e-01
2.071460448205471039e-01
2.071314342319965363e-01
2.071232274174690247e-01
2.071149125695228577e-01
2.071099728345870972e-01
2.071113660931587219e-01
2.071128301322460175e-01
2.071075402200222015e-01
2.071175575256347656e-01
2.071065530180931091e-01
2.071064896881580353e-01
2.071140855550765991e-01
2.071046121418476105e-01
2.071088328957557678e-01
2.071052454411983490e-01
2.071050368249416351e-01
2.070958837866783142e-01
2.071025744080543518e-01
2.070914581418037415e-01
2.071079276502132416e-01
2.070904523134231567e-01
2.070940695703029633e-01
2.070946246385574341e-01
2.070957459509372711e-01
2.070906274020671844e-01
2.070993259549140930e-01
2.071065902709960938e-01
2.070942558348178864e-01
2.070923037827014923e-01
2.071140110492706299e-01
2.070844992995262146e-01
2.071180790662765503e-01
2.070841826498508453e-01
2.070808522403240204e-01
2.070910595357418060e-01
2.070733420550823212e-01
2.070878148078918457e-01
2.070787176489830017e-01
2.070869170129299164e-01
2.070780098438262939e-01
2.070768922567367554e-01
2.070721648633480072e-01
2.070675566792488098e-01
2.070686705410480499e-01
2.070694118738174438e-01
2.070666402578353882e-01
2.070701941847801208e-01
2.070691399276256561e-01
2.070651203393936157e-01
2.070831507444381714e-01
2.070654891431331635e-01
2.070589326322078705e-01
2.070576976984739304e-01
2.070546261966228485e-01
2.070571631193161011e-01
2.070678472518920898e-01
2.070649266242980957e-01
2.070556208491325378e-01
2.070751190185546875e-01
2.070727162063121796e-01
2.070556692779064178e-01
2.070453204214572906e-01
2.070439346134662628e-01
2.070502601563930511e-01
2.070984095335006714e-01
2.070616520941257477e-01
2.070703282952308655e-01
2.070568799972534180e-01
2.070427052676677704e-01
2.070448584854602814e-01
2.070438228547573090e-01
2.070383504033088684e-01
2.070382349193096161e-01
2.070536240935325623e-01
2.070339061319828033e-01
2.070297002792358398e-01
2.070280574262142181e-01
2.070384137332439423e-01
2.070337347686290741e-01
2.070295438170433044e-01
2.070323787629604340e-01
2.070328220725059509e-01
2.070344127714633942e-01
2.070392742753028870e-01
2.070323154330253601e-01
2.070400230586528778e-01
2.070264928042888641e-01
2.070290558040142059e-01
2.070145383477210999e-01
2.070236690342426300e-01
2.070208415389060974e-01
2.070243656635284424e-01
2.070068567991256714e-01
2.070184238255023956e-01
2.070210874080657959e-01
2.070112414658069611e-01
2.070355564355850220e-01
2.070063762366771698e-01
2.070061303675174713e-01
2.070350684225559235e-01
2.070073522627353668e-01
2.070257402956485748e-01
2.070008590817451477e-01
2.069983929395675659e-01
2.069967687129974365e-01
2.069981321692466736e-01
2.069939337670803070e-01
2.070004865527153015e-01
2.069942392408847809e-01
2.070073708891868591e-01
2.069936580955982208e-01
2.069951444864273071e-01
2.069956809282302856e-01
2.069968096911907196e-01
2.069907560944557190e-01
2.069934532046318054e-01
2.069906070828437805e-01
2.069865502417087555e-01
2.069939225912094116e-01
2.069863565266132355e-01
2.069949433207511902e-01
2.069921977818012238e-01
2.069889530539512634e-01
2.069910056889057159e-01
2.069884687662124634e-01
2.069873549044132233e-01
2.069922238588333130e-01
2.069793380796909332e-01
2.069858834147453308e-01
2.069826722145080566e-01
2.069837749004364014e-01
2.069832794368267059e-01
2.070065252482891083e-01
2.069751881062984467e-01
2.069876752793788910e-01
2.069800198078155518e-01
2.069778628647327423e-01
2.069858536124229431e-01
2.069940231740474701e-01
2.069731391966342926e-01
2.069737687706947327e-01
2.069715298712253571e-01
2.069778814911842346e-01
2.069803997874259949e-01
2.069740816950798035e-01
2.069785594940185547e-01
2.069677375257015228e-01
2.069934643805027008e-01
2.069763615727424622e-01
2.069803960621356964e-01
2.069675587117671967e-01
2.069644555449485779e-01
2.069699801504611969e-01
2.069657370448112488e-01
2.069686949253082275e-01
2.069779895246028900e-01
2.069643922150135040e-01
2.069625407457351685e-01
2.069688439369201660e-01
2.069598361849784851e-01
2.069650255143642426e-01
2.069645971059799194e-01
2.069633267819881439e-01
2.069707699120044708e-01
2.069595865905284882e-01
2.069574594497680664e-01
2.069568708539009094e-01
2.069585323333740234e-01
2.069630213081836700e-01
2.069553993642330170e-01
2.069578357040882111e-01
2.069594599306583405e-01
2.069549933075904846e-01
2.069525085389614105e-01
2.069590464234352112e-01
2.069561332464218140e-01
2.069587111473083496e-01
2.069526687264442444e-01
2.069471925497055054e-01
2.069697454571723938e-01
2.069456540048122406e-01
2.069487646222114563e-01
2.069444060325622559e-01
2.069466374814510345e-01
2.069471515715122223e-01
2.069669067859649658e-01
2.069580480456352234e-01
2.069537043571472168e-01
2.069457583129405975e-01
2.069473564624786377e-01
2.069501504302024841e-01
2.069458849728107452e-01
2.069411352276802063e-01
2.069406509399414062e-01
2.069403566420078278e-01
2.069375291466712952e-01
2.069376818835735321e-01
2.069362662732601166e-01
2.069362699985504150e-01
2.069328986108303070e-01
2.069333679974079132e-01
2.069402262568473816e-01
2.069348357617855072e-01
2.069343253970146179e-01
2.069338075816631317e-01
2.069356441497802734e-01
2.069315314292907715e-01
2.069336436688899994e-01
2.069462575018405914e-01
2.069283537566661835e-01
2.069263793528079987e-01
2.069283723831176758e-01
2.069312334060668945e-01
2.069368660449981689e-01
2.069280110299587250e-01
2.069279626011848450e-01
2.069253139197826385e-01
2.069273851811885834e-01
2.069324105978012085e-01
2.069300450384616852e-01
2.069247141480445862e-01
2.069256305694580078e-01
2.069253288209438324e-01
2.069267258048057556e-01
2.069282457232475281e-01
2.069229297339916229e-01
2.069213874638080597e-01
2.069247402250766754e-01
2.069231644272804260e-01
2.069229222834110260e-01
2.069204151630401611e-01
2.069238871335983276e-01
2.069224193692207336e-01
2.069211751222610474e-01
2.069242335855960846e-01
2.069231346249580383e-01
2.069254405796527863e-01
2.069176957011222839e-01
2.069194838404655457e-01
2.069226130843162537e-01
2.069218195974826813e-01
2.069173268973827362e-01
2.069179899990558624e-01
2.069178596138954163e-01
2.069152109324932098e-01
2.069195955991744995e-01
2.069153264164924622e-01
2.069165706634521484e-01
2.069162316620349884e-01
2.069161720573902130e-01
2.069157026708126068e-01
2.069155760109424591e-01
2.069119475781917572e-01
2.069199457764625549e-01
2.069162428379058838e-01
2.069121301174163818e-01
2.069136872887611389e-01
2.069112583994865417e-01
2.069175653159618378e-01
2.069150395691394806e-01
2.069174610078334808e-01
2.069140262901782990e-01
2.069126889109611511e-01
2.069144323468208313e-01
2.069120146334171295e-01
2.069107331335544586e-01
2.069094590842723846e-01
2.069068513810634613e-01
2.069072239100933075e-01
2.069075442850589752e-01
2.069059945642948151e-01
2.069064639508724213e-01
2.069075070321559906e-01
2.069066800177097321e-01
2.069046534597873688e-01
2.069091796875000000e-01
2.069073691964149475e-01
2.069082595407962799e-01
2.069186344742774963e-01
2.069034650921821594e-01
2.069081738591194153e-01
2.069055214524269104e-01
2.069035358726978302e-01
2.069049030542373657e-01
2.069022879004478455e-01
2.069046087563037872e-01
2.069043293595314026e-01
2.069094926118850708e-01
2.069022022187709808e-01
2.069029770791530609e-01
2.069048136472702026e-01
2.069072797894477844e-01
2.068992257118225098e-01
2.068996317684650421e-01
2.068986296653747559e-01
2.069127187132835388e-01
2.069007270038127899e-01
2.068993262946605682e-01
2.068985663354396820e-01
2.068957723677158356e-01
2.069008722901344299e-01
2.068955861032009125e-01
2.068976461887359619e-01
2.068942822515964508e-01
2.068946361541748047e-01
2.068935930728912354e-01
2.068947702646255493e-01
2.068939991295337677e-01
2.068940177559852600e-01
2.068938799202442169e-01
2.068974748253822327e-01
2.068931087851524353e-01
2.068926878273487091e-01
2.068945802748203278e-01
2.068926058709621429e-01
2.068918757140636444e-01
2.068934999406337738e-01
2.068910896778106689e-01
2.068921811878681183e-01
2.068917825818061829e-01
2.068913318216800690e-01
2.068913392722606659e-01
2.068950757384300232e-01
2.068892791867256165e-01
2.068901546299457550e-01
2.068930231034755707e-01
2.068935371935367584e-01
2.068899497389793396e-01
2.068902291357517242e-01
2.068901248276233673e-01
2.068904787302017212e-01
2.068893015384674072e-01
2.068911232054233551e-01
2.068913578987121582e-01
2.068896852433681488e-01
2.068949416279792786e-01
2.068883851170539856e-01
2.068874835968017578e-01
2.068879269063472748e-01
2.068908885121345520e-01
2.068896591663360596e-01
2.068866156041622162e-01
2.068889848887920380e-01
2.068863622844219208e-01
2.068856470286846161e-01
2.068856656551361084e-01
2.068875022232532501e-01
2.068865485489368439e-01
2.068849653005599976e-01
2.068867683410644531e-01
2.068867720663547516e-01
2.068867161870002747e-01
2.068840712308883667e-01
2.068851701915264130e-01
2.068876698613166809e-01
2.068855836987495422e-01
2.068878486752510071e-01
2.068845406174659729e-01
2.068832367658615112e-01
2.068878784775733948e-01
2.068844474852085114e-01
2.068832069635391235e-01
2.068835832178592682e-01
2.068833559751510620e-01
2.068849466741085052e-01
2.068817354738712311e-01
2.068819440901279449e-01
2.068860754370689392e-01
2.068818621337413788e-01
2.068853974342346191e-01
2.068843133747577667e-01
2.068852595984935760e-01
2.068817168474197388e-01
2.068802751600742340e-01
2.068809308111667633e-01
2.068808227777481079e-01
2.068805731832981110e-01
2.068792730569839478e-01
2.068791836500167847e-01
2.068790160119533539e-01
2.068786285817623138e-01
2.068783380091190338e-01
2.068806253373622894e-01
2.068789415061473846e-01
2.068788148462772369e-01
2.068788446485996246e-01
2.068769186735153198e-01
2.068779505789279938e-01
2.068829163908958435e-01
2.068770453333854675e-01
2.068775147199630737e-01
2.068787999451160431e-01
2.068771570920944214e-01
2.068763375282287598e-01
2.068769484758377075e-01
2.068768031895160675e-01
2.068760469555854797e-01
2.068768925964832306e-01
2.068755403161048889e-01
2.068753913044929504e-01
2.068752646446228027e-01
2.068749107420444489e-01
2.068752273917198181e-01
