2.244430887699127197e+01
7.281211376190185547e+00
6.900631129741668701e+00
3.624915778636932373e+00
3.217582762241363525e+00
3.443895995616912842e+00
3.744208693504333496e+00
3.528379797935485840e+00
3.442814290523529053e+00
3.566091954708099365e+00
3.473990380764007568e+00
3.352132141590118408e+00
3.421161949634552002e+00
3.495727837085723877e+00
3.468941390514373779e+00
3.440512448549270630e+00
3.421540021896362305e+00
3.461382746696472168e+00
3.475544691085815430e+00
3.394457578659057617e+00
3.438749074935913086e+00
3.422957777976989746e+00
3.380991935729980469e+00
3.417325139045715332e+00
3.357842206954956055e+00
3.456135332584381104e+00
3.373419880867004395e+00
3.405419588088989258e+00
3.368882834911346436e+00
3.410946905612945557e+00
3.332743048667907715e+00
3.397628128528594971e+00
3.334598779678344727e+00
3.423425137996673584e+00
3.314088672399520874e+00
3.454115569591522217e+00
3.329834759235382080e+00
3.399981737136840820e+00
3.296564638614654541e+00
3.405849277973175049e+00
3.312361001968383789e+00
3.382617831230163574e+00
3.361383795738220215e+00
3.324548900127410889e+00
3.316112458705902100e+00
3.358792662620544434e+00
3.355214536190032959e+00
3.314153373241424561e+00
3.319148421287536621e+00
3.382344424724578857e+00
3.257475137710571289e+00
3.316987037658691406e+00
3.363375008106231689e+00
3.319142460823059082e+00
3.248488426208496094e+00
3.383800208568572998e+00
3.295782208442687988e+00
3.284273028373718262e+00
3.345025420188903809e+00
3.277737736701965332e+00
3.302619397640228271e+00
3.296089887619018555e+00
3.305444896221160889e+00
3.309681832790374756e+00
3.302907645702362061e+00
3.267828106880187988e+00
3.316024661064147949e+00
3.276040852069854736e+00
3.296448588371276855e+00
3.288124203681945801e+00
3.316805601119995117e+00
3.246554642915725708e+00
3.303110837936401367e+00
3.280938744544982910e+00
3.322074353694915771e+00
3.255894899368286133e+00
3.275984406471252441e+00
3.274889409542083740e+00
3.285528063774108887e+00
3.286714971065521240e+00
3.271319776773452759e+00
3.296873450279235840e+00
3.220377624034881592e+00
3.328480064868927002e+00
3.274872541427612305e+00
3.245008051395416260e+00
3.306098937988281250e+00
3.256143510341644287e+00
3.231875061988830566e+00
3.308531105518341064e+00
3.231858193874359131e+00
3.319040060043334961e+00
3.251202642917633057e+00
3.264875948429107666e+00
3.262512087821960449e+00
3.275885999202728271e+00
3.240900635719299316e+00
3.274685382843017578e+00
3.234216570854187012e+00
3.277713596820831299e+00
3.269804477691650391e+00
3.224281013011932373e+00
3.251832067966461182e+00
3.255196869373321533e+00
3.258685290813446045e+00
3.252895414829254150e+00
3.252784311771392822e+00
3.268380820751190186e+00
3.239513278007507324e+00
3.262120664119720459e+00
3.240498632192611694e+00
3.248640060424804688e+00
3.267362326383590698e+00
3.247254371643066406e+00
3.245115935802459717e+00
3.261887907981872559e+00
3.248818576335906982e+00
3.245187222957611084e+00
3.244586288928985596e+00
3.259152829647064209e+00
3.243316233158111572e+00
3.250420749187469482e+00
3.256313204765319824e+00
3.245359361171722412e+00
3.252799689769744873e+00
3.248428165912628174e+00
3.242049992084503174e+00
3.253785789012908936e+00
3.246225893497467041e+00
3.229371309280395508e+00
3.269845843315124512e+00
3.225087165832519531e+00
3.237165212631225586e+00
3.261863708496093750e+00
3.225409567356109619e+00
3.257109582424163818e+00
3.256170690059661865e+00
3.217920839786529541e+00
3.260317683219909668e+00
3.242654800415039062e+00
3.224797099828720093e+00
3.242601573467254639e+00
3.260610699653625488e+00
3.225950539112091064e+00
3.246400415897369385e+00
3.250426471233367920e+00
3.219271957874298096e+00
3.250181198120117188e+00
3.247489452362060547e+00
3.219415843486785889e+00
3.254623711109161377e+00
3.212665557861328125e+00
3.252489030361175537e+00
3.234638571739196777e+00
3.229474365711212158e+00
3.248672425746917725e+00
3.233900427818298340e+00
3.238655149936676025e+00
3.223073005676269531e+00
3.258122622966766357e+00
3.219227075576782227e+00
3.245274007320404053e+00
3.239286839962005615e+00
3.201286256313323975e+00
3.247616291046142578e+00
3.247530162334442139e+00
3.206358194351196289e+00
3.258619487285614014e+00
3.201954305171966553e+00
3.237544000148773193e+00
3.259650230407714844e+00
3.216869413852691650e+00
3.236840784549713135e+00
3.251615762710571289e+00
3.207601308822631836e+00
3.254861712455749512e+00
3.211980938911437988e+00
3.248436450958251953e+00
3.219154238700866699e+00
3.237289965152740479e+00
3.218782007694244385e+00
3.241688311100006104e+00
3.232384860515594482e+00
3.227154970169067383e+00
3.228365242481231689e+00
3.220853328704833984e+00
3.245404601097106934e+00
3.223338901996612549e+00
3.213471829891204834e+00
3.249931931495666504e+00
3.203377485275268555e+00
3.226470649242401123e+00
3.242405891418457031e+00
3.215648472309112549e+00
3.238393723964691162e+00
3.220071315765380859e+00
3.231871724128723145e+00
3.226790249347686768e+00
3.227725028991699219e+00
3.223198950290679932e+00
3.231480121612548828e+00
3.236084669828414917e+00
3.226222455501556396e+00
3.229610145092010498e+00
3.222272634506225586e+00
3.221596181392669678e+00
3.231346189975738525e+00
3.240219950675964355e+00
3.209719717502593994e+00
3.218614161014556885e+00
3.241672694683074951e+00
3.209429591894149780e+00
3.222901403903961182e+00
3.232166707515716553e+00
3.235362768173217773e+00
3.194430291652679443e+00
3.241780340671539307e+00
3.226450979709625244e+00
3.218679785728454590e+00
3.232025682926177979e+00
3.228852093219757080e+00
3.206035792827606201e+00
3.239010065793991089e+00
3.234470844268798828e+00
3.212646424770355225e+00
3.219993591308593750e+00
3.228460788726806641e+00
3.222438454627990723e+00
3.228985071182250977e+00
3.227154076099395752e+00
3.217332303524017334e+00
3.232995271682739258e+00
3.217808425426483154e+00
3.217019617557525635e+00
3.237552762031555176e+00
3.219444215297698975e+00
3.221552491188049316e+00
3.222910523414611816e+00
3.224293410778045654e+00
3.216325998306274414e+00
3.222566723823547363e+00
3.233102083206176758e+00
3.227205395698547363e+00
3.214032888412475586e+00
3.221181154251098633e+00
3.238279968500137329e+00
3.212626636028289795e+00
3.217961907386779785e+00
3.231245517730712891e+00
3.219892740249633789e+00
3.224249064922332764e+00
3.226647078990936279e+00
3.219943702220916748e+00
3.219436526298522949e+00
3.225195080041885376e+00
3.218820154666900635e+00
3.220506131649017334e+00
3.228766083717346191e+00
3.223819673061370850e+00
3.220977187156677246e+00
3.214383780956268311e+00
3.227888405323028564e+00
3.230808675289154053e+00
3.220459878444671631e+00
3.217364311218261719e+00
3.227150619029998779e+00
3.222244977951049805e+00
3.215878129005432129e+00
3.227309405803680420e+00
3.223764419555664062e+00
3.219086945056915283e+00
3.217186391353607178e+00
3.223454535007476807e+00
3.220532655715942383e+00
3.214205026626586914e+00
3.225257158279418945e+00
3.224004864692687988e+00
3.216756165027618408e+00
3.224230229854583740e+00
3.224701046943664551e+00
3.221361935138702393e+00
3.219067096710205078e+00
3.219807446002960205e+00
3.230317890644073486e+00
3.218980967998504639e+00
3.211051940917968750e+00
3.225790202617645264e+00
3.222319364547729492e+00
3.221696496009826660e+00
3.224893569946289062e+00
3.201413691043853760e+00
3.229619145393371582e+00
3.236224204301834106e+00
3.203808724880218506e+00
3.218219578266143799e+00
3.223977088928222656e+00
3.230724036693572998e+00
3.208194732666015625e+00
3.216421782970428467e+00
3.228982686996459961e+00
3.207694113254547119e+00
3.222695708274841309e+00
3.222388625144958496e+00
3.219325363636016846e+00
3.209281504154205322e+00
3.228964924812316895e+00
3.223374724388122559e+00
3.219609022140502930e+00
3.209125399589538574e+00
3.224588930606842041e+00
3.220164060592651367e+00
3.216414093971252441e+00
3.218166947364807129e+00
3.223542094230651855e+00
3.213518559932708740e+00
3.214629113674163818e+00
3.223123669624328613e+00
3.223594307899475098e+00
3.215428411960601807e+00
3.217501223087310791e+00
3.222266435623168945e+00
3.218751370906829834e+00
3.215629041194915771e+00
3.219255983829498291e+00
3.218100249767303467e+00
3.217332482337951660e+00
3.223438322544097900e+00
3.220080554485321045e+00
3.220033228397369385e+00
3.217020630836486816e+00
3.220610976219177246e+00
3.219197392463684082e+00
3.221184849739074707e+00
3.213477134704589844e+00
3.226502418518066406e+00
3.217870771884918213e+00
3.216178238391876221e+00
3.220366656780242920e+00
3.215442359447479248e+00
3.215490221977233887e+00
3.222998619079589844e+00
3.219811260700225830e+00
3.216323554515838623e+00
3.218903958797454834e+00
3.217303931713104248e+00
3.223388075828552246e+00
3.222366869449615479e+00
3.213057219982147217e+00
3.215310394763946533e+00
3.222930908203125000e+00
3.218478381633758545e+00
3.212386429309844971e+00
3.220990687608718872e+00
3.212466359138488770e+00
3.221184760332107544e+00
3.220192313194274902e+00
3.213744223117828369e+00
3.215396046638488770e+00
3.224667608737945557e+00
3.217817485332489014e+00
3.214063942432403564e+00
3.217215389013290405e+00
3.219683408737182617e+00
3.216405510902404785e+00
3.219148993492126465e+00
3.218361198902130127e+00
3.216838300228118896e+00
3.218935251235961914e+00
3.216999173164367676e+00
3.216085672378540039e+00
3.214163780212402344e+00
3.223170578479766846e+00
3.220198273658752441e+00
3.215707957744598389e+00
3.216443717479705811e+00
3.214834928512573242e+00
3.212153255939483643e+00
3.220896780490875244e+00
3.221791625022888184e+00
3.215281426906585693e+00
3.218291282653808594e+00
3.217109560966491699e+00
3.215551376342773438e+00
3.217248797416687012e+00
3.222322583198547363e+00
3.215420484542846680e+00
3.214920938014984131e+00
3.214961886405944824e+00
3.219843089580535889e+00
3.219045996665954590e+00
3.214579820632934570e+00
3.216923117637634277e+00
3.221020549535751343e+00
3.214312732219696045e+00
3.213583469390869141e+00
3.223490953445434570e+00
3.216315388679504395e+00
3.209487497806549072e+00
3.216643631458282471e+00
3.223712146282196045e+00
3.218671858310699463e+00
3.213425338268280029e+00
3.214090228080749512e+00
3.214623272418975830e+00
3.219343066215515137e+00
3.215646505355834961e+00
3.217011511325836182e+00
3.217686414718627930e+00
3.217527717351913452e+00
3.215827286243438721e+00
3.215263962745666504e+00
3.215317547321319580e+00
3.216398596763610840e+00
3.214986979961395264e+00
3.217578291893005371e+00
3.220719158649444580e+00
3.214750289916992188e+00
3.214758992195129395e+00
3.214291512966156006e+00
3.215768873691558838e+00
3.216030716896057129e+00
3.218266189098358154e+00
3.218465745449066162e+00
3.216954708099365234e+00
3.215812861919403076e+00
3.214555799961090088e+00
3.215666592121124268e+00
3.216558873653411865e+00
3.215788483619689941e+00
3.217725127935409546e+00
3.217350900173187256e+00
3.216072916984558105e+00
3.216102480888366699e+00
3.215507507324218750e+00
3.216347575187683105e+00
3.214739501476287842e+00
3.216316610574722290e+00
3.218664348125457764e+00
3.215699315071105957e+00
3.215400218963623047e+00
3.215373516082763672e+00
3.215319275856018066e+00
3.217345178127288818e+00
3.214777052402496338e+00
3.216063916683197021e+00
3.214349687099456787e+00
3.216001033782958984e+00
3.217419385910034180e+00
3.220211803913116455e+00
3.214453041553497314e+00
3.214683175086975098e+00
3.213603615760803223e+00
3.217137992382049561e+00
3.212437868118286133e+00
3.217475056648254395e+00
3.215978384017944336e+00
3.219438791275024414e+00
3.215900659561157227e+00
3.213807046413421631e+00
3.217876613140106201e+00
3.212333559989929199e+00
3.216903805732727051e+00
3.215045213699340820e+00
3.216168165206909180e+00
3.216216027736663818e+00
3.215269446372985840e+00
3.215565800666809082e+00
3.215356886386871338e+00
3.215062916278839111e+00
3.214632391929626465e+00
3.217442750930786133e+00
3.214423656463623047e+00
3.216063916683197021e+00
3.215636610984802246e+00
3.217629700899124146e+00
3.215739548206329346e+00
3.213332712650299072e+00
3.214319169521331787e+00
3.216900467872619629e+00
3.216498970985412598e+00
3.216697335243225098e+00
3.213371455669403076e+00
3.215892195701599121e+00
3.213064014911651611e+00
3.217566430568695068e+00
3.214551210403442383e+00
3.217164516448974609e+00
3.215897321701049805e+00
3.214858055114746094e+00
3.215675711631774902e+00
3.213471472263336182e+00
3.215140700340270996e+00
3.215390384197235107e+00
3.217445552349090576e+00
3.214380800724029541e+00
3.215493142604827881e+00
3.217304408550262451e+00
3.215462625026702881e+00
3.212542414665222168e+00
3.214841544628143311e+00
3.221540272235870361e+00
3.216850459575653076e+00
3.213151395320892334e+00
3.214881598949432373e+00
3.214222252368927002e+00
3.215107262134552002e+00
3.215750575065612793e+00
3.213920176029205322e+00
3.212864577770233154e+00
3.214565157890319824e+00
3.216217070817947388e+00
3.216029345989227295e+00
3.217179059982299805e+00
3.214926421642303467e+00
3.215425610542297363e+00
3.216362178325653076e+00
3.214743971824645996e+00
3.212839066982269287e+00
3.214313387870788574e+00
3.215061068534851074e+00
3.213829219341278076e+00
3.216929852962493896e+00
3.214422583580017090e+00
3.212909311056137085e+00
3.215511739253997803e+00
3.215493679046630859e+00
3.216296315193176270e+00
3.216762483119964600e+00
3.214517831802368164e+00
3.215206086635589600e+00
3.214473187923431396e+00
3.215283334255218506e+00
3.214641690254211426e+00
3.212618887424468994e+00
3.214170217514038086e+00
3.217377245426177979e+00
3.216095209121704102e+00
3.215495705604553223e+00
3.216640591621398926e+00
3.213960856199264526e+00
3.214035630226135254e+00
3.214035153388977051e+00
3.213231861591339111e+00
3.215372502803802490e+00
3.216616034507751465e+00
3.216127693653106689e+00
3.214786410331726074e+00
3.213021278381347656e+00
3.213229238986968994e+00
3.215399086475372314e+00
3.214531481266021729e+00
3.214866638183593750e+00
3.215295195579528809e+00
3.215271294116973877e+00
3.214621484279632568e+00
3.213697582483291626e+00
3.215565562248229980e+00
3.214664280414581299e+00
3.216114997863769531e+00
3.215499579906463623e+00
3.214458465576171875e+00
3.214743465185165405e+00
3.214210361242294312e+00
3.214351177215576172e+00
3.214713156223297119e+00
3.213859915733337402e+00
3.214450180530548096e+00
3.216377019882202148e+00
3.216342091560363770e+00
3.214465141296386719e+00
3.213787317276000977e+00
3.213178634643554688e+00
3.214662134647369385e+00
3.214650988578796387e+00
3.214778065681457520e+00
3.214678823947906494e+00
3.216156303882598877e+00
3.214946508407592773e+00
3.214693069458007812e+00
3.213773965835571289e+00
3.213285148143768311e+00
3.214040398597717285e+00
3.214712500572204590e+00
3.216140270233154297e+00
3.215113103389739990e+00
3.213621675968170166e+00
3.214357733726501465e+00
3.214891016483306885e+00
3.213835358619689941e+00
3.214313507080078125e+00
3.214062631130218506e+00
3.214154362678527832e+00
3.215758562088012695e+00
3.213941931724548340e+00
3.215321838855743408e+00
3.214558064937591553e+00
3.213640570640563965e+00
3.214431047439575195e+00
3.214648246765136719e+00
3.214495807886123657e+00
3.213775098323822021e+00
3.214451611042022705e+00
3.214481949806213379e+00
3.214182376861572266e+00
3.213670909404754639e+00
3.214446723461151123e+00
3.215033292770385742e+00
3.214525103569030762e+00
3.213994979858398438e+00
3.213898360729217529e+00
3.214678406715393066e+00
3.215021252632141113e+00
3.214901149272918701e+00
3.215082645416259766e+00
3.214895904064178467e+00
3.214400768280029297e+00
3.214796006679534912e+00
3.214347839355468750e+00
3.213767826557159424e+00
3.213623225688934326e+00
3.213570892810821533e+00
3.214214682579040527e+00
3.214946687221527100e+00
3.214622557163238525e+00
3.213853120803833008e+00
3.213923752307891846e+00
3.214657247066497803e+00
3.215206563472747803e+00
3.213946878910064697e+00
3.213894665241241455e+00
3.214313626289367676e+00
3.214617908000946045e+00
3.214712321758270264e+00
3.214177668094635010e+00
3.213476836681365967e+00
3.213205695152282715e+00
3.213857531547546387e+00
3.214810252189636230e+00
3.214717149734497070e+00
3.214265406131744385e+00
3.214254140853881836e+00
3.214365303516387939e+00
3.214330673217773438e+00
3.214089274406433105e+00
3.213667511940002441e+00
3.214295923709869385e+00
3.215627014636993408e+00
3.215306222438812256e+00
3.214389681816101074e+00
3.214209675788879395e+00
3.214218258857727051e+00
3.214062809944152832e+00
3.213243007659912109e+00
3.213715374469757080e+00
3.214292109012603760e+00
3.213458895683288574e+00
3.214306712150573730e+00
3.215030968189239502e+00
3.214376747608184814e+00
3.214042186737060547e+00
3.214550435543060303e+00
3.213781535625457764e+00
3.213818579912185669e+00
3.214293122291564941e+00
3.214350581169128418e+00
3.214821755886077881e+00
3.214439928531646729e+00
3.213459253311157227e+00
3.213504314422607422e+00
3.213953495025634766e+00
3.214948564767837524e+00
3.214923918247222900e+00
3.214210212230682373e+00
3.214163362979888916e+00
3.214446306228637695e+00
3.214329183101654053e+00
3.214574992656707764e+00
3.213816881179809570e+00
3.213091850280761719e+00
3.213262915611267090e+00
3.213243544101715088e+00
3.213961601257324219e+00
3.214124381542205811e+00
3.213412702083587646e+00
3.214390039443969727e+00
3.214667916297912598e+00
3.214326083660125732e+00
3.214094042778015137e+00
3.213969409465789795e+00
3.214064061641693115e+00
3.213909327983856201e+00
3.214798271656036377e+00
3.214711070060729980e+00
3.213069796562194824e+00
3.212795555591583252e+00
3.213349938392639160e+00
3.215120196342468262e+00
3.214962601661682129e+00
3.213531136512756348e+00
3.213303565979003906e+00
3.213538587093353271e+00
3.213520288467407227e+00
3.213819742202758789e+00
3.214391559362411499e+00
3.214884698390960693e+00
3.214943885803222656e+00
3.214116990566253662e+00
3.213533341884613037e+00
3.214103341102600098e+00
3.214044094085693359e+00
3.213539242744445801e+00
3.213531881570816040e+00
3.213945448398590088e+00
3.214362800121307373e+00
3.214339315891265869e+00
3.213758468627929688e+00
3.213386654853820801e+00
3.214095234870910645e+00
3.214295506477355957e+00
3.214392364025115967e+00
3.214236736297607422e+00
3.213482975959777832e+00
3.213747233152389526e+00
3.213712573051452637e+00
3.213631093502044678e+00
3.213869512081146240e+00
3.213653981685638428e+00
3.213900089263916016e+00
3.214161932468414307e+00
3.213532626628875732e+00
3.213237047195434570e+00
3.214260876178741455e+00
3.214546620845794678e+00
3.214152991771697998e+00
3.213790595531463623e+00
3.214351177215576172e+00
3.214543819427490234e+00
3.214225649833679199e+00
3.214106410741806030e+00
3.213755130767822266e+00
3.213853538036346436e+00
3.213755965232849121e+00
3.213376522064208984e+00
3.213490247726440430e+00
3.214386582374572754e+00
3.214679598808288574e+00
3.213690042495727539e+00
3.213093936443328857e+00
3.213347911834716797e+00
3.214052736759185791e+00
3.214101552963256836e+00
3.213635683059692383e+00
3.214043259620666504e+00
3.214457690715789795e+00
3.214152097702026367e+00
3.213724732398986816e+00
3.213964164257049561e+00
3.213757276535034180e+00
3.213390350341796875e+00
3.213382482528686523e+00
3.213789701461791992e+00
3.214232921600341797e+00
3.213974595069885254e+00
3.213833808898925781e+00
3.213539302349090576e+00
3.213833034038543701e+00
3.214026331901550293e+00
3.213561654090881348e+00
3.213838994503021240e+00
3.214425981044769287e+00
3.214328467845916748e+00
3.214140892028808594e+00
3.213750481605529785e+00
3.213721454143524170e+00
3.214091777801513672e+00
3.213774681091308594e+00
3.213989675045013428e+00
3.214031517505645752e+00
3.213671088218688965e+00
3.213255345821380615e+00
3.213139295578002930e+00
3.213194429874420166e+00
3.214202225208282471e+00
3.214154183864593506e+00
3.213474452495574951e+00
3.213697373867034912e+00
3.213950276374816895e+00
3.213851094245910645e+00
3.213592708110809326e+00
3.213324010372161865e+00
3.213642060756683350e+00
3.213612616062164307e+00
3.213414490222930908e+00
3.213241457939147949e+00
3.213559031486511230e+00
3.213819742202758789e+00
3.213799059391021729e+00
3.213796377182006836e+00
3.214207291603088379e+00
3.214425742626190186e+00
3.214327543973922729e+00
3.214286744594573975e+00
3.214160263538360596e+00
3.214360803365707397e+00
3.213959753513336182e+00
3.213299095630645752e+00
3.213145136833190918e+00
3.213501811027526855e+00
3.213804483413696289e+00
3.214017212390899658e+00
3.213749289512634277e+00
3.213454782962799072e+00
3.213814675807952881e+00
3.213918805122375488e+00
3.213969051837921143e+00
3.213716328144073486e+00
3.213330864906311035e+00
3.213256061077117920e+00
3.213478595018386841e+00
3.213484287261962891e+00
3.213740110397338867e+00
3.213545799255371094e+00
3.213593006134033203e+00
3.213751852512359619e+00
3.213852524757385254e+00
3.214032173156738281e+00
3.214172601699829102e+00
3.214058399200439453e+00
3.213822603225708008e+00
3.213783740997314453e+00
3.213737428188323975e+00
3.213845431804656982e+00
3.213837802410125732e+00
3.213856041431427002e+00
3.213808894157409668e+00
3.213512003421783447e+00
3.213402390480041504e+00
3.213494122028350830e+00
3.213419973850250244e+00
3.213642477989196777e+00
3.213771343231201172e+00
3.213809370994567871e+00
3.213612556457519531e+00
3.213558077812194824e+00
3.213720172643661499e+00
3.213863968849182129e+00
3.213661789894104004e+00
3.213347613811492920e+00
3.213195085525512695e+00
3.213376820087432861e+00
3.213922858238220215e+00
3.214132726192474365e+00
3.213812232017517090e+00
3.213738024234771729e+00
3.213602840900421143e+00
3.213924050331115723e+00
3.213945448398590088e+00
3.213401973247528076e+00
3.213374614715576172e+00
3.213418424129486084e+00
3.213632702827453613e+00
3.213757157325744629e+00
3.213483691215515137e+00
3.213518261909484863e+00
3.213567316532135010e+00
3.213723123073577881e+00
3.213907539844512939e+00
3.213848233222961426e+00
3.213734269142150879e+00
3.213664233684539795e+00
3.213526964187622070e+00
3.213578224182128906e+00
3.213902950286865234e+00
3.213759958744049072e+00
3.213346362113952637e+00
3.213602066040039062e+00
3.213781416416168213e+00
3.213573455810546875e+00
3.213615298271179199e+00
3.213815510272979736e+00
3.213972032070159912e+00
3.213876426219940186e+00
3.213738024234771729e+00
3.213893175125122070e+00
3.213586360216140747e+00
3.213217139244079590e+00
3.213184714317321777e+00
3.213389754295349121e+00
3.214027464389801025e+00
3.214066028594970703e+00
3.213867366313934326e+00
3.213766038417816162e+00
3.213390231132507324e+00
3.212957203388214111e+00
3.213359236717224121e+00
3.213660925626754761e+00
3.213677406311035156e+00
3.213763773441314697e+00
3.213624477386474609e+00
3.213358163833618164e+00
3.213275671005249023e+00
3.213338255882263184e+00
3.213421583175659180e+00
3.213550627231597900e+00
3.213611781597137451e+00
3.213533341884613037e+00
3.213509321212768555e+00
3.213449895381927490e+00
3.213400661945343018e+00
3.213573634624481201e+00
3.213784277439117432e+00
3.213866710662841797e+00
3.213819026947021484e+00
3.213584601879119873e+00
3.213408768177032471e+00
3.213492870330810547e+00
3.213636457920074463e+00
3.213691651821136475e+00
3.213634699583053589e+00
3.213730454444885254e+00
3.213776886463165283e+00
3.213716685771942139e+00
3.213549315929412842e+00
3.213478505611419678e+00
3.213583946228027344e+00
3.213660269975662231e+00
3.213510751724243164e+00
3.213486433029174805e+00
3.213547766208648682e+00
3.213370561599731445e+00
3.213384866714477539e+00
3.213608205318450928e+00
3.213804960250854492e+00
3.213734805583953857e+00
3.213578402996063232e+00
3.213533103466033936e+00
3.213426172733306885e+00
3.213400721549987793e+00
3.213528305292129517e+00
3.213546216487884521e+00
3.213532269001007080e+00
3.213562250137329102e+00
3.213523745536804199e+00
3.213404357433319092e+00
3.213333785533905029e+00
3.213413953781127930e+00
3.213486194610595703e+00
3.213585913181304932e+00
3.213540762662887573e+00
3.213433802127838135e+00
3.213395774364471436e+00
3.213326185941696167e+00
3.213497102260589600e+00
3.213802754878997803e+00
3.213830769062042236e+00
3.213705182075500488e+00
3.213443696498870850e+00
3.213239848613739014e+00
3.213255226612091064e+00
3.213471829891204834e+00
3.213603496551513672e+00
3.213712334632873535e+00
3.213735640048980713e+00
3.213694810867309570e+00
3.213506668806076050e+00
3.213285744190216064e+00
3.213491857051849365e+00
3.213762700557708740e+00
3.213709592819213867e+00
3.213573217391967773e+00
3.213665008544921875e+00
3.213649749755859375e+00
3.213502049446105957e+00
3.213437378406524658e+00
3.213424205780029297e+00
3.213500440120697021e+00
3.213503837585449219e+00
3.213482499122619629e+00
3.213471114635467529e+00
3.213528037071228027e+00
3.213612198829650879e+00
3.213543474674224854e+00
3.213538348674774170e+00
3.213567912578582764e+00
3.213540673255920410e+00
3.213355183601379395e+00
3.213317394256591797e+00
3.213478982448577881e+00
3.213653683662414551e+00
3.213671803474426270e+00
3.213611662387847900e+00
3.213487088680267334e+00
3.213408589363098145e+00
3.213499158620834351e+00
3.213500380516052246e+00
3.213391542434692383e+00
3.213420689105987549e+00
3.213497340679168701e+00
3.213499128818511963e+00
3.213447511196136475e+00
