6.810013651847839355e-01
1.753712296485900879e+00
5.905691981315612793e-01
6.779490113258361816e-01
4.761551022529602051e-01
4.937855303287506104e-01
5.484704971313476562e-01
4.608280658721923828e-01
4.808118641376495361e-01
4.895934462547302246e-01
4.380368888378143311e-01
4.431714117527008057e-01
4.716846644878387451e-01
4.626231789588928223e-01
4.639619886875152588e-01
4.508625864982604980e-01
4.549753665924072266e-01
4.673048853874206543e-01
4.514034092426300049e-01
4.473697245121002197e-01
4.590466618537902832e-01
4.397465288639068604e-01
4.479337632656097412e-01
4.319805502891540527e-01
4.659706056118011475e-01
4.407908022403717041e-01
4.382610321044921875e-01
4.373360276222229004e-01
4.537157118320465088e-01
4.262780249118804932e-01
4.374613761901855469e-01
4.350647926330566406e-01
4.364747107028961182e-01
4.460052549839019775e-01
4.220264554023742676e-01
4.366059601306915283e-01
4.357383549213409424e-01
4.195927977561950684e-01
4.314632713794708252e-01
4.233108162879943848e-01
4.311906099319458008e-01
4.229981303215026855e-01
4.265929162502288818e-01
4.117802083492279053e-01
4.307768046855926514e-01
4.203446209430694580e-01
4.206440448760986328e-01
4.079310595989227295e-01
4.445333778858184814e-01
4.047451615333557129e-01
4.080342948436737061e-01
4.139359295368194580e-01
4.348761737346649170e-01
4.007320404052734375e-01
4.208298623561859131e-01
4.060373306274414062e-01
4.030127227306365967e-01
4.217652380466461182e-01
4.012024700641632080e-01
4.073626995086669922e-01
4.091704487800598145e-01
4.030520319938659668e-01
4.018439352512359619e-01
4.076824486255645752e-01
3.972858488559722900e-01
4.063605368137359619e-01
3.993872106075286865e-01
3.927232325077056885e-01
4.104348421096801758e-01
4.009703993797302246e-01
3.843485116958618164e-01
4.033649861812591553e-01
4.005371332168579102e-01
3.896857202053070068e-01
3.954917192459106445e-01
3.969103395938873291e-01
3.896668255329132080e-01
4.000501930713653564e-01
3.839860856533050537e-01
3.909174799919128418e-01
4.043362736701965332e-01
3.817519843578338623e-01
3.887007236480712891e-01
3.864019811153411865e-01
3.761511445045471191e-01
3.998560905456542969e-01
3.854746520519256592e-01
3.767092823982238770e-01
4.138010144233703613e-01
3.774879276752471924e-01
3.866168558597564697e-01
3.819259703159332275e-01
3.775751292705535889e-01
3.774576485157012939e-01
3.931949734687805176e-01
3.788196742534637451e-01
3.807998299598693848e-01
3.795190751552581787e-01
3.762417733669281006e-01
3.855261504650115967e-01
3.763362169265747070e-01
3.715362250804901123e-01
3.809724748134613037e-01
3.798403143882751465e-01
3.744492232799530029e-01
3.790186643600463867e-01
3.773254752159118652e-01
3.738509714603424072e-01
3.768129050731658936e-01
3.738410174846649170e-01
3.750691413879394531e-01
3.797619044780731201e-01
3.755756616592407227e-01
3.742873966693878174e-01
3.742219805717468262e-01
3.744463324546813965e-01
3.717885613441467285e-01
3.746162950992584229e-01
3.739162683486938477e-01
3.744519352912902832e-01
3.731756806373596191e-01
3.731305599212646484e-01
3.708569109439849854e-01
3.747608363628387451e-01
3.781813979148864746e-01
3.731898963451385498e-01
3.717627227306365967e-01
3.702362179756164551e-01
3.733346462249755859e-01
3.717875778675079346e-01
3.714807927608489990e-01
3.669108152389526367e-01
3.752464354038238525e-01
3.712930381298065186e-01
3.668622970581054688e-01
3.733603954315185547e-01
3.671648204326629639e-01
3.716712296009063721e-01
3.705103695392608643e-01
3.663480877876281738e-01
3.711625039577484131e-01
3.743074536323547363e-01
3.677473962306976318e-01
3.685822784900665283e-01
3.780872523784637451e-01
3.665773868560791016e-01
3.704324662685394287e-01
3.731986582279205322e-01
3.636812269687652588e-01
3.700267076492309570e-01
3.663735389709472656e-01
3.688827157020568848e-01
3.699657320976257324e-01
3.652451634407043457e-01
3.712378442287445068e-01
3.649037480354309082e-01
3.700205683708190918e-01
3.667626678943634033e-01
3.718592822551727295e-01
3.638734817504882812e-01
3.662186563014984131e-01
3.752031624317169189e-01
3.614929020404815674e-01
3.617700040340423584e-01
3.901679515838623047e-01
3.615377843379974365e-01
3.800505697727203369e-01
3.618872463703155518e-01
3.628429174423217773e-01
3.787493407726287842e-01
3.613483309745788574e-01
3.654572367668151855e-01
3.658562004566192627e-01
3.665384650230407715e-01
3.621634244918823242e-01
3.681243658065795898e-01
3.693364262580871582e-01
3.630063533782958984e-01
3.697469234466552734e-01
3.642271459102630615e-01
3.670510053634643555e-01
3.665103912353515625e-01
3.620951473712921143e-01
3.672154247760772705e-01
3.651340901851654053e-01
3.646069467067718506e-01
3.672700524330139160e-01
3.599714636802673340e-01
3.702459037303924561e-01
3.619132637977600098e-01
3.609581291675567627e-01
3.739992678165435791e-01
3.607616722583770752e-01
3.648709356784820557e-01
3.629429638385772705e-01
3.627803623676300049e-01
3.666535913944244385e-01
3.632763922214508057e-01
3.658166527748107910e-01
3.652607798576354980e-01
3.631614148616790771e-01
3.671920299530029297e-01
3.628861606121063232e-01
3.645096123218536377e-01
3.630025386810302734e-01
3.641577363014221191e-01
3.669784367084503174e-01
3.630925118923187256e-01
3.604392707347869873e-01
3.662014901638031006e-01
3.636865317821502686e-01
3.611733913421630859e-01
3.658928275108337402e-01
3.658712208271026611e-01
3.604567348957061768e-01
3.632782399654388428e-01
3.668057322502136230e-01
3.618329465389251709e-01
3.629751503467559814e-01
3.676734864711761475e-01
3.597591817378997803e-01
3.649001419544219971e-01
3.656318187713623047e-01
3.628183901309967041e-01
3.621272444725036621e-01
3.633652329444885254e-01
3.649470806121826172e-01
3.631803989410400391e-01
3.646209836006164551e-01
3.622192740440368652e-01
3.640407025814056396e-01
3.641786873340606689e-01
3.616986274719238281e-01
3.651496767997741699e-01
3.645737767219543457e-01
3.618695735931396484e-01
3.623197078704833984e-01
3.654327094554901123e-01
3.613043725490570068e-01
3.629441261291503906e-01
3.656716346740722656e-01
3.638620972633361816e-01
3.618954718112945557e-01
3.623290061950683594e-01
3.653526306152343750e-01
3.634615540504455566e-01
3.610956072807312012e-01
3.646460473537445068e-01
3.640722334384918213e-01
3.618873357772827148e-01
3.639585971832275391e-01
3.641944527626037598e-01
3.604702949523925781e-01
3.653024435043334961e-01
3.628201186656951904e-01
3.622075021266937256e-01
3.642785847187042236e-01
3.634345531463623047e-01
3.627786338329315186e-01
3.621875941753387451e-01
3.640755414962768555e-01
3.663362264633178711e-01
3.633228838443756104e-01
3.610538840293884277e-01
3.637088537216186523e-01
3.652112185955047607e-01
3.616412580013275146e-01
3.646086156368255615e-01
3.639279603958129883e-01
3.642448782920837402e-01
3.624519407749176025e-01
3.627981841564178467e-01
3.653105795383453369e-01
3.617193698883056641e-01
3.629774153232574463e-01
3.646466135978698730e-01
3.618298768997192383e-01
3.623177707195281982e-01
3.635950088500976562e-01
3.644603788852691650e-01
3.631426990032196045e-01
3.620569407939910889e-01
3.638650774955749512e-01
3.641800284385681152e-01
3.625763952732086182e-01
3.619255721569061279e-01
3.649664521217346191e-01
3.620744049549102783e-01
3.632164597511291504e-01
3.623886108398437500e-01
3.612511754035949707e-01
3.656448423862457275e-01
3.631644546985626221e-01
3.596791326999664307e-01
3.652245998382568359e-01
3.638494014739990234e-01
3.620465993881225586e-01
3.611193895339965820e-01
3.645827174186706543e-01
3.609781265258789062e-01
3.619837164878845215e-01
3.635185956954956055e-01
3.635287880897521973e-01
3.610711097717285156e-01
3.630889058113098145e-01
3.638865053653717041e-01
3.638328611850738525e-01
3.611917793750762939e-01
3.627006113529205322e-01
3.633767366409301758e-01
3.625155687332153320e-01
3.621080219745635986e-01
3.639729619026184082e-01
3.624241352081298828e-01
3.615488409996032715e-01
3.629578948020935059e-01
3.643033504486083984e-01
3.620193898677825928e-01
3.625937104225158691e-01
3.629252016544342041e-01
3.629209101200103760e-01
3.620916008949279785e-01
3.625212609767913818e-01
3.628680109977722168e-01
3.629240095615386963e-01
3.626641929149627686e-01
3.634611368179321289e-01
3.626201450824737549e-01
3.630580604076385498e-01
3.620947301387786865e-01
3.626826405525207520e-01
3.641342818737030029e-01
3.616084754467010498e-01
3.636183440685272217e-01
3.635034263134002686e-01
3.623200953006744385e-01
3.624966442584991455e-01
3.633652329444885254e-01
3.617936074733734131e-01
3.636674582958221436e-01
3.630011379718780518e-01
3.630637228488922119e-01
3.622261881828308105e-01
3.626987338066101074e-01
3.624990284442901611e-01
3.643075525760650635e-01
3.628392517566680908e-01
3.611984848976135254e-01
3.631189465522766113e-01
3.635927140712738037e-01
3.618752658367156982e-01
3.624038100242614746e-01
3.629193305969238281e-01
3.620595037937164307e-01
3.631854057312011719e-01
3.633367419242858887e-01
3.608983755111694336e-01
3.645394444465637207e-01
3.631655275821685791e-01
3.619647920131683350e-01
3.626976609230041504e-01
3.624610602855682373e-01
3.632748126983642578e-01
3.627494871616363525e-01
3.633489012718200684e-01
3.627878129482269287e-01
3.623921275138854980e-01
3.634048104286193848e-01
3.622756600379943848e-01
3.628499209880828857e-01
3.632462322711944580e-01
3.630648553371429443e-01
3.633466362953186035e-01
3.616285920143127441e-01
3.629867136478424072e-01
3.615344166755676270e-01
3.631834685802459717e-01
3.632935285568237305e-01
3.631225526332855225e-01
3.618988692760467529e-01
3.632303476333618164e-01
3.630283474922180176e-01
3.619103729724884033e-01
3.635863065719604492e-01
3.633660078048706055e-01
3.615171313285827637e-01
3.623639941215515137e-01
3.631387352943420410e-01
3.627521991729736328e-01
3.629711568355560303e-01
3.617861866950988770e-01
3.638976216316223145e-01
3.623551130294799805e-01
3.615514039993286133e-01
3.634156286716461182e-01
3.639303743839263916e-01
3.612397313117980957e-01
3.622023463249206543e-01
3.637225031852722168e-01
3.636046648025512695e-01
3.627548813819885254e-01
3.623113632202148438e-01
3.620851933956146240e-01
3.628493547439575195e-01
3.631471991539001465e-01
3.627026379108428955e-01
3.627357184886932373e-01
3.629405796527862549e-01
3.628349304199218750e-01
3.623157739639282227e-01
3.626021742820739746e-01
3.626621365547180176e-01
3.625275194644927979e-01
3.625214695930480957e-01
3.632142841815948486e-01
3.628970980644226074e-01
3.622284531593322754e-01
3.625674247741699219e-01
3.622560501098632812e-01
3.628969788551330566e-01
3.627054095268249512e-01
3.629979491233825684e-01
3.631143569946289062e-01
3.626499772071838379e-01
3.621284663677215576e-01
3.625428676605224609e-01
3.627968132495880127e-01
3.625070750713348389e-01
3.629032969474792480e-01
3.627935349941253662e-01
3.628814220428466797e-01
3.624568879604339600e-01
3.627478480339050293e-01
3.626480400562286377e-01
3.624053001403808594e-01
3.626149296760559082e-01
3.629045188426971436e-01
3.629234135150909424e-01
3.626282513141632080e-01
3.623654246330261230e-01
3.626242578029632568e-01
3.628036081790924072e-01
3.627088367938995361e-01
3.625327944755554199e-01
3.627187609672546387e-01
3.624801635742187500e-01
3.627646565437316895e-01
3.632210791110992432e-01
3.628472685813903809e-01
3.624537587165832520e-01
3.623846769332885742e-01
3.624853193759918213e-01
3.629435598850250244e-01
3.620292842388153076e-01
3.634654581546783447e-01
3.628771007061004639e-01
3.630915582180023193e-01
3.623225092887878418e-01
3.630692660808563232e-01
3.624544441699981689e-01
3.623865246772766113e-01
3.630089163780212402e-01
3.625551760196685791e-01
3.629583418369293213e-01
3.626275658607482910e-01
3.628068864345550537e-01
3.623695671558380127e-01
3.629923164844512939e-01
3.624833524227142334e-01
3.627590835094451904e-01
3.625675737857818604e-01
3.630021810531616211e-01
3.624128103256225586e-01
3.629643321037292480e-01
3.631103932857513428e-01
3.625533580780029297e-01
3.624251484870910645e-01
3.626646399497985840e-01
3.630726039409637451e-01
3.628533184528350830e-01
3.629145026206970215e-01
3.623347580432891846e-01
3.625908493995666504e-01
3.627744913101196289e-01
3.629638552665710449e-01
3.629000484943389893e-01
3.626790046691894531e-01
3.629346489906311035e-01
3.623713850975036621e-01
3.627831339836120605e-01
3.625858426094055176e-01
3.628732860088348389e-01
3.626490533351898193e-01
3.631014525890350342e-01
3.624156117439270020e-01
3.627909123897552490e-01
3.629011809825897217e-01
3.625279664993286133e-01
3.619783222675323486e-01
3.638243079185485840e-01
3.635677695274353027e-01
3.622947633266448975e-01
3.624489307403564453e-01
3.626454174518585205e-01
3.625600636005401611e-01
3.627731502056121826e-01
3.627308905124664307e-01
3.623994588851928711e-01
3.623417019844055176e-01
3.629122078418731689e-01
3.628989756107330322e-01
3.628145456314086914e-01
3.630956709384918213e-01
3.625546991825103760e-01
3.629331588745117188e-01
3.628649413585662842e-01
3.625189363956451416e-01
3.622349500656127930e-01
3.628118038177490234e-01
3.626083135604858398e-01
3.627908527851104736e-01
3.629207015037536621e-01
3.623849451541900635e-01
3.626596927642822266e-01
3.627913594245910645e-01
3.628700971603393555e-01
3.630852699279785156e-01
3.629047870635986328e-01
3.625656068325042725e-01
3.628624677658081055e-01
3.625277876853942871e-01
3.627631664276123047e-01
3.625210523605346680e-01
3.624248504638671875e-01
3.628270030021667480e-01
3.633846044540405273e-01
3.625840842723846436e-01
3.630231320858001709e-01
3.628281354904174805e-01
3.625329136848449707e-01
3.626913428306579590e-01
3.624029457569122314e-01
3.625849485397338867e-01
3.630158007144927979e-01
3.630959391593933105e-01
3.627789914608001709e-01
3.625715374946594238e-01
3.623992204666137695e-01
3.626936972141265869e-01
3.627465963363647461e-01
3.626573383808135986e-01
3.628631234169006348e-01
3.628494739532470703e-01
3.628530204296112061e-01
3.626275360584259033e-01
3.626004457473754883e-01
3.628198504447937012e-01
3.627972006797790527e-01
3.631196320056915283e-01
3.625903427600860596e-01
3.627862930297851562e-01
3.626253306865692139e-01
3.626305162906646729e-01
3.626957237720489502e-01
3.627441823482513428e-01
3.625919818878173828e-01
3.627061545848846436e-01
3.631766438484191895e-01
3.627818822860717773e-01
3.626988232135772705e-01
3.625573515892028809e-01
3.625304698944091797e-01
3.628522455692291260e-01
3.626996874809265137e-01
3.626613616943359375e-01
3.628690242767333984e-01
3.629088699817657471e-01
3.627989292144775391e-01
3.626070618629455566e-01
3.626184165477752686e-01
3.625617921352386475e-01
3.627399206161499023e-01
3.628124296665191650e-01
3.630850613117218018e-01
3.627015650272369385e-01
3.626065552234649658e-01
3.627449274063110352e-01
3.627852201461791992e-01
3.625967800617218018e-01
3.628083765506744385e-01
3.625567555427551270e-01
3.628890514373779297e-01
3.627855479717254639e-01
3.625861406326293945e-01
3.629280924797058105e-01
3.626941442489624023e-01
3.625968694686889648e-01
3.627139627933502197e-01
3.628567159175872803e-01
3.626080155372619629e-01
3.627081811428070068e-01
3.627917468547821045e-01
3.627454638481140137e-01
3.626600801944732666e-01
3.626274764537811279e-01
3.628777563571929932e-01
3.628184497356414795e-01
3.627673983573913574e-01
3.626297414302825928e-01
3.626504242420196533e-01
3.628819584846496582e-01
3.628160953521728516e-01
3.628395795822143555e-01
3.628345429897308350e-01
3.627725839614868164e-01
3.627442717552185059e-01
3.627863824367523193e-01
3.626417517662048340e-01
3.626749813556671143e-01
3.625783622264862061e-01
3.626266121864318848e-01
3.627497255802154541e-01
3.628765940666198730e-01
3.626811802387237549e-01
3.627154231071472168e-01
3.626116514205932617e-01
3.629326224327087402e-01
3.628725409507751465e-01
3.625917434692382812e-01
3.626930415630340576e-01
3.627639114856719971e-01
3.628631234169006348e-01
3.628144860267639160e-01
3.626098632812500000e-01
3.626002073287963867e-01
3.625701963901519775e-01
3.628206551074981689e-01
3.628734648227691650e-01
3.628031611442565918e-01
3.627472817897796631e-01
3.627651631832122803e-01
3.627254366874694824e-01
3.627615272998809814e-01
3.626552820205688477e-01
3.627461791038513184e-01
3.628140091896057129e-01
3.630286157131195068e-01
3.627986907958984375e-01
3.627820909023284912e-01
3.627424836158752441e-01
3.627022802829742432e-01
3.626926541328430176e-01
3.625657856464385986e-01
3.626533746719360352e-01
3.627208471298217773e-01
3.625720739364624023e-01
3.628626763820648193e-01
3.628170788288116455e-01
3.627237081527709961e-01
3.627292811870574951e-01
3.628289401531219482e-01
3.625513017177581787e-01
3.627723157405853271e-01
3.627255856990814209e-01
3.628463745117187500e-01
3.628507852554321289e-01
3.627006113529205322e-01
3.625908195972442627e-01
3.626636564731597900e-01
3.627564311027526855e-01
3.628995418548583984e-01
3.628177046775817871e-01
3.627344071865081787e-01
3.627617061138153076e-01
3.627802133560180664e-01
3.628191053867340088e-01
3.628033697605133057e-01
3.626255989074707031e-01
3.625665307044982910e-01
3.625889718532562256e-01
3.626182377338409424e-01
3.628712296485900879e-01
3.626683056354522705e-01
3.626795709133148193e-01
3.628331422805786133e-01
3.628402948379516602e-01
3.628467917442321777e-01
3.626914024353027344e-01
3.627595603466033936e-01
3.627141714096069336e-01
3.627929687500000000e-01
3.629222214221954346e-01
3.627593517303466797e-01
3.624963462352752686e-01
3.625956773757934570e-01
3.627098798751831055e-01
3.629974424839019775e-01
3.627941906452178955e-01
3.625940382480621338e-01
3.626613318920135498e-01
3.626656830310821533e-01
3.627125322818756104e-01
3.627734184265136719e-01
3.628453612327575684e-01
3.628963232040405273e-01
3.628929257392883301e-01
3.626891672611236572e-01
3.627199232578277588e-01
3.627570569515228271e-01
3.627249300479888916e-01
3.626827299594879150e-01
3.626841008663177490e-01
3.627486824989318848e-01
3.628294765949249268e-01
3.627882003784179688e-01
3.626811504364013672e-01
3.626548349857330322e-01
3.628108501434326172e-01
3.628031313419342041e-01
3.628447055816650391e-01
3.627178966999053955e-01
3.626622855663299561e-01
3.627800345420837402e-01
3.626639842987060547e-01
3.627189397811889648e-01
3.627134561538696289e-01
3.626987040042877197e-01
3.627417683601379395e-01
3.627758324146270752e-01
3.626079857349395752e-01
3.627150654792785645e-01
3.628576695919036865e-01
3.628133535385131836e-01
3.628131151199340820e-01
3.627043962478637695e-01
3.628735244274139404e-01
3.628115355968475342e-01
3.627976477146148682e-01
3.627775907516479492e-01
3.627293705940246582e-01
3.627493679523468018e-01
3.626888692378997803e-01
3.626967966556549072e-01
3.626985251903533936e-01
3.628689944744110107e-01
3.628197312355041504e-01
3.626517057418823242e-01
3.626354038715362549e-01
3.626770675182342529e-01
3.627879917621612549e-01
3.627584874629974365e-01
3.626926243305206299e-01
3.628357052803039551e-01
3.628225028514862061e-01
3.627605438232421875e-01
3.627510666847229004e-01
3.627746105194091797e-01
3.626652359962463379e-01
3.626641035079956055e-01
3.626829981803894043e-01
3.628178238868713379e-01
3.627823293209075928e-01
3.627336621284484863e-01
3.627267777919769287e-01
3.627021610736846924e-01
3.627765476703643799e-01
3.627527654170989990e-01
3.627226054668426514e-01
3.628299832344055176e-01
3.628303110599517822e-01
3.627931177616119385e-01
3.628260195255279541e-01
3.626924157142639160e-01
3.627401888370513916e-01
3.627829849720001221e-01
3.627092540264129639e-01
3.628214895725250244e-01
3.627601861953735352e-01
3.626707196235656738e-01
3.626385033130645752e-01
3.626397848129272461e-01
3.626832067966461182e-01
3.628745079040527344e-01
3.627804815769195557e-01
3.626791536808013916e-01
3.627400398254394531e-01
3.627746105194091797e-01
3.627731204032897949e-01
3.626956641674041748e-01
3.627029359340667725e-01
3.627328872680664062e-01
3.627123534679412842e-01
3.626755774021148682e-01
3.626722693443298340e-01
3.627648949623107910e-01
3.627524375915527344e-01
3.627548813819885254e-01
3.627539277076721191e-01
3.628401756286621094e-01
3.628526329994201660e-01
3.628696799278259277e-01
3.628068268299102783e-01
3.628356754779815674e-01
3.628406524658203125e-01
3.627448081970214844e-01
3.626552522182464600e-01
3.626748025417327881e-01
3.627268075942993164e-01
3.627409934997558594e-01
3.627880811691284180e-01
3.627033531665802002e-01
3.627363145351409912e-01
3.627773225307464600e-01
3.627733290195465088e-01
3.627847135066986084e-01
3.626969754695892334e-01
3.626722097396850586e-01
3.627039492130279541e-01
3.626984655857086182e-01
3.627158701419830322e-01
3.627390265464782715e-01
3.626926541328430176e-01
3.627466261386871338e-01
3.627564907073974609e-01
3.627892732620239258e-01
3.628104329109191895e-01
3.628214299678802490e-01
3.628017604351043701e-01
3.627463877201080322e-01
3.627797663211822510e-01
3.627406656742095947e-01
3.627886772155761719e-01
3.627215027809143066e-01
3.627703487873077393e-01
3.627441227436065674e-01
3.627119958400726318e-01
3.627094030380249023e-01
3.626924157142639160e-01
3.627034127712249756e-01
3.627570569515228271e-01
3.627519905567169189e-01
3.627636134624481201e-01
3.627315461635589600e-01
3.627279102802276611e-01
3.627574145793914795e-01
3.627633452415466309e-01
3.627162575721740723e-01
3.626787960529327393e-01
3.626791536808013916e-01
3.627251386642456055e-01
3.628014326095581055e-01
3.627780675888061523e-01
3.627788722515106201e-01
3.627469539642333984e-01
3.627464473247528076e-01
3.628079593181610107e-01
3.627513349056243896e-01
3.626794219017028809e-01
3.627091646194458008e-01
3.626834750175476074e-01
3.627725839614868164e-01
3.627397716045379639e-01
3.627283573150634766e-01
3.627207875251770020e-01
3.627395927906036377e-01
3.627627491950988770e-01
3.627911508083343506e-01
3.627703785896301270e-01
3.627627789974212646e-01
3.627388179302215576e-01
3.627282977104187012e-01
3.627458810806274414e-01
3.627904653549194336e-01
3.627233207225799561e-01
3.626788556575775146e-01
3.627643585205078125e-01
3.627687394618988037e-01
3.627148568630218506e-01
3.627653121948242188e-01
3.627755343914031982e-01
3.628048598766326904e-01
3.627526760101318359e-01
3.627759814262390137e-01
3.627949655055999756e-01
3.626884818077087402e-01
3.626825511455535889e-01
3.626606464385986328e-01
3.627479672431945801e-01
3.628190457820892334e-01
3.627966344356536865e-01
3.627879917621612549e-01
3.627662360668182373e-01
3.626519143581390381e-01
3.626587688922882080e-01
3.627283871173858643e-01
3.627419769763946533e-01
3.627475500106811523e-01
3.627698123455047607e-01
3.627351522445678711e-01
3.627000153064727783e-01
3.626975119113922119e-01
3.627030551433563232e-01
3.627161979675292969e-01
3.627435863018035889e-01
3.627355694770812988e-01
3.627259731292724609e-01
3.627374768257141113e-01
3.627025783061981201e-01
3.627342581748962402e-01
3.627453446388244629e-01
3.627768158912658691e-01
3.627815246582031250e-01
3.627687990665435791e-01
3.627282977104187012e-01
3.627213537693023682e-01
3.627439737319946289e-01
3.627582192420959473e-01
3.627641499042510986e-01
3.627402186393737793e-01
3.627738952636718750e-01
3.627622127532958984e-01
3.627663850784301758e-01
3.627276718616485596e-01
3.627454042434692383e-01
3.627438247203826904e-01
3.627478480339050293e-01
3.627149462699890137e-01
3.627381324768066406e-01
3.627274930477142334e-01
3.626928031444549561e-01
3.627312779426574707e-01
3.627443909645080566e-01
3.627863228321075439e-01
3.627515733242034912e-01
3.627467453479766846e-01
3.627424240112304688e-01
3.627114892005920410e-01
3.627238571643829346e-01
3.627285659313201904e-01
3.627255260944366455e-01
3.627435863018035889e-01
3.627386987209320068e-01
3.627344071865081787e-01
3.627088963985443115e-01
3.627137541770935059e-01
3.627267777919769287e-01
3.627157509326934814e-01
3.627481162548065186e-01
3.627243638038635254e-01
3.627241551876068115e-01
3.627229928970336914e-01
3.627138435840606689e-01
3.627550303936004639e-01
3.627805411815643311e-01
3.627645075321197510e-01
3.627558648586273193e-01
3.627139925956726074e-01
3.627047240734100342e-01
3.627142906188964844e-01
3.627422749996185303e-01
3.627435863018035889e-01
3.627694845199584961e-01
3.627619743347167969e-01
3.627533316612243652e-01
3.627069294452667236e-01
3.627092242240905762e-01
3.627580106258392334e-01
3.627859354019165039e-01
3.627391457557678223e-01
3.627555668354034424e-01
3.627616763114929199e-01
3.627474904060363770e-01
3.627330958843231201e-01
3.627237081527709961e-01
3.627299070358276367e-01
3.627389371395111084e-01
3.627312779426574707e-01
3.627374768257141113e-01
3.627369403839111328e-01
3.627531826496124268e-01
3.627522289752960205e-01
3.627298176288604736e-01
3.627504706382751465e-01
3.627393245697021484e-01
3.627457320690155029e-01
3.626967072486877441e-01
3.627176284790039062e-01
3.627347350120544434e-01
3.627679646015167236e-01
3.627568781375885010e-01
3.627550601959228516e-01
3.627265393733978271e-01
3.627227246761322021e-01
3.627474308013916016e-01
3.627197742462158203e-01
3.627246022224426270e-01
3.627365231513977051e-01
3.627431690692901611e-01
3.627313375473022461e-01
3.627246618270874023e-01
