3.828175365924835205e-01
4.347312748432159424e-01
3.045295178890228271e-01
3.342583477497100830e-01
2.605669796466827393e-01
2.134152948856353760e-01
2.102915942668914795e-01
2.103338539600372314e-01
1.896699815988540649e-01
1.948005259037017822e-01
1.920226961374282837e-01
1.853802502155303955e-01
1.794827431440353394e-01
1.766235679388046265e-01
1.747602373361587524e-01
1.735822856426239014e-01
1.714920401573181152e-01
1.702991127967834473e-01
1.687251180410385132e-01
1.682751774787902832e-01
1.680732816457748413e-01
1.707548797130584717e-01
1.757574081420898438e-01
1.717669963836669922e-01
1.709631830453872681e-01
1.659965068101882935e-01
1.670623570680618286e-01
1.705820411443710327e-01
1.639730781316757202e-01
1.643992960453033447e-01
1.623041927814483643e-01
1.607272624969482422e-01
1.736021935939788818e-01
1.631021648645401001e-01
1.596001088619232178e-01
1.610972136259078979e-01
1.575550287961959839e-01
1.579613685607910156e-01
1.598896831274032593e-01
1.609496623277664185e-01
1.630641072988510132e-01
1.627444028854370117e-01
1.565564572811126709e-01
1.549623310565948486e-01
1.548148095607757568e-01
1.570247113704681396e-01
1.551707386970520020e-01
1.575402021408081055e-01
1.627689301967620850e-01
1.588147282600402832e-01
1.649182736873626709e-01
1.591974347829818726e-01
1.560145765542984009e-01
1.538285166025161743e-01
1.553587615489959717e-01
1.542928516864776611e-01
1.495689898729324341e-01
1.541677415370941162e-01
1.494359970092773438e-01
1.520958542823791504e-01
1.480877250432968140e-01
1.513120830059051514e-01
1.500457674264907837e-01
1.516630947589874268e-01
1.452991664409637451e-01
1.467527747154235840e-01
1.449270397424697876e-01
1.484364867210388184e-01
1.568866074085235596e-01
1.464665830135345459e-01
1.524764597415924072e-01
1.475345641374588013e-01
1.492047309875488281e-01
1.458438634872436523e-01
1.481037437915802002e-01
1.497616320848464966e-01
1.514174193143844604e-01
1.457974910736083984e-01
1.438725292682647705e-01
1.498007476329803467e-01
1.469475477933883667e-01
1.512576192617416382e-01
1.535761803388595581e-01
1.425958722829818726e-01
1.512272655963897705e-01
1.718493103981018066e-01
1.492160707712173462e-01
1.458991914987564087e-01
1.527777463197708130e-01
1.393170654773712158e-01
1.392152160406112671e-01
1.410184204578399658e-01
1.414124816656112671e-01
1.370920240879058838e-01
1.429023742675781250e-01
1.386417299509048462e-01
1.388168185949325562e-01
1.366101056337356567e-01
1.397722065448760986e-01
1.428444832563400269e-01
1.346630901098251343e-01
1.361916512250900269e-01
1.362385302782058716e-01
1.361785829067230225e-01
1.356205195188522339e-01
1.364404410123825073e-01
1.373828798532485962e-01
1.337758004665374756e-01
1.351371109485626221e-01
1.346438825130462646e-01
1.336479485034942627e-01
1.359966397285461426e-01
1.339687854051589966e-01
1.325169950723648071e-01
1.333945989608764648e-01
1.341741681098937988e-01
1.329416483640670776e-01
1.336024850606918335e-01
1.339706629514694214e-01
1.345761865377426147e-01
1.325079947710037231e-01
1.331097334623336792e-01
1.331908702850341797e-01
1.355535984039306641e-01
1.370524764060974121e-01
1.339981257915496826e-01
1.324739009141921997e-01
1.353004276752471924e-01
1.338928639888763428e-01
1.336321383714675903e-01
1.343606710433959961e-01
1.321779340505599976e-01
1.375053524971008301e-01
1.331252157688140869e-01
1.315527707338333130e-01
1.347963064908981323e-01
1.314161419868469238e-01
1.335259377956390381e-01
1.331424117088317871e-01
1.314441114664077759e-01
1.335781365633010864e-01
1.361187398433685303e-01
1.324143111705780029e-01
1.344465166330337524e-01
1.407271176576614380e-01
1.370009928941726685e-01
1.322870254516601562e-01
1.354318261146545410e-01
1.321942061185836792e-01
1.333172321319580078e-01
1.332785934209823608e-01
1.327314227819442749e-01
1.360620707273483276e-01
1.303932517766952515e-01
1.331186145544052124e-01
1.317136585712432861e-01
1.329100131988525391e-01
1.312859952449798584e-01
1.359663903713226318e-01
1.307588964700698853e-01
1.320706605911254883e-01
1.505947113037109375e-01
1.315191090106964111e-01
1.323981434106826782e-01
1.434371471405029297e-01
1.348718255758285522e-01
1.379081457853317261e-01
1.311751306056976318e-01
1.312643736600875854e-01
1.395309269428253174e-01
1.316890567541122437e-01
1.329435557126998901e-01
1.335190385580062866e-01
1.405500173568725586e-01
1.305086314678192139e-01
1.363771408796310425e-01
1.384550482034683228e-01
1.343741714954376221e-01
1.368295103311538696e-01
1.365361809730529785e-01
1.328250318765640259e-01
1.327803134918212891e-01
1.311729550361633301e-01
1.340058445930480957e-01
1.327534615993499756e-01
1.327791810035705566e-01
1.407726258039474487e-01
1.300203204154968262e-01
1.356886625289916992e-01
1.342313438653945923e-01
1.313999146223068237e-01
1.374990940093994141e-01
1.341919898986816406e-01
1.325230747461318970e-01
1.313213855028152466e-01
1.309143453836441040e-01
1.322422325611114502e-01
1.319402903318405151e-01
1.346870362758636475e-01
1.318051815032958984e-01
1.315223276615142822e-01
1.338471174240112305e-01
1.305950731039047241e-01
1.326252073049545288e-01
1.325604617595672607e-01
1.321814507246017456e-01
1.333166509866714478e-01
1.318860650062561035e-01
1.297747939825057983e-01
1.328893750905990601e-01
1.332946717739105225e-01
1.306149512529373169e-01
1.327621936798095703e-01
1.319105625152587891e-01
1.299114823341369629e-01
1.317428648471832275e-01
1.326148808002471924e-01
1.306858062744140625e-01
1.315340399742126465e-01
1.328846663236618042e-01
1.295320689678192139e-01
1.312322020530700684e-01
1.325926333665847778e-01
1.307891756296157837e-01
1.297466903924942017e-01
1.309355646371841431e-01
1.311684697866439819e-01
1.301964968442916870e-01
1.313880383968353271e-01
1.307342946529388428e-01
1.310969442129135132e-01
1.307289600372314453e-01
1.299984455108642578e-01
1.320697814226150513e-01
1.307120323181152344e-01
1.302537173032760620e-01
1.302116364240646362e-01
1.312722414731979370e-01
1.303569376468658447e-01
1.303799748420715332e-01
1.324308365583419800e-01
1.308354884386062622e-01
1.318653672933578491e-01
1.305484175682067871e-01
1.322358101606369019e-01
1.307383924722671509e-01
1.290073245763778687e-01
1.322537213563919067e-01
1.305808573961257935e-01
1.298528015613555908e-01
1.310946792364120483e-01
1.308575272560119629e-01
1.294088363647460938e-01
1.316729485988616943e-01
1.308761537075042725e-01
1.296253204345703125e-01
1.318089216947555542e-01
1.314233690500259399e-01
1.305329799652099609e-01
1.313019841909408569e-01
1.311305910348892212e-01
1.334872841835021973e-01
1.310408562421798706e-01
1.320121884346008301e-01
1.312200278043746948e-01
1.324638277292251587e-01
1.327115744352340698e-01
1.321914643049240112e-01
1.327121853828430176e-01
1.310833841562271118e-01
1.315451264381408691e-01
1.306351870298385620e-01
1.324870884418487549e-01
1.313452124595642090e-01
1.317490935325622559e-01
1.319791227579116821e-01
1.294304132461547852e-01
1.333178132772445679e-01
1.315650790929794312e-01
1.313060671091079712e-01
1.305337101221084595e-01
1.305870115756988525e-01
1.311966329813003540e-01
1.319073289632797241e-01
1.310941576957702637e-01
1.304322332143783569e-01
1.316106915473937988e-01
1.303436756134033203e-01
1.312155574560165405e-01
1.294994652271270752e-01
1.296573728322982788e-01
1.331902146339416504e-01
1.306858211755752563e-01
1.287780404090881348e-01
1.317420303821563721e-01
1.314046233892440796e-01
1.310191154479980469e-01
1.288315206766128540e-01
1.315679699182510376e-01
1.297734677791595459e-01
1.296845972537994385e-01
1.310561746358871460e-01
1.305321604013442993e-01
1.292241066694259644e-01
1.303568184375762939e-01
1.312074065208435059e-01
1.305661797523498535e-01
1.293118745088577271e-01
1.297642141580581665e-01
1.307026296854019165e-01
1.297615319490432739e-01
1.301344037055969238e-01
1.307720988988876343e-01
1.296750009059906006e-01
1.294299662113189697e-01
1.300970464944839478e-01
1.310144513845443726e-01
1.295232623815536499e-01
1.296728253364562988e-01
1.302929967641830444e-01
1.299491524696350098e-01
1.299535930156707764e-01
1.297611594200134277e-01
1.300969719886779785e-01
1.300343871116638184e-01
1.300770938396453857e-01
1.302380561828613281e-01
1.300583779811859131e-01
1.300957500934600830e-01
1.293883174657821655e-01
1.296562105417251587e-01
1.309482306241989136e-01
1.289998143911361694e-01
1.303283572196960449e-01
1.304458081722259521e-01
1.294493526220321655e-01
1.303566098213195801e-01
1.300000697374343872e-01
1.298171132802963257e-01
1.304809302091598511e-01
1.304076611995697021e-01
1.298695951700210571e-01
1.300576031208038330e-01
1.300010532140731812e-01
1.296491622924804688e-01
1.311910152435302734e-01
1.300085484981536865e-01
1.287658661603927612e-01
1.301146000623703003e-01
1.306329518556594849e-01
1.293978393077850342e-01
1.298165023326873779e-01
1.299909651279449463e-01
1.293704807758331299e-01
1.305108964443206787e-01
1.303922086954116821e-01
1.288705468177795410e-01
1.312290132045745850e-01
1.304618269205093384e-01
1.290740519762039185e-01
1.301030367612838745e-01
1.295242607593536377e-01
1.300842761993408203e-01
1.304266750812530518e-01
1.298137456178665161e-01
1.308451890945434570e-01
1.293448209762573242e-01
1.301458179950714111e-01
1.294336318969726562e-01
1.293805241584777832e-01
1.304798126220703125e-01
1.301553547382354736e-01
1.307685226202011108e-01
1.291522681713104248e-01
1.298310160636901855e-01
1.292570829391479492e-01
1.299449503421783447e-01
1.305870264768600464e-01
1.297665685415267944e-01
1.294289976358413696e-01
1.300242394208908081e-01
1.296466886997222900e-01
1.293512731790542603e-01
1.301722377538681030e-01
1.301269680261611938e-01
1.289253383874893188e-01
1.298139393329620361e-01
1.296978145837783813e-01
1.302304267883300781e-01
1.300012767314910889e-01
1.293044686317443848e-01
1.307914555072784424e-01
1.294088512659072876e-01
1.290619969367980957e-01
1.309096813201904297e-01
1.302189826965332031e-01
1.284883469343185425e-01
1.298664957284927368e-01
1.301656663417816162e-01
1.307699233293533325e-01
1.293288022279739380e-01
1.298401355743408203e-01
1.288730651140213013e-01
1.296525895595550537e-01
1.297608762979507446e-01
1.295960247516632080e-01
1.295800507068634033e-01
1.297919601202011108e-01
1.295922994613647461e-01
1.293524950742721558e-01
1.294933259487152100e-01
1.294503659009933472e-01
1.293849796056747437e-01
1.294897645711898804e-01
1.299753934144973755e-01
1.296688467264175415e-01
1.293256133794784546e-01
1.294506937265396118e-01
1.293058693408966064e-01
1.296535581350326538e-01
1.296811401844024658e-01
1.297409683465957642e-01
1.300425678491592407e-01
1.294303983449935913e-01
1.292392164468765259e-01
1.295457482337951660e-01
1.295647621154785156e-01
1.295682042837142944e-01
1.296307444572448730e-01
1.296555399894714355e-01
1.295799762010574341e-01
1.294720917940139771e-01
1.295875459909439087e-01
1.295908093452453613e-01
1.292414218187332153e-01
1.295675188302993774e-01
1.296819448471069336e-01
1.297756880521774292e-01
1.294862329959869385e-01
1.293071657419204712e-01
1.294926553964614868e-01
1.296678483486175537e-01
1.294576227664947510e-01
1.294978260993957520e-01
1.295367628335952759e-01
1.294805556535720825e-01
1.294321566820144653e-01
1.300402879714965820e-01
1.295751035213470459e-01
1.294598281383514404e-01
1.291379481554031372e-01
1.295852959156036377e-01
1.295201480388641357e-01
1.294069290161132812e-01
1.299771219491958618e-01
1.298251897096633911e-01
1.297586709260940552e-01
1.295709908008575439e-01
1.297701001167297363e-01
1.293545812368392944e-01
1.292552947998046875e-01
1.298368275165557861e-01
1.295296847820281982e-01
1.296385973691940308e-01
1.297096163034439087e-01
1.294753253459930420e-01
1.294660419225692749e-01
1.297387927770614624e-01
1.295058876276016235e-01
1.295320987701416016e-01
1.294549554586410522e-01
1.297789514064788818e-01
1.293703764677047729e-01
1.296902000904083252e-01
1.298253536224365234e-01
1.294471770524978638e-01
1.293669044971466064e-01
1.294967681169509888e-01
1.298229545354843140e-01
1.297028958797454834e-01
1.296426802873611450e-01
1.292740553617477417e-01
1.293668746948242188e-01
1.297597736120223999e-01
1.295970827341079712e-01
1.298959702253341675e-01
1.292558014392852783e-01
1.300285160541534424e-01
1.291610151529312134e-01
1.295521110296249390e-01
1.293333917856216431e-01
1.296499669551849365e-01
1.296045780181884766e-01
1.297191977500915527e-01
1.295215189456939697e-01
1.294241845607757568e-01
1.297836899757385254e-01
1.291000097990036011e-01
1.292336285114288330e-01
1.301971524953842163e-01
1.300640851259231567e-01
1.293879151344299316e-01
1.293227374553680420e-01
1.294956803321838379e-01
1.295048147439956665e-01
1.295477598905563354e-01
1.294680982828140259e-01
1.292834579944610596e-01
1.292653977870941162e-01
1.296274363994598389e-01
1.296700239181518555e-01
1.295563876628875732e-01
1.297269612550735474e-01
1.294769197702407837e-01
1.296296715736389160e-01
1.295051574707031250e-01
1.294709891080856323e-01
1.290888637304306030e-01
1.295775920152664185e-01
1.294482052326202393e-01
1.295634061098098755e-01
1.295763254165649414e-01
1.293010115623474121e-01
1.295408159494400024e-01
1.294819563627243042e-01
1.296518892049789429e-01
1.297558248043060303e-01
1.295791715383529663e-01
1.294177919626235962e-01
1.295890659093856812e-01
1.293268352746963501e-01
1.295687705278396606e-01
1.292507201433181763e-01
1.293813437223434448e-01
1.295378804206848145e-01
1.299425214529037476e-01
1.294714659452438354e-01
1.297078877687454224e-01
1.295620352029800415e-01
1.294265836477279663e-01
1.293490827083587646e-01
1.291648894548416138e-01
1.294144093990325928e-01
1.296339631080627441e-01
1.298196613788604736e-01
1.295225173234939575e-01
1.293654441833496094e-01
1.292437016963958740e-01
1.294430643320083618e-01
1.294710189104080200e-01
1.294151097536087036e-01
1.295378953218460083e-01
1.295669376850128174e-01
1.295620948076248169e-01
1.294189542531967163e-01
1.293518990278244019e-01
1.295574009418487549e-01
1.295200288295745850e-01
1.297922432422637939e-01
1.293059736490249634e-01
1.295330375432968140e-01
1.293275356292724609e-01
1.294202059507369995e-01
1.294573992490768433e-01
1.294027715921401978e-01
1.294290870428085327e-01
1.293619871139526367e-01
1.298052221536636353e-01
1.294834762811660767e-01
1.294338703155517578e-01
1.292961984872817993e-01
1.293029040098190308e-01
1.295243203639984131e-01
1.293850541114807129e-01
1.293870061635971069e-01
1.295603513717651367e-01
1.295516043901443481e-01
1.294733136892318726e-01
1.293092072010040283e-01
1.293035894632339478e-01
1.293253451585769653e-01
1.293821930885314941e-01
1.295923143625259399e-01
1.296390444040298462e-01
1.294095367193222046e-01
1.294117122888565063e-01
1.293426901102066040e-01
1.295765638351440430e-01
1.293063312768936157e-01
1.295078545808792114e-01
1.293153166770935059e-01
1.295314878225326538e-01
1.293970197439193726e-01
1.293273568153381348e-01
1.295406371355056763e-01
1.294525265693664551e-01
1.293908506631851196e-01
1.294001042842864990e-01
1.294742226600646973e-01
1.293626576662063599e-01
1.294035911560058594e-01
1.294515579938888550e-01
1.294383853673934937e-01
1.293490529060363770e-01
1.293364912271499634e-01
1.295006126165390015e-01
1.294748634099960327e-01
1.294518560171127319e-01
1.293512731790542603e-01
1.293536126613616943e-01
1.295189112424850464e-01
1.294662207365036011e-01
1.295267790555953979e-01
1.294730454683303833e-01
1.294356286525726318e-01
1.294359713792800903e-01
1.294596791267395020e-01
1.293029785156250000e-01
1.293769478797912598e-01
1.292851120233535767e-01
1.293225437402725220e-01
1.294103711843490601e-01
1.295425593852996826e-01
1.293716430664062500e-01
1.294047385454177856e-01
1.293389201164245605e-01
1.295444518327713013e-01
1.295262873172760010e-01
1.293005198240280151e-01
1.293788552284240723e-01
1.294341385364532471e-01
1.295157372951507568e-01
1.294980049133300781e-01
1.293238699436187744e-01
1.292974203824996948e-01
1.292818486690521240e-01
1.294537633657455444e-01
1.295074969530105591e-01
1.294572800397872925e-01
1.294295638799667358e-01
1.294513791799545288e-01
1.293961852788925171e-01
1.294263005256652832e-01
1.293393820524215698e-01
1.294094175100326538e-01
1.294799894094467163e-01
1.295925527811050415e-01
1.294559836387634277e-01
1.294753998517990112e-01
1.293915659189224243e-01
1.293466687202453613e-01
1.293803155422210693e-01
1.292650401592254639e-01
1.293117851018905640e-01
1.293852180242538452e-01
1.293038725852966309e-01
1.295249909162521362e-01
1.294289231300354004e-01
1.293884664773941040e-01
1.294123828411102295e-01
1.294609606266021729e-01
1.292590349912643433e-01
1.294506639242172241e-01
1.293313801288604736e-01
1.294581443071365356e-01
1.295102983713150024e-01
1.293386816978454590e-01
1.292942464351654053e-01
1.294038295745849609e-01
1.293960660696029663e-01
1.295014321804046631e-01
1.294610798358917236e-01
1.293966025114059448e-01
1.294171661138534546e-01
1.294067502021789551e-01
1.294575333595275879e-01
1.294118016958236694e-01
1.293023228645324707e-01
1.292551606893539429e-01
1.292946934700012207e-01
1.292817592620849609e-01
1.294768303632736206e-01
1.293575614690780640e-01
1.293291449546813965e-01
1.294764280319213867e-01
1.294737905263900757e-01
1.294782757759094238e-01
1.293676197528839111e-01
1.294145584106445312e-01
1.293421834707260132e-01
1.294264346361160278e-01
1.295325309038162231e-01
1.293739229440689087e-01
1.292176395654678345e-01
1.292767971754074097e-01
1.293219327926635742e-01
1.295538544654846191e-01
1.294209659099578857e-01
1.292946636676788330e-01
1.293591260910034180e-01
1.293497085571289062e-01
1.293827146291732788e-01
1.294214427471160889e-01
1.294596493244171143e-01
1.294897645711898804e-01
1.294767409563064575e-01
1.293404996395111084e-01
1.293791830539703369e-01
1.294077038764953613e-01
1.293656826019287109e-01
1.293412894010543823e-01
1.293529868125915527e-01
1.294040679931640625e-01
1.294233053922653198e-01
1.293986439704895020e-01
1.293429583311080933e-01
1.293450593948364258e-01
1.294343322515487671e-01
1.294015347957611084e-01
1.294523179531097412e-01
1.293626874685287476e-01
1.293168663978576660e-01
1.294037550687789917e-01
1.293185055255889893e-01
1.293709576129913330e-01
1.293694674968719482e-01
1.293402761220932007e-01
1.293688565492630005e-01
1.294043064117431641e-01
1.292946487665176392e-01
1.293716728687286377e-01
1.294795125722885132e-01
1.294112503528594971e-01
1.294184774160385132e-01
1.293639987707138062e-01
1.294701099395751953e-01
1.294159293174743652e-01
1.294024288654327393e-01
1.294088214635848999e-01
1.293716430664062500e-01
1.293824464082717896e-01
1.293132603168487549e-01
1.293294578790664673e-01
1.293628215789794922e-01
1.294799149036407471e-01
1.293883174657821655e-01
1.293023526668548584e-01
1.293208152055740356e-01
1.293475478887557983e-01
1.293912678956985474e-01
1.293674111366271973e-01
1.293477416038513184e-01
1.294549852609634399e-01
1.294255405664443970e-01
1.293619424104690552e-01
1.293774247169494629e-01
1.294139027595520020e-01
1.293094456195831299e-01
1.292881369590759277e-01
1.293088644742965698e-01
1.294432580471038818e-01
1.294118613004684448e-01
1.293651908636093140e-01
1.293568164110183716e-01
1.293472796678543091e-01
1.294098049402236938e-01
1.293623000383377075e-01
1.293395161628723145e-01
1.294485628604888916e-01
1.294422149658203125e-01
1.293861418962478638e-01
1.294106990098953247e-01
1.293510049581527710e-01
1.293640136718750000e-01
1.293677687644958496e-01
1.293190717697143555e-01
1.294232755899429321e-01
1.293732225894927979e-01
1.293003261089324951e-01
1.292832344770431519e-01
1.292843818664550781e-01
1.293377131223678589e-01
1.294749081134796143e-01
1.293902695178985596e-01
1.293219774961471558e-01
1.293839067220687866e-01
1.293735653162002563e-01
1.293633282184600830e-01
1.293422728776931763e-01
1.293521821498870850e-01
1.293483078479766846e-01
1.293287426233291626e-01
1.293261498212814331e-01
1.293119192123413086e-01
1.293755471706390381e-01
1.293660849332809448e-01
1.293590664863586426e-01
1.293655782938003540e-01
1.294422149658203125e-01
1.294341981410980225e-01
1.294585168361663818e-01
1.294220387935638428e-01
1.294500082731246948e-01
1.294385492801666260e-01
1.293630897998809814e-01
1.292974054813385010e-01
1.293176561594009399e-01
1.293555796146392822e-01
1.293600499629974365e-01
1.293967664241790771e-01
1.293257623910903931e-01
1.293527185916900635e-01
1.293884962797164917e-01
1.293857991695404053e-01
1.293922662734985352e-01
1.293217390775680542e-01
1.293024867773056030e-01
1.293330192565917969e-01
1.293403059244155884e-01
1.293413937091827393e-01
1.293512731790542603e-01
1.293203532695770264e-01
1.293575018644332886e-01
1.293640732765197754e-01
1.293975561857223511e-01
1.294049173593521118e-01
1.294140964746475220e-01
1.294013410806655884e-01
1.293695569038391113e-01
1.293954551219940186e-01
1.293721646070480347e-01
1.293954551219940186e-01
1.293470859527587891e-01
1.293798089027404785e-01
1.293517947196960449e-01
1.293301582336425781e-01
1.293376386165618896e-01
1.293233484029769897e-01
1.293202787637710571e-01
1.293589770793914795e-01
1.293671727180480957e-01
1.293715238571166992e-01
1.293489933013916016e-01
1.293423920869827271e-01
1.293578594923019409e-01
1.293696016073226929e-01
1.293323338031768799e-01
1.293119788169860840e-01
1.293051093816757202e-01
1.293420493602752686e-01
1.293995678424835205e-01
1.293761432170867920e-01
1.293705850839614868e-01
1.293476521968841553e-01
1.293620169162750244e-01
1.294130235910415649e-01
1.293542236089706421e-01
1.293080747127532959e-01
1.293408870697021484e-01
1.293142139911651611e-01
1.293736547231674194e-01
1.293404847383499146e-01
1.293459832668304443e-01
1.293462514877319336e-01
1.293617933988571167e-01
1.293777078390121460e-01
1.293864101171493530e-01
1.293647587299346924e-01
1.293722391128540039e-01
1.293510347604751587e-01
1.293388307094573975e-01
1.293547004461288452e-01
1.293818503618240356e-01
1.293313950300216675e-01
1.293066740036010742e-01
1.293826401233673096e-01
1.293737441301345825e-01
1.293265819549560547e-01
1.293625086545944214e-01
1.293774545192718506e-01
1.293988823890686035e-01
1.293639391660690308e-01
1.293728500604629517e-01
1.293873786926269531e-01
1.293109059333801270e-01
1.293056905269622803e-01
1.292931884527206421e-01
1.293600499629974365e-01
1.294008195400238037e-01
1.293789297342300415e-01
1.293730884790420532e-01
1.293774694204330444e-01
1.292941272258758545e-01
1.292885839939117432e-01
1.293369978666305542e-01
1.293447911739349365e-01
1.293519586324691772e-01
1.293704807758331299e-01
1.293480396270751953e-01
1.293092370033264160e-01
1.293066442012786865e-01
1.293087601661682129e-01
1.293186098337173462e-01
1.293399780988693237e-01
1.293412595987319946e-01
1.293340325355529785e-01
1.293438673019409180e-01
1.293186992406845093e-01
1.293399184942245483e-01
1.293501257896423340e-01
1.293739825487136841e-01
1.293764412403106689e-01
1.293659061193466187e-01
1.293374598026275635e-01
1.293361186981201172e-01
1.293548047542572021e-01
1.293590962886810303e-01
1.293630897998809814e-01
1.293438374996185303e-01
1.293683648109436035e-01
1.293558329343795776e-01
1.293587535619735718e-01
1.293301880359649658e-01
1.293504089117050171e-01
1.293531656265258789e-01
1.293491274118423462e-01
1.293268799781799316e-01
1.293408572673797607e-01
1.293366551399230957e-01
1.293154060840606689e-01
1.293446272611618042e-01
1.293501853942871094e-01
1.293772906064987183e-01
1.293546259403228760e-01
1.293465346097946167e-01
1.293424069881439209e-01
1.293237507343292236e-01
1.293407380580902100e-01
1.293438374996185303e-01
1.293314546346664429e-01
1.293437033891677856e-01
1.293409466743469238e-01
1.293377131223678589e-01
1.293264329433441162e-01
1.293290108442306519e-01
1.293430179357528687e-01
1.293319314718246460e-01
1.293516159057617188e-01
1.293264180421829224e-01
1.293302476406097412e-01
1.293288320302963257e-01
1.293248981237411499e-01
1.293621212244033813e-01
1.293833255767822266e-01
1.293617784976959229e-01
1.293446719646453857e-01
1.293123215436935425e-01
1.293159574270248413e-01
1.293324232101440430e-01
1.293581873178482056e-01
1.293492913246154785e-01
1.293616890907287598e-01
1.293560713529586792e-01
1.293495893478393555e-01
1.293156445026397705e-01
1.293195188045501709e-01
1.293577104806900024e-01
1.293775886297225952e-01
1.293378770351409912e-01
1.293520927429199219e-01
1.293556541204452515e-01
1.293493062257766724e-01
1.293366998434066772e-01
1.293295025825500488e-01
1.293362975120544434e-01
1.293442249298095703e-01
1.293369084596633911e-01
1.293381899595260620e-01
1.293386220932006836e-01
1.293530464172363281e-01
1.293458491563796997e-01
1.293320357799530029e-01
1.293510049581527710e-01
1.293434053659439087e-01
1.293424069881439209e-01
1.293123811483383179e-01
1.293294429779052734e-01
1.293454319238662720e-01
1.293651610612869263e-01
1.293482333421707153e-01
1.293467432260513306e-01
1.293284446001052856e-01
1.293381899595260620e-01
1.293552964925765991e-01
1.293281316757202148e-01
1.293244212865829468e-01
1.293280869722366333e-01
1.293394118547439575e-01
1.293409317731857300e-01
1.293331235647201538e-01
