4.398875348269939284e-02
3.980668820440769196e-02
3.634864948689937869e-02
3.360946085304021558e-02
3.201192077249288837e-02
3.059270177036523680e-02
2.887801267206668854e-02
2.563678901642561098e-02
2.071253098547458718e-02
1.638229880481958251e-02
1.476028421893715858e-02
1.272468678653240239e-02
1.184435402974486420e-02
1.088132532313466037e-02
9.279944607988000263e-03
7.930254936218262066e-03
7.209888100624084820e-03
6.386900134384631937e-03
7.341417344287037502e-03
7.331316638737916773e-03
6.943522440269589598e-03
7.479353458620607853e-03
6.072236085310577999e-03
6.555300951004028147e-03
5.833182181231677359e-03
5.507966433651745146e-03
5.786166479811072523e-03
4.802709957584738558e-03
5.294570256955921997e-03
5.145299853757024158e-03
5.182858067564665924e-03
5.692922323942184275e-03
5.722513468936085528e-03
4.761275276541710247e-03
4.154073144309222872e-03
5.003909161314368075e-03
5.295991641469299446e-03
4.837917466647923166e-03
4.225825401954352509e-03
4.230762924998998295e-03
4.103409626986831080e-03
4.546854901127517570e-03
4.362252680584788669e-03
4.089206689968705177e-03
3.973064105957746159e-03
4.595667775720358068e-03
4.112414875999092709e-03
3.527270769700407895e-03
4.023908812087029219e-03
3.594074957072734919e-03
3.770304284989833745e-03
3.430918720550834959e-03
4.160403716377913605e-03
4.417545115575194532e-03
3.298227488994598215e-03
3.210236597806215113e-03
3.705390659160911863e-03
3.670804202556610107e-03
3.212199732661247427e-03
3.360498405527323484e-03
3.952504205517471010e-03
3.139153996016830206e-03
3.380948200356215065e-03
3.618814749643206596e-03
3.508658229839056644e-03
3.078486956655979330e-03
3.010571177583187819e-03
4.216618847567588264e-03
2.936209389008581812e-03
3.606543503701686946e-03
3.467241046018898574e-03
3.198780841194093141e-03
2.925784746184945280e-03
2.459035487845540047e-03
3.837813809514045889e-03
2.573260141070932237e-03
3.181006258819252166e-03
3.488295478746294975e-03
3.018247347790747968e-03
2.611786336638033477e-03
4.086280637420713728e-03
3.616142901591956615e-03
3.297943901270627802e-03
2.928951161447912281e-03
2.826087793800979939e-03
2.557487029116600839e-03
3.512183402199298057e-03
4.207743727602064436e-03
3.322275006212294102e-03
2.634052059147506779e-03
3.954356058966368263e-03
3.164968406781554396e-03
2.930316224228590640e-03
3.239275130908936262e-03
2.481140231247991410e-03
2.998892171308398420e-03
3.026176977436989633e-03
2.092008630279451695e-03
3.485349053516983812e-03
2.410875982604920864e-03
2.710087236482650215e-03
2.253581071272492409e-03
2.923910599201917735e-03
2.898539847228675994e-03
2.049581008031964389e-03
2.931465511210262775e-03
2.618599031120538538e-03
2.291146718198433432e-03
2.328020485583692702e-03
2.806318458169698715e-03
2.303119690623134375e-03
2.175239380449056625e-03
2.879861777182668534e-03
2.148653683252632791e-03
2.973210148047655734e-03
3.103559499140829021e-03
2.829271624796092423e-03
2.347668219590559515e-03
3.474336094222962943e-03
2.744642843026667833e-03
2.757882326841354457e-03
2.593507326673716393e-03
2.631120546720921820e-03
3.012298775138333353e-03
2.552868891507387248e-03
2.130707411561161366e-03
2.694897807668894356e-03
3.307500167284161026e-03
2.459108363837003708e-03
2.764258952811360533e-03
3.274627903010696173e-03
3.439785202499478882e-03
2.453879819950088685e-03
3.064257418736815539e-03
2.231776562985032710e-03
2.570444240700453346e-03
2.187522762687876734e-03
2.797121601179242308e-03
2.185413171537220391e-03
2.029174717608839447e-03
3.472664800938218832e-03
2.165774023160338315e-03
2.334871178027242335e-03
2.253493334865197713e-03
2.150823920965194789e-03
2.269320806954056111e-03
2.092463901499286381e-03
2.501680317800492135e-03
2.661338099278509530e-03
2.184159250464290554e-03
2.365970861865207466e-03
2.863692212849855510e-03
2.463968953816219991e-03
3.189889667555689985e-03
2.388377243187278596e-03
2.411009569186717272e-03
2.180179813876748085e-03
2.868019754532724792e-03
3.314555389806628227e-03
2.481555816484615033e-03
2.183071954641491261e-03
2.140714658889919346e-03
2.184243733063340274e-03
3.440646344097331253e-03
2.003666060045361345e-03
2.145662868861108932e-03
1.813146751374006271e-03
1.739519799593836156e-03
2.417694852920248931e-03
2.211748121771961364e-03
2.042158821132033977e-03
2.154616528423503128e-03
2.416566410101949995e-03
2.317948837298899716e-03
2.558794821379706090e-03
2.582412079209461982e-03
2.245381777174771006e-03
2.748778159730136568e-03
2.673387655522674496e-03
2.252871991368010727e-03
2.395326714031398383e-03
1.682653382886201143e-03
2.387734921649098483e-03
3.514848521444946354e-03
2.166669711004942829e-03
3.261250891955569560e-03
2.416143618756905025e-03
1.946192007744684902e-03
2.880489523522556002e-03
1.837981148855760650e-03
2.765095455106347973e-03
2.317294990643858736e-03
2.102387195918709040e-03
2.176810055971145630e-03
2.427972038276493549e-03
2.101367933209985668e-03
2.866056212224066084e-03
2.651316003175452438e-03
2.350691647734493017e-03
2.154338825494051153e-03
2.619567082729190415e-03
2.418643189594149676e-03
2.340161142637952989e-03
2.200261707184836095e-03
2.325546648353338415e-03
1.955538283800706181e-03
2.247455762699246407e-03
3.832332877209410071e-03
2.002526930300519044e-03
2.154732530470937490e-03
2.534424001350998705e-03
1.880373217863961968e-03
1.604310690890997692e-03
2.222651982447132295e-03
2.079778927145525726e-03
2.162067545577883807e-03
2.061448537278920586e-03
2.022579225013032556e-03
1.832496537826955362e-03
2.241616463288664905e-03
2.841298485873266881e-03
2.310484222834929997e-03
2.347111195558681911e-03
1.940239686518907547e-03
1.874972553923726038e-03
1.802804192993789868e-03
2.579852094640955329e-03
2.417024911846965378e-03
1.484115043422207280e-03
1.520681625697761687e-03
1.985972071997821244e-03
1.741619623498991175e-03
1.930576085578650323e-03
2.367542899446561759e-03
1.885017775930464311e-03
1.906857464928180023e-03
1.515703508630394936e-03
1.683031837455928369e-03
1.785757567267864856e-03
2.358685922808945266e-03
2.466151991393417207e-03
2.551898738602176309e-03
2.551394538022577676e-03
1.648160949116572738e-03
2.193330531008541671e-03
2.270277059869840654e-03
2.384136180626228625e-03
2.622331469319760886e-03
1.740280311787501064e-03
2.303185116034001112e-03
2.135645423550158739e-03
2.074334694771096284e-03
1.713059260509908199e-03
2.267936011776328087e-03
2.032338478602469141e-03
2.500161190982908184e-03
2.967685129260644143e-03
2.143857703777030024e-03
2.666655957000330091e-03
1.983319286955520424e-03
3.785407531540841038e-03
1.950530859176069498e-03
2.139380492735654116e-03
1.710423384793102741e-03
1.865760807413607923e-03
1.951959857251495123e-03
2.042269043158739805e-03
2.284806815441698009e-03
1.591111079324036793e-03
1.925737806595861999e-03
1.932808436686173168e-03
1.608943182509392413e-03
2.039979200344532555e-03
1.937936927424743685e-03
2.607547404477372592e-03
2.229536813683807676e-03
2.577864169143140489e-03
2.373130060732364655e-03
2.033797843614593061e-03
1.814816333353519396e-03
1.640364318154752168e-03
1.799106819089502140e-03
2.610456035472452814e-03
1.980637502856552774e-03
2.890078962082043290e-03
1.664275093935429963e-03
1.636293641058728056e-03
1.847689336864277807e-03
1.809336623409762979e-03
1.710554212331771937e-03
2.050418971339240844e-03
1.485495758242905183e-03
2.462724148062989289e-03
2.294825209537520918e-03
2.264157962054014293e-03
1.923519745469093409e-03
1.989653852069750341e-03
2.014191687339916999e-03
2.153119578724727208e-03
2.257370750885456974e-03
1.821234251838177399e-03
1.834831398446112784e-03
2.204474015161395246e-03
2.412936789914965543e-03
2.140733142732642678e-03
2.043966093333438126e-03
2.627748541999608452e-03
1.830184267600998326e-03
1.737752812914550304e-03
3.448055422632023779e-03
1.791192340897396294e-03
1.774539187317714182e-03
1.742550655035302086e-03
2.104144287295639602e-03
1.532409747596830130e-03
2.041152055608108466e-03
1.545934006571769714e-03
2.325078577268868511e-03
2.395920216804370197e-03
1.656978914979845285e-03
1.983111485606059345e-03
1.656863343669101596e-03
1.601671369280666200e-03
1.829620735952630552e-03
1.810092292726039930e-03
1.684852066682651726e-03
1.850415335502475413e-03
2.412097930209711107e-03
2.028132334817201073e-03
1.814779377309605523e-03
2.249000553274527019e-03
1.642744155833497600e-03
2.455128304427489725e-03
2.219114464242011482e-03
2.215341822011396462e-03
2.074671519221737807e-03
1.661906397202983499e-03
2.099998469930142164e-03
1.754936174256727013e-03
1.749056286644190506e-03
1.742486463626846671e-03
2.107793948380276387e-03
2.792272728402167732e-03
1.739355694735422774e-03
2.052001265110447829e-03
2.045069029554724607e-03
2.221125876531004906e-03
2.406150382012128656e-03
1.739082689164206472e-03
1.607084949500858740e-03
2.734514244366437197e-03
2.054480300284921949e-03
1.688012323575094255e-03
2.599703957093879494e-03
1.857561839278787288e-03
2.147209714166820049e-03
1.762069005053490400e-03
1.845786924241110596e-03
1.830299029825255188e-03
2.142033114796504552e-03
2.393687237054109660e-03
2.246611675946042115e-03
1.978867652360349807e-03
2.094952459447086031e-03
1.955288584576919762e-03
2.256649389164522117e-03
2.240827446803450498e-03
1.427776098717004147e-03
2.238371432758867654e-03
2.028559823520481500e-03
2.470235264627263123e-03
1.748271263204515067e-03
1.814089500112459107e-03
1.760645559988915834e-03
1.689431822160258846e-03
2.012339144130237401e-03
1.492982555646449327e-03
1.619257184211164800e-03
2.756371296709403222e-03
1.945447456091642423e-03
1.956923550460487691e-03
1.986280587152577850e-03
1.742720947368070396e-03
2.233383804559707728e-03
1.946723810397088441e-03
1.934989751316607042e-03
1.829199847998097626e-03
2.326815086416899984e-03
2.134072396438568917e-03
2.948478900361805981e-03
1.934874081052839843e-03
1.835205586394295010e-03
1.867233513621613383e-03
2.360433293506503279e-03
3.377784375334158713e-03
2.257491729687899438e-03
1.886548835318535523e-03
1.722124929074198008e-03
1.913807372329756661e-03
1.925379491876810832e-03
2.328477962873875921e-03
1.728427264606580182e-03
1.792510278755799023e-03
2.191114157903939572e-03
1.733562367735430555e-03
2.239018230466171926e-03
1.632585638435557441e-03
2.230499288998544216e-03
2.105505898362025532e-03
2.104053314542398030e-03
2.596520230872556480e-03
1.651350065367296425e-03
2.187045622849837119e-03
1.496985839912667784e-03
1.879056199686601715e-03
1.496121141826733947e-03
2.306374692125245929e-03
2.920222561806440440e-03
1.680080086225643841e-03
1.587554853176698045e-03
1.818450284190475941e-03
2.734697359846904787e-03
2.061085874447599227e-03
1.898904255358502225e-03
2.017094666371122003e-03
2.171773120062425819e-03
2.198235929245129401e-03
1.746092521352693525e-03
2.004753006622195157e-03
1.710410974919796033e-03
1.794032612815499392e-03
2.077897486742585897e-03
2.151998551562428561e-03
1.553380396217107773e-03
1.938470866298302921e-03
1.925925858085975094e-03
1.520392642123624639e-03
2.068038616562262091e-03
2.216486597899347370e-03
1.583914400544017510e-03
1.829874503891915170e-03
1.797165611060336319e-03
1.603559422073885885e-03
2.491569431731477293e-03
1.554411626420915040e-03
2.022208244306966749e-03
2.006505260942503723e-03
2.381590905133634979e-03
2.243587392149493012e-03
1.999367820098996249e-03
1.335813564946875020e-03
1.960998261347413150e-03
1.835113984998315529e-03
1.924374664667993784e-03
2.805758651811629621e-03
2.203253697371110147e-03
1.664797199191525665e-03
1.970912981778383428e-03
1.784932572627440182e-03
1.301678363233804703e-03
2.096201613312587142e-03
1.862255553714931055e-03
1.594813365954905748e-03
1.523021457251161250e-03
2.305558836087584669e-03
2.683016326045617461e-03
1.729099324438720898e-03
2.640132460510358041e-03
1.881598925683647307e-03
1.743565534707158847e-03
2.498460590140894142e-03
1.768394699320197192e-03
1.507748721633106513e-03
1.504695060430094643e-03
2.082013397011905735e-03
1.355858828173950358e-03
2.041877928422764117e-03
1.780860294820740732e-03
2.090803807368501934e-03
2.464975469047203747e-03
1.622396364109590693e-03
2.402926591457799077e-03
1.742219051811844024e-03
1.784175075590610417e-03
1.717173389624804215e-03
2.306534431409090584e-03
1.637588406447321263e-03
1.695618696976452979e-03
1.489300769753754052e-03
2.463625132804736495e-03
2.183740946929901665e-03
2.234609867446124727e-03
1.913523289840668483e-03
1.688963361084461299e-03
3.013799746986478480e-03
2.146752754924818873e-03
2.010720327962190086e-03
1.515963277779519601e-03
2.040879736887290987e-03
1.465769996866583868e-03
