1.720183296203613155e-01
1.562202920913696169e-01
1.510364599227905225e-01
1.467348451614379767e-01
1.434333229064941317e-01
1.417780876159668024e-01
1.381193475723266617e-01
1.269218244552612340e-01
1.167600736618042007e-01
1.073364496231079129e-01
1.004608678817748985e-01
9.807408237457275468e-02
9.524878406524658891e-02
9.434880399703979292e-02
8.911141157150268000e-02
8.008814382553100519e-02
6.921053934097290417e-02
5.685518074035644798e-02
5.836299324035644498e-02
6.179183435440063765e-02
6.641386604309082453e-02
5.698813295364379972e-02
5.159732246398925776e-02
5.034478330612182639e-02
4.995526885986328186e-02
4.603530359268188238e-02
5.029230213165283153e-02
4.119381165504455711e-02
4.283243417739868164e-02
4.412435126304626448e-02
5.090711784362793313e-02
5.053096723556518843e-02
4.829162025451660262e-02
4.688072490692138383e-02
3.959135031700134616e-02
5.368600845336914118e-02
5.618342852592467934e-02
4.555074620246887113e-02
4.485450720787048651e-02
4.795653915405273526e-02
3.871258354187012002e-02
4.663466405868530590e-02
4.777683234214782915e-02
4.246850061416625882e-02
4.186496591567993170e-02
4.773104166984558361e-02
3.846018910408020158e-02
3.513837790489196533e-02
3.937199831008911244e-02
4.624927854537964206e-02
3.532435655593871987e-02
3.882211589813232278e-02
4.366002464294433533e-02
4.480830621719360252e-02
3.355066037178039418e-02
3.300689291954040511e-02
3.645079278945922985e-02
4.151413035392761269e-02
3.820842266082763450e-02
3.868583106994628873e-02
4.531298184394836476e-02
3.440787267684936729e-02
3.855894470214843439e-02
3.806187295913696089e-02
4.536259818077087447e-02
3.847597241401672086e-02
3.592737174034118380e-02
4.346533751487732106e-02
3.593159866333008046e-02
4.247236943244934310e-02
3.770934891700744584e-02
3.487166118621826127e-02
3.536922454833984347e-02
3.108897566795349246e-02
4.065962696075439697e-02
3.106921243667602403e-02
3.441279029846191356e-02
3.691414713859558078e-02
3.843692255020141751e-02
3.690239644050598289e-02
5.103597402572632169e-02
4.894414114952087141e-02
3.650600385665893344e-02
3.399569940567016835e-02
3.574093127250671520e-02
3.390924310684204079e-02
4.561151933670044151e-02
5.589096951484680276e-02
3.734641432762145913e-02
3.302161979675292958e-02
4.301634502410888600e-02
3.646917247772216847e-02
3.557856202125549150e-02
3.795173621177673484e-02
3.447738838195800459e-02
3.620110344886779546e-02
3.466493296623229803e-02
2.769193744659423709e-02
3.986991763114929033e-02
3.060855531692504780e-02
3.178409028053283403e-02
2.724261963367462236e-02
3.383184862136840582e-02
3.239718341827392545e-02
2.850660181045532385e-02
3.668733572959900074e-02
3.269969964027404780e-02
3.121023488044738850e-02
3.765233039855957198e-02
3.996756052970885931e-02
3.349017500877380510e-02
2.857616496086120769e-02
3.395473098754882985e-02
2.877027535438537661e-02
3.316927933692932068e-02
3.352752971649169966e-02
3.401004934310913191e-02
3.195591473579406649e-02
4.185801291465759272e-02
3.116379785537719618e-02
3.266829395294189309e-02
3.379646706581115878e-02
2.918202543258666820e-02
3.622480106353759971e-02
2.880144762992858931e-02
2.595716547966003471e-02
3.134907805919646961e-02
3.625813865661620811e-02
3.412428045272827143e-02
3.633271551132202098e-02
3.980092477798462258e-02
3.743215012550354243e-02
3.021294295787811321e-02
3.655862545967102084e-02
2.974266767501830902e-02
3.446319675445556896e-02
3.237861275672912487e-02
3.351846957206726374e-02
2.950717663764953688e-02
2.805773580074310408e-02
3.986334347724914545e-02
3.238556122779846086e-02
3.505555820465088013e-02
2.949125409126281822e-02
2.744187259674072191e-02
2.808051204681396434e-02
2.816212558746337968e-02
3.204584717750549178e-02
3.397546362876892323e-02
2.952296233177184939e-02
3.336305379867553905e-02
3.917079114913940563e-02
3.218137431144714455e-02
3.609286236763000616e-02
3.133376336097717235e-02
3.033220887184143177e-02
3.034654617309570299e-02
3.748025774955749539e-02
4.083338642120361295e-02
3.137145066261291804e-02
2.737301468849182018e-02
2.646870398521423279e-02
3.347938156127929638e-02
3.998430562019348461e-02
2.528246355056762776e-02
2.816007339954376340e-02
2.619045186042785744e-02
2.771155428886413682e-02
3.643846178054809676e-02
3.336840867996215820e-02
2.747879493236541834e-02
2.797420072555541898e-02
2.976676845550537201e-02
3.068233895301818864e-02
3.162754797935486001e-02
3.171747839450836381e-02
3.096541190147399786e-02
3.746121633052825611e-02
3.279319453239441101e-02
3.005340313911437911e-02
2.954365348815917933e-02
2.275597953796386699e-02
3.071329522132873469e-02
3.856375288963317938e-02
2.887227916717529166e-02
3.626503443717956493e-02
3.239366579055786427e-02
2.789403724670410159e-02
3.887863886356354021e-02
2.916367590427398557e-02
4.160810875892639177e-02
3.297025489807128840e-02
3.071769452095031785e-02
2.825004172325134427e-02
3.299855685234069635e-02
2.734315848350524908e-02
3.451482748985290616e-02
3.412935614585876215e-02
3.475210332870483365e-02
3.593341636657714638e-02
3.224314546585083097e-02
3.047123336791992057e-02
2.918212127685546747e-02
2.731109237670898554e-02
3.010254311561584573e-02
2.800274872779846130e-02
3.049282979965210055e-02
3.903803181648254211e-02
2.876461243629455447e-02
2.924839270114898762e-02
3.305946636199950939e-02
2.775268948078155398e-02
2.476186752319336007e-02
2.771250724792480302e-02
2.729355466365814345e-02
2.939626693725586049e-02
2.751357173919677726e-02
2.774459517002105663e-02
2.653691411018371457e-02
2.981179046630859364e-02
3.488442182540893444e-02
2.849316954612731920e-02
2.991380631923675620e-02
2.577729296684265134e-02
2.658301377296447623e-02
2.912825417518615650e-02
3.504731297492980763e-02
2.951639747619629051e-02
2.301180660724639823e-02
2.356272459030151270e-02
2.996265482902526686e-02
2.688796186447143383e-02
2.719724595546722454e-02
2.968370008468627919e-02
2.694957542419433583e-02
2.648970341682434226e-02
2.227295446395874054e-02
2.489431965351104892e-02
2.491132831573486181e-02
3.097705483436584417e-02
3.207510435581207436e-02
3.071069908142089883e-02
3.137664175033569314e-02
2.432031607627868630e-02
2.960517334938049180e-02
3.060126018524169864e-02
2.964434611797332753e-02
3.460917472839355330e-02
2.472262597084045471e-02
2.830431938171386677e-02
2.813332056999206382e-02
2.682130348682403714e-02
2.426311135292053348e-02
2.974617385864257793e-02
2.563429749011993455e-02
3.084670233726501468e-02
3.326910543441772422e-02
2.683974123001098624e-02
3.167517185211181363e-02
2.665854847431183006e-02
4.135643053054809809e-02
2.599469232559204271e-02
2.766330218315124490e-02
2.386890828609466650e-02
2.550370717048645181e-02
2.625532352924346904e-02
2.753724622726440308e-02
3.002617800235748285e-02
2.384626841545104889e-02
2.817005622386932473e-02
2.728276824951171922e-02
2.439380741119384632e-02
2.843517184257507435e-02
2.918078017234802118e-02
3.399770879745483282e-02
3.067885208129882829e-02
3.162032532691955861e-02
3.163872122764587597e-02
2.751911664009094177e-02
2.533854508399963415e-02
2.442976951599121205e-02
2.564416909217834620e-02
3.151114320755005194e-02
2.730958712100982691e-02
3.455034649372101113e-02
2.397488319873809781e-02
2.440874886512756428e-02
2.553682649135589552e-02
2.530594921112060483e-02
2.462928044795989826e-02
2.640575993061065538e-02
2.202453207969665497e-02
3.075127887725830067e-02
2.813790464401245278e-02
2.963795864582061818e-02
2.664322888851165805e-02
2.643705761432647849e-02
2.796095323562622012e-02
2.765454864501953186e-02
2.980804479122161829e-02
2.529683554172515794e-02
2.446037673950195168e-02
2.833600795269012457e-02
2.970177650451660128e-02
2.782578170299530168e-02
2.696472203731536954e-02
3.097283017635345595e-02
2.520197653770446869e-02
2.464827394485473791e-02
3.650537478923797374e-02
2.490806913375854387e-02
2.397894430160522547e-02
2.451948225498199602e-02
2.804293036460876395e-02
2.199441504478454740e-02
2.643368840217590401e-02
2.269043087959289606e-02
2.725426435470581013e-02
2.981239473819732519e-02
2.560015308856964170e-02
2.839710521697998147e-02
2.430368280410766593e-02
2.298010921478271448e-02
2.430748760700225664e-02
2.478832089900970606e-02
2.375204241275787401e-02
2.486965036392211822e-02
3.082373189926147436e-02
2.849423992633819472e-02
2.464624428749084481e-02
2.858991968631744221e-02
2.308128380775451710e-02
2.808753836154937594e-02
2.859976351261138763e-02
2.878347539901733240e-02
2.809455597400665333e-02
2.401334702968597329e-02
2.861759161949157734e-02
2.484340667724609444e-02
2.519268047809600924e-02
2.466687989234924230e-02
2.630661833286285570e-02
3.281141817569732666e-02
2.527918243408203147e-02
2.848962926864623962e-02
2.811639010906219482e-02
2.827908480167388994e-02
2.898981261253356922e-02
2.278143513202667350e-02
2.302076137065887582e-02
3.323452532291412687e-02
2.658484315872192486e-02
2.412729096412658675e-02
3.147790515422820706e-02
2.612647771835327135e-02
2.815578246116638012e-02
2.380607163906097584e-02
2.519831252098083535e-02
2.530062854290008462e-02
2.796582281589508195e-02
2.973452794551849354e-02
2.865313351154327379e-02
2.573483860492706277e-02
2.696859300136566009e-02
2.768745589256286707e-02
2.810263431072235196e-02
2.657970178127288738e-02
2.189319145679474027e-02
2.652431452274322393e-02
2.701913976669311629e-02
3.098792493343353188e-02
2.443644654750824069e-02
2.568195796012878382e-02
2.482857346534729157e-02
2.533785104751586775e-02
2.830348837375640941e-02
2.205972123146057035e-02
2.380289828777313113e-02
3.179051387310027899e-02
2.687121725082397550e-02
2.655650949478149253e-02
2.631597661972046032e-02
2.509436559677124048e-02
2.991533613204955949e-02
2.646627783775329715e-02
2.717455053329467796e-02
2.560306358337402499e-02
3.100747561454772830e-02
2.828400921821594069e-02
3.378034651279449713e-02
2.521544218063354395e-02
2.508907008171081671e-02
2.574012911319732699e-02
2.886529827117919819e-02
3.667262148857116516e-02
2.866453826427459856e-02
2.558436405658721935e-02
2.491424584388732960e-02
2.710245299339294339e-02
2.596823883056640497e-02
2.682691979408264107e-02
2.428289306163787867e-02
2.400386571884155149e-02
2.712919199466705400e-02
2.448286128044128290e-02
2.863702845573425429e-02
2.245888316631317050e-02
2.603565454483032157e-02
2.800756037235260093e-02
2.660185801982879739e-02
3.153346145153045760e-02
2.343839788436889726e-02
2.819316220283508284e-02
2.221096527576446600e-02
2.502506732940673953e-02
2.173653364181518666e-02
2.884229779243469363e-02
3.470218455791473228e-02
2.451461553573608398e-02
2.368336701393127311e-02
2.551923274993896443e-02
3.186937344074249057e-02
2.678687012195587330e-02
2.629558289051055903e-02
2.681256079673767154e-02
2.888752555847167933e-02
2.755958867073059204e-02
2.373473763465881389e-02
2.709131944179534943e-02
2.491088986396789579e-02
2.531099545955657962e-02
2.624546289443969657e-02
2.821139240264892642e-02
2.253162193298339708e-02
2.531227064132690260e-02
2.574698638916015497e-02
2.195775365829467918e-02
2.647024285793304552e-02
2.853540456295013475e-02
2.303747463226318501e-02
2.487100172042846710e-02
2.476924264430999806e-02
2.279734683036804127e-02
3.035043096542358251e-02
2.251032006740569941e-02
2.555787265300750802e-02
2.705005443096161061e-02
2.913374841213226332e-02
2.724284291267395006e-02
2.664205574989318703e-02
2.022086870670318504e-02
2.620651590824127353e-02
2.538713729381561132e-02
2.563714623451232924e-02
3.225398921966552562e-02
2.852526319026946894e-02
2.381317245960235668e-02
2.669337284564972032e-02
2.476977884769439656e-02
1.998016142845153789e-02
2.672208070755004855e-02
2.499995851516723794e-02
2.335373985767364574e-02
2.351074337959289592e-02
2.909370470046997170e-02
3.175497889518737876e-02
2.455218207836151051e-02
3.239763581752776872e-02
2.568652451038360568e-02
2.520785927772522042e-02
3.079031634330749514e-02
2.498515641689300418e-02
2.197934138774871801e-02
2.180489385128021179e-02
2.662935781478881908e-02
2.096432125568389870e-02
2.582096076011657776e-02
2.406345403194427510e-02
2.756927919387817255e-02
3.099299311637878501e-02
2.363191092014312739e-02
3.090215504169464139e-02
2.489730310440063307e-02
2.560968863964080758e-02
2.459555780887603613e-02
2.898927724361419558e-02
2.315265417098999121e-02
2.449568390846252469e-02
2.170623886585235432e-02
2.904394364356994648e-02
2.866660797595977847e-02
2.931654155254364083e-02
2.584332394599914498e-02
2.376297605037689178e-02
3.331805455684661715e-02
2.752645504474639931e-02
2.655810856819152896e-02
2.231829082965850961e-02
2.699059987068176333e-02
2.136726570129394639e-02
