4.311897233128547668e-02
4.136898741126060486e-02
3.694183627764383721e-02
3.601335609952608513e-02
3.432361533244451118e-02
3.210307533542314934e-02
2.883564308285713196e-02
2.415181851635376728e-02
2.244619093835353851e-02
1.744681006918350971e-02
1.505777581284443480e-02
1.183419550458590132e-02
1.208661062022050280e-02
1.133538968861103058e-02
9.192438020060459195e-03
8.365944183121124325e-03
5.488013383001089096e-03
4.109265282750129700e-03
3.797977929934859276e-03
5.201264439771573038e-03
3.912533788631360025e-03
4.181890826051433592e-03
3.550220513716340065e-03
4.203660180792212486e-03
2.865989343263208866e-03
3.292023437097668648e-03
2.652407779047886386e-03
3.244722960516810417e-03
3.038610564544796944e-03
3.079824460049470410e-03
3.604312893003225327e-03
3.343651924903193965e-03
3.421357134357094765e-03
2.765348336348930850e-03
2.863671475400527463e-03
2.743584181492527471e-03
3.476588986814022064e-03
3.002794692292809486e-03
2.785086010893186078e-03
2.698291325941681862e-03
2.364747381458679690e-03
2.556161644558111682e-03
2.482766285538673401e-03
2.695983663822213664e-03
2.669909348090489850e-03
3.497700750206907735e-03
2.182870715235670552e-03
2.396437455900013447e-03
2.367265716505547509e-03
2.578173764050006866e-03
2.666371796901027217e-03
2.530858114672204003e-03
2.219307740839818969e-03
2.221571048721671104e-03
2.439716015942394733e-03
2.582416481648882375e-03
2.463917713612318039e-03
2.271545313609143243e-03
2.408946941917141423e-03
2.220286366840203748e-03
2.838794685279329762e-03
2.218889033732315049e-03
2.242195846823354707e-03
2.426631088989476218e-03
2.515090862289071083e-03
2.234012237749993801e-03
2.297739498317241669e-03
2.558469306677579880e-03
2.648880394796530261e-03
2.033780367734531417e-03
2.518230622323850646e-03
2.196110901422798634e-03
2.291754741842547908e-03
1.879950985312461853e-03
1.891225421180327661e-03
2.442773664370179176e-03
2.398269755455354705e-03
3.051491143802801623e-03
2.138257880384723201e-03
2.564254682511091232e-03
2.275632733168701186e-03
3.681028960272669792e-03
2.212445057618121162e-03
2.822529524564743042e-03
2.296453574672341347e-03
1.952573734646042116e-03
2.350451967989405141e-03
1.984172151423990726e-03
2.954267663881182671e-03
2.036595523046950355e-03
3.242574011286099896e-03
2.302688042012353883e-03
2.697115453581015124e-03
2.860999976595242963e-03
1.909910778825481660e-03
2.232657823090752110e-03
2.272196036453048244e-03
1.890677337845166452e-03
2.599597016038993850e-03
1.783008648393054731e-03
2.080815145745873451e-03
1.991098319801191344e-03
2.044529460060099616e-03
2.511391028140982137e-03
1.901404117234051228e-03
1.697837918375929124e-03
1.832674723118543625e-03
2.662748020763198390e-03
1.838733830178777449e-03
1.943038931737343543e-03
1.875212648883461952e-03
1.907809094215432875e-03
2.150486029374102607e-03
1.809738964463273756e-03
1.987608576503892884e-03
2.214143984019756317e-03
2.225341585775216565e-03
2.177985656696061149e-03
1.910019743566711671e-03
2.525194160019358144e-03
2.443366645214458451e-03
1.704247532567630284e-03
2.100539432528118148e-03
2.164131690127154336e-03
2.105801948346197605e-03
1.842724236970146425e-03
1.984260471848150239e-03
2.262127275268236652e-03
2.178939602648218617e-03
2.074215444736182690e-03
1.775061944499611855e-03
2.268569388737281308e-03
2.031416865065693855e-03
2.531472903986772046e-03
1.943523141865928896e-03
2.097009952800969138e-03
1.754750031977891922e-03
2.452931987742582812e-03
1.997105311602354050e-03
1.873222218515972369e-03
2.179468555065492644e-03
2.212018434268733010e-03
2.030128690724571690e-03
1.703110484716792829e-03
1.907583675347268581e-03
1.952351187355816364e-03
2.100844324255982890e-03
1.811293264230092294e-03
2.258446843673785672e-03
1.773754872071246378e-03
1.949015577944616549e-03
2.615409359956780925e-03
2.080205866756538405e-03
1.977841020561754704e-03
2.143592457287013531e-03
1.892514526844024658e-03
1.946861351219316251e-03
2.601513251041372762e-03
2.182696286278466239e-03
1.934985474993785150e-03
1.774030698773761518e-03
1.956353740145762906e-03
1.982384710572659969e-03
2.289723682527740941e-03
1.970255631022155285e-03
1.819244935177266598e-03
1.546895480714738369e-03
2.145820297300815582e-03
2.174998555953303828e-03
1.792728086002171040e-03
1.950847062592705019e-03
1.768133059764901869e-03
1.953227988754709706e-03
2.008858874129752174e-03
1.856654416769742966e-03
1.758701711272199876e-03
1.948644872754812241e-03
1.663666024493674509e-03
2.349118857334057345e-03
1.706253271549940109e-03
1.847895133929948084e-03
1.907673819611469977e-03
1.972125261090695858e-03
1.750736497342586517e-03
1.969165285117924213e-03
2.386177812392512813e-03
1.552922146705289609e-03
1.973085183029373631e-03
1.733466245544453390e-03
1.658324074621001952e-03
1.755981085201104410e-03
1.929487450979650021e-03
1.542967162095010281e-03
2.004390349611639977e-03
1.679016315999130480e-03
1.653834556539853342e-03
2.044044784270226955e-03
2.143589508098860726e-03
1.853302043552200072e-03
1.659971273814638383e-03
1.896570242630938761e-03
1.617790161011119611e-03
1.994507891746858611e-03
1.777998404577374458e-03
1.671472913585603237e-03
1.886561629362404346e-03
1.981029597421487317e-03
2.054409861254195228e-03
1.977251105320950494e-03
1.719075953587889671e-03
1.773985956485072844e-03
1.707805048984785802e-03
1.782824013692637212e-03
1.608360248307387106e-03
1.970498628603915229e-03
1.730075920931994915e-03
1.642053131945431232e-03
1.653966493904590607e-03
1.661503144229451888e-03
1.592164277099072933e-03
1.835215836763381958e-03
2.223947240660587802e-03
1.869000261649489403e-03
1.728231242547432654e-03
1.624221176219483144e-03
1.740277317973474734e-03
1.763372759645183809e-03
2.204246392163137450e-03
1.765739327917496436e-03
1.697265543043613434e-03
1.512678689323365688e-03
1.567075533481935732e-03
1.795896600621442072e-03
1.687364497532447107e-03
1.727872217694918387e-03
1.696485987243552930e-03
1.608554778310159914e-03
1.751754200085997581e-03
1.774129612992207282e-03
1.884970503548781149e-03
1.865614050378402002e-03
1.657041643435756438e-03
1.742515130899846554e-03
1.514645370965202577e-03
1.675909074644247763e-03
1.923842006362974644e-03
1.576720930946369894e-03
1.898789002249638312e-03
1.899004525815447099e-03
1.652130197423199885e-03
1.883115891056756251e-03
1.774106174707412720e-03
1.488744940919180639e-03
1.548342523165047169e-03
1.750226171376804583e-03
1.789583320108552702e-03
1.898022484965622425e-03
1.634835770043234103e-03
1.830588599356512301e-03
1.844452073176701791e-03
1.734116347506642342e-03
1.636536054623623617e-03
1.676682344016929395e-03
1.684032613411545753e-03
1.698677893728017807e-03
1.711272479345401056e-03
2.055225893855094910e-03
1.887454379660387762e-03
1.565533496129016154e-03
1.505591906607151031e-03
1.911241328343749046e-03
1.737525259765485995e-03
1.599315903149545193e-03
1.701242057606577873e-03
1.772176513137916796e-03
1.890328673956294782e-03
1.554996512519816630e-03
1.660149854918320901e-03
1.860531551452974551e-03
1.751618770261605508e-03
1.626264575558404200e-03
1.693864275390903227e-03
1.615733257494866848e-03
1.881855462367336028e-03
1.480062181750933402e-03
1.650314584063987009e-03
1.631438732147216797e-03
1.810339395888149738e-03
1.692138185414175265e-03
1.706450440300007589e-03
1.559681608341634274e-03
1.518139693265159853e-03
1.801518529343108408e-03
1.812982140108942986e-03
1.506231569995482690e-03
1.732529296229283087e-03
1.777510236327846773e-03
1.441798522137105465e-03
1.675267471000552177e-03
2.091455040499567986e-03
1.738325847933689825e-03
1.647601330963273771e-03
1.973399892449378967e-03
1.789258909411728382e-03
1.826357911340892315e-03
1.731958628321687453e-03
1.389741858777900465e-03
1.657577076305945642e-03
1.933495164848864079e-03
1.825847158518930204e-03
1.788113964721560478e-03
1.753724296577274799e-03
1.967666515459617124e-03
1.818650518544018269e-03
1.796506927348673344e-03
1.560535553532342188e-03
1.605960462863246672e-03
1.762737791674832575e-03
2.062555402517318726e-03
1.836261673209567792e-03
1.913703512400388718e-03
1.545495043198267691e-03
1.625162665732204914e-03
1.596926905525227315e-03
1.714966259896755219e-03
1.697192356611291640e-03
1.511643310853590496e-03
2.010261795173088565e-03
1.773648196831345558e-03
1.774741336703300476e-03
1.826673901329437964e-03
1.751938019879162312e-03
1.907883405995865591e-03
1.542059588246047497e-03
1.808061691311498411e-03
1.714156474918127060e-03
1.739425701089203358e-03
1.678352593444287777e-03
1.541264161157111399e-03
1.691215050717194803e-03
1.727203799722095258e-03
1.961597435486813531e-03
1.809096468302110903e-03
1.478928490541875362e-03
1.441646891180425882e-03
1.688668659577767127e-03
1.929280774978299863e-03
1.815751000928382151e-03
1.574416722481449373e-03
1.593165022010604613e-03
1.577326717476050131e-03
1.787536583530406229e-03
1.618249535871048696e-03
1.652724264810482733e-03
1.621942617930471897e-03
1.811672002077102661e-03
1.730649499222636223e-03
1.583615123915175669e-03
1.380673493258655071e-03
1.573663554154336452e-03
1.522714543777207606e-03
1.819518588793774374e-03
1.907329928750793211e-03
1.882681506685912609e-03
1.883136069712539442e-03
1.700327848084270954e-03
1.735965682504077680e-03
1.710166844228903525e-03
2.041128929704427719e-03
1.755180225397149794e-03
1.947288983501493931e-03
1.870680716820061207e-03
1.806478404129544966e-03
1.809530231791238062e-03
1.707557588815689087e-03
1.660839615700145490e-03
1.598188731198509462e-03
1.508883511026700265e-03
1.779680295536915534e-03
1.623738363074759715e-03
1.762564798506597750e-03
1.637095779490967519e-03
1.487654206963876955e-03
1.625263830646872520e-03
1.699599592636028998e-03
1.662200898863375187e-03
1.590488827787339687e-03
1.788097239720324748e-03
1.612601103261113167e-03
1.886241603642702103e-03
1.896214632627864606e-03
1.713161589577794075e-03
1.569258320766190760e-03
1.598414693338175542e-03
1.743218706299861200e-03
1.759177927548686736e-03
1.504310988821089268e-03
1.595300583479305036e-03
1.803701277822256088e-03
1.667533225069443457e-03
1.895607332699000835e-03
1.689455200297137029e-03
1.987755376224716649e-03
1.848676125518977642e-03
1.670010814753671415e-03
1.477216913675268419e-03
1.719504905243714578e-03
1.657718404506643541e-03
1.735137309879064560e-03
1.588916134399672277e-03
1.694952331793804891e-03
1.657646653863291018e-03
1.700873098646600969e-03
1.566880576622982748e-03
1.568167082344492204e-03
1.543109654448926449e-03
1.384176663123071194e-03
1.471982647975285776e-03
1.623718533664941788e-03
1.523283232624332182e-03
1.560503849759697914e-03
1.840529924569030530e-03
1.723467023111879826e-03
1.542693353258073330e-03
1.431166427209973335e-03
1.513985063259800203e-03
1.592831763749321229e-03
1.730468628617624514e-03
1.559599962395926244e-03
1.623305492103099823e-03
1.624267703543106787e-03
1.634747837670147419e-03
1.561581195952991717e-03
1.602243360442419775e-03
1.899483691280086763e-03
1.684461914313336141e-03
1.662849409816165693e-03
1.585238263942301273e-03
1.795150029162565939e-03
1.620664765747884982e-03
1.449475103678802721e-03
1.589898175249497168e-03
1.587098115123808384e-03
1.477829898552348144e-03
1.556453256246944196e-03
1.569815329276025295e-03
1.625273027457296848e-03
1.446032275756200082e-03
1.804071556155880220e-03
1.732244195106128924e-03
1.629048647979895346e-03
1.517998520284891129e-03
1.556736417114734650e-03
1.639318186789751053e-03
1.601547895309825666e-03
1.897036408384640939e-03
1.735967118293046951e-03
1.632884067172805541e-03
1.645126147195696831e-03
1.594188739545643330e-03
1.759260349596540205e-03
1.441905721245954506e-03
1.693210913799703121e-03
1.516406967615087755e-03
1.840418010639647715e-03
1.655835347870985739e-03
1.631551732619603403e-03
1.593043523219724424e-03
1.754353909442822211e-03
1.514818713379402883e-03
1.477834652177989483e-03
1.540033767620722525e-03
1.556242078853150137e-03
1.635490606228510611e-03
1.700710776882867091e-03
1.535765826702117920e-03
1.837292996545632608e-03
1.832395481566588156e-03
1.661130848030249350e-03
1.538134684475759737e-03
1.491392535778383486e-03
1.700289081782102585e-03
1.694809490193923242e-03
1.610440124447147124e-03
1.799719136518736608e-03
1.801474524351457827e-03
1.734399663594861753e-03
1.848471001721918583e-03
1.836694311350584030e-03
1.801911780300239794e-03
1.604451642682154901e-03
1.418657600879669189e-03
1.715472394910951383e-03
1.666264918943246133e-03
1.573726845284302957e-03
1.551838397669295542e-03
1.726976557013889082e-03
1.413423257569472067e-03
1.535443977142373793e-03
1.585924532264471054e-03
