4.991427326202392822e-01
4.839946365356445068e-01
4.843554878234863081e-01
4.732064056396484419e-01
4.325124359130859131e-01
4.759042072296142400e-01
4.187676239013671808e-01
3.982960796356201372e-01
3.753202342987060347e-01
3.760229587554931863e-01
3.280901241302490168e-01
3.060267353057861128e-01
3.423745632171630859e-01
3.282484340667724543e-01
2.548535394668579035e-01
2.710299682617187678e-01
2.178826951980590843e-01
1.873921203613281294e-01
1.815186166763305686e-01
2.288914394378662176e-01
2.072781085968017634e-01
1.765053796768188410e-01
1.653803491592407138e-01
1.802831363677978582e-01
1.864157342910766624e-01
1.540337610244751076e-01
1.482897615432739180e-01
1.516122341156005970e-01
1.499227523803710882e-01
1.569785451889038064e-01
1.804594707489013683e-01
1.563743209838867054e-01
1.934030055999755859e-01
2.073096036911010742e-01
1.354226493835449241e-01
1.699336862564087003e-01
1.470134115219116078e-01
1.730498981475830089e-01
1.424093103408813343e-01
1.313767862319946411e-01
1.488098096847534080e-01
1.453525161743164096e-01
1.703743314743041970e-01
1.458730697631835938e-01
1.825325632095337047e-01
1.476882171630859442e-01
1.158463048934936512e-01
1.262270689010620006e-01
1.493782854080200062e-01
1.274024057388305764e-01
1.442733955383300737e-01
1.444549608230590865e-01
1.312423992156982466e-01
1.230726718902587918e-01
1.234076738357543918e-01
1.272019195556640669e-01
1.244973945617675742e-01
1.325021648406982389e-01
1.664782667160034091e-01
1.487506151199340931e-01
1.682678556442260831e-01
1.651910543441772461e-01
1.853446483612060658e-01
2.601731109619140891e-01
1.273899984359741222e-01
1.272941613197326738e-01
1.275473475456237737e-01
1.360762453079223666e-01
1.860225677490234264e-01
1.381031322479248091e-01
1.524283552169799771e-01
1.312088489532470814e-01
1.238685035705566345e-01
1.159148001670837341e-01
1.225518894195556652e-01
1.359120583534240700e-01
1.229371857643127425e-01
1.604462003707885775e-01
1.301231789588928323e-01
1.619453001022338745e-01
1.261878347396850619e-01
1.560729169845581077e-01
1.300447392463684182e-01
1.490630340576171997e-01
1.226238822937011780e-01
1.191379427909851074e-01
1.642426013946533259e-01
1.699757289886474620e-01
1.566851186752319380e-01
1.263599610328674239e-01
1.444835472106933694e-01
1.273686456680297729e-01
1.358517932891845637e-01
1.509141588211059537e-01
1.334176397323608432e-01
1.365924739837646451e-01
1.235193061828613326e-01
1.113923835754394576e-01
1.420260810852050914e-01
1.208415055274963401e-01
1.254127502441406139e-01
1.165061664581298895e-01
1.174562358856201111e-01
1.348451471328735440e-01
1.264055943489074685e-01
1.134197211265563915e-01
1.207582330703735329e-01
1.494116783142089844e-01
1.183220982551574652e-01
1.465667247772216852e-01
1.161436915397644071e-01
1.155993342399597168e-01
1.211998057365417519e-01
1.135852670669555697e-01
1.186384177207946838e-01
1.244744968414306652e-01
1.341628813743591386e-01
1.350905752182006703e-01
1.299777746200561634e-01
1.298323345184326238e-01
1.345785999298095836e-01
1.171093702316284152e-01
1.206233930587768538e-01
1.273337841033935491e-01
1.214695358276367126e-01
1.162558746337890581e-01
1.146490216255187933e-01
1.235424089431762656e-01
1.641731977462768666e-01
1.229308557510375988e-01
1.171018624305725092e-01
1.287432909011840820e-01
1.198563241958618131e-01
1.252252149581909169e-01
1.444932270050048873e-01
1.166401362419128424e-01
1.197172713279724132e-01
1.269157505035400368e-01
1.188575649261474632e-01
1.273292088508606035e-01
1.438995647430419966e-01
1.344251394271850641e-01
1.198185491561889610e-01
1.154966568946838440e-01
1.191524171829223683e-01
1.138141560554504356e-01
1.156524705886840809e-01
1.270960974693298440e-01
1.226540541648864779e-01
1.130740737915039013e-01
1.447914218902587868e-01
1.321475601196289151e-01
1.204514122009277405e-01
1.186740541458129877e-01
1.239216136932373008e-01
1.193090701103210471e-01
1.361911964416503973e-01
1.679775333404540938e-01
1.251242923736572144e-01
1.223963999748230030e-01
1.122844505310058583e-01
1.256425523757934704e-01
1.420185852050781239e-01
1.293419170379638550e-01
1.230103659629821766e-01
1.141832494735717796e-01
1.093526554107666082e-01
1.378530073165893655e-01
1.442243289947509888e-01
1.099984979629516635e-01
1.155179929733276406e-01
1.102259039878845243e-01
1.268554162979126099e-01
1.244226503372192344e-01
1.122585558891296409e-01
1.153342294692993181e-01
1.187211465835571328e-01
1.240199995040893594e-01
1.333382749557495139e-01
1.112184762954711859e-01
1.154740905761718756e-01
1.148164486885070862e-01
1.208450436592101995e-01
1.139328694343566956e-01
1.170878887176513700e-01
1.343763160705566395e-01
1.157214903831481900e-01
1.321785926818847545e-01
1.153694677352905262e-01
1.121676945686340271e-01
1.241894721984863337e-01
1.196000552177429177e-01
1.257344412803649836e-01
1.369897270202636852e-01
1.126323485374450678e-01
1.144771075248718212e-01
1.173399662971496560e-01
1.303739404678344593e-01
1.260536742210388306e-01
1.254188537597656361e-01
1.134283375740051253e-01
1.098933243751525901e-01
1.187283182144164978e-01
1.153276133537292497e-01
1.086545515060424738e-01
1.269276380538940374e-01
1.141594862937927307e-01
1.239773368835449252e-01
1.180620598793029746e-01
1.140549278259277294e-01
1.219669699668884250e-01
1.190279960632324163e-01
1.189639210700988714e-01
1.087324094772338934e-01
1.177869915962219266e-01
1.250507164001464777e-01
1.101971054077148376e-01
1.118753671646118136e-01
1.134467387199401822e-01
1.060332965850830089e-01
1.219328141212463329e-01
1.218860983848571722e-01
1.158919453620910617e-01
1.203793144226074224e-01
1.156538200378418035e-01
1.158382320404052757e-01
1.143053030967712408e-01
1.273147773742675792e-01
1.244710993766784679e-01
1.208928608894348083e-01
1.053237223625183155e-01
1.153340744972228965e-01
1.134421467781066839e-01
1.117645120620727600e-01
1.137846803665161083e-01
1.103330326080322332e-01
1.091274237632751526e-01
1.138641738891601612e-01
1.115525054931640614e-01
1.186915040016174316e-01
1.167206239700317449e-01
1.159435224533081066e-01
1.188985824584960910e-01
1.064906668663024858e-01
1.222147679328918490e-01
1.204168438911437933e-01
1.130970454216003451e-01
1.186048674583435047e-01
1.147573423385620101e-01
1.092736363410949652e-01
1.151692771911621144e-01
1.149480056762695324e-01
1.093807125091552784e-01
1.038025021553039551e-01
1.128002047538757269e-01
1.146129989624023460e-01
1.136355352401733354e-01
1.123436641693115190e-01
1.218536782264709462e-01
1.137347030639648399e-01
1.148341035842895541e-01
1.145287132263183572e-01
1.143148875236511264e-01
1.080193257331848178e-01
1.095751786231994596e-01
1.135279083251953119e-01
1.176486968994140681e-01
1.208662748336792048e-01
1.069724297523498568e-01
1.070177888870239291e-01
1.176631927490234403e-01
1.161199045181274397e-01
1.160711240768432656e-01
1.142125177383422896e-01
1.165105581283569364e-01
1.174016714096069308e-01
1.081262874603271529e-01
1.170036602020263633e-01
1.172730112075805603e-01
1.166705632209777826e-01
1.153237605094909607e-01
1.165430116653442399e-01
1.182642436027526861e-01
1.187335515022277799e-01
1.044669389724731390e-01
1.128118276596069280e-01
1.265775418281555043e-01
1.110354566574096730e-01
1.118827486038208030e-01
1.102311158180236811e-01
1.068058466911315924e-01
1.056840634346008362e-01
1.151911044120788596e-01
1.196576452255248973e-01
1.085220336914062556e-01
1.098876285552978505e-01
1.151749992370605519e-01
1.071645617485046387e-01
1.130853581428527821e-01
1.204563570022583047e-01
1.127104592323303206e-01
1.132784867286682068e-01
1.157803988456726080e-01
1.181362557411193837e-01
1.158837985992431652e-01
1.126336884498596175e-01
1.046412754058837907e-01
1.094000720977783142e-01
1.154484009742736822e-01
1.158716034889221147e-01
1.194791269302368231e-01
1.162892198562622131e-01
1.184257817268371538e-01
1.147015523910522444e-01
1.121293497085571328e-01
1.078913903236389110e-01
1.085707354545593223e-01
1.145473909378051797e-01
1.232296299934387274e-01
1.186548280715942344e-01
1.170045518875122009e-01
1.091221809387206976e-01
1.096087527275085433e-01
1.074481797218322793e-01
1.129128265380859308e-01
1.113552236557006775e-01
1.101737499237060575e-01
1.153466534614562972e-01
1.136816883087158198e-01
1.136095428466796925e-01
1.142686223983764709e-01
1.123879408836364752e-01
1.203339552879333502e-01
1.059280323982238758e-01
1.182238554954528759e-01
1.130307865142822221e-01
1.145842885971069397e-01
1.113450241088867199e-01
1.144819498062133734e-01
1.104662537574768039e-01
1.125467300415039090e-01
1.172162008285522472e-01
1.171764326095581094e-01
1.146117925643920926e-01
1.075478887557983348e-01
1.130577826499939015e-01
1.155497026443481484e-01
1.144101309776306141e-01
1.096302103996276839e-01
1.090414953231811507e-01
1.069694042205810575e-01
1.155193424224853493e-01
1.101110816001892034e-01
1.109805774688720770e-01
1.081993627548217818e-01
1.132477951049804671e-01
1.113732218742370661e-01
1.101566004753112837e-01
1.034596896171569858e-01
1.082501196861267029e-01
1.054913496971130321e-01
1.162644791603088396e-01
1.120602607727050753e-01
1.231052923202514693e-01
1.135335111618041987e-01
1.134962296485900884e-01
1.136882138252258284e-01
1.132827806472778281e-01
1.186998844146728571e-01
1.141883611679077176e-01
1.188261628150939914e-01
1.152104949951171936e-01
1.194499921798706094e-01
1.120818686485290511e-01
1.191644883155822815e-01
1.114318037033081021e-01
1.092019987106323253e-01
1.059194183349609353e-01
1.130099201202392628e-01
1.091640758514404314e-01
1.118136811256408708e-01
1.108419847488403276e-01
1.072882032394409241e-01
1.122725033760070823e-01
1.117509031295776389e-01
1.104372930526733437e-01
1.137063741683959905e-01
1.117009139060974182e-01
1.113528418540954551e-01
1.165726733207702592e-01
1.152675318717956560e-01
1.127229142189025840e-01
1.071873545646667425e-01
1.098809719085693387e-01
1.149917554855346691e-01
1.116289734840393011e-01
1.086327672004699652e-01
1.098434901237487771e-01
1.184071040153503451e-01
1.102949261665344266e-01
1.156009030342102090e-01
1.114417076110839899e-01
1.173784780502319380e-01
1.145269536972045865e-01
1.107155346870422330e-01
1.060552287101745594e-01
1.098912620544433560e-01
1.109764933586120661e-01
1.128471159934997525e-01
1.107817316055297874e-01
1.100323295593261669e-01
1.107672214508056696e-01
1.126867318153381287e-01
1.092814254760742232e-01
1.085495710372924860e-01
1.081324028968810996e-01
1.042067718505859386e-01
1.067252373695373596e-01
1.106894969940185602e-01
1.074482226371765159e-01
1.076608943939209029e-01
1.143812894821167048e-01
1.137730073928833047e-01
1.076752519607543923e-01
1.045920991897583002e-01
1.071214938163757291e-01
1.102593851089477550e-01
1.121376633644104032e-01
1.114052605628967352e-01
1.101215505599975608e-01
1.094352364540100153e-01
1.085429978370666543e-01
1.090053653717041049e-01
1.088813924789428650e-01
1.140148067474365257e-01
1.122216391563415488e-01
1.120881962776184015e-01
1.085640382766723672e-01
1.136119651794433583e-01
1.118050646781921370e-01
1.061727881431579618e-01
1.104187130928039606e-01
1.091577744483947787e-01
1.032117342948913608e-01
1.079347586631774908e-01
1.091759133338928156e-01
1.102050757408142151e-01
1.040471148490905717e-01
1.150196909904479953e-01
1.108536124229431152e-01
1.080739378929138211e-01
1.080722284317016668e-01
1.076873350143432578e-01
1.076902246475219677e-01
1.110172128677368170e-01
1.150874018669128390e-01
1.116328716278076200e-01
1.107998943328857427e-01
1.104279255867004345e-01
1.076261997222900391e-01
1.115498542785644531e-01
1.077463054656982444e-01
1.118320608139038025e-01
1.078835654258727961e-01
1.131786918640136780e-01
1.103547310829162548e-01
1.084191608428955039e-01
1.104797744750976585e-01
1.110892963409423895e-01
1.090677809715270979e-01
1.059144282341003412e-01
1.073173666000366150e-01
1.081731462478637690e-01
1.080647253990173334e-01
1.142083716392517101e-01
1.051533293724060125e-01
1.147753047943115279e-01
1.137949538230896007e-01
1.101758575439453075e-01
1.045295476913452176e-01
1.074626183509826693e-01
1.129514288902282726e-01
1.118881511688232383e-01
1.070364832878112765e-01
1.127208232879638727e-01
1.137178564071655296e-01
1.125707268714904730e-01
1.113043880462646490e-01
1.120529174804687500e-01
1.130556344985961942e-01
1.099062347412109314e-01
1.042465090751647921e-01
1.093348455429077187e-01
1.103219127655029330e-01
1.088816595077514715e-01
1.070849275588989236e-01
1.106058502197265619e-01
1.054978036880493131e-01
1.074928498268127447e-01
1.091674566268920898e-01
