2.645447959899902202e+01
2.189872837066650391e+01
2.058532867431640767e+01
2.147781105041503835e+01
2.314342994689941335e+01
2.132855854034423970e+01
1.991825275421142649e+01
1.903263225555419780e+01
1.894569530487060405e+01
1.849299907684326172e+01
1.853146629333496165e+01
1.892358036041259695e+01
1.894290657043456960e+01
1.890872974395751882e+01
1.794435825347900249e+01
1.807337608337402202e+01
1.764947757720947408e+01
1.829260673522949077e+01
1.888034286499023295e+01
1.866252460479736186e+01
1.895181465148925781e+01
1.856067428588867330e+01
1.742616176605224609e+01
1.744780139923095774e+01
1.746544284820556570e+01
1.816353435516357351e+01
1.903801345825195312e+01
1.983087882995605611e+01
1.883855552673339773e+01
1.882394351959228374e+01
1.908683834075927876e+01
1.785423755645751953e+01
1.770589694976806783e+01
1.739136867523193430e+01
1.733970241546630930e+01
1.774719944000243999e+01
1.959414825439453267e+01
1.831362495422363423e+01
1.761976890563964915e+01
1.754795570373535085e+01
1.797989158630371165e+01
1.834474658966064453e+01
1.805969791412353587e+01
1.788023567199707031e+01
1.738687152862548757e+01
1.734390602111816548e+01
1.734115600585937500e+01
1.779191665649414134e+01
1.920914478302001882e+01
1.956301040649413991e+01
1.917909374237060405e+01
1.770611057281494283e+01
1.742902679443359304e+01
1.763932514190673828e+01
1.757459716796875071e+01
1.861619377136230469e+01
1.776573009490966726e+01
1.732371368408202983e+01
1.734436149597167898e+01
1.734652385711670064e+01
1.770571918487548757e+01
1.800828971862792827e+01
1.859702892303466726e+01
1.761242065429687642e+01
1.781237831115722514e+01
1.739541721343994141e+01
1.733991146087646484e+01
1.730102901458740305e+01
1.739712963104248189e+01
1.782250289916992259e+01
1.746790370941162251e+01
1.737446002960205149e+01
1.743445396423339844e+01
1.729806880950927805e+01
1.727431163787841939e+01
1.747878742218017578e+01
1.749116287231445455e+01
1.821677532196044780e+01
1.888581619262695455e+01
1.843061389923095561e+01
1.861732540130615376e+01
1.855816097259521413e+01
1.846280117034912038e+01
1.750205516815185547e+01
1.777892189025878977e+01
1.790583896636962891e+01
1.810714950561523295e+01
1.795467262268066477e+01
1.756408634185790874e+01
1.742580127716064453e+01
1.735186882019042898e+01
1.766468849182128764e+01
1.780753402709961009e+01
1.813880214691162251e+01
1.761076717376709055e+01
1.735286731719970632e+01
1.782654228210449077e+01
1.822569789886474467e+01
1.735061950683593679e+01
1.735507087707519602e+01
1.736660442352295064e+01
1.730800895690918040e+01
1.727498836517333913e+01
1.731936092376708913e+01
1.739215373992919922e+01
1.762791194915771342e+01
1.742889957427978587e+01
1.750276165008544993e+01
1.750358619689941264e+01
1.758408432006836009e+01
1.733404369354247976e+01
1.742197418212890625e+01
1.749572658538818359e+01
1.743316593170165874e+01
1.730038394927978374e+01
1.728009033203125000e+01
1.730338973999023366e+01
1.734208679199218750e+01
1.746724243164062429e+01
1.755847702026367330e+01
1.751846599578857422e+01
1.742605381011962962e+01
1.758211994171142578e+01
1.732066898345947337e+01
1.729798927307128764e+01
1.732236576080322266e+01
1.739499206542968679e+01
1.734499034881591939e+01
1.736920185089111257e+01
1.737339057922363139e+01
1.733083076477050710e+01
1.740203151702881001e+01
1.743484802246093679e+01
1.730119342803955007e+01
1.727740192413330078e+01
1.728790378570556641e+01
1.729539146423339702e+01
1.739855804443359233e+01
1.738089618682861470e+01
1.727394886016845632e+01
1.738339023590087962e+01
1.736301479339599751e+01
1.727859077453613423e+01
1.734742107391357280e+01
1.751354904174804616e+01
1.786250114440917969e+01
1.757796173095703196e+01
1.748839931488037180e+01
1.756783981323242116e+01
1.751993007659912038e+01
1.742086353302001811e+01
1.728704299926757670e+01
1.747459011077880930e+01
1.735051631927490234e+01
1.729803771972656179e+01
1.730364723205566335e+01
1.731254673004150391e+01
1.750897541046142436e+01
1.761261997222900533e+01
1.757190246582031179e+01
1.733538093566894389e+01
1.727637996673583842e+01
1.735048141479492045e+01
1.742440814971923757e+01
1.734172191619872905e+01
1.740420246124267578e+01
1.767008934020996236e+01
1.756068401336669993e+01
1.734698810577392436e+01
1.742440261840820170e+01
1.743284778594970774e+01
1.743561363220214844e+01
1.766235942840576101e+01
1.769522762298583984e+01
1.729787082672119070e+01
1.745755004882812500e+01
1.771447582244872976e+01
1.763589344024658345e+01
1.772117786407470774e+01
1.743619575500488139e+01
1.728456821441650249e+01
1.727942695617675639e+01
1.730727329254150249e+01
1.729766254425048899e+01
1.740124092102050923e+01
1.734615058898925710e+01
1.743907127380371236e+01
1.758493003845214986e+01
1.771316795349121165e+01
1.778972187042236186e+01
1.753866539001464986e+01
1.745846443176269602e+01
1.757397499084472514e+01
1.747492637634277202e+01
1.755838947296142649e+01
1.749260292053222798e+01
1.735054988861083913e+01
1.742264308929443217e+01
1.728492221832275533e+01
1.738720722198486257e+01
1.729010505676269460e+01
1.729487571716308736e+01
1.728215541839599467e+01
1.736164093017578125e+01
1.731656570434570241e+01
1.732271900177001811e+01
1.734765758514404155e+01
1.730068836212158345e+01
1.729783992767334055e+01
1.729201393127441477e+01
1.727327384948730327e+01
1.728044853210449361e+01
1.727689762115478445e+01
1.729397087097168040e+01
1.728239536285400391e+01
1.731785793304443288e+01
1.730442752838134624e+01
1.734780006408691477e+01
1.729163112640380717e+01
1.729046287536620952e+01
1.730298843383788920e+01
1.731519184112548970e+01
1.731227378845214915e+01
1.730064048767089702e+01
1.728887844085693359e+01
1.726872673034667827e+01
1.729318351745605398e+01
1.728920478820800710e+01
1.734337768554687642e+01
1.735389614105224609e+01
1.732518405914306570e+01
1.728932685852050710e+01
1.730961132049560547e+01
1.729537391662597656e+01
1.732333202362060476e+01
1.730380134582519602e+01
1.729719638824462891e+01
1.727843360900878977e+01
1.727462444305420064e+01
1.728275070190429830e+01
1.727902736663818217e+01
1.731946067810058665e+01
1.731061630249023509e+01
1.739492549896240092e+01
1.736676368713379048e+01
1.747325477600097798e+01
1.745007781982421946e+01
1.746213321685791087e+01
1.733966865539550639e+01
1.737534561157226420e+01
1.747578334808349609e+01
1.751462154388427805e+01
1.752611598968506001e+01
1.755706863403320384e+01
1.737218475341796875e+01
1.729589347839355540e+01
1.729573669433593608e+01
1.729884567260742045e+01
1.729782352447509908e+01
1.730021209716796804e+01
1.727834033966064453e+01
1.727154235839843821e+01
1.730327835083007670e+01
1.727962951660156321e+01
1.730184669494628835e+01
1.728907337188720561e+01
1.733029727935791087e+01
1.735717029571533132e+01
1.733386363983154155e+01
1.734612388610839773e+01
1.728922348022461009e+01
1.728591747283935476e+01
1.728652400970458913e+01
1.735631446838378977e+01
1.739271469116210866e+01
1.754838409423827983e+01
1.736638660430908132e+01
1.754203376770019673e+01
1.768929328918456889e+01
1.738466644287109375e+01
1.757295780181884837e+01
1.735903015136718608e+01
1.729117622375488139e+01
1.728752117156982493e+01
1.729924068450927876e+01
1.729437942504882741e+01
1.738172264099121023e+01
1.736593933105468679e+01
1.747966804504394389e+01
1.732518196105957031e+01
1.740405540466308665e+01
1.729804077148437358e+01
1.732074947357177663e+01
1.728204193115234233e+01
1.730278720855712749e+01
1.728215808868408132e+01
1.732873973846435689e+01
1.730008201599121165e+01
1.731480216979980469e+01
1.732999153137206960e+01
1.744614372253418111e+01
1.728152046203613423e+01
1.727291240692138530e+01
1.727471942901611257e+01
1.727246646881103587e+01
1.727233676910400462e+01
1.727266845703125142e+01
1.727153816223144389e+01
1.727336349487304545e+01
1.727218856811523295e+01
1.727322578430175781e+01
1.727349185943603516e+01
1.727014923095703125e+01
1.727143497467040945e+01
1.727192611694335866e+01
1.727104663848876953e+01
1.727560634613037038e+01
1.727125854492187429e+01
1.727381668090820455e+01
1.727092037200927876e+01
1.727798767089843679e+01
1.727234020233154155e+01
1.727730770111083913e+01
1.727332096099853587e+01
1.727505149841308452e+01
1.727511787414550781e+01
1.727262554168701314e+01
1.727142219543457102e+01
1.727489871978759695e+01
1.727076930999755788e+01
1.727090721130371165e+01
1.727645473480224680e+01
1.727414817810058523e+01
1.727362098693847514e+01
1.727245750427245952e+01
1.727070560455322124e+01
1.727075672149658203e+01
1.727447299957275462e+01
1.727356052398681641e+01
1.727076206207275533e+01
1.727184505462646413e+01
1.727138195037841939e+01
1.727885303497314595e+01
1.727985038757324077e+01
1.727442779541015483e+01
1.728115844726562500e+01
1.727302646636962891e+01
1.727522335052490376e+01
1.727533912658691406e+01
1.727593135833740234e+01
1.726933822631836080e+01
1.728152160644531321e+01
1.727430362701415945e+01
1.727131500244140483e+01
1.727640056610107422e+01
1.727143707275390483e+01
1.728641357421874858e+01
1.727629356384277415e+01
1.728259143829345845e+01
1.726774559020996236e+01
1.726984272003173970e+01
1.727511959075927805e+01
1.727632961273193501e+01
1.727185058593750000e+01
1.727665214538574290e+01
1.727247714996337891e+01
1.728263072967529368e+01
1.728210868835449077e+01
1.728322887420654297e+01
1.727374534606933665e+01
1.726871948242187571e+01
1.731315746307372905e+01
1.731033859252929830e+01
1.726279125213623189e+01
1.732028961181640625e+01
1.733827610015869070e+01
1.736982936859130788e+01
1.737484130859375142e+01
1.729317474365234375e+01
1.727115764617919780e+01
1.728597640991210938e+01
1.728736457824707173e+01
1.728884391784668040e+01
1.727085094451904368e+01
1.726987571716308523e+01
1.727701454162597727e+01
1.727408752441406392e+01
1.727058200836181712e+01
1.727727127075195312e+01
1.727113246917724609e+01
1.727052516937255788e+01
1.727746028900146413e+01
1.727400112152099609e+01
1.728172435760497905e+01
1.727243080139160014e+01
1.728229579925537251e+01
1.727615165710449219e+01
1.729244785308837962e+01
1.728326549530029155e+01
1.731665096282959126e+01
1.726801280975341868e+01
1.727660408020019389e+01
1.728446903228759624e+01
1.727573680877685547e+01
1.727539386749267436e+01
1.727331237792968821e+01
1.727222995758056712e+01
1.727313270568847514e+01
1.726987018585204936e+01
1.727354373931884624e+01
1.726958236694336080e+01
1.726995143890381001e+01
1.726975650787353445e+01
1.727026462554931641e+01
1.727103004455566548e+01
1.726940879821777486e+01
1.726961269378661967e+01
1.727142715454101562e+01
1.726933708190917827e+01
1.726982879638671875e+01
1.727130260467529155e+01
1.726969928741455007e+01
1.726974124908447195e+01
1.727435550689697408e+01
1.727142982482910227e+01
1.727058887481689453e+01
1.727045688629150533e+01
1.727282066345214773e+01
1.726855468750000000e+01
1.726999473571777344e+01
1.726919422149658345e+01
1.728022193908691406e+01
1.727303924560546733e+01
1.727512931823730469e+01
1.727963981628418111e+01
1.728546848297118999e+01
1.728044605255126953e+01
1.732450904846191264e+01
1.726812324523925923e+01
1.727623100280761648e+01
1.728653583526611470e+01
1.727372035980224751e+01
1.728074645996093750e+01
1.728313045501709055e+01
1.726902027130126882e+01
1.727098007202148366e+01
1.727164707183838033e+01
1.727592849731445312e+01
1.727476387023925852e+01
1.727134475708007955e+01
1.726801891326904226e+01
1.727756862640380930e+01
1.727161788940429688e+01
1.726946907043457102e+01
1.727251110076904439e+01
1.727205677032470632e+01
1.726944217681884908e+01
1.727209320068359233e+01
1.727126102447509837e+01
1.727216701507568430e+01
1.727159118652343750e+01
1.727083683013916016e+01
1.727071666717529297e+01
1.727092113494872905e+01
1.726915054321289134e+01
1.727138023376464915e+01
1.727537498474121236e+01
1.727072029113769602e+01
1.727588481903076101e+01
1.726878719329834055e+01
1.727124099731445384e+01
1.726953220367431641e+01
1.726931667327880859e+01
1.727538299560546875e+01
1.726976566314697337e+01
1.726861553192138743e+01
1.727472305297851562e+01
1.726751365661620952e+01
1.726923007965087820e+01
1.727382526397705220e+01
1.726962585449218679e+01
1.726912612915038991e+01
1.727108192443847656e+01
1.727341613769531392e+01
1.727361831665039205e+01
1.727075061798095845e+01
1.727051677703857280e+01
1.727395362854003835e+01
1.726988601684570312e+01
1.726911640167236328e+01
1.727038116455078054e+01
1.726888942718505859e+01
1.727044391632080078e+01
1.727098693847656108e+01
1.727100238800048970e+01
1.726900939941406321e+01
1.726967048645019531e+01
1.726888065338134837e+01
1.727202625274658132e+01
1.726974258422851705e+01
1.726896820068359517e+01
1.726923294067382741e+01
1.726910152435302592e+01
1.726904201507568359e+01
1.726811923980712749e+01
1.727006206512451314e+01
1.726912231445312429e+01
1.726902694702148366e+01
1.726962242126464986e+01
1.727015838623047017e+01
1.726852207183837962e+01
1.727156200408935405e+01
1.726872406005859517e+01
1.726849594116210795e+01
1.726867046356201030e+01
1.726867351531982564e+01
1.726910133361816335e+01
1.726893711090087891e+01
1.726856632232665945e+01
1.727001419067382670e+01
1.726921424865722798e+01
1.726818466186523438e+01
1.727000732421874929e+01
1.726835861206054545e+01
1.727112483978271484e+01
1.726839675903320170e+01
1.727148761749267436e+01
1.726848125457763672e+01
1.727180881500244070e+01
1.727125015258788920e+01
1.726847686767577983e+01
1.727351303100585866e+01
1.727024593353271342e+01
1.727040557861328196e+01
1.727246742248535227e+01
1.726829547882080007e+01
1.726984119415283203e+01
1.726927890777587749e+01
1.727238578796386648e+01
1.727030715942382955e+01
1.726894874572753835e+01
1.726870956420898295e+01
1.726866893768310618e+01
1.727193183898925710e+01
1.726994686126709055e+01
1.726918525695800710e+01
1.726757335662841797e+01
1.727282695770263743e+01
1.726864109039306783e+01
1.726921443939209055e+01
1.726824359893798899e+01
1.726874942779540945e+01
1.727010650634765554e+01
1.726915378570556570e+01
1.726861972808837820e+01
1.726862773895263814e+01
1.726925582885742116e+01
1.727067623138427876e+01
1.727264537811279155e+01
1.726893749237060405e+01
1.727015838623047017e+01
1.727127780914306499e+01
1.726871204376220703e+01
1.726842098236084055e+01
1.727086429595947337e+01
1.726980533599853374e+01
1.726864147186279297e+01
1.726958312988281108e+01
1.726851291656494070e+01
1.726945552825927876e+01
1.726965923309326101e+01
1.727002220153808665e+01
1.726854648590087749e+01
1.727043361663818288e+01
1.727063426971435689e+01
1.726776313781738281e+01
1.727014503479004048e+01
1.726966323852538920e+01
1.726865692138671804e+01
1.726881866455078196e+01
1.727033920288085866e+01
1.726856079101562358e+01
1.726831932067871023e+01
1.726962375640869141e+01
1.727280330657958984e+01
1.726985454559326172e+01
1.727061729431152415e+01
1.726833267211913991e+01
1.727157669067382884e+01
1.726848754882812642e+01
1.727196254730224467e+01
1.727046451568603658e+01
1.726949672698974680e+01
1.726928062438964773e+01
1.726906375885009837e+01
1.726923961639404226e+01
1.726815090179443501e+01
1.726930809020996094e+01
1.726783695220947124e+01
1.727534885406494070e+01
1.727000427246093750e+01
1.726926364898681499e+01
1.726822700500488139e+01
1.726808090209960866e+01
1.726902065277099751e+01
1.727026481628417898e+01
1.726821670532226705e+01
1.726817646026611186e+01
1.726897888183593821e+01
1.726801319122314382e+01
1.726829547882080007e+01
1.726911411285400533e+01
1.726813964843750071e+01
1.726811637878417827e+01
1.726852474212646626e+01
1.726869564056396555e+01
1.726815452575683452e+01
1.726805477142334055e+01
1.726867465972900462e+01
1.726852970123291087e+01
1.726778602600097656e+01
1.726795711517333842e+01
1.726814193725585866e+01
1.726789932250976634e+01
1.726832847595214915e+01
1.726818351745605540e+01
1.726834392547607422e+01
1.726824035644531108e+01
1.726962223052978374e+01
1.727061557769775391e+01
1.726842231750488210e+01
1.726879291534423899e+01
1.726871395111083984e+01
1.726815395355224680e+01
1.726822261810302805e+01
1.726831741333007741e+01
1.726844902038574148e+01
1.726833019256591939e+01
1.726824741363525462e+01
1.726806182861328054e+01
1.726803188323974680e+01
1.726858806610107422e+01
1.726810913085937571e+01
1.726857204437255788e+01
1.726813011169433665e+01
1.726851978302001811e+01
1.726836090087890696e+01
1.726823368072509624e+01
1.726805477142334055e+01
1.726832389831542969e+01
1.726844196319580149e+01
1.726828975677490163e+01
1.726857872009277273e+01
1.726862125396728587e+01
1.726807441711425639e+01
1.726917324066162251e+01
1.726807098388671946e+01
1.726793937683105540e+01
1.726858520507812500e+01
1.726918296813964915e+01
1.726752853393554688e+01
1.726819972991943430e+01
1.726786117553711009e+01
1.726939277648925852e+01
1.727155208587646484e+01
1.726943073272705220e+01
1.726827335357666016e+01
1.726786880493164134e+01
1.726769714355468821e+01
1.726923789978027202e+01
1.727031345367431570e+01
1.726816577911376882e+01
1.726903381347656108e+01
1.726828269958496165e+01
1.726831817626953125e+01
1.726890907287597798e+01
1.726892642974853587e+01
1.726747798919677734e+01
1.726788806915283203e+01
1.726833305358886861e+01
1.726900177001953196e+01
1.726956882476806499e+01
1.726830635070800923e+01
1.726886196136474538e+01
1.726774101257324290e+01
1.726827850341796733e+01
1.726831836700439382e+01
1.726919288635253835e+01
1.726801643371582173e+01
1.726777496337890483e+01
1.726874980926513814e+01
1.726845455169677734e+01
1.726839923858642578e+01
1.726813869476318430e+01
1.726894950866699219e+01
1.726740894317627095e+01
1.726823921203613210e+01
1.726904430389404155e+01
1.726819763183593892e+01
1.726783981323242045e+01
1.726826858520507812e+01
1.726760711669921733e+01
1.726755332946777344e+01
1.726770210266113281e+01
1.726771030426025533e+01
1.726793174743652415e+01
1.726809406280517578e+01
1.726786460876464702e+01
1.726805019378662109e+01
1.726879253387451030e+01
1.726770725250243999e+01
1.726758956909179688e+01
1.726766796112060476e+01
1.726764526367187358e+01
1.726782360076904155e+01
1.726762828826904439e+01
1.726762790679931570e+01
1.726769504547119283e+01
1.726823215484619212e+01
1.726785354614257884e+01
1.726760921478271626e+01
1.726803722381591655e+01
1.726767406463623189e+01
1.726750564575195312e+01
1.726781024932861186e+01
1.726818237304687642e+01
1.726832313537597585e+01
1.726759281158447124e+01
1.726784095764160298e+01
1.726747798919677734e+01
1.726774787902832031e+01
1.726762199401855469e+01
1.726768321990966726e+01
1.726755371093749858e+01
1.726779880523681499e+01
1.726780052185058523e+01
1.726819038391113281e+01
1.726755142211914062e+01
1.726760406494140554e+01
1.726798324584961009e+01
1.726754035949706889e+01
1.726782417297363281e+01
1.726758632659912251e+01
1.726761226654052805e+01
1.726784439086913991e+01
1.726781044006347798e+01
1.726759395599365376e+01
1.726764507293701101e+01
1.726762180328369212e+01
1.726760292053222656e+01
1.726766567230224680e+01
1.726763229370117259e+01
1.726794166564941335e+01
1.726776847839355611e+01
1.726772117614746094e+01
1.726833667755126811e+01
1.726751918792724538e+01
1.726742057800293040e+01
1.726778163909911967e+01
1.726831684112548970e+01
1.726835346221923828e+01
1.726773967742919780e+01
1.726788883209228587e+01
1.726745777130127024e+01
1.726938381195068217e+01
1.727001972198486257e+01
1.726766548156738423e+01
1.726755981445312571e+01
1.726737842559814595e+01
1.726771869659423686e+01
1.726759262084960866e+01
1.726769161224365234e+01
1.726753921508788991e+01
1.726748695373535014e+01
1.726755981445312571e+01
1.726773052215576243e+01
1.726789550781250071e+01
1.726788806915283203e+01
1.726763286590576030e+01
1.726929054260254048e+01
1.726740436553955149e+01
1.726912574768066477e+01
1.726803550720214986e+01
1.726809024810791016e+01
1.726770935058593892e+01
1.726752204895019460e+01
1.726759281158447124e+01
1.726738986968994283e+01
1.726760272979736399e+01
1.726807956695556712e+01
1.726839675903320170e+01
1.726820125579833842e+01
1.726763858795165874e+01
1.726764926910400533e+01
1.726758403778076101e+01
1.726812839508056641e+01
1.726750621795654439e+01
1.726743278503418111e+01
1.726740703582763814e+01
1.726756286621093750e+01
1.726737880706787109e+01
1.726757602691650462e+01
1.726737327575683523e+01
1.726740474700927663e+01
1.726760253906250142e+01
1.726748428344726705e+01
1.726745414733886719e+01
1.726738262176513672e+01
1.726762390136718750e+01
1.726737937927246236e+01
1.726800289154052592e+01
1.726734771728515483e+01
1.726747379302978658e+01
1.726757717132568359e+01
1.726770877838134766e+01
1.726766624450683452e+01
1.726742477416992116e+01
1.726766586303710938e+01
1.726740283966064382e+01
1.726790351867675710e+01
1.726742992401123189e+01
1.726730899810791087e+01
1.726739845275879048e+01
1.726732826232910156e+01
1.726741619110107351e+01
1.726750411987304545e+01
1.726733055114745952e+01
1.726737728118896342e+01
1.726758289337158203e+01
1.726784210205078196e+01
1.726731243133544780e+01
1.726734256744384766e+01
1.726739044189453054e+01
1.726738204956054545e+01
1.726730003356933452e+01
1.726752643585205149e+01
1.726734828948974609e+01
1.726734828948974609e+01
1.726730880737304830e+01
1.726739425659179616e+01
1.726740188598632741e+01
1.726741237640380788e+01
1.726730575561523295e+01
1.726722087860107280e+01
1.726740055084228587e+01
1.726746597290038920e+01
1.726731147766113139e+01
1.726747798919677734e+01
1.726758289337158203e+01
1.726738834381103516e+01
1.726728343963623047e+01
1.726728420257568430e+01
1.726730079650878835e+01
1.726735610961913991e+01
1.726737232208251882e+01
1.726737174987793111e+01
1.726765899658203196e+01
1.726722202301025533e+01
1.726741237640380788e+01
1.726732349395751953e+01
1.726729221343994070e+01
1.726727294921875000e+01
1.726742649078369141e+01
1.726739406585693359e+01
1.726751918792724538e+01
1.726740016937255717e+01
1.726736202239990092e+01
1.726748237609863423e+01
1.726741867065429759e+01
1.726732788085937642e+01
1.726720275878906108e+01
1.726729412078857351e+01
1.726751174926757670e+01
1.726734428405761790e+01
1.726736221313476705e+01
1.726721611022949077e+01
1.726758251190185689e+01
1.726756572723388672e+01
1.726736526489257884e+01
1.726739788055419922e+01
1.726733913421630717e+01
1.726728496551513814e+01
1.726725959777832031e+01
1.726763992309570384e+01
1.726733684539794922e+01
1.726732139587402415e+01
1.726735382080078196e+01
1.726729221343994070e+01
1.726734676361083842e+01
1.726729393005371094e+01
1.726729316711425710e+01
1.726730899810791087e+01
1.726730957031249858e+01
1.726723003387451172e+01
1.726729927062988423e+01
1.726728115081787251e+01
1.726732616424560618e+01
1.726765823364257812e+01
1.726758060455322408e+01
1.726725387573242188e+01
1.726726188659667827e+01
1.726724700927734446e+01
1.726726150512695312e+01
1.726723442077636861e+01
1.726730155944824219e+01
1.726719722747802876e+01
1.726715774536132741e+01
1.726747741699218608e+01
1.726720142364501953e+01
1.726715946197509766e+01
1.726731700897216726e+01
1.726721115112304616e+01
1.726725940704345774e+01
1.726725616455077983e+01
1.726716651916503764e+01
1.726725578308105469e+01
1.726722183227538920e+01
1.726724948883056499e+01
1.726723918914795064e+01
1.726716880798339915e+01
1.726720371246337749e+01
1.726730461120605398e+01
1.726737365722656392e+01
1.726727085113525462e+01
1.726722640991210866e+01
1.726738319396972798e+01
1.726732006072997905e+01
1.726717109680175710e+01
1.726722316741943430e+01
1.726719303131103445e+01
1.726717681884765554e+01
1.726724586486816548e+01
1.726717548370361399e+01
1.726721611022949077e+01
1.726719017028808523e+01
1.726731262207031392e+01
1.726735954284668040e+01
1.726721172332763743e+01
1.726741428375244070e+01
1.726718139648437500e+01
1.726715717315673970e+01
1.726729660034179759e+01
1.726718826293945241e+01
1.726728343963623047e+01
1.726731357574463033e+01
1.726720333099365234e+01
1.726723175048828196e+01
1.726716480255127095e+01
1.726721172332763743e+01
1.726718749999999858e+01
1.726725196838378906e+01
1.726719970703124929e+01
1.726727142333984233e+01
1.726722736358642507e+01
1.726718673706054830e+01
1.726725883483886648e+01
1.726717395782470632e+01
1.726717224121093608e+01
1.726734390258788920e+01
1.726717262268066477e+01
1.726715583801269460e+01
1.726716117858886790e+01
1.726733169555664205e+01
1.726715354919433665e+01
1.726725959777832031e+01
1.726717052459716939e+01
1.726716041564941406e+01
1.726725292205810547e+01
1.726716098785400533e+01
1.726720352172851491e+01
1.726721420288085795e+01
1.726720504760742259e+01
1.726718215942382884e+01
1.726717720031738423e+01
1.726718578338623189e+01
1.726721248626709126e+01
1.726724720001220703e+01
1.726713657379150391e+01
1.726720142364501953e+01
1.726720390319824361e+01
1.726716232299804688e+01
1.726729240417480327e+01
1.726718196868896626e+01
1.726712265014648295e+01
1.726745452880859233e+01
1.726720123291015696e+01
1.726714611053466797e+01
1.726717395782470632e+01
1.726722335815429688e+01
1.726713314056396342e+01
1.726747570037841939e+01
1.726723327636718608e+01
1.726718063354492116e+01
1.726715888977050639e+01
1.726713924407959055e+01
1.726722736358642507e+01
1.726736927032470703e+01
1.726719989776611186e+01
1.726725006103515625e+01
1.726713047027588033e+01
