3.810582756996154785e-01
3.560043672720591412e-01
3.560560941696166992e-01
3.387452065944671631e-01
3.354312578837077008e-01
3.413325349489848004e-01
3.312047918637593402e-01
3.262732426325480328e-01
3.172920942306518555e-01
3.095650623242060528e-01
3.060264984766642438e-01
2.973423749208450317e-01
3.014673242966334210e-01
2.873165508111317767e-01
2.802958041429519653e-01
2.799068093299865723e-01
2.789053966601689472e-01
2.760011752446492328e-01
2.790468583504359112e-01
2.791293164094288959e-01
2.818155189355214252e-01
2.786126335461934223e-01
2.767367959022521973e-01
2.742737929026285992e-01
2.745010207096735821e-01
2.802211791276931763e-01
2.838771194219589233e-01
2.874180078506469727e-01
2.854295770327250348e-01
2.927456796169281006e-01
2.835270067056019916e-01
2.818340112765629901e-01
2.767708798249562396e-01
2.749793181816737042e-01
2.749660213788350238e-01
2.774486144383748187e-01
2.824638088544209613e-01
2.778608997662861957e-01
2.778233637412388934e-01
2.767267574866612567e-01
2.754619916280110492e-01
2.838190545638402118e-01
2.771987716356913434e-01
2.787357916434605731e-01
2.765809744596481323e-01
2.752887656291325702e-01
2.768018543720245361e-01
2.788681139548619403e-01
2.894217719634373798e-01
2.857044984896977557e-01
2.833001762628555298e-01
2.793751309315363751e-01
2.762267142534255981e-01
2.783471494913101196e-01
2.762376914421717511e-01
2.766330540180206299e-01
2.768700371185938702e-01
2.772826254367828369e-01
2.758604735136032104e-01
2.772108564774195538e-01
2.751646687587102069e-01
2.800741096337636127e-01
2.767920345067977905e-01
2.765006472667058124e-01
2.783032357692718506e-01
2.769548843304316388e-01
2.763020892937977924e-01
2.763578395048777447e-01
2.782998234033584595e-01
2.758245170116424561e-01
2.770256400108337402e-01
2.765932430823643817e-01
2.766341815392176495e-01
2.764448175827662335e-01
2.762816945711771832e-01
2.777510434389114380e-01
2.770950496196746826e-01
2.792781690756480084e-01
2.826807647943496704e-01
2.819441606601079120e-01
2.836869458357493268e-01
2.816441655158996582e-01
2.799616008996963501e-01
2.775380909442901611e-01
2.782751768827438354e-01
2.754998405774434223e-01
2.778846969207127704e-01
2.769671330849329816e-01
2.761988441149393902e-01
2.763357112805048810e-01
2.775836437940597534e-01
2.756115347146987915e-01
2.768228898445765362e-01
2.778219928344090595e-01
2.771426737308502197e-01
2.762347559134165631e-01
2.802857955296834125e-01
2.768566757440567017e-01
2.773804515600204468e-01
2.766568958759307861e-01
2.770608017841975079e-01
2.764430244763692035e-01
2.763423075278599872e-01
2.773032635450363159e-01
2.763484418392181396e-01
2.769412348667780743e-01
2.763469368219375610e-01
2.778704911470413208e-01
2.761387626330057965e-01
2.772874434789021625e-01
2.763673216104507446e-01
2.774843076864878522e-01
2.763392180204391479e-01
2.772466590007146015e-01
2.769052932659785138e-01
2.768541226784388409e-01
2.766445328791936054e-01
2.760203331708908081e-01
2.782159845034281598e-01
2.764119555552800311e-01
2.775198121865590228e-01
2.762499103943507062e-01
2.780389537413914813e-01
2.766121029853820801e-01
2.771972467501958026e-01
2.763916949431101666e-01
2.771439353624979840e-01
2.767429699500401630e-01
2.777461012204487933e-01
2.765507698059082031e-01
2.774697343508402692e-01
2.765006373325983868e-01
2.773824930191040039e-01
2.765758186578750610e-01
2.769967615604400635e-01
2.772012750307719098e-01
2.764218697945277081e-01
2.779011279344558716e-01
2.770467052857081280e-01
2.766296118497848511e-01
2.774838457504908429e-01
2.768252044916152954e-01
2.769720802704493390e-01
2.784220526615778790e-01
2.767319083213806152e-01
2.775674164295196533e-01
2.769640833139419556e-01
2.784803658723831177e-01
2.768145700295766010e-01
2.784274220466613770e-01
2.770020018021265851e-01
2.766429533561070575e-01
2.781569510698318481e-01
2.770419567823410034e-01
2.772339483102162494e-01
2.771815260251362933e-01
2.765311251084009991e-01
2.791256904602050781e-01
2.768390526374180927e-01
2.783764650424321307e-01
2.773000548283259259e-01
2.768405129512150897e-01
2.777501295010249005e-01
2.769544869661331177e-01
2.764402528603871478e-01
2.771033197641372681e-01
2.774303754170735492e-01
2.770935992399851666e-01
2.770315706729888916e-01
2.777248173952102661e-01
2.764226496219635010e-01
2.789926727612813129e-01
2.773894419272740497e-01
2.771629393100738525e-01
2.768216878175735474e-01
2.773886869351069318e-01
2.766791582107543945e-01
2.768148730198542462e-01
2.773218651612599506e-01
2.772977699836094989e-01
2.766693234443664551e-01
2.770826766888300763e-01
2.767889151970545636e-01
2.773607869942982806e-01
2.763769080241521015e-01
2.776041676600773944e-01
2.763997266689936505e-01
2.780238787333170758e-01
2.765659888585408344e-01
2.785478383302688599e-01
2.768959750731785907e-01
2.781078368425369263e-01
2.768850276867548810e-01
2.770249148209889545e-01
2.779614975055058612e-01
2.766249527533848895e-01
2.767135202884674072e-01
2.774115900198618756e-01
2.765440593163172589e-01
2.774755905071894513e-01
2.769348174333572388e-01
2.772489935159683228e-01
2.765336434046427594e-01
2.771413971980412616e-01
2.771667540073394775e-01
2.768603960673014508e-01
2.774967551231384277e-01
2.768752127885818481e-01
2.773551245530446185e-01
2.769077171881993427e-01
2.769825061162312640e-01
2.770816286404927387e-01
2.768787095944086896e-01
2.772280673185984479e-01
2.768676429986953735e-01
2.771256913741429462e-01
2.769945363203684674e-01
2.772791286309559955e-01
2.768412182728449689e-01
2.770321269830067767e-01
2.772722591956456317e-01
2.769679774840672626e-01
2.774519870678583966e-01
2.769459833701451434e-01
2.771916041771571027e-01
2.768929352362950458e-01
2.771882563829421997e-01
2.767150153716405048e-01
2.769734909137089862e-01
2.770457615454991473e-01
2.771953394015629901e-01
2.768752376238505231e-01
2.773145586252212524e-01
2.770333240429560528e-01
2.772438625494639264e-01
2.769003709157307758e-01
2.771636396646499634e-01
2.771796484788258685e-01
2.771371304988861084e-01
2.772704412539799823e-01
2.768596758445103778e-01
2.773922483126322613e-01
2.768005530039469586e-01
2.776471227407455444e-01
2.766674359639485492e-01
2.769044289986292706e-01
2.781665672858555927e-01
2.768521060546239032e-01
2.780227859814961566e-01
2.767072965701420917e-01
2.781077424685160504e-01
2.770851353804270611e-01
2.768612354993820190e-01
2.783846855163574219e-01
2.772346089283625470e-01
2.776999622583389282e-01
2.767810970544815063e-01
2.770916670560836792e-01
2.769903341929118024e-01
2.771096676588058472e-01
2.771584441264470233e-01
2.770908226569493427e-01
2.773945182561874390e-01
2.769540150960286273e-01
2.772016525268554688e-01
2.767341385285059796e-01
2.774979174137115479e-01
2.769298603137334003e-01
2.771465281645457135e-01
2.770003527402877808e-01
2.769864201545715332e-01
2.773050020138422833e-01
2.767911603053410663e-01
2.775050352017084943e-01
2.767423341671625958e-01
2.777178933223088397e-01
2.768667936325073242e-01
2.767076889673869000e-01
2.787392735481262207e-01
2.769948244094848633e-01
2.780892103910446167e-01
2.773188352584838867e-01
2.772191067536671771e-01
2.768602917591730939e-01
2.772995978593826294e-01
2.767639110485712872e-01
2.780281802018483295e-01
2.771395643552144183e-01
2.766960461934407367e-01
2.771763404210408344e-01
2.768797030051549091e-01
2.772865990797678815e-01
2.769120385249455585e-01
2.773596247037251605e-01
2.770567784706751691e-01
2.769699692726135254e-01
2.773244430621464862e-01
2.770517567793528424e-01
2.774985432624816895e-01
2.766795605421066284e-01
2.769864549239476337e-01
2.771981507539749146e-01
2.770811865727106915e-01
2.771736184755961285e-01
2.770270456870396747e-01
2.771418790022532330e-01
2.771061211824417114e-01
2.770681679248809814e-01
2.770831038554509296e-01
2.771443376938502179e-01
2.771493345499038696e-01
2.770475794871647968e-01
2.770942697922388898e-01
2.770812809467315674e-01
2.771335591872532977e-01
2.770208815733591901e-01
2.771578381458918439e-01
2.771226714054743634e-01
2.771302511294682636e-01
2.771531293789545880e-01
2.770798454682032452e-01
2.770652224620183124e-01
2.770995845397313251e-01
2.771763056516647339e-01
2.770815342664718628e-01
2.771423906087875366e-01
2.771617323160171509e-01
2.771674990653991699e-01
2.771475613117218018e-01
2.771032998959223614e-01
2.771244843800862445e-01
2.771910876035690308e-01
2.771702359120051251e-01
2.771291335423787250e-01
2.771749943494796753e-01
2.771848092476527081e-01
2.771177242199580060e-01
2.771555334329605103e-01
2.770443459351857318e-01
2.771243005990982056e-01
2.772036095460255756e-01
2.771763304869334088e-01
2.770943989356358661e-01
2.772925446430842267e-01
2.771546890338261737e-01
2.771225571632385254e-01
2.771275689204533710e-01
2.771966209014256610e-01
2.771274149417877197e-01
2.772180537382761822e-01
2.770876536766688214e-01
2.773083696762720929e-01
2.772067437569300519e-01
2.772052337725957050e-01
2.771711945533752441e-01
2.771841883659362793e-01
2.770646512508392334e-01
2.772127836942672729e-01
2.771109392245610370e-01
2.772145867347717285e-01
2.771424551804860248e-01
2.772355228662490845e-01
2.772181779146194458e-01
2.772232343753178729e-01
2.771743138631184711e-01
2.771199891964594708e-01
2.771671861410140991e-01
2.773321668306986676e-01
2.771486490964889526e-01
2.773402482271194458e-01
2.770904699961344586e-01
2.772196382284164429e-01
2.772976805766423358e-01
2.767683615287144794e-01
2.770733435948689594e-01
2.779945979515711652e-01
2.769851187864939557e-01
2.771067569653193341e-01
2.774049937725067139e-01
2.770447035630543842e-01
2.772013843059539795e-01
2.771467318137486591e-01
2.771561294794082642e-01
2.772349466880162372e-01
2.771443923314412250e-01
2.772684593995412006e-01
2.771928211053212299e-01
2.772409319877624512e-01
2.771460860967636108e-01
2.771796633799870624e-01
2.771907200415928973e-01
2.771224528551101685e-01
2.772070268789927350e-01
2.772481838862101422e-01
2.771182507276535034e-01
2.773151894410451068e-01
2.771240373452504291e-01
2.772724181413650513e-01
2.771193583806355609e-01
2.769640038410822735e-01
2.772944917281468524e-01
2.771713286638259888e-01
2.770928194125493182e-01
2.773210008939107074e-01
2.771351486444473267e-01
2.771428078413009644e-01
2.771227459112803326e-01
2.772549788157145367e-01
2.771450430154800415e-01
2.771374434232711792e-01
2.772179394960403442e-01
2.771869649489720477e-01
2.771634459495544434e-01
2.771790077288945331e-01
2.771646728118260516e-01
2.771673649549484253e-01
2.771915445725123273e-01
2.771438260873158588e-01
2.771662026643753052e-01
2.771707276503245221e-01
2.771287709474563599e-01
2.771717160940170288e-01
2.771521260341008319e-01
2.771280954281489239e-01
2.772640287876129150e-01
2.771447449922561646e-01
2.771482865015665875e-01
2.771087437868118286e-01
2.772074888149897443e-01
2.772106627623240338e-01
2.771764397621154785e-01
2.770432780186335431e-01
2.773433128992716656e-01
2.771491358677546368e-01
2.770831336577733173e-01
2.773873955011367798e-01
2.769971837600072040e-01
2.769497334957122803e-01
2.773656497399012433e-01
2.771811634302139282e-01
2.770750274260838641e-01
2.773910015821456909e-01
2.771990050872166766e-01
2.771842678387959613e-01
2.772566080093383789e-01
2.771798968315124512e-01
2.771166314681370868e-01
2.772939354181289673e-01
2.771391620238621845e-01
2.771912316481272565e-01
2.771031161149342670e-01
2.771958112716674805e-01
2.772080600261688232e-01
2.771662970383961810e-01
2.771987517674763812e-01
2.771543016036351337e-01
2.771880577007929669e-01
2.771437813838322772e-01
2.772204180558522357e-01
2.771725455919901715e-01
2.772725572188695087e-01
2.772153566281000958e-01
2.771643449862797870e-01
2.771196415026982440e-01
2.771990050872166766e-01
2.771552552779515399e-01
2.772974967956542969e-01
2.771654427051544189e-01
2.771328588326771869e-01
2.772464156150817871e-01
2.771905809640884399e-01
2.771747261285781860e-01
2.771838555733363019e-01
2.772032270828883038e-01
2.771606793006261005e-01
2.771585931380589618e-01
2.771039555470148907e-01
2.772035946448643817e-01
2.771389335393905640e-01
2.771502683560053693e-01
2.772101759910583496e-01
2.771513909101486206e-01
2.772299498319625854e-01
2.770970016717910767e-01
2.772822976112365723e-01
2.771128018697102680e-01
2.771544208129246845e-01
2.771550764640172138e-01
2.771992931763331280e-01
2.772104988495509015e-01
2.771922945976257324e-01
2.771600484848022461e-01
2.772031823794047223e-01
2.771845112244288312e-01
2.771390577157338275e-01
2.771987964709599628e-01
2.772249132394790649e-01
2.771879186232884540e-01
2.772074490785598755e-01
2.771696448326110840e-01
2.771492401758829938e-01
2.771532932917277203e-01
2.771790275971094952e-01
2.771607339382171631e-01
2.771328439315159931e-01
2.771613250176112042e-01
2.771825691064198627e-01
2.771742592255274640e-01
2.771559904019038068e-01
2.772126595179240094e-01
2.771596511205037250e-01
2.771401554346084595e-01
2.771425445874531879e-01
2.771589110294978009e-01
2.771787693103154315e-01
2.771689444780349731e-01
2.771811137596766339e-01
2.771984189748764038e-01
2.771819283564885272e-01
2.771504918734232770e-01
2.771522055069605694e-01
2.771739860375722064e-01
2.772189080715179443e-01
2.771441290775935040e-01
2.771491656700770245e-01
2.771681596835454120e-01
2.772504736979802265e-01
2.771464238564173566e-01
2.771590898434321271e-01
2.772110054890314923e-01
2.771697888771693097e-01
2.770991375048955097e-01
2.772275706132252826e-01
2.771724611520767212e-01
2.771151115496953143e-01
2.771949370702107562e-01
2.771644989649454938e-01
2.771685471137364520e-01
2.772397100925445557e-01
2.771588216225306378e-01
2.771648317575454712e-01
2.772013843059539795e-01
2.771595170100529804e-01
2.771314382553100586e-01
2.772404154141743793e-01
2.771849731604258404e-01
2.771255473295847760e-01
2.771926422913869037e-01
2.771953443686167584e-01
2.772031178077061786e-01
2.771481126546859741e-01
2.771518131097157611e-01
2.771761516729990826e-01
2.771823008855183734e-01
2.771724214156468524e-01
2.771600733200709210e-01
2.771575748920440674e-01
2.771236499150593890e-01
2.772286434968312396e-01
2.771410395701726093e-01
2.771579275528590069e-01
2.771526823441187726e-01
2.772317677736282349e-01
2.771867016951243268e-01
2.771403441826502667e-01
2.772229711214701520e-01
2.771618117888768329e-01
2.771733353535334454e-01
2.771658400694529401e-01
2.771553893884022846e-01
2.771585037310917987e-01
2.772407432397206439e-01
2.771687606970469342e-01
2.771903971831004010e-01
2.771639525890350342e-01
2.771923343340556012e-01
2.771360923846562518e-01
2.771935462951660156e-01
2.771514505147933960e-01
2.771439552307128906e-01
2.771545549233754291e-01
2.771608481804530011e-01
2.771992633740107403e-01
2.772246251503626691e-01
2.771122753620147705e-01
2.772374600172042847e-01
2.771523346503575458e-01
2.771441489458084106e-01
2.771161397298176898e-01
2.771572967370350971e-01
2.772454271713892804e-01
2.771606693665186749e-01
2.771669775247573853e-01
2.771733502546946393e-01
2.771684924761454449e-01
2.771529356638590680e-01
2.771943261226018085e-01
2.771900941928227557e-01
2.771350493033726825e-01
2.771141926447550641e-01
2.771975795427958356e-01
2.771990696589152203e-01
2.771552155415217267e-01
2.771523495515187396e-01
2.771647969881693707e-01
2.771255870660145892e-01
2.771628399689992084e-01
2.771730820337931500e-01
2.771432499090830670e-01
2.771758089462916241e-01
2.771597603956858502e-01
2.771895329157511578e-01
2.771599392096201764e-01
2.771567006905873431e-01
2.771512717008590698e-01
2.771818488836288452e-01
2.771576990683873309e-01
2.771497319142023907e-01
2.771397630373637067e-01
2.771356850862503052e-01
2.771457483371098651e-01
2.771871040264765607e-01
2.771787246068318500e-01
2.771647125482559204e-01
2.771655072768529071e-01
2.771662076314290180e-01
2.771769315004348755e-01
2.771743337313334332e-01
2.771416058142979755e-01
2.772061576445897235e-01
2.771805077791213989e-01
2.771520167589187622e-01
2.771730472644169940e-01
2.771590004364649640e-01
2.771423707405726300e-01
2.771595865488052368e-01
2.771429121494293213e-01
2.771517584721247540e-01
2.771747658650080548e-01
2.771630535523096905e-01
2.771425445874531879e-01
2.771474768718083515e-01
2.771518329779307233e-01
2.771853307882944928e-01
2.771592736244201660e-01
2.771287908156712665e-01
2.771755407253901349e-01
2.771722922722498761e-01
2.771587123473485126e-01
2.771396984656651630e-01
2.771747956673304425e-01
2.771387149890263690e-01
2.771391123533248901e-01
2.771869053443272723e-01
2.771781186262766705e-01
2.771336783965428485e-01
2.771436572074890137e-01
2.771862298250198364e-01
2.771588116884231567e-01
2.771332462628682269e-01
2.771645436684290753e-01
2.771892597277959003e-01
2.771605104207992554e-01
2.771227856477101459e-01
2.771938244501749860e-01
2.771538098653157367e-01
2.771617074807484760e-01
2.771606494983037128e-01
2.771431704362233295e-01
2.771250804265339984e-01
2.771769414345423566e-01
2.771693964799245014e-01
2.771424601475397931e-01
2.771709412336349487e-01
2.771765440702438354e-01
2.771363755067189349e-01
2.771416803201039447e-01
2.771657556295394897e-01
2.771583398183186664e-01
2.771576742331187115e-01
2.771208882331848145e-01
2.771788388490676880e-01
2.771390626827875958e-01
2.771293073892593384e-01
2.771614094575245990e-01
2.771526426076889038e-01
2.771722624699274884e-01
2.771281003952026367e-01
2.771295855442683087e-01
2.771674146254857196e-01
2.771739214658737183e-01
2.771366288264592304e-01
2.771572222312291278e-01
2.771611313025156842e-01
2.771329234043757306e-01
2.771750191847483502e-01
2.771710008382797241e-01
2.771403839190800800e-01
2.771642555793126239e-01
2.771503478288650513e-01
2.771346817413966046e-01
2.771427234013875140e-01
2.771510332822799683e-01
2.771531790494918823e-01
2.771514902512232648e-01
2.771403640508651733e-01
2.771509935458500995e-01
2.771416256825129376e-01
2.771405031283696307e-01
2.771708567937214984e-01
2.771614740292231427e-01
2.771456887324650897e-01
2.771474669377009259e-01
2.771501888831456317e-01
2.771331667900085449e-01
2.771366784969965802e-01
2.771420677502949848e-01
2.771403938531875610e-01
2.771587471167246686e-01
2.771506061156590595e-01
2.771460413932800293e-01
2.771313587824503766e-01
2.771363953749338971e-01
2.771568993727366315e-01
2.771421521902084351e-01
2.771590203046798706e-01
2.771422266960144043e-01
2.771451075871785297e-01
2.771525979042053223e-01
2.771416952212651386e-01
2.771485845247904645e-01
2.771478643019993915e-01
2.771494636933009015e-01
2.771468410889307843e-01
2.771509985129038678e-01
2.771555036306381226e-01
2.771376818418502808e-01
2.771459817886352539e-01
2.771574060122172223e-01
2.771395544211069928e-01
2.771522700786590576e-01
2.771604359149932861e-01
2.771532287200291766e-01
2.771397829055786133e-01
2.771244098742802753e-01
2.771518627802531110e-01
2.771519422531127930e-01
2.771518677473068237e-01
2.771484007438023700e-01
2.771385212739308490e-01
2.771374831597010480e-01
2.771395295858383179e-01
2.771528412898381366e-01
2.771387497584025250e-01
2.771425594886143817e-01
2.771632423003514423e-01
2.771494239568710327e-01
2.771462996800740375e-01
2.771306882301966534e-01
2.771200537681579590e-01
2.771575550238291608e-01
2.771448244651158466e-01
2.771541426579157696e-01
2.771494785944620953e-01
2.771073232094447003e-01
2.771586825450261249e-01
2.771593679984410419e-01
2.771565516789754047e-01
2.771441737810770856e-01
2.771477997303009033e-01
2.771446506182352887e-01
2.771340807278950824e-01
2.771409849325816022e-01
2.771474321683247699e-01
2.771531591812769757e-01
2.771601527929306030e-01
2.771366089582443237e-01
2.771457086006800519e-01
2.771524886290232526e-01
2.771144360303878784e-01
2.771308571100234985e-01
2.771704544623692645e-01
2.771580864985783710e-01
2.771403044462203979e-01
2.771549820899963379e-01
2.771477152903874530e-01
2.771518280108769550e-01
2.771422713994979858e-01
2.771493693192799701e-01
2.771263619263966693e-01
2.771571874618530273e-01
2.771336038907368793e-01
2.771531691153844013e-01
2.771409203608830585e-01
2.771406471729278564e-01
2.771522055069605694e-01
2.771530350049336566e-01
2.771430909633636475e-01
2.771354963382084979e-01
2.771416554848353253e-01
2.771375825007756366e-01
2.771308620770772113e-01
2.771315773328145160e-01
2.771466175715128766e-01
2.771558165550231934e-01
2.771467069784800397e-01
2.771479139725367413e-01
2.771389037370681763e-01
2.771302064259846820e-01
2.771325558423995972e-01
2.771520266930262433e-01
2.771509687105814801e-01
2.771498411893844604e-01
2.771410346031188965e-01
2.771282692750294818e-01
2.771428575118382587e-01
2.771408160527547015e-01
2.771520366271336688e-01
2.771509438753128052e-01
2.771298438310623169e-01
2.771411289771397723e-01
2.771444916725158691e-01
2.771476954221725464e-01
2.771471142768859863e-01
2.771401405334472656e-01
2.771450777848561420e-01
2.771430263916651593e-01
2.771336734294891357e-01
2.771297097206115723e-01
2.771441092093785419e-01
2.771416604518890381e-01
2.771398176749547138e-01
2.771448194980621338e-01
2.771461556355158673e-01
2.771414915720621930e-01
2.771308074394862042e-01
2.771387845277786255e-01
2.771351188421249390e-01
2.771393458048502789e-01
2.771351685126622333e-01
2.771460910638173236e-01
2.771474520365397320e-01
2.771451274553934918e-01
2.771392116943995343e-01
2.771342595418294086e-01
2.771434088548024310e-01
2.771366983652114868e-01
2.771292577187220441e-01
2.771439105272293091e-01
2.771489073832829608e-01
2.771463046471278058e-01
2.771433840195338116e-01
2.771402349074681415e-01
2.771343588829040527e-01
2.771334846814473285e-01
2.771334300438563214e-01
2.771299332380294800e-01
2.771408359209696637e-01
2.771348804235458374e-01
2.771316220362980975e-01
2.771356602509816303e-01
2.771449337402979718e-01
2.771471043427785053e-01
2.771450777848561420e-01
2.771331767241160260e-01
2.771381487449010028e-01
2.771406074364979877e-01
2.771303554375966205e-01
2.771285722653071271e-01
2.771320939064025879e-01
2.771397133668263568e-01
2.771407812833786011e-01
2.771471689144770489e-01
2.771392116943995343e-01
2.771434038877487183e-01
2.771396686633427753e-01
2.771302312612533569e-01
2.771364649136860980e-01
2.771320144335429059e-01
2.771297643582026349e-01
2.771318703889846802e-01
2.771317015091578351e-01
2.771395196517308368e-01
2.771478792031605853e-01
2.771408160527547015e-01
2.771393805742263794e-01
2.771345724662144794e-01
2.771393358707427979e-01
2.771361668904622211e-01
2.771395047505696430e-01
2.771404236555099487e-01
2.771395842234293805e-01
2.771401405334472656e-01
2.771391918261845722e-01
2.771397034327189313e-01
2.771372646093368530e-01
2.771312793095906390e-01
2.771376123030980243e-01
2.771263718605041504e-01
2.771295309066772461e-01
2.771333853403727399e-01
2.771374732255935669e-01
2.771382977565129413e-01
2.771338373422622681e-01
2.771359930435816632e-01
2.771368871132532941e-01
2.771352926890055524e-01
2.771262923876444684e-01
2.771288305521011353e-01
2.771328985691070557e-01
2.771376719077427997e-01
2.771371354659398212e-01
2.771313190460205078e-01
2.771280308564503803e-01
2.771312097708384381e-01
2.771363705396652222e-01
2.771372149387995587e-01
2.771361172199249268e-01
2.771313140789667950e-01
2.771332810322443829e-01
2.771366039911906110e-01
2.771325856447219849e-01
2.771381388107935773e-01
2.771325558423995972e-01
2.771318107843399048e-01
2.771382480859756470e-01
2.771352479855219708e-01
2.771349002917607440e-01
2.771386106808980121e-01
2.771364202102025165e-01
2.771373440821965350e-01
2.771322776873906268e-01
2.771310607592264996e-01
2.771301716566085815e-01
2.771335591872532977e-01
2.771375974019368305e-01
2.771289646625518799e-01
2.771296749512354718e-01
2.771372944116592407e-01
2.771350443363189697e-01
2.771346618731816425e-01
2.771297544240951538e-01
2.771316617727279663e-01
2.771286716063817157e-01
2.771353870630264282e-01
2.771380742390950336e-01
2.771356155474980487e-01
2.771363159020741596e-01
2.771314134200413837e-01
2.771301617225011005e-01
2.771359731753667011e-01
2.771329432725906372e-01
2.771348108847935809e-01
2.771342992782592773e-01
2.771320343017578125e-01
2.771366288264592304e-01
2.771367182334263934e-01
2.771351089080174579e-01
2.771281848351160870e-01
2.771334449450175152e-01
2.771343141794204712e-01
2.771331220865249634e-01
2.771298040946324481e-01
2.771346122026443481e-01
2.771308720111846924e-01
2.771339962879816876e-01
2.771333952744801654e-01
2.771299680074055805e-01
2.771313438812891827e-01
2.771356552839279175e-01
2.771319697300593243e-01
2.771290391683578491e-01
2.771351486444473267e-01
2.771339267492294312e-01
2.771333406368891583e-01
2.771296898523966656e-01
2.771295358737309589e-01
2.771346966425577985e-01
2.771363606055577411e-01
2.771377017100651874e-01
2.771335989236831665e-01
2.771355559428532733e-01
2.771361023187637329e-01
2.771341452995936261e-01
2.771251251300175800e-01
2.771302163600921631e-01
2.771307428677876605e-01
2.771283239126205444e-01
2.771277079979578839e-01
2.771298537651697980e-01
2.771373142798741473e-01
2.771310259898503436e-01
2.771341055631637573e-01
2.771367232004801617e-01
2.771347363789876117e-01
2.771357993284861432e-01
2.771261582771937237e-01
2.771275589863459454e-01
2.771329234043757306e-01
2.771321684122085571e-01
