1.876791000366210938e+01
1.716014862060546875e+01
1.724806499481201172e+01
1.613826433817545691e+01
1.629866790771484375e+01
1.680757268269856652e+01
1.620035775502522668e+01
1.599812412261962891e+01
1.569783083597818951e+01
1.559857940673828125e+01
1.584991105397542377e+01
1.584475135803222656e+01
1.604050795237223426e+01
1.498993047078450580e+01
1.493798255920410156e+01
1.486207326253255268e+01
1.489923763275146484e+01
1.478417714436849018e+01
1.503178405761718750e+01
1.482961146036783795e+01
1.548722457885742188e+01
1.471695264180501361e+01
1.460869057973225971e+01
1.452422459920247455e+01
1.450943565368652344e+01
1.495569388071695904e+01
1.556504154205322266e+01
1.517243671417236328e+01
1.546259403228759766e+01
1.562285868326822857e+01
1.496987851460774799e+01
1.486738713582356830e+01
1.455697568257649799e+01
1.449145857493082623e+01
1.449065462748209576e+01
1.517370065053304096e+01
1.493688646952311139e+01
1.457419172922770123e+01
1.460325876871744732e+01
1.454233296712239643e+01
1.471364752451578717e+01
1.529278119405110736e+01
1.462944602966308594e+01
1.467641830444335938e+01
1.449324480692545514e+01
1.445207405090332031e+01
1.458601760864257812e+01
1.523932711283365826e+01
1.554199345906575580e+01
1.471295928955078125e+01
1.474164072672525982e+01
1.456760724385579486e+01
1.448360665639241596e+01
1.466256078084309955e+01
1.448940690358479877e+01
1.449049631754557232e+01
1.450240453084309955e+01
1.453969415028890033e+01
1.444995880126953125e+01
1.455208810170491596e+01
1.457447687784830670e+01
1.486172930399576764e+01
1.468362871805826764e+01
1.451377709706624408e+01
1.459807332356770893e+01
1.450575256347656250e+01
1.446488730112711529e+01
1.445438321431477924e+01
1.462189865112304688e+01
1.457473627726236920e+01
1.447833824157714844e+01
1.445587285359700580e+01
1.445479170481363873e+01
1.444943300882975201e+01
1.443860499064127545e+01
1.453145345052083393e+01
1.447969182332356830e+01
1.492596689860025982e+01
1.476182619730631451e+01
1.485816860198974609e+01
1.478706741333007812e+01
1.459825706481933594e+01
1.458280150095621686e+01
1.452212715148925781e+01
1.463535372416178326e+01
1.447974363962809186e+01
1.453413391113281250e+01
1.448244380950927734e+01
1.450794283548990826e+01
1.444240315755208393e+01
1.455383396148681641e+01
1.445392672220865826e+01
1.446338017781575580e+01
1.452965895334879498e+01
1.447559229532877545e+01
1.454468854268391986e+01
1.483320267995198627e+01
1.461522165934244732e+01
1.450044218699137311e+01
1.445298767089843750e+01
1.449207687377929688e+01
1.444591999053955078e+01
1.443912251790364643e+01
1.450603262583414654e+01
1.443774032592773438e+01
1.446827507019042969e+01
1.444115924835205078e+01
1.453959465026855469e+01
1.449465274810791016e+01
1.449003473917643170e+01
1.443622239430745502e+01
1.451187610626220703e+01
1.444135125478108783e+01
1.448767662048339844e+01
1.445723756154378314e+01
1.445337835947672467e+01
1.444042491912841797e+01
1.442965602874755859e+01
1.457694053649902344e+01
1.446635150909423828e+01
1.449569733937581439e+01
1.444784990946451764e+01
1.454377237955729107e+01
1.443718496958414654e+01
1.446988932291666607e+01
1.443400923411051373e+01
1.447468312581380268e+01
1.444140052795410156e+01
1.451196861267089844e+01
1.443494955698649029e+01
1.449684619903564453e+01
1.444034004211425781e+01
1.448901398976643939e+01
1.443364270528157611e+01
1.444802474975585938e+01
1.445919863382975201e+01
1.443375905354817768e+01
1.452171484629313092e+01
1.444804859161376953e+01
1.442987124125162701e+01
1.449698766072591205e+01
1.443383757273356061e+01
1.444019603729248047e+01
1.456843407948811908e+01
1.457857259114583393e+01
1.446570269266764264e+01
1.444937960306803326e+01
1.458137448628743549e+01
1.445496336619059186e+01
1.456932544708251953e+01
1.444684028625488281e+01
1.443183040618896484e+01
1.453878211975097656e+01
1.444315147399902344e+01
1.446604855855306049e+01
1.445901075998941998e+01
1.442342567443847656e+01
1.465043417612711529e+01
1.447697067260742188e+01
1.455004564921061139e+01
1.445563952128092389e+01
1.443636989593505859e+01
1.450874551137288471e+01
1.444091860453287701e+01
1.443044980367024799e+01
1.444775390625000000e+01
1.445204957326253314e+01
1.445060316721598248e+01
1.444541136423746686e+01
1.449794928232828717e+01
1.446612103780110736e+01
1.464042854309082031e+01
1.446267382303873639e+01
1.445488357543945312e+01
1.443857065836588482e+01
1.448029899597167969e+01
1.443750794728597064e+01
1.444066365559895893e+01
1.445687898000081439e+01
1.445995585123697857e+01
1.443491204579671283e+01
1.446339416503906250e+01
1.443371868133544922e+01
1.447693888346354107e+01
1.443969980875650982e+01
1.448736763000488281e+01
1.444947306315104107e+01
1.452081902821858783e+01
1.456966145833333393e+01
1.456801350911458393e+01
1.454560375213623047e+01
1.452380275726318359e+01
1.447267246246337891e+01
1.444996198018391986e+01
1.450875123341878314e+01
1.444933064778645893e+01
1.443710613250732422e+01
1.447671826680501361e+01
1.442845122019449811e+01
1.448096052805582623e+01
1.443727938334147076e+01
1.445932261149088482e+01
1.442640940348307232e+01
1.445586522420247455e+01
1.445040130615234375e+01
1.443530591328938861e+01
1.448296483357747455e+01
1.443640963236490826e+01
1.446606699625650982e+01
1.443577194213867188e+01
1.443875757853190045e+01
1.444335365295410156e+01
1.443263848622640033e+01
1.445488580067952533e+01
1.443516731262207031e+01
1.444895648956298828e+01
1.443820381164550781e+01
1.445911598205566406e+01
1.442936897277832031e+01
1.443844763437906842e+01
1.445165189107259174e+01
1.443285814921061139e+01
1.447040748596191406e+01
1.443493239084879498e+01
1.444856452941894531e+01
1.443284861246744732e+01
1.445002905527750592e+01
1.442586517333984375e+01
1.443614164988199811e+01
1.443604818979899029e+01
1.444776153564453125e+01
1.442848459879557232e+01
1.445245138804117779e+01
1.443434270222981830e+01
1.444823137919108014e+01
1.443071238199869732e+01
1.444162495930989643e+01
1.444379425048828125e+01
1.444084739685058594e+01
1.445004304250081439e+01
1.442781384785970111e+01
1.446397908528645893e+01
1.442938963572184186e+01
1.447607485453287701e+01
1.444063154856363873e+01
1.443288358052571674e+01
1.453129132588704486e+01
1.443212890625000000e+01
1.450564034779866596e+01
1.444480641682942768e+01
1.451647027333577533e+01
1.444049008687337299e+01
1.443324693044026752e+01
1.455847803751627545e+01
1.444310379028320312e+01
1.447667725880940814e+01
1.443222490946451764e+01
1.444006570180257221e+01
1.443184089660644531e+01
1.443971443176269531e+01
1.444250075022379498e+01
1.443861198425292969e+01
1.445839818318684955e+01
1.442890803019205670e+01
1.444975058237711529e+01
1.442583719889322857e+01
1.446670595804850201e+01
1.443094444274902344e+01
1.444042237599690814e+01
1.443283526102701764e+01
1.443378861745198627e+01
1.445300706227620502e+01
1.442567507425943951e+01
1.447059186299641986e+01
1.444169743855794330e+01
1.447948296864827533e+01
1.443685277303059955e+01
1.443230724334716797e+01
1.458959929148356061e+01
1.446114158630371094e+01
1.450491428375244141e+01
1.444822374979654889e+01
1.444812424977620502e+01
1.443051338195800781e+01
1.445701821645100971e+01
1.443008136749267578e+01
1.451610501607259174e+01
1.443587462107340436e+01
1.443452898661295514e+01
1.444488970438639264e+01
1.443238099416097064e+01
1.445438766479492188e+01
1.442805226643880268e+01
1.445369116465250592e+01
1.443651262919108014e+01
1.443179353078206439e+01
1.445612843831380268e+01
1.443328094482421875e+01
1.446487045288085938e+01
1.443136723836263080e+01
1.443433634440104107e+01
1.444562784830729107e+01
1.443709055582682232e+01
1.444254175821940045e+01
1.443477662404378314e+01
1.443968582153320312e+01
1.443799908955891986e+01
1.443612639109293561e+01
1.443647289276123047e+01
1.444046052296956439e+01
1.443847751617431641e+01
1.443432426452636719e+01
1.443758042653401752e+01
1.443608760833740234e+01
1.443816502888997455e+01
1.443294588724772076e+01
1.444167931874593158e+01
1.443728701273600201e+01
1.443802515665690045e+01
1.443751780192057232e+01
1.443633842468261719e+01
1.443586095174153705e+01
1.443576812744140625e+01
1.444176705678304096e+01
1.443498833974202533e+01
1.443750921885172467e+01
1.443770313262939453e+01
1.443886375427246094e+01
1.443693351745605469e+01
1.443607234954833984e+01
1.443646399180094342e+01
1.444011338551839252e+01
1.443959681193033795e+01
1.443742879231770893e+01
1.443892669677734375e+01
1.443987719217936139e+01
1.443505223592122455e+01
1.443806711832682232e+01
1.443333435058593750e+01
1.443589719136556049e+01
1.443934090932210346e+01
1.443763224283854107e+01
1.443443361918131451e+01
1.444665527343750000e+01
1.443554242451985736e+01
1.443543370564778705e+01
1.443526649475097656e+01
1.443848609924316406e+01
1.443620459238688092e+01
1.443975702921549420e+01
1.443194643656412701e+01
1.444484011332193951e+01
1.443910090128580670e+01
1.443898264567057232e+01
1.443710962931315045e+01
1.443840026855468750e+01
1.443054548899332623e+01
1.443967215220133404e+01
1.443185329437255859e+01
1.443863995869954486e+01
1.443393135070800781e+01
1.443795903523763080e+01
1.443925603230794330e+01
1.443846638997395893e+01
1.443658383687337299e+01
1.443509610493977924e+01
1.443511581420898438e+01
1.444636980692545514e+01
1.443375873565673828e+01
1.444549338022867779e+01
1.443174457550048828e+01
1.443895530700683594e+01
1.444464683532714844e+01
1.442315864562988281e+01
1.443179130554199219e+01
1.450469970703125000e+01
1.442968146006266217e+01
1.443465010325113873e+01
1.445074971516927143e+01
1.442917060852050781e+01
1.443830140431722064e+01
1.443471813201904297e+01
1.443506113688150982e+01
1.443975289662679096e+01
1.443367385864257812e+01
1.444238313039143939e+01
1.443782520294189453e+01
1.443992360432942768e+01
1.443413543701171875e+01
1.443696467081705670e+01
1.443728319803873639e+01
1.443339220682779889e+01
1.443893527984619141e+01
1.444011306762695312e+01
1.443206087748209576e+01
1.444399261474609375e+01
1.443239879608154297e+01
1.444173558553059955e+01
1.443454106648763080e+01
1.442673810323079486e+01
1.444422976175943951e+01
1.443532180786132812e+01
1.443134498596191406e+01
1.444562403361002545e+01
1.443370437622070312e+01
1.443487675984700580e+01
1.443310197194417377e+01
1.444064044952392578e+01
1.443378639221191406e+01
1.443390719095865826e+01
1.443809127807617188e+01
1.443628406524658203e+01
1.443509960174560547e+01
1.443577067057291607e+01
1.443559869130452533e+01
1.443571281433105469e+01
1.443727048238118549e+01
1.443525282541910748e+01
1.443571758270263672e+01
1.443530019124349018e+01
1.443347231547037701e+01
1.443633397420247455e+01
1.443434842427571674e+01
1.443313725789388080e+01
1.444157282511393170e+01
1.443443489074707031e+01
1.443406804402669330e+01
1.443245474497477154e+01
1.443760331471761127e+01
1.443711757659912109e+01
1.443471463521321674e+01
1.442913691202799420e+01
1.444633992513020893e+01
1.443301836649576764e+01
1.443053849538167377e+01
1.445013395945231061e+01
1.442546908060709576e+01
1.442565250396728516e+01
1.444716898600260357e+01
1.443541685740152936e+01
1.442924817403157611e+01
1.444844436645507812e+01
1.443632062276204486e+01
1.443541272481282611e+01
1.443995666503906250e+01
1.443500773111979107e+01
1.443198966979980469e+01
1.444339656829833984e+01
1.443315696716308594e+01
1.443573760986328125e+01
1.443140157063802143e+01
1.443679745992024799e+01
1.443747901916503906e+01
1.443390305836995502e+01
1.443647925059000592e+01
1.443324216206868549e+01
1.443594455718994141e+01
1.443350092569986920e+01
1.443824768066406250e+01
1.443468507130940814e+01
1.444120375315348248e+01
1.443640995025634766e+01
1.443447430928548236e+01
1.443244902292887311e+01
1.443591626485188861e+01
1.443353462219238281e+01
1.444229316711425781e+01
1.443360455830891986e+01
1.443244171142578125e+01
1.443901062011718750e+01
1.443610572814941406e+01
1.443497244517008404e+01
1.443485577901204486e+01
1.443638070424397846e+01
1.443412272135416607e+01
1.443349933624267578e+01
1.443107159932454486e+01
1.443695195515950580e+01
1.443291632334391217e+01
1.443345419565836529e+01
1.443685404459635357e+01
1.443358421325683594e+01
1.443736871083577533e+01
1.443121465047200580e+01
1.444203758239746094e+01
1.443178876241048236e+01
1.443346627553304096e+01
1.443429025014241596e+01
1.443649705251058002e+01
1.443648401896158795e+01
1.443521626790364643e+01
1.443326250712076764e+01
1.443570804595947266e+01
1.443486531575520893e+01
1.443279012044270893e+01
1.443579069773356061e+01
1.443674087524414062e+01
1.443478202819824219e+01
1.443649737040201764e+01
1.443441963195800781e+01
1.443338712056477924e+01
1.443356641133626361e+01
1.443512852986653705e+01
1.443384329477945904e+01
1.443153699239095111e+01
1.443387921651204486e+01
1.443522326151529889e+01
1.443465868631998639e+01
1.443312422434488873e+01
1.443637243906656842e+01
1.443322626749674420e+01
1.443283780415852924e+01
1.443295256296793561e+01
1.443383661905924420e+01
1.443509928385416607e+01
1.443433952331542969e+01
1.443476486206054688e+01
1.443568865458170514e+01
1.443474769592285156e+01
1.443311182657877545e+01
1.443325233459472656e+01
1.443477185567220111e+01
1.443696085611979107e+01
1.443239180246988873e+01
1.443277772267659564e+01
1.443406836191813092e+01
1.443943818410237689e+01
1.443285020192464252e+01
1.443351236979166607e+01
1.443670972188313861e+01
1.443422253926595111e+01
1.443056106567382812e+01
1.443823750813802143e+01
1.443437099456787109e+01
1.443125470479329486e+01
1.443581072489420514e+01
1.443425337473551373e+01
1.443387985229492188e+01
1.443828423817952533e+01
1.443348312377929688e+01
1.443404356638590436e+01
1.443570836385091205e+01
1.443390846252441406e+01
1.443204816182454486e+01
1.443851312001546283e+01
1.443495337168375592e+01
1.443155097961425781e+01
1.443551826477050781e+01
1.443547979990641217e+01
1.443572457631429096e+01
1.443274784088134766e+01
1.443314965565999408e+01
1.443467140197753906e+01
1.443475532531738281e+01
1.443435033162434955e+01
1.443346468607584576e+01
1.443336804707845111e+01
1.443131001790364643e+01
1.443818728129068951e+01
1.443247572580973248e+01
1.443332386016845703e+01
1.443328666687011719e+01
1.443764400482177734e+01
1.443451436360677143e+01
1.443257490793863873e+01
1.443696403503417969e+01
1.443389161427815814e+01
1.443419837951660156e+01
1.443413988749186139e+01
1.443361091613769531e+01
1.443379974365234375e+01
1.443844413757324219e+01
1.443358484903971295e+01
1.443490346272786518e+01
1.443353366851806641e+01
1.443559519449869732e+01
1.443235588073730469e+01
1.443604977925618549e+01
1.443308258056640625e+01
1.443298403422037701e+01
1.443351713816324811e+01
1.443353716532389264e+01
1.443547439575195312e+01
1.443679459889729877e+01
1.443081219991048236e+01
1.443859291076660156e+01
1.443326600392659564e+01
1.443226782480875592e+01
1.443137232462565045e+01
1.443357849121093750e+01
1.443911298116048236e+01
1.443332862854003906e+01
1.443423207600911518e+01
1.443453343709309955e+01
1.443418439229329486e+01
1.443303203582763672e+01
1.443530273437500000e+01
1.443553829193115234e+01
1.443239307403564453e+01
1.443124707539876361e+01
1.443629964192708393e+01
1.443603833516438861e+01
1.443334897359212299e+01
1.443313789367675781e+01
1.443396377563476562e+01
1.443174775441487689e+01
1.443402608235677143e+01
1.443458302815755268e+01
1.443283303578694721e+01
1.443459256490071674e+01
1.443373616536458393e+01
1.443541272481282611e+01
1.443357880910237689e+01
1.443351109822591205e+01
1.443301010131835938e+01
1.443488502502441406e+01
1.443346850077311139e+01
1.443321100870768170e+01
1.443268775939941406e+01
1.443233489990234375e+01
1.443300819396972656e+01
1.443522834777832031e+01
1.443463134765625000e+01
1.443370691935221295e+01
1.443381818135579486e+01
1.443403180440266986e+01
1.443448384602864643e+01
1.443436686197916607e+01
1.443250974019368549e+01
1.443645064036051373e+01
1.443481636047363281e+01
1.443301423390706439e+01
1.443435955047607422e+01
1.443372281392415424e+01
1.443266773223876953e+01
1.443359311421712299e+01
1.443269189198811908e+01
1.443347613016764264e+01
1.443454074859619141e+01
1.443385314941406250e+01
1.443257935841878314e+01
1.443302917480468750e+01
1.443347613016764264e+01
1.443533388773600201e+01
1.443379783630371094e+01
1.443211936950683594e+01
1.443446445465087891e+01
1.443442853291829486e+01
1.443365001678466797e+01
1.443262926737467389e+01
1.443465487162272076e+01
1.443273035685221295e+01
1.443258094787597656e+01
1.443529701232910156e+01
1.443458811442057232e+01
1.443224430084228516e+01
1.443296146392822266e+01
1.443541590372721295e+01
1.443367799123128314e+01
1.443229198455810547e+01
1.443421045939127545e+01
1.443543179829915424e+01
1.443378067016601562e+01
1.443159834543863873e+01
1.443594106038411518e+01
1.443322976430257221e+01
1.443390719095865826e+01
1.443381277720133404e+01
1.443286387125650982e+01
1.443176237742106061e+01
1.443493429819742779e+01
1.443454011281331439e+01
1.443253135681152344e+01
1.443440500895182232e+01
1.443485800425211529e+01
1.443249575297037701e+01
1.443268267313639264e+01
1.443414052327474018e+01
1.443390464782714844e+01
1.443379592895507812e+01
1.443179925282796283e+01
1.443509324391683002e+01
1.443295033772786518e+01
1.443213144938150982e+01
1.443400700887044330e+01
1.443359756469726562e+01
1.443447875976562500e+01
1.443189112345377545e+01
1.443230501810709576e+01
1.443434969584147076e+01
1.443458811442057232e+01
1.443243344624837299e+01
1.443346087137858014e+01
1.443373807271321674e+01
1.443210156758626361e+01
1.443475437164306641e+01
1.443466663360595703e+01
1.443272527058919330e+01
1.443423970540364643e+01
1.443343734741210938e+01
1.443242486317952533e+01
1.443298657735188861e+01
1.443339920043945312e+01
1.443357563018798828e+01
1.443346309661865234e+01
1.443279838562011719e+01
1.443357340494791607e+01
1.443288930257161518e+01
1.443274402618408203e+01
1.443448925018310547e+01
1.443388748168945312e+01
1.443298530578613281e+01
1.443308067321777344e+01
1.443327713012695312e+01
1.443234825134277344e+01
1.443266582489013672e+01
1.443291473388671875e+01
1.443280696868896484e+01
1.443390496571858783e+01
1.443333816528320312e+01
1.443319829305013080e+01
1.443234602610270123e+01
1.443258539835611920e+01
1.443374792734781842e+01
1.443298212687174420e+01
1.443392562866210938e+01
1.443282254536946674e+01
1.443309688568115234e+01
1.443355115254720111e+01
1.443291441599527936e+01
1.443323071797688861e+01
1.443316141764322857e+01
1.443333117167154889e+01
1.443323135375976562e+01
1.443346881866455078e+01
1.443375396728515625e+01
1.443272368113199811e+01
1.443324279785156250e+01
1.443386300404866596e+01
1.443275038401285748e+01
1.443356355031331439e+01
1.443390782674153705e+01
1.443350537618001361e+01
1.443289534250895123e+01
1.443213017781575580e+01
1.443355178833007812e+01
1.443356800079345703e+01
1.443361536661783795e+01
1.443333911895751953e+01
1.443274879455566406e+01
1.443275769551595111e+01
1.443289566040039062e+01
1.443352095286051373e+01
1.443272717793782611e+01
1.443301423390706439e+01
1.443420696258544922e+01
1.443335787455240826e+01
1.443305587768554688e+01
1.443221728006998639e+01
1.443165906270345111e+01
1.443392690022786518e+01
1.443320147196451764e+01
1.443376668294270893e+01
1.443334388732910156e+01
1.443101342519124408e+01
1.443405914306640625e+01
1.443393643697102924e+01
1.443362649281819721e+01
1.443292109171549420e+01
1.443305714925130268e+01
1.443300724029541016e+01
1.443251132965087891e+01
1.443298975626627545e+01
1.443330351511637311e+01
1.443363634745279889e+01
1.443398634592691998e+01
1.443259938557942768e+01
1.443323834737141986e+01
1.443353525797525982e+01
1.443129603068033795e+01
1.443231678009033203e+01
1.443471018473307232e+01
1.443393198649088482e+01
1.443282858530680279e+01
1.443366495768229107e+01
1.443335342407226562e+01
1.443354415893554688e+01
1.443302822113037109e+01
1.443338743845621686e+01
1.443210156758626361e+01
1.443385759989420514e+01
1.443243630727132221e+01
1.443375523885091205e+01
1.443306350708007812e+01
1.443294175465901752e+01
1.443371073404947857e+01
1.443363062540690045e+01
1.443294715881347656e+01
1.443265151977539062e+01
1.443294652303059955e+01
1.443272813161214252e+01
1.443240133921305279e+01
1.443246905008951764e+01
1.443333244323730469e+01
1.443382167816162109e+01
1.443326950073242188e+01
1.443335310618082623e+01
1.443284002939859967e+01
1.443236319224039654e+01
1.443250147501627545e+01
1.443359375000000000e+01
1.443352508544921875e+01
1.443349138895670514e+01
1.443293444315592389e+01
1.443225733439127545e+01
1.443306032816568951e+01
1.443294715881347656e+01
1.443362299601236920e+01
1.443357245127359967e+01
1.443236859639485736e+01
1.443296432495117188e+01
1.443312263488769531e+01
1.443328952789306641e+01
1.443329620361328125e+01
1.443290837605794330e+01
1.443321641286214252e+01
1.443313090006510357e+01
1.443256696065266986e+01
1.443232949574788471e+01
1.443314838409423828e+01
1.443303362528483014e+01
1.443291568756103516e+01
1.443322881062825580e+01
1.443327299753824811e+01
1.443299770355224609e+01
1.443236478169759174e+01
1.443286387125650982e+01
1.443266550699869732e+01
1.443289788564046283e+01
1.443274974822998047e+01
1.443331273396809955e+01
1.443337853749593158e+01
1.443322277069091797e+01
1.443290106455484967e+01
1.443257840474446674e+01
1.443306414286295514e+01
1.443270746866861920e+01
1.443234443664550781e+01
1.443317699432373047e+01
1.443346214294433594e+01
1.443330256144205670e+01
1.443312327067057232e+01
1.443290392557779889e+01
1.443262545267740826e+01
1.443259970347086529e+01
1.443254979451497455e+01
1.443236033121744732e+01
1.443300882975260357e+01
1.443265597025553326e+01
1.443253199259440045e+01
1.443276596069335938e+01
1.443325297037760357e+01
1.443343925476074219e+01
1.443332926432291607e+01
1.443255996704101562e+01
1.443287785847981830e+01
1.443305142720540424e+01
1.443243535359700580e+01
1.443232027689615826e+01
1.443251482645670514e+01
1.443299102783203125e+01
1.443310801188150982e+01
1.443344497680664062e+01
1.443292490641275982e+01
1.443313980102539062e+01
1.443290964762369732e+01
1.443240356445312500e+01
1.443282063802083393e+01
1.443254248301188092e+01
1.443239116668701172e+01
1.443250751495361328e+01
1.443255933125813861e+01
1.443302790323893170e+01
1.443352762858072857e+01
1.443309656778971295e+01
1.443293635050455670e+01
1.443267885843912701e+01
1.443295033772786518e+01
1.443281618754068951e+01
1.443298784891764264e+01
1.443302981058756451e+01
1.443297513326009174e+01
1.443298848470052143e+01
1.443293825785318951e+01
1.443298625946044922e+01
1.443280537923177143e+01
1.443248971303304096e+01
1.443289756774902344e+01
1.443223826090494732e+01
1.443247032165527344e+01
1.443271509806315045e+01
1.443294239044189453e+01
1.443295574188232422e+01
1.443267250061035156e+01
1.443281173706054688e+01
1.443288199106852154e+01
1.443276119232177734e+01
1.443225224812825580e+01
1.443241818745931049e+01
1.443263975779215436e+01
1.443293476104736328e+01
1.443290646870931049e+01
1.443258539835611920e+01
1.443238894144693951e+01
1.443257776896158795e+01
1.443288326263427734e+01
1.443293825785318951e+01
1.443283335367838482e+01
1.443257204691568951e+01
1.443267981211344342e+01
1.443287150065104107e+01
1.443262132008870502e+01
1.443295669555664062e+01
1.443263943990071674e+01
1.443260192871093750e+01
1.443297100067138672e+01
1.443276882171630859e+01
1.443277549743652344e+01
1.443297672271728516e+01
1.443286132812500000e+01
1.443292681376139264e+01
1.443261019388834576e+01
1.443257395426432232e+01
1.443253072102864643e+01
1.443273448944091797e+01
1.443296623229980469e+01
1.443244298299153705e+01
1.443251387278238873e+01
1.443295033772786518e+01
1.443281269073486328e+01
1.443279425303141217e+01
1.443251546223958393e+01
1.443260383605957031e+01
1.443243471781412701e+01
1.443282922108968158e+01
1.443296623229980469e+01
1.443283430735270123e+01
1.443287531534830670e+01
1.443263657887776752e+01
1.443253898620605469e+01
1.443286005655924420e+01
1.443269220987955670e+01
1.443281777699788471e+01
1.443275292714436908e+01
1.443262640635172467e+01
1.443289438883463482e+01
1.443291473388671875e+01
1.443284098307291607e+01
1.443243026733398438e+01
1.443271064758300781e+01
1.443274370829264264e+01
1.443268839518229107e+01
1.443249829610188861e+01
1.443276882171630859e+01
1.443258380889892578e+01
1.443277867635091205e+01
1.443275388081868549e+01
1.443255265553792377e+01
1.443262132008870502e+01
1.443287150065104107e+01
1.443267250061035156e+01
1.443250242869059186e+01
1.443284606933593750e+01
1.443277231852213482e+01
1.443272844950358014e+01
1.443253707885742188e+01
1.443252182006835938e+01
1.443278757731119732e+01
1.443290901184082031e+01
1.443302281697591205e+01
1.443278312683105469e+01
1.443289566040039062e+01
1.443290201822916607e+01
1.443281682332356830e+01
1.443226369222005268e+01
1.443257967631022076e+01
1.443259906768798828e+01
1.443249034881591797e+01
1.443241914113362689e+01
1.443254121144612689e+01
1.443300024668375592e+01
1.443265151977539062e+01
1.443282190958658795e+01
1.443294334411621094e+01
1.443282318115234375e+01
1.443287309010823627e+01
1.443232568105061908e+01
1.443239752451578717e+01
1.443274911244710346e+01
1.443269729614257812e+01
