9.192265629768371360e-01
6.084286808967590554e-01
2.271543517708778381e-01
1.960355862975120544e-01
1.623215854167938121e-01
1.509753152728080805e-01
1.484597787261009161e-01
1.473360463976859935e-01
1.465179502964019664e-01
1.458727061748504583e-01
1.450323566794395336e-01
1.441246286034583990e-01
1.429909870028495678e-01
1.419327944517135565e-01
1.409539967775344793e-01
1.401908978819847162e-01
1.395481377840042114e-01
1.389688044786453192e-01
1.384396344423294012e-01
1.379494339227676503e-01
1.374444991350173839e-01
1.370028838515281733e-01
1.365872904658317621e-01
1.362226173281669561e-01
1.358236774802207836e-01
1.354562595486640819e-01
1.351327672600746155e-01
1.348321676254272405e-01
1.344393074512481578e-01
1.340276017785072271e-01
1.336406752467155512e-01
1.332174837589263916e-01
1.327445611357688793e-01
1.322235867381095775e-01
1.316623017191886902e-01
1.310571521520614569e-01
1.304046511650085449e-01
1.296548873186111339e-01
1.287884004414081573e-01
1.278482325375080164e-01
1.268854573369026240e-01
1.257920287549495753e-01
1.246437638998031672e-01
1.235071517527103480e-01
1.222537167370319339e-01
1.209770008921623174e-01
1.195658847689628629e-01
1.181315228343009921e-01
1.166638642549514826e-01
1.151024334132671328e-01
1.134147137403488104e-01
1.115722186863422338e-01
1.096786372363567352e-01
1.076143808662891332e-01
1.054831869900226538e-01
1.031005173921585027e-01
1.006497219204902649e-01
9.826229587197303494e-02
9.568354263901709955e-02
9.318791553378105719e-02
9.062525853514671881e-02
8.801012933254241666e-02
8.542639315128326694e-02
8.315119892358779907e-02
8.075954914093017023e-02
7.823883444070815762e-02
7.543793469667434137e-02
7.273265048861503324e-02
6.986895352602004450e-02
6.683414243161678314e-02
6.389771550893783014e-02
6.083909980952739716e-02
5.750604979693889340e-02
5.407928302884101868e-02
5.177824832499026975e-02
4.864604882895946780e-02
4.678946770727634291e-02
4.461688920855522156e-02
4.188120365142822266e-02
4.032761715352535525e-02
4.030744321644306322e-02
4.126080125570297241e-02
3.986126352101564130e-02
3.835563715547322949e-02
3.737844564020633559e-02
3.542302995920180997e-02
3.399196732789278030e-02
3.341900948435068408e-02
3.264621421694755693e-02
3.207812998443841657e-02
3.161058463156223020e-02
3.226434048265218457e-02
3.196939323097467561e-02
3.108605574816465308e-02
3.154719658195972304e-02
3.308426886796951572e-02
3.137185685336589536e-02
3.143835607916116437e-02
3.326275143772363524e-02
3.038910012692213128e-02
2.941183503717183928e-02
2.888907846063375542e-02
2.849833406507968833e-02
2.825452666729688644e-02
2.807597629725933075e-02
2.792397532612085273e-02
2.783238347619771888e-02
2.772937994450330734e-02
2.760574650019407411e-02
2.753720097243785719e-02
2.742282077670097490e-02
2.731891851872205595e-02
2.724030055105686188e-02
2.712576957419514725e-02
2.711477475240826537e-02
2.706512436270713806e-02
2.692133616656065126e-02
2.678770869970321586e-02
2.669182494282722543e-02
2.659445963799953599e-02
2.652150541543960710e-02
2.642411347478628228e-02
2.631237749010324409e-02
2.626301627606153488e-02
2.619212884455919196e-02
2.608932610601186891e-02
2.602922227233648439e-02
2.591286916285753111e-02
2.578388396650552888e-02
2.572421170771121979e-02
2.568887565284967353e-02
2.557379137724637846e-02
2.547110840678214888e-02
2.540312269702553818e-02
2.535135867074132104e-02
2.525438126176595549e-02
2.524871192872524261e-02
2.513374444097280641e-02
2.505314890295267174e-02
2.495724465698003630e-02
2.489192634820937972e-02
2.484052209183573723e-02
2.474931478500366072e-02
2.469874843955039909e-02
2.467665867879986763e-02
2.465774128213524957e-02
2.456628773361444612e-02
2.444020165130495956e-02
2.439090423285961151e-02
2.433158596977591515e-02
2.422768892720341544e-02
2.431546468287706236e-02
2.448678277432918618e-02
2.422279510647058418e-02
2.404534500092268129e-02
2.403941266238689492e-02
2.414817344397306512e-02
2.390543324872851372e-02
2.377737378701567580e-02
2.374139027670025756e-02
2.367956088855862479e-02
2.365262657403945784e-02
2.364339120686054230e-02
2.356126727536320825e-02
2.343973843380808830e-02
2.336534149944782118e-02
2.331445915624499182e-02
2.330232150852680137e-02
2.320816805586218765e-02
2.311905100941658020e-02
2.305499855428934028e-02
2.300140857696533064e-02
2.302360273897647788e-02
2.294310219585895400e-02
2.296660579741001060e-02
2.305502025410532951e-02
2.278853971511125495e-02
2.274814974516630242e-02
2.268672920763492584e-02
2.276445906609296868e-02
2.263177707791328569e-02
2.257052883505821297e-02
2.250142311677336832e-02
2.254429645836353302e-02
2.240895293653011322e-02
2.231311574578285356e-02
2.229134924709796906e-02
2.224870519712567399e-02
2.224837141111492972e-02
2.220747936517000060e-02
2.210476668551564217e-02
2.201993847265839438e-02
2.198925502598285744e-02
2.206350015476345877e-02
2.205599145963788033e-02
2.240528548136353632e-02
2.206113114953041007e-02
2.188276499509811401e-02
2.176289726048707962e-02
2.171923862770199637e-02
2.163763483986258507e-02
2.156654605641961098e-02
2.157608075067401002e-02
2.151763001456856797e-02
2.151398845016956260e-02
2.147910762578248908e-02
2.148094167932868004e-02
2.146891625598073075e-02
2.144732689484953742e-02
2.141294842585921357e-02
2.138753393664956023e-02
2.136648474261164735e-02
2.136750938370823860e-02
2.136743729934096475e-02
2.135133752599358697e-02
2.133072186261415412e-02
2.130764033645391603e-02
2.128610657528042654e-02
2.133420463651418755e-02
2.129309708252549033e-02
2.125152414664626191e-02
2.124547166749835014e-02
2.122817160561680724e-02
2.117641065269708703e-02
2.116153268143534591e-02
2.117021922022104333e-02
2.114464165642857690e-02
2.110224366188049455e-02
2.110125701874494483e-02
2.109893728047609190e-02
2.108419034630060196e-02
2.108133397996425629e-02
2.104154089465737343e-02
2.102249339222907881e-02
2.101265806704759667e-02
2.099582972005009651e-02
2.098600007593631744e-02
2.098447792232036729e-02
2.094693956896662851e-02
2.093808203935623030e-02
2.092015845701098581e-02
2.089996449649333954e-02
2.088390057906508446e-02
2.086415095254778862e-02
2.085386449471116066e-02
2.084757434204220772e-02
2.085867822170257499e-02
2.083481205627322336e-02
2.081337012350559235e-02
2.080123173072934151e-02
2.079506646841764589e-02
2.075757086277008057e-02
2.074621561914682250e-02
2.072216924279928277e-02
2.071046028286218504e-02
2.071507778018712859e-02
2.069016424939036300e-02
2.067683851346373627e-02
2.066269181668758254e-02
2.064197100698948045e-02
2.061031823977827956e-02
2.062033833935856750e-02
2.059746654704213212e-02
2.060525855049490790e-02
2.064091935753822188e-02
2.061953190714120934e-02
2.060451563447713783e-02
2.059321599081158707e-02
2.054300624877214432e-02
2.054738663136958937e-02
2.051856620237231185e-02
2.046872777864337106e-02
2.048185290768742700e-02
2.048055091872811456e-02
2.047795951366424699e-02
2.046458236873149872e-02
2.045807633548974921e-02
2.048144377768039773e-02
2.043816624209284644e-02
2.039027214050292969e-02
2.037786589935421805e-02
2.037493893876671930e-02
2.035791538655757835e-02
2.033951813355088303e-02
2.038239147514104774e-02
2.033266071230173042e-02
2.032263558357954095e-02
2.030626749619841506e-02
2.028673300519585540e-02
2.029790328815579345e-02
2.023848732933402131e-02
2.024050066247582574e-02
2.022731965407729288e-02
2.026349063962697844e-02
2.030586125329136848e-02
2.031716397032141616e-02
2.023850195109844208e-02
2.017718972638249397e-02
2.014646902680396895e-02
2.012688471004366736e-02
2.011538287624716620e-02
2.009613085538148811e-02
2.009440036490559717e-02
2.008802210912108421e-02
2.007397189736366203e-02
2.007305007427930693e-02
2.006150772795081000e-02
2.006028611212968757e-02
2.005219366401433945e-02
2.005861066281795432e-02
2.004779996350407670e-02
2.003069352358579497e-02
2.002739654853940079e-02
2.002103291451930861e-02
2.003514459356665542e-02
2.000371720641851495e-02
2.000759998336434226e-02
1.999343950301408698e-02
2.000332018360495567e-02
1.999841192737221787e-02
1.997911324724555016e-02
1.997765898704528809e-02
1.996604427695274422e-02
1.996201463043689728e-02
1.994922347366809984e-02
1.995423343032598495e-02
1.994959861040115218e-02
1.994702201336622308e-02
1.994708655402064462e-02
1.993412245064973831e-02
1.992853665724396775e-02
1.993765449151396751e-02
1.993602244183421274e-02
1.991099780425429483e-02
1.992094209417700698e-02
1.990319890901446481e-02
1.988131692633032799e-02
1.989141115918755670e-02
1.989585598930716445e-02
1.989152897149324556e-02
1.988057205453514983e-02
1.986405998468399048e-02
1.985171781852841308e-02
1.984280664473771910e-02
1.984170880168676515e-02
1.984356148168444495e-02
1.984269004315137794e-02
1.982231838628649781e-02
1.981088975444435935e-02
1.980341188609600206e-02
1.980874147266149451e-02
1.981480205431580474e-02
1.980085466057062218e-02
1.980639193207025389e-02
1.979524847120046546e-02
1.981480568647384782e-02
1.978985043242573877e-02
1.975914482027292182e-02
1.976338457316160341e-02
1.975957816466689110e-02
1.973974714055657526e-02
1.972964778542518616e-02
1.973613929003477027e-02
1.973233604803681374e-02
1.971788313239812920e-02
1.970788585022091935e-02
1.971362093463540147e-02
1.972054252400994370e-02
1.971998019143939018e-02
1.969978744164109161e-02
1.969742057844996522e-02
1.968671735376119683e-02
1.967124361544847488e-02
1.966123906895518234e-02
1.966500068083405425e-02
1.967455260455608368e-02
1.966528343036770890e-02
1.966005424037575722e-02
1.965700965374708037e-02
1.965534063056111405e-02
1.967228800058364729e-02
1.966690933331847330e-02
1.965400008484721045e-02
1.962735960260033469e-02
1.962285218760371347e-02
1.960822073742747237e-02
1.959004895761608939e-02
1.961326962336897711e-02
1.958810770884156227e-02
1.957347281277179579e-02
1.958203753456473281e-02
1.958566522225737433e-02
1.958163836970925470e-02
1.958804111927747726e-02
1.955681005492806296e-02
1.954966271296143532e-02
1.955945519730448862e-02
1.955335717648267607e-02
1.955279596149921487e-02
1.952307736501097610e-02
1.949799414724111626e-02
1.949277939274907112e-02
1.949301771819591383e-02
1.949148410931229522e-02
1.948480093851685455e-02
1.947608832269907136e-02
1.947187315672636171e-02
1.947323977947235107e-02
1.946866577491164138e-02
1.947554955258965631e-02
1.946793692186474939e-02
1.946370303630828857e-02
1.946020433679223130e-02
1.945248208940029283e-02
1.945019103586673875e-02
1.944708982482552459e-02
1.945267226547002862e-02
1.945552052929997583e-02
1.944586057215929101e-02
1.943570263683795998e-02
1.943135317414999147e-02
1.942630717530846596e-02
1.942584533244371553e-02
1.942229121923446516e-02
1.941959997639059951e-02
1.941283624619245460e-02
1.941608116030692915e-02
1.941534224897623062e-02
1.941192373633384566e-02
1.941354013979434967e-02
1.941199814900755952e-02
1.940288785845041206e-02
1.940394975244998793e-02
1.940298844128847053e-02
1.940126400440931459e-02
1.939546680077910285e-02
1.939367828890681267e-02
1.939027812331915041e-02
1.938656317070126464e-02
1.938875196501612524e-02
1.938749169930815627e-02
1.936820959672331741e-02
1.937741646543145180e-02
1.937386086210608413e-02
1.936762565746903350e-02
1.936196936294436524e-02
1.935637602582573891e-02
1.934994095936417441e-02
1.935049248859286447e-02
1.935839420184493065e-02
1.935512693598866532e-02
1.934624519199133058e-02
1.934376638382673264e-02
1.934087742120027542e-02
1.934373769909143378e-02
1.933342823758721352e-02
1.932845888659357955e-02
1.931929551064968248e-02
1.931487759575247626e-02
1.931195175275206635e-02
1.931218430399894714e-02
1.930355476215481897e-02
1.930183116346597533e-02
1.930557489395141532e-02
1.930631436407566001e-02
1.929718274623155524e-02
1.930504320189356873e-02
1.930400077253580093e-02
1.929835695773363113e-02
1.927904440090060303e-02
1.927669821307063242e-02
1.927160657942295074e-02
1.927092634141445299e-02
1.926617780700325827e-02
1.926742717623710494e-02
1.927038654685020447e-02
1.927436813712119987e-02
1.926618339493870596e-02
1.926782522350549767e-02
1.926153535023331781e-02
1.925505260005593369e-02
1.924814339727163454e-02
1.924238977953791549e-02
1.925284694880247116e-02
1.926235826686024596e-02
1.923697376623749802e-02
1.923409327864646773e-02
1.922663571313023428e-02
1.922713061794638703e-02
1.922849360853433678e-02
1.923406654968857696e-02
1.923073874786496162e-02
1.922094989567995141e-02
1.921633295714855055e-02
1.920826872810721397e-02
1.920717926695942809e-02
1.921691652387380600e-02
1.921482179313898156e-02
1.919759428128599982e-02
1.919359946623444557e-02
1.918639969080686639e-02
1.917822193354368210e-02
1.917555760592222144e-02
1.917770439758896897e-02
1.917494367808103561e-02
1.917602987959981034e-02
1.917304210364818504e-02
1.917101219296455522e-02
1.916852062568068574e-02
1.916863694787025382e-02
1.916313571855425904e-02
1.916247960180044244e-02
1.916415486484766145e-02
1.916346997022628715e-02
1.916074585169553687e-02
1.915800534188747545e-02
1.915899896994233131e-02
1.915770033374428888e-02
1.915646689012646606e-02
1.915402822196483543e-02
1.915473304688930511e-02
1.914970949292182922e-02
1.915341867133974960e-02
1.914705568924546242e-02
1.914952611550688882e-02
1.914592040702700615e-02
1.913973130285739899e-02
1.913757137954235146e-02
1.913550272583961626e-02
1.914002671837806632e-02
1.914205495268106461e-02
1.913752043619752069e-02
1.913366345688700607e-02
1.913171112537383894e-02
1.913223760202526977e-02
1.912649171426892419e-02
1.912558572366833756e-02
1.912360982969403198e-02
1.912645827978849342e-02
1.912566507235169411e-02
1.911990409716963699e-02
1.911769714206457138e-02
1.911895545199513574e-02
1.912089698016643594e-02
1.911612749099731584e-02
1.911374302580952714e-02
1.911334702745080133e-02
1.911313254386186669e-02
1.911079846322536607e-02
1.910599442198872636e-02
1.910399319604039192e-02
1.910424400120973656e-02
1.910081058740615775e-02
1.910003572702407768e-02
1.909522125497460296e-02
1.909934785217046876e-02
1.909229801967739920e-02
1.909113405272364755e-02
1.909085121005773406e-02
1.909544663503765990e-02
1.909004691988229821e-02
1.908752853050827911e-02
1.908922996371984621e-02
1.908491132780909538e-02
1.907981559634208679e-02
1.907740524038672308e-02
1.907708933576941421e-02
1.907647326588630607e-02
1.907511875033378670e-02
1.907633477821946144e-02
1.907241223379969527e-02
1.906814286485314369e-02
1.906552677974104881e-02
1.907060695812106202e-02
1.907324846833944459e-02
1.906708730384707590e-02
1.906567243859171729e-02
1.907287426292896340e-02
1.907203420996666024e-02
1.906044790521264215e-02
1.905732611194253107e-02
1.905434448271989961e-02
1.905728317797183990e-02
1.905432697385549615e-02
1.904920702800154755e-02
1.904691774398088386e-02
1.905009215697646072e-02
1.905101956799626350e-02
1.904552504420280526e-02
1.904124794527888367e-02
1.904156301170587678e-02
1.903735892847180367e-02
1.903423285111784796e-02
1.902906000614166399e-02
1.903220769017934660e-02
1.903010625392198563e-02
1.903184717521071503e-02
1.902984930202365060e-02
1.902859210968017509e-02
1.902439938858151505e-02
1.901797754690050940e-02
1.901847179979086061e-02
1.901665767654776504e-02
1.901417523622512748e-02
1.901442306116223405e-02
1.901628775522112846e-02
1.901432033628225327e-02
1.901125274598598411e-02
1.900914609432220390e-02
1.901287445798516273e-02
1.901031332090497017e-02
1.901073576882481714e-02
1.900773979723453452e-02
1.900664223358035018e-02
1.900703078135847907e-02
1.900288118049502442e-02
1.900457851588726113e-02
1.900276485830545287e-02
1.900190887972712586e-02
1.900216266512870858e-02
1.899953000247478485e-02
1.900043282657861571e-02
1.899860817939042976e-02
1.899714171886444231e-02
1.899786563590168814e-02
1.900068689137697150e-02
1.899631936103105684e-02
1.899466579779982706e-02
1.899430993944406509e-02
1.899816989898681779e-02
1.899352818727493425e-02
1.899175979197025368e-02
1.899078069254755974e-02
1.899096723645925591e-02
1.898894887417554994e-02
1.898825047537684371e-02
1.898634135723114083e-02
1.898475708439946105e-02
1.898621460422873428e-02
1.898399516940117021e-02
1.898276768624782701e-02
1.898297918960452010e-02
1.898099472746252875e-02
1.898211482912302156e-02
1.898055626079440256e-02
1.898287869989872048e-02
1.898212144151329925e-02
1.897798441350460191e-02
1.897798087447881768e-02
1.897505493834614893e-02
1.897760238498449187e-02
1.897374615073204110e-02
1.897887811064720084e-02
1.897343238815665106e-02
1.897108666598796775e-02
1.897587999701499939e-02
1.897308342158794334e-02
1.897419709712266922e-02
1.896824920549988747e-02
1.896804822608828475e-02
1.896773632615804742e-02
1.896610073745250841e-02
1.896640276536345343e-02
1.896776640787720819e-02
1.896236781030893187e-02
1.896085403859615326e-02
1.896087713539600442e-02
1.896171187981963296e-02
1.895859353244304726e-02
1.895910045132041116e-02
1.895956043154001236e-02
1.895947167649865081e-02
1.895752362906932831e-02
1.895647272467613359e-02
1.895403880625963142e-02
1.895400397479534219e-02
1.895207399502396584e-02
1.894949423149228096e-02
1.895425254479050567e-02
1.894829599186777930e-02
1.895178882405161927e-02
1.894533624872565131e-02
1.894495207816362242e-02
1.894593806937337060e-02
1.894706748425960610e-02
1.894271122291684220e-02
1.894132243469357629e-02
1.894359104335308075e-02
1.894788807258009772e-02
1.894589364528655867e-02
1.893917201086878915e-02
1.893847780302166869e-02
1.893845275044441293e-02
1.893946509808301995e-02
1.893644211813807349e-02
1.893387921154499054e-02
1.893193135038018227e-02
1.893106540665030410e-02
1.893100496381521294e-02
1.893182462081312994e-02
1.892874026671052118e-02
1.892814198508858611e-02
1.892730221152305603e-02
1.892517367377877235e-02
1.892440319061279227e-02
1.892468938603997231e-02
1.892405319958925108e-02
1.892311722040176253e-02
1.892426051199436188e-02
1.892385231330990722e-02
1.892282702028751443e-02
1.892292564734816482e-02
1.892164899036288123e-02
1.892159711569547584e-02
1.892398586496710916e-02
1.892626630142331054e-02
1.892145480960607390e-02
1.892042215913534303e-02
1.891919970512390137e-02
1.891912724822759559e-02
1.891825590282678743e-02
1.891839047893881937e-02
1.891763648018240929e-02
1.891633411869406839e-02
1.891687717288732459e-02
1.891544628888368676e-02
1.891638739034533570e-02
1.891521019861102174e-02
1.891401149332523277e-02
1.891365945339202811e-02
1.891418211162090163e-02
1.891292156651615958e-02
1.891300790011882921e-02
1.891457038000226090e-02
1.891320906579494615e-02
1.891125598922371864e-02
1.890988321974873543e-02
1.891018636524677277e-02
1.891003632918000082e-02
1.891024541109800200e-02
1.890918677672743728e-02
1.890918323770165305e-02
1.890966407954692771e-02
1.890854919329285760e-02
1.890754830092191557e-02
1.890639681369066238e-02
1.890613064169883659e-02
1.890704836696386476e-02
1.890702135860920091e-02
1.890802709385752678e-02
1.890489310026168684e-02
1.890416331589222024e-02
1.890423577278852602e-02
1.890300000086426666e-02
1.890550591051578383e-02
1.890326617285609245e-02
1.890341881662607054e-02
1.890106080099940300e-02
1.890069814398884912e-02
1.890354612842202325e-02
1.889924975112080435e-02
1.889820219948887964e-02
1.889786142855882575e-02
1.889802655205130577e-02
1.889763660728931496e-02
1.889526778832078049e-02
1.889611920341849327e-02
1.889647748321294715e-02
1.889540227130055358e-02
1.889573270455002785e-02
1.889432827010750771e-02
1.889387313276529382e-02
1.889183940365910669e-02
1.889278832823038101e-02
1.889122398570180009e-02
1.889140857383608818e-02
1.889042137190699577e-02
1.889028735458850999e-02
1.888934690505266259e-02
1.888907076790928910e-02
1.888800524175167014e-02
1.888754032552242279e-02
1.888761268928646972e-02
1.888624485582113266e-02
1.888681724667549272e-02
1.888714134693145891e-02
1.888716425746679237e-02
1.888638967648148537e-02
1.888675605878233771e-02
1.888488940894603868e-02
1.888467594981193404e-02
1.888372972607612471e-02
1.888296101242303848e-02
1.888132421299815178e-02
1.888262182474136422e-02
1.888203863054514070e-02
1.888114847242832253e-02
1.888219332322478225e-02
1.888572918251156876e-02
1.888223113492131303e-02
1.887873439118266036e-02
1.887827962636947493e-02
1.887724865227937560e-02
1.887750271707773139e-02
1.887686001136899133e-02
1.887653460726141860e-02
1.887701954692602019e-02
1.887697819620370865e-02
1.887622736394405434e-02
1.887468853965401649e-02
1.887544449418783118e-02
1.887438362464308877e-02
1.887583248317241738e-02
1.887438828125596185e-02
1.887437505647539954e-02
1.887416951358318259e-02
1.887373691424727370e-02
1.887302994728088518e-02
1.887300573289394517e-02
1.887255972251295974e-02
1.887222081422805856e-02
1.887272763997316360e-02
1.887127859517932077e-02
1.887197429314255853e-02
1.887159487232565810e-02
1.887052524834871223e-02
1.887113349512219498e-02
1.887019015848636488e-02
1.887000892311334679e-02
1.886973977088928292e-02
1.886913776397704939e-02
1.886955257505178521e-02
1.886986540630459716e-02
1.887047206982970377e-02
1.886976892128586908e-02
1.886866707354784012e-02
1.886771889403462271e-02
1.886774394661188195e-02
1.886774664744734695e-02
1.886702915653586457e-02
1.886705132201314111e-02
1.886708354577422073e-02
1.886670067906379838e-02
1.886601932346820831e-02
1.886592404916882446e-02
1.886645536869764259e-02
1.886608097702264716e-02
1.886613341048359871e-02
1.886563180014490942e-02
1.886474769562482973e-02
1.886459300294518471e-02
1.886375090107321809e-02
1.886379048228263924e-02
1.886355699971318384e-02
1.886349758133292268e-02
1.886284165084362030e-02
1.886402545496821542e-02
1.886448897421360085e-02
1.886174157261848519e-02
1.886251000687479834e-02
1.886260509490966797e-02
1.886276919394731452e-02
1.886294139549136301e-02
1.886131046339869360e-02
1.886132210493087630e-02
1.886122757568955283e-02
1.886042980477213929e-02
1.886051585897803237e-02
1.886001499369740347e-02
1.886101802811026434e-02
1.885933466255664687e-02
1.885892050340771606e-02
1.885910779237747262e-02
1.885784910991787980e-02
1.885999934747815271e-02
1.885849870741367409e-02
1.885874001309275488e-02
1.885769404470920632e-02
1.885741623118519783e-02
1.885693902149796625e-02
1.885590516030788422e-02
1.885663233697414468e-02
1.885566469281911919e-02
1.885577244684100151e-02
1.885598720982670923e-02
1.885488489642739296e-02
1.885565482079982688e-02
1.885463772341609140e-02
1.885401671752333710e-02
1.885356102138757706e-02
1.885386528447270324e-02
1.885392470285296440e-02
1.885270616039633890e-02
1.885237256065010886e-02
1.885276315733790467e-02
1.885168133303522994e-02
1.885281074792146544e-02
1.885193837806582381e-02
1.885287547484040122e-02
1.885183807462453842e-02
1.885136412456631799e-02
1.885062493383884291e-02
1.884999293833971093e-02
1.884958231821656088e-02
1.884960457682609627e-02
1.885008020326495171e-02
1.884926147758960585e-02
1.884943908080458780e-02
1.884956313297152589e-02
1.884870119392871926e-02
1.884933887049555779e-02
1.884920606389641623e-02
1.884868051856756349e-02
1.884812749922275613e-02
1.884848941117524962e-02
1.884796442463993957e-02
1.884827362373471191e-02
1.884785164147615572e-02
1.884751776233315607e-02
1.884750751778483530e-02
1.884756200015545030e-02
1.884894156828522543e-02
1.884707324206829140e-02
1.884681554511189600e-02
1.884663030505180289e-02
1.884679645299911638e-02
1.884635146707296441e-02
1.884652543812990327e-02
1.884689321741461754e-02
1.884619630873203208e-02
1.884655561298131943e-02
1.884550489485263894e-02
1.884568314999341895e-02
1.884557120501995087e-02
1.884531620889902045e-02
1.884534703567624161e-02
1.884524524211883545e-02
1.884513674303889275e-02
1.884511811658740044e-02
1.884471569210290770e-02
1.884449897333979537e-02
1.884425589814782073e-02
1.884429911151528497e-02
1.884416081011295457e-02
1.884362883865833144e-02
1.884357677772641182e-02
1.884383512660860877e-02
1.884350730106234412e-02
1.884366888552903990e-02
1.884326115250587602e-02
1.884285379201173713e-02
1.884333109483122756e-02
1.884291460737586021e-02
1.884301668033003946e-02
1.884288946166634560e-02
1.884243190288543632e-02
1.884266175329685211e-02
1.884209420531988283e-02
1.884266342967748711e-02
1.884193131700158050e-02
1.884285118430852751e-02
1.884160833433270316e-02
1.884153028950095315e-02
1.884108250960707734e-02
1.884192787110805511e-02
1.884110979735851427e-02
1.884089214727282385e-02
1.884123096242546966e-02
1.884033894166350226e-02
1.884018061682581763e-02
1.884044082835316727e-02
1.884015528485178878e-02
1.884031202644109726e-02
1.883968124166130950e-02
1.883970135822892258e-02
1.884000813588499953e-02
1.883912486955523560e-02
1.883919080719351907e-02
1.883870167657732825e-02
1.883902279660105636e-02
1.883865231648087363e-02
1.883886475116014481e-02
1.883826032280921936e-02
1.883911443874240060e-02
1.883804155513644357e-02
1.883786516264080932e-02
1.883789338171482086e-02
1.883790353313088278e-02
1.883751451969146659e-02
1.883706124499440193e-02
1.883728131651878426e-02
1.883700946345925192e-02
1.883695190772414346e-02
1.883673630654811998e-02
1.883644638583064149e-02
1.883649313822388649e-02
1.883613523095846107e-02
1.883598612621426721e-02
1.883589085191488335e-02
1.883591180667281220e-02
