8.533092880249023793e+00
3.848954522609710605e+00
5.606695771217345969e-01
3.935330405831337086e-01
2.646394133567809837e-01
2.287471130490303095e-01
2.213052153587341253e-01
2.179662674665450994e-01
2.155130475759506337e-01
2.137073785066604670e-01
2.112169101834297236e-01
2.086639031767845154e-01
2.054031342267990112e-01
2.024768039584159962e-01
1.997015014290809687e-01
1.976202756166458019e-01
1.958586707711219843e-01
1.942711248993873596e-01
1.928772613406181391e-01
1.915527075529098455e-01
1.902203619480133112e-01
1.890411406755447277e-01
1.879900202155113109e-01
1.870304331183433588e-01
1.859631747007370051e-01
1.850312754511833080e-01
1.842237502336502020e-01
1.833555579185485729e-01
1.824168920516967829e-01
1.812786400318145696e-01
1.803315639495849665e-01
1.791726097464561573e-01
1.779981315135955866e-01
1.766164734959602411e-01
1.751583337783813588e-01
1.735961854457855336e-01
1.719282537698745839e-01
1.699835479259491078e-01
1.678139433264732305e-01
1.654085487127304188e-01
1.629530116915702820e-01
1.602590560913085826e-01
1.573869451880454962e-01
1.546052858233451788e-01
1.515555977821350098e-01
1.484596028923988453e-01
1.451118901371955816e-01
1.417354449629783519e-01
1.383250206708908081e-01
1.347466982901096288e-01
1.309453263878822271e-01
1.268701121211051885e-01
1.227568730711936923e-01
1.183859772980213193e-01
1.139501698315143613e-01
1.091361418366432190e-01
1.042961068451404572e-01
9.967699199914932529e-02
9.484527036547660273e-02
9.029681608080863953e-02
8.577257320284843722e-02
8.125389590859413702e-02
7.693036571145057956e-02
7.324413321912288943e-02
6.946197710931301117e-02
6.561760045588016510e-02
6.156480275094509264e-02
5.776378288865089555e-02
5.388982482254504880e-02
5.007808320224284987e-02
4.653140641748905459e-02
4.308799356222152432e-02
3.963285442441701750e-02
3.635286260396242142e-02
3.414718918502331058e-02
3.152473047375679155e-02
2.988919727504253318e-02
2.820269921794533660e-02
2.630794253200292518e-02
2.529370877891778946e-02
2.499459050595760276e-02
2.523541180416941782e-02
2.422887701541185518e-02
2.327927947044372559e-02
2.272617788985371520e-02
2.169335214421153069e-02
2.105214102193713258e-02
2.068781475536525180e-02
2.028097994625568251e-02
1.996764531359076361e-02
1.967186005786061148e-02
1.977403601631522179e-02
1.950699603185057640e-02
1.905784085392952035e-02
1.913497182540595601e-02
1.970148812979459832e-02
1.890251468867063661e-02
1.881768452003598074e-02
1.945064580067992072e-02
1.825621845200657914e-02
1.783749032765626769e-02
1.768105453811585903e-02
1.751420758664607932e-02
1.739434069022536417e-02
1.731707984581589560e-02
1.725428202189505100e-02
1.716773717198520968e-02
1.712650242261588504e-02
1.703696171753108640e-02
1.699026878923177650e-02
1.689610756002366682e-02
1.683898568153381278e-02
1.678506575990468264e-02
1.672058084513992210e-02
1.666137211723252992e-02
1.661684880964458058e-02
1.653998713009059360e-02
1.647023516707122465e-02
1.641143904998898506e-02
1.634169034659862380e-02
1.629483669530600379e-02
1.622795022558420897e-02
1.614847579039633413e-02
1.611082742456346889e-02
1.605778308585286210e-02
1.599368471652269294e-02
1.593908080831170013e-02
1.588378408923745225e-02
1.579918866045772891e-02
1.576568800956010957e-02
1.571056086104363064e-02
1.564865405671298643e-02
1.559290760196745465e-02
1.554319837596267531e-02
1.550082042813301017e-02
1.543619777075946366e-02
1.540695810690522263e-02
1.534371967427432606e-02
1.529368506744504044e-02
1.523366891779005458e-02
1.519023440778255463e-02
1.514352888334542444e-02
1.509767191018909251e-02
1.505286602769046952e-02
1.502401842735707690e-02
1.499004566576331819e-02
1.492977142333984375e-02
1.487011697608977591e-02
1.483294703066348995e-02
1.477777345571667025e-02
1.473572528921067784e-02
1.472259154543280671e-02
1.473854682408273255e-02
1.464485439937561820e-02
1.457218793220818077e-02
1.453585752751678298e-02
1.454386501573026215e-02
1.444864356890320813e-02
1.439826282439753483e-02
1.437107211677357554e-02
1.432275839615613187e-02
1.430192233528941939e-02
1.427412563934922149e-02
1.422378253191709449e-02
1.416845470666885411e-02
1.413126895204186440e-02
1.409672859590500524e-02
1.406424832530319725e-02
1.402173035312443902e-02
1.398691055364906753e-02
1.394931694958359038e-02
1.391143701039254665e-02
1.388945127837359905e-02
1.385135559830814531e-02
1.383756261784583295e-02
1.383673509117215941e-02
1.374555687652900815e-02
1.372210318222641910e-02
1.369903902523219620e-02
1.369498760905116762e-02
1.364013093989342382e-02
1.360544518101960455e-02
1.355503788217902149e-02
1.355828470550477470e-02
1.350476166699081729e-02
1.345523742493242095e-02
1.343712154775857960e-02
1.340794439893215964e-02
1.338553600944578613e-02
1.336943709757179057e-02
1.331662808079272543e-02
1.328168180771172047e-02
1.326148756779730285e-02
1.325642920564860071e-02
1.323232720606029068e-02
1.330351543147116969e-02
1.319866469129920075e-02
1.313978938851505587e-02
1.310714941937476431e-02
1.308202098589390447e-02
1.305051078088581562e-02
1.302486206404864823e-02
1.302063423208892415e-02
1.299973753048106959e-02
1.299451763043180108e-02
1.297768609365448390e-02
1.296952673001214827e-02
1.295956377871334587e-02
1.294075957266613806e-02
1.292791481828317081e-02
1.291672468651086127e-02
1.290608276613056625e-02
1.289306266698986292e-02
1.289036881644278765e-02
1.287372510414570501e-02
1.286208645906299422e-02
1.284945642109960352e-02
1.283667240059003199e-02
1.283764773979783128e-02
1.282093862537294661e-02
1.280687362886965240e-02
1.279664509929716656e-02
1.277729185530915822e-02
1.277107484638690879e-02
1.275593203026801313e-02
1.275144389364868402e-02
1.273488288279622793e-02
1.271840508561581339e-02
1.270871513988822664e-02
1.270199101418256760e-02
1.269218650413677166e-02
1.268513152608647873e-02
1.266732122749090160e-02
1.265522214816883206e-02
1.264651860110461642e-02
1.263855379074812005e-02
1.262777454685419867e-02
1.261612933594733442e-02
1.260359950829297374e-02
1.259273933246731793e-02
1.258275686996057630e-02
1.257144785486161674e-02
1.256232720334082842e-02
1.254940557992085745e-02
1.253358116373419831e-02
1.253021266311407124e-02
1.253484996268525685e-02
1.251493035815656220e-02
1.250108361709862878e-02
1.249012351036071777e-02
1.248132716864347458e-02
1.246549909701570938e-02
1.245166704757139087e-02
1.244480935856700013e-02
1.243698899634182453e-02
1.243121519219130347e-02
1.241917493753135274e-02
1.240448071621358395e-02
1.239312596153467963e-02
1.238996828906238114e-02
1.237375189084559748e-02
1.236545485444367001e-02
1.235305278096348117e-02
1.234931957442313502e-02
1.234833016060292790e-02
1.233956675278022851e-02
1.233126143924891983e-02
1.231719602365046774e-02
1.230259593576192925e-02
1.229440758470445871e-02
1.227868788409978117e-02
1.227049743756651948e-02
1.225715084001421928e-02
1.225154382409527828e-02
1.224324185168370639e-02
1.223093761363997986e-02
1.223224108107387985e-02
1.222469281638041173e-02
1.221305702347308397e-02
1.219440670683979988e-02
1.218024455010890961e-02
1.217828299850225518e-02
1.216725391568615998e-02
1.216064949985593523e-02
1.215829262509942124e-02
1.214160197414457763e-02
1.212802147492766415e-02
1.212247244548052619e-02
1.210421924479305675e-02
1.211200476391240989e-02
1.208337773568928311e-02
1.208295600954443182e-02
1.207227187696844305e-02
1.207682265667244827e-02
1.207475530682131613e-02
1.207313244231045246e-02
1.204950890969485114e-02
1.202765572816133499e-02
1.201762575656175648e-02
1.201150130946189096e-02
1.200252192793413962e-02
1.199788912199437584e-02
1.198768344474956428e-02
1.198414675309322774e-02
1.197918945690617035e-02
1.197418484371155431e-02
1.197334190364927019e-02
1.196676215622574126e-02
1.196152189513668453e-02
1.195958153111860087e-02
1.195637350901961396e-02
1.195082101039588417e-02
1.195076127769425546e-02
1.194030953338369797e-02
1.193584483116865227e-02
1.192805892787873745e-02
1.192913171835243737e-02
1.192055330611765419e-02
1.192146523389965226e-02
1.191774094477295910e-02
1.190556548535823787e-02
1.191141929011791875e-02
1.190168496686965297e-02
1.189313028007745777e-02
1.188870379701256752e-02
1.188880808185785974e-02
1.188330793520435760e-02
1.188292653532698785e-02
1.188450109912082484e-02
1.187446775147691334e-02
1.186607528943568399e-02
1.186543165240436758e-02
1.185876519884914229e-02
1.185268722474575043e-02
1.185306855477392604e-02
1.184542874107137253e-02
1.184039178770035505e-02
1.183562192600220477e-02
1.183471787953749299e-02
1.183171302545815706e-02
1.182579703163355589e-02
1.181764471111819079e-02
1.181157245300710167e-02
1.180757472757250001e-02
1.180336414836347103e-02
1.180006579961627791e-02
1.180175712797790731e-02
1.179036051034927299e-02
1.178655846742913092e-02
1.177646976429969072e-02
1.178051561582833459e-02
1.177396457642316749e-02
1.177082913927733968e-02
1.176356966607272625e-02
1.176359112141653861e-02
1.175884244730696082e-02
1.175776037853211095e-02
1.174328074557706714e-02
1.174302685540169408e-02
1.173636957537382841e-02
1.173281229566782748e-02
1.172596444375812938e-02
1.172241781605407561e-02
1.171916892053559422e-02
1.171413224656134809e-02
1.170889483764767612e-02
1.170794549398124218e-02
1.170733300969004596e-02
1.170554195996373857e-02
1.169313788414001395e-02
1.168508692644536565e-02
1.167930010706186295e-02
1.167698800563812291e-02
1.167254566098563373e-02
1.166906456346623530e-02
1.166396137559786404e-02
1.166159762069582904e-02
1.166054364293813740e-02
1.165881571359932492e-02
1.164933847030624747e-02
1.165407693479210069e-02
1.163937030360102584e-02
1.163846205454319681e-02
1.162703483132645522e-02
1.163077962119132315e-02
1.162050665589049389e-02
1.161482863826677168e-02
1.161354386713355814e-02
1.160815889015793731e-02
1.160123154986649786e-02
1.160175797995179926e-02
1.159619654063135351e-02
1.159396569710224867e-02
1.158731481991708348e-02
1.158103456255048583e-02
1.157514973310753634e-02
1.156869570259004901e-02
1.156517162453383173e-02
1.157061477424576809e-02
1.155309060122817685e-02
1.154910530894994770e-02
1.154414996271952917e-02
1.154490329790860449e-02
1.154371104203164543e-02
1.153709886129945447e-02
1.153552285395562614e-02
1.153633020585402916e-02
1.153260144637897541e-02
1.152776705566793680e-02
1.153159170644357800e-02
1.152291470207273891e-02
1.152293441118672560e-02
1.152309600729495287e-02
1.151749943383038009e-02
1.151731342542916536e-02
1.151360308285802672e-02
1.151195459533482790e-02
1.151229692623019149e-02
1.150882772635668586e-02
1.150733185932040215e-02
1.150549459271132946e-02
1.149927225778810645e-02
1.149848918430507183e-02
1.149743320420384442e-02
1.149325927253812621e-02
1.149220645893365110e-02
1.148882878478616441e-02
1.148664730135351419e-02
1.148486308520659839e-02
1.148822382092475926e-02
1.148218078305944870e-02
1.147776664001867210e-02
1.147330423118546674e-02
1.147249528439715435e-02
1.147526572458446026e-02
1.147031179862096836e-02
1.147068637656047975e-02
1.146395413670688902e-02
1.146180409705266356e-02
1.146011019591242075e-02
1.146125923842191731e-02
1.145200694445520570e-02
1.145390599267557229e-02
1.145216624718159437e-02
1.144746744539588620e-02
1.144623677246272599e-02
1.144051139708608320e-02
1.143881198950111831e-02
1.143803889863193035e-02
1.143826532643288374e-02
1.143263200065120985e-02
1.143090543337166309e-02
1.143107120878994465e-02
1.142721616197377513e-02
1.142630532849580119e-02
1.142179325688630342e-02
1.141709219664335286e-02
1.141466435510665213e-02
1.141413983423262765e-02
1.141303045442327788e-02
1.140871383249759605e-02
1.140499298926442827e-02
1.140387807972729171e-02
1.140251660253852571e-02
1.140065293293446302e-02
1.139760101214051281e-02
1.139530570944771205e-02
1.139661972410976887e-02
1.139266861137002741e-02
1.138755483552813565e-02
1.138452654704451630e-02
1.138274963013827766e-02
1.138049661531113053e-02
1.138021405786275933e-02
1.137636179337278043e-02
1.137614520266652142e-02
1.137038874439895084e-02
1.136916928226128221e-02
1.136950701475143363e-02
1.136804567649960483e-02
1.136277336627244949e-02
1.135742948390543530e-02
1.135785517981275847e-02
1.135635963873937726e-02
1.135679542785510490e-02
1.134930055122822593e-02
1.134645964484661852e-02
1.134109195554628899e-02
1.134394260589033365e-02
1.133878512773662736e-02
1.134487265953794052e-02
1.133700697682797978e-02
1.133163945050910150e-02
1.133037160616368055e-02
1.133010541088879178e-02
1.132654354441911017e-02
1.132535868091508711e-02
1.132316838484257425e-02
1.131805353797972133e-02
1.131539009511470760e-02
1.131145709659904172e-02
1.130964336916804279e-02
1.130730442237109015e-02
1.130856607924215530e-02
1.130728675052523544e-02
1.130558288423344493e-02
1.130575925344601274e-02
1.130322160897776450e-02
1.130201516207307577e-02
1.129909503506496514e-02
1.129942068364471128e-02
1.129912415053695510e-02
1.129685643827542732e-02
1.129582565044984221e-02
1.129701189929619397e-02
1.129364510998129810e-02
1.129202090669423342e-02
1.129246870987117221e-02
1.128940108465030859e-02
1.129142401041463052e-02
1.128666093572974240e-02
1.128731203498318722e-02
1.128619906958192552e-02
1.128233824856579234e-02
1.128359452122822473e-02
1.128356298431754112e-02
1.128013355191797087e-02
1.127798163797706296e-02
1.127688466804102098e-02
1.127769167069345678e-02
1.127471128711476922e-02
1.127584769856184756e-02
1.127389492467045784e-02
1.127162552438676357e-02
1.127082197926938464e-02
1.126981541747227276e-02
1.126726639922708342e-02
1.126769545371644234e-02
1.126671254169195856e-02
1.126442501554265549e-02
1.126499049132689834e-02
1.126181686995550955e-02
1.126004843972623279e-02
1.125979885691776906e-02
1.125911732669919799e-02
1.125523470109328697e-02
1.125406126957386767e-02
1.125463640782982042e-02
1.125183507101610268e-02
1.125138956122100423e-02
1.125107319094240631e-02
1.124901027651503682e-02
1.124567962251603673e-02
1.124637437751516665e-02
1.124290226725861361e-02
1.124401807319372858e-02
1.124219116754829849e-02
1.123984120786189998e-02
1.123997499234974384e-02
1.124160927720367978e-02
1.124146387446671794e-02
1.123726634541526506e-02
1.123363373335450888e-02
1.123391469009220670e-02
1.123248523799702525e-02
1.122818989679217304e-02
1.122792209498584340e-02
1.122866894584149088e-02
1.122583518736064434e-02
1.122698329854756628e-02
1.122331838123500312e-02
1.122065886156633531e-02
1.121988156810402835e-02
1.122061724308878218e-02
1.122291663195937837e-02
1.121922053862363031e-02
1.121957465074956486e-02
1.121778162196278641e-02
1.121662281220778788e-02
1.121218997286632657e-02
1.121084170881658792e-02
1.120853689499199356e-02
1.120916798245161737e-02
1.120806334074586630e-02
1.120895578060299158e-02
1.120388207491487299e-02
1.120420860825106432e-02
1.120235022390261327e-02
1.120010805316269328e-02
1.120058880187571083e-02
1.119800836313515971e-02
1.119646661682054470e-02
1.119266331661492551e-02
1.119036109885200928e-02
1.119403149932622979e-02
1.119233812205493520e-02
1.119017774472013185e-02
1.118876531254500185e-02
1.118985977955162456e-02
1.118578347377479146e-02
1.118305912241339753e-02
1.118294064654037391e-02
1.118133534910157288e-02
1.118136695586144889e-02
1.118078489089384744e-02
1.118017073022201623e-02
1.118139764294028352e-02
1.117822798551060259e-02
1.117633208632469108e-02
1.117631895467638935e-02
1.117610237561166356e-02
1.117602463345974614e-02
1.117561378632672166e-02
1.117429616861045395e-02
1.117385500110685756e-02
1.117266600485891138e-02
1.117298274184577202e-02
1.117188390344381332e-02
1.117066543083638022e-02
1.117072532651946018e-02
1.116886720992624725e-02
1.116940479259937932e-02
1.116735724499449099e-02
1.116735294926911662e-02
1.116812314139679040e-02
1.116773365065455367e-02
1.116475581657141482e-02
1.116529146675020526e-02
1.116401004837825825e-02
1.116414873395115206e-02
1.116347720380872488e-02
1.116225696168839966e-02
1.116061415523290565e-02
1.116014996077865397e-02
1.115867567714303767e-02
1.116003234637901256e-02
1.115910946391522954e-02
1.115725998533889651e-02
1.115666824625805020e-02
1.115555599099025096e-02
1.115451754885725746e-02
1.115563719649799099e-02
1.115441353758797084e-02
1.115262326784432004e-02
1.115140721667557885e-02
1.115273265168070793e-02
1.115086555946618284e-02
1.115041871089488337e-02
1.115030257496982778e-02
1.114821725059300661e-02
1.114862071117386257e-02
1.114791349973529543e-02
1.114891811739653418e-02
1.114635459380224417e-02
1.114536724053323200e-02
1.114518911344930530e-02
1.114362069638446043e-02
1.114506105659529567e-02
1.114294367143884266e-02
1.114180316217243741e-02
1.114150562789291074e-02
1.114100979175418685e-02
1.114163872553035686e-02
1.113915175665169954e-02
1.113902911311015487e-02
1.113760324660688708e-02
1.113676079548895324e-02
1.113588334992527892e-02
1.113490716088563239e-02
1.113417912274599145e-02
1.113319903961382772e-02
1.113351484527811373e-02
1.113336024573072756e-02
1.113172667101025581e-02
1.113028643885627389e-02
1.113128052093088557e-02
1.112949871458113194e-02
1.112759885145351256e-02
1.112988238455727731e-02
1.112747364677488769e-02
1.112698724027723005e-02
1.112415562383830582e-02
1.112402617000043427e-02
1.112362548010423745e-02
1.112347047310322488e-02
1.112272511236369645e-02
1.112110770773142542e-02
1.112079051090404322e-02
1.112107428489252960e-02
1.112027361523360014e-02
1.111957093235105276e-02
1.111816049087792704e-02
1.111751581775024568e-02
1.111709832912310958e-02
1.111779430648312042e-02
1.111497947713360225e-02
1.111359104979783331e-02
1.111338911578059127e-02
1.111333349253982271e-02
1.111157103441655705e-02
1.111079048132523894e-02
1.111028015147894586e-02
1.110966794658452272e-02
1.110889070550911094e-02
1.110842057969421183e-02
1.110870093107223580e-02
1.110859252512455021e-02
1.110735388938337634e-02
1.110769098158925772e-02
1.110746804624795914e-02
1.110730393556877936e-02
1.110561919631436467e-02
1.110499779460951721e-02
1.110536635969765554e-02
1.110627570888027618e-02
1.110632967902347445e-02
1.110509105492383207e-02
1.110467895632609794e-02
1.110365882050246000e-02
1.110388542292639613e-02
1.110322894528508256e-02
1.110219541005790303e-02
1.110204957658425008e-02
1.110182978445664083e-02
1.110132117755711044e-02
1.110030992422252928e-02
1.110017453320324456e-02
1.110027409740723704e-02
1.109942563343793188e-02
1.109967320226132835e-02
1.109890148509293760e-02
1.109927749494090711e-02
1.109887856291607092e-02
1.109903367469087208e-02
1.109773325733840431e-02
1.109594922745600273e-02
1.109561049379408429e-02
1.109622021904215286e-02
1.109600770287215779e-02
1.109613871667534078e-02
1.109517746372148429e-02
1.109430841170251300e-02
1.109392269281670416e-02
1.109350475016981398e-02
1.109329173341393540e-02
1.109342564595863258e-02
1.109330798499286175e-02
1.109185388777405093e-02
1.109193183947354555e-02
1.109269882435910334e-02
1.109186963876709377e-02
1.109135894803330372e-02
1.108999233692884410e-02
1.108979615382850101e-02
1.109056191053241561e-02
1.108791821752674878e-02
1.108957006363198161e-02
1.108851204044185648e-02
1.108807031996548141e-02
1.108857477083802223e-02
1.108710239641368459e-02
1.108635731507092749e-02
1.108585336478427018e-02
1.108519522240385483e-02
1.108526117168366978e-02
1.108425016864202951e-02
1.108505942393094371e-02
1.108465646393597126e-02
1.108370897709392081e-02
1.108303329674526980e-02
1.108355616452172399e-02
1.108305256348103215e-02
1.108114878879860009e-02
1.108076311647892068e-02
1.108125345781445573e-02
1.108073310460895231e-02
1.107939075445756386e-02
1.107957817148417200e-02
1.107886747340671753e-02
1.107882998185232351e-02
1.107798151788301835e-02
1.107759972801431944e-02
1.107741938903927803e-02
1.107751573435962131e-02
1.107790875248610904e-02
1.107693158555775846e-02
1.107683142181485961e-02
1.107557741925120284e-02
1.107524661347270012e-02
1.107418395113199915e-02
1.107381356414407526e-02
1.107383602065965464e-02
1.107387961819767883e-02
1.107262835139408673e-02
1.107248826883733273e-02
1.107414403231814573e-02
1.107262050500139663e-02
1.107149352319538628e-02
1.107184546999633382e-02
1.107127671130001510e-02
1.107064937241375446e-02
1.106997340684756637e-02
1.106941371690481866e-02
1.106920205056667258e-02
1.106990617699921131e-02
1.106885368935763871e-02
1.106886193156242371e-02
1.106859571300447022e-02
1.106795800151303376e-02
1.106772851198911667e-02
1.106779062538407708e-02
1.106750781182199751e-02
1.106799331028014352e-02
1.106702032266184722e-02
1.106666093110106851e-02
1.106655854964628746e-02
1.106630730209872196e-02
1.106658019125461578e-02
1.106643927050754428e-02
1.106557269231416354e-02
1.106502891052514245e-02
1.106529548997059464e-02
1.106517870211973752e-02
1.106478802394121955e-02
1.106442085001617739e-02
1.106436923146247864e-02
1.106424666941165959e-02
1.106420926516875694e-02
1.106392674846574595e-02
1.106377376709133387e-02
1.106306059518829057e-02
1.106317003723233938e-02
1.106255170889198711e-02
1.106308142188936437e-02
1.106285300338640844e-02
1.106229722499847343e-02
1.106258591171354125e-02
1.106236983905546298e-02
1.106164173688739538e-02
1.106058205477893422e-02
1.106084180064499309e-02
1.106075376737862895e-02
1.106078408774919739e-02
1.106051630340516498e-02
1.106024396140128409e-02
1.105998529819771613e-02
1.105952430516481469e-02
1.106010505463927984e-02
1.105941697023809026e-02
1.105906264274381101e-02
1.105885757133364712e-02
1.105877875234000454e-02
1.105798197677359054e-02
1.105840652016922866e-02
1.105805325787514483e-02
1.105733646545559168e-02
1.105738134356215596e-02
1.105741902720183169e-02
1.105701737105846405e-02
1.105663639027625392e-02
1.105653016129508684e-02
1.105666121584363351e-02
1.105678129242733052e-02
1.105614793486893108e-02
1.105534436646848917e-02
1.105526837054640089e-02
1.105546776670962572e-02
1.105518990661948954e-02
1.105483338469639455e-02
1.105494129005819490e-02
1.105461160186678102e-02
1.105440437095239758e-02
1.105379377258941531e-02
1.105336348991841147e-02
1.105367727577686275e-02
1.105338821653276647e-02
1.105290611740201642e-02
1.105288227554410661e-02
1.105241337209008669e-02
1.105221422621980275e-02
1.105222958140075241e-02
1.105177893768996035e-02
1.105135963298380444e-02
1.105091266799718142e-02
1.105113304220139980e-02
1.105055097723379662e-02
1.105067655444145168e-02
1.105069916229695082e-02
1.105087269097566535e-02
1.105008835438638960e-02
1.104952062014490435e-02
1.104896350298076833e-02
1.104943366954103112e-02
1.104918317869305576e-02
1.104866054374724696e-02
1.104808107484132017e-02
1.104826278751716052e-02
1.104775778367184103e-02
1.104888902045786381e-02
1.104812086559832027e-02
1.104773300467059086e-02
1.104719792492687633e-02
1.104688516352325678e-02
1.104688220657408168e-02
1.104696831898763741e-02
1.104711712105199695e-02
1.104689858620986308e-02
1.104652616195380722e-02
1.104644907172769308e-02
1.104619917459786008e-02
1.104621684644371306e-02
1.104595288634300197e-02
1.104560936801135540e-02
1.104566119611263310e-02
1.104564251145347988e-02
1.104554962366819347e-02
1.104543779511004721e-02
1.104521276429295575e-02
1.104510452132672141e-02
1.104458103654906188e-02
1.104485285468399455e-02
1.104511799057945540e-02
1.104485461255535518e-02
1.104446491226553952e-02
1.104432453867048095e-02
1.104412884451448987e-02
1.104390629334375297e-02
1.104402068303897942e-02
1.104416290763765574e-02
1.104371284600347281e-02
1.104391209082677960e-02
1.104336490388959681e-02
1.104341106256470119e-02
1.104335753479972551e-02
1.104298271238803898e-02
1.104318955913186073e-02
1.104288413189351628e-02
1.104258341947570408e-02
1.104271537624299492e-02
1.104228812037035858e-02
1.104220277629792621e-02
1.104251324431970716e-02
1.104219745611772011e-02
1.104196606902405585e-02
1.104172832565382054e-02
1.104177550878375838e-02
1.104194209910929272e-02
1.104149634484201739e-02
1.104166277218610048e-02
1.104133516782894800e-02
1.104097424540668657e-02
1.104102667886763811e-02
1.104119492229074274e-02
1.104126032441854477e-02
1.104114793706685235e-02
1.104045058600604604e-02
1.104026667308062246e-02
1.104040030622854829e-02
1.104023107327520813e-02
1.103966847294941475e-02
1.104067968553863396e-02
1.104037952027283644e-02
1.103987422538921237e-02
1.103946288349106838e-02
1.103980586631223525e-02
1.103927891235798563e-02
1.103929305681958760e-02
1.103905213531106676e-02
1.103909387020394171e-02
1.103871659142896533e-02
1.103867160854861071e-02
1.103869094513356720e-02
1.103863830212503672e-02
1.103830430656671524e-02
1.103829549392685259e-02
1.103820548160001566e-02
1.103797254618257319e-02
1.103782252757810022e-02
1.103780060075223481e-02
1.103775124065578019e-02
1.103736138902604649e-02
1.103703633416444098e-02
1.103707784786820377e-02
1.103738017263822258e-02
1.103705317946150968e-02
1.103706231806427310e-02
1.103689537849277327e-02
1.103673593606799806e-02
1.103674315381795133e-02
1.103636040934361483e-02
1.103616608306765522e-02
1.103619004134088685e-02
1.103604715317487751e-02
1.103585432283580268e-02
1.103581190691329574e-02
1.103553494904190371e-02
1.103520068572834065e-02
1.103541549528017605e-02
1.103529698448255623e-02
1.103535740403458441e-02
