7.753854791323343543e-01
3.549360930919647217e-01
2.079346477985382080e-01
1.293712630867958069e-01
1.353650391101837158e-01
1.252668773134549551e-01
1.334939946730931692e-01
1.258320485552152090e-01
1.299445753296216421e-01
1.267348180214563913e-01
1.279968892534573965e-01
1.261959945162137442e-01
1.272068371375401907e-01
1.263222619891166687e-01
1.261545916398366385e-01
1.255841553211212158e-01
1.254002054532369070e-01
1.266296828786531992e-01
1.257081453998883658e-01
1.264770751198132925e-01
1.264921501278877258e-01
1.264132236440976553e-01
1.265224764744440622e-01
1.271435568730036325e-01
1.265386740366617746e-01
1.272088785966237479e-01
1.289756521582603455e-01
1.268157611290613718e-01
1.272619590163230896e-01
1.268402859568595886e-01
1.274448533852895193e-01
1.262911284963289804e-01
1.264676352341969900e-01
1.263308450579643250e-01
1.251834705471992493e-01
1.249898001551628113e-01
1.238575354218482971e-01
1.220749889810879979e-01
1.207565541068712917e-01
1.192826603849728856e-01
1.179982845981915746e-01
1.174697652459144592e-01
1.159037873148918152e-01
1.159982730944951329e-01
1.148459116617838588e-01
1.135522077480951991e-01
1.125722254316012111e-01
1.112457290291786194e-01
1.103525385260581970e-01
1.096391553680102077e-01
1.078423087795575414e-01
1.064074560999870300e-01
1.054236566027005467e-01
1.050937051574389186e-01
1.044197181860605922e-01
1.021385267376899719e-01
1.009765242536862645e-01
9.997096161047618057e-02
9.849209835131962631e-02
9.752322981754939224e-02
9.570757051308949326e-02
9.538215398788452148e-02
9.475898991028468277e-02
9.199164559443791245e-02
9.271974613269169663e-02
8.989430218935012817e-02
8.882056673367817734e-02
8.827393750349681045e-02
8.875443538029988144e-02
8.727386842171351578e-02
8.767974128325779770e-02
8.562066902716954087e-02
8.506106336911518906e-02
8.310286452372868393e-02
8.324946959813435410e-02
8.199756344159443711e-02
8.146425088246662949e-02
8.554453899463017319e-02
8.283566186825434829e-02
8.364008863766987656e-02
8.387112617492675781e-02
8.416561037302017212e-02
8.390168100595474243e-02
8.186083783706028794e-02
8.343634009361267090e-02
8.342034618059794571e-02
8.337806661923725937e-02
8.195729553699493408e-02
8.412240445613861084e-02
8.249111721913020279e-02
8.427135894695918228e-02
8.229456593592961167e-02
8.250594387451808120e-02
8.401673038800556992e-02
8.121873935063679550e-02
8.542333294947941635e-02
8.305000513792037964e-02
8.147632082303364609e-02
8.189469824234645035e-02
8.465642730394999649e-02
8.170969784259796143e-02
8.214932431777317856e-02
8.213254809379577637e-02
8.150222400824229385e-02
8.337459464867909287e-02
8.239213128884632920e-02
8.321644614140193130e-02
8.088362465302149917e-02
8.238516996304194595e-02
8.241902540127436783e-02
8.307187010844548081e-02
8.285633226235707138e-02
8.191533883412678574e-02
8.247801661491394043e-02
8.306474486986796524e-02
8.188283195098240708e-02
8.116740733385086060e-02
8.204473306735356186e-02
8.271378775437672470e-02
8.248431483904521133e-02
8.240810781717300415e-02
8.265861372152964737e-02
8.167219907045364380e-02
8.248523374398548935e-02
8.061099549134571884e-02
8.146994312604267929e-02
8.238687862952549790e-02
8.307694643735885620e-02
8.298938969771067764e-02
8.296517531077067520e-02
8.220139145851135254e-02
8.190257598956425522e-02
8.173177639643351700e-02
8.222302794456481934e-02
8.239348729451496933e-02
8.215121676524479721e-02
8.198301245768864487e-02
8.276404688755671646e-02
8.152223626772563125e-02
8.176538596550624038e-02
8.252348999182383682e-02
8.247131357590357925e-02
8.311310410499572754e-02
8.087472617626190186e-02
8.212784429391224716e-02
8.181417485078175400e-02
8.048892021179199219e-02
8.098192512989044189e-02
8.215850094954173233e-02
8.158601572116215561e-02
8.210720618565876816e-02
8.204565693934758042e-02
8.006388942400614883e-02
8.252021421988804672e-02
8.287213742733001709e-02
8.148143440485000610e-02
8.229916294415791367e-02
8.156842490037281845e-02
8.206974714994430542e-02
8.128089209397633408e-02
8.244870603084564209e-02
8.120524386564891006e-02
8.142546067635218765e-02
8.099387834469477798e-02
8.204303433497746323e-02
8.317271868387858536e-02
8.325532823801040649e-02
8.201858152945835922e-02
8.108637978633244370e-02
8.202510327100753784e-02
8.186622212330500747e-02
8.131048580010731552e-02
8.220011492570240830e-02
8.106180032094319199e-02
8.266009887059529160e-02
8.218561857938766479e-02
8.032742391029994156e-02
8.082625766595204209e-02
8.119143048922221328e-02
8.165858934322993423e-02
8.230181038379669189e-02
8.253953109184901382e-02
8.212869862715403702e-02
8.119902014732360840e-02
8.091587821642558243e-02
8.264286567767460678e-02
8.189854274193446304e-02
8.199092994133631851e-02
8.112723628679911758e-02
8.205431699752807617e-02
8.145829041798909043e-02
8.368740975856781006e-02
8.178473263978958130e-02
8.126253386338551377e-02
8.197457343339920044e-02
8.224003513654072617e-02
8.222227543592453003e-02
8.217772344748179580e-02
8.337980757157008316e-02
8.317992836236953735e-02
8.153132845958073471e-02
8.118634422620137070e-02
8.180091778437297012e-02
8.185134828090667725e-02
8.128764977057774399e-02
8.165316780408223007e-02
8.096602807442347671e-02
8.205023904641468857e-02
8.134143054485321045e-02
8.193332205216090347e-02
8.234055836995442246e-02
8.193187415599822998e-02
8.270442485809326172e-02
8.146171271800994873e-02
8.246404677629470825e-02
8.061644683281581070e-02
8.203507959842681885e-02
8.272297680377960205e-02
8.103184650341670181e-02
8.207992961009343003e-02
8.174558480580647324e-02
8.280623704195022583e-02
8.129068712393443252e-02
8.295746644337971543e-02
8.218128482500712539e-02
8.242206275463104248e-02
8.283109466234843399e-02
8.179720242818196152e-02
8.156006038188934326e-02
8.356633534034092758e-02
8.233162015676498413e-02
8.220714827378590439e-02
8.114252736171086167e-02
8.320467174053192139e-02
8.242322256167729233e-02
8.198426415522892807e-02
8.200306197007496689e-02
8.294649670521418716e-02
8.186223854621250962e-02
8.251112699508666992e-02
8.134077489376068115e-02
8.328862488269805908e-02
8.319523682196934555e-02
8.456073701381683350e-02
8.238319307565689087e-02
8.147659897804260254e-02
8.232848346233367920e-02
8.130825310945510864e-02
8.307379980882008408e-02
8.158487578233082627e-02
8.202190200487773086e-02
8.191760132710139419e-02
8.355440696080525254e-02
8.378680795431137085e-02
8.261653780937194824e-02
8.188990006844203140e-02
8.306999007860819961e-02
8.321773012479145859e-02
8.328309903542201187e-02
8.164661626021067764e-02
8.204956104358036850e-02
8.159606903791427612e-02
8.363304038842518662e-02
8.118962248166401718e-02
8.157174289226531982e-02
8.229851971069972183e-02
8.288676043351490830e-02
8.241227269172668457e-02
8.215751747290293838e-02
8.179787049690882828e-02
8.275543401638667251e-02
8.340405424435932968e-02
8.212940643231074478e-02
8.284151305754978989e-02
8.330443998177845810e-02
8.110061039527256821e-02
8.203762024641036987e-02
8.197985837856928970e-02
8.078402777512867783e-02
8.321753144264221191e-02
8.362195889155070450e-02
8.209701379140217636e-02
8.227220426003138687e-02
8.234865218400955200e-02
8.339809626340866089e-02
8.315527190764744614e-02
8.289915074904759262e-02
8.296671013037364151e-02
8.210680385430653427e-02
8.328672250111897324e-02
8.143328130245208740e-02
8.328584829966227676e-02
8.284702400366465713e-02
8.301791548728942871e-02
8.123674243688583374e-02
8.216530829668045044e-02
8.218297859032948349e-02
8.118502298990885879e-02
8.271239201227824356e-02
8.181022355953852798e-02
8.249917129675547744e-02
8.300384134054183960e-02
8.119091888268788193e-02
8.287787189086277817e-02
8.243459959824879502e-02
8.359760046005249023e-02
8.210813005765278672e-02
8.293482164541880752e-02
8.182895183563232422e-02
8.359173933664958145e-02
8.235493550697962906e-02
8.345830688873927261e-02
8.133204529682795669e-02
8.340154588222503662e-02
8.353949834903080796e-02
8.160236974557240341e-02
8.187340448300044204e-02
8.201503753662109375e-02
8.153208841880162094e-02
8.290927608807881211e-02
8.371393879254658554e-02
8.245607962210972641e-02
8.293216427167256211e-02
8.230586846669514511e-02
8.337763696908950806e-02
8.227327962716420029e-02
8.233740180730819702e-02
8.338862905899684097e-02
8.439751962820689346e-02
8.449746668338775635e-02
8.411455899477005005e-02
8.438040316104888916e-02
8.219130088885624741e-02
8.223725606997807358e-02
8.264852811892826889e-02
8.359771966934204102e-02
8.361294120550155640e-02
8.110635975996653702e-02
8.280390501022338867e-02
8.282781143983204697e-02
8.270524193843205307e-02
8.216337114572525024e-02
8.353154609600703384e-02
8.432117104530334473e-02
8.321457852919895981e-02
8.168328801790873672e-02
8.399439106384913589e-02
8.375583092371623184e-02
8.331420272588729858e-02
8.356385429700215195e-02
8.271555602550506592e-02
8.171092470486958359e-02
8.265159030755360459e-02
8.216913541158039902e-02
8.244370917479197647e-02
8.300200353066126968e-02
8.366807798544566299e-02
8.193464577198028564e-02
8.338919281959533691e-02
8.174842347701390122e-02
8.401381224393844604e-02
8.155298233032226562e-02
8.371024578809738159e-02
8.156360934178034927e-02
8.223702510197956894e-02
8.284323910872141983e-02
8.294131606817245483e-02
8.288878202438354492e-02
8.409991115331649780e-02
8.278286953767140244e-02
8.433149755001068115e-02
8.237799505392710830e-02
8.218716581662495468e-02
8.339103808005650376e-02
8.298485726118087769e-02
8.208243548870086670e-02
8.324922372897465561e-02
8.211451768875122070e-02
8.434220651785533096e-02
8.357542753219604492e-02
8.294514815012614395e-02
8.203838517268498276e-02
8.370746423800785874e-02
8.143392453591029312e-02
8.333926896254222061e-02
8.302025993665058945e-02
8.355133483807246353e-02
8.264129360516865586e-02
8.266503363847732544e-02
8.122348537047703598e-02
8.371187746524810791e-02
8.309010416269302368e-02
8.074878404537837173e-02
8.274700989325840805e-02
8.281359076499938965e-02
8.273678272962570190e-02
8.395245919624964859e-02
8.274032672246296738e-02
8.258252094189326431e-02
8.292752504348754883e-02
8.316303292910258438e-02
8.286922425031661987e-02
8.108308662970860337e-02
8.461108058691024780e-02
8.428118626276652481e-02
8.290796478589375351e-02
8.185229698816935684e-02
8.201695730288822983e-02
8.363302052021026611e-02
8.320418000221252441e-02
8.404659479856491089e-02
8.394028991460800171e-02
8.473805338144302368e-02
8.341348667939503525e-02
8.306284248828887939e-02
8.317922055721282959e-02
8.248758067687352036e-02
8.260772128899891709e-02
8.177211135625839233e-02
8.327838033437728882e-02
8.311594029267628525e-02
8.329690247774124146e-02
8.356759200493495132e-02
8.284598340590794419e-02
8.285941680272419785e-02
8.340921998023986816e-02
8.342525114615757797e-02
8.284171670675277710e-02
8.202764640251795913e-02
8.460736523071925308e-02
8.278430749972660874e-02
8.238492906093597412e-02
8.207193265358607437e-02
8.404766271511714126e-02
8.248326679070790146e-02
8.259664227565129135e-02
8.370119829972584580e-02
8.375696341196696426e-02
8.323945353428523208e-02
8.390284081300099228e-02
8.360962321360905503e-02
8.324810365835826065e-02
8.374049017826716568e-02
8.339704821507136490e-02
8.378450572490692139e-02
8.283971498409907486e-02
8.365571747223536636e-02
8.305990199247996475e-02
8.239890386660893296e-02
8.323314537604649399e-02
8.367508649826049805e-02
8.221028000116348267e-02
8.270150423049926758e-02
8.362096051375071670e-02
8.435805886983871460e-02
8.157607913017272949e-02
8.170187970002491806e-02
8.224572986364364624e-02
8.312337348858515884e-02
8.338127285242080688e-02
8.217885096867878769e-02
8.376093208789825439e-02
8.376130213340123032e-02
8.326896031697590683e-02
8.410596102476119995e-02
8.391700685024261475e-02
8.254902313152949478e-02
8.442429701487223770e-02
8.343914399544398453e-02
8.251571655273437500e-02
8.267396191755931045e-02
8.413850516080856323e-02
8.158338814973831177e-02
8.285153657197952271e-02
8.372787882884343003e-02
8.408695707718531753e-02
8.338273813327153061e-02
8.138158669074375962e-02
8.337167898813883926e-02
8.190743128458659317e-02
8.404341836770375107e-02
8.336168030897776748e-02
8.462555209795634414e-02
8.373163392146427964e-02
8.302171031634013321e-02
8.139201750357945297e-02
8.326164136330287124e-02
8.334407210350036621e-02
8.244744936625163223e-02
8.315813293059666489e-02
8.379837125539779663e-02
8.233417322238285874e-02
8.309222012758255005e-02
8.296190450588862564e-02
8.178047339121501114e-02
8.310702194770176743e-02
8.298609902461369370e-02
8.395523081223170425e-02
8.323719352483749390e-02
8.282535274823506211e-02
8.294781049092610214e-02
8.363751570383708145e-02
8.330345153808593750e-02
8.303934832413990830e-02
8.467880388100941513e-02
8.268697311480839585e-02
8.297228068113327026e-02
8.343891551097233628e-02
8.404614031314849854e-02
8.311770359675089981e-02
8.385267605384190415e-02
8.454842368761698868e-02
8.348172654708226059e-02
8.299934864044189453e-02
8.382698645194371079e-02
8.314958214759826660e-02
8.287418633699417114e-02
8.329937110344569351e-02
8.225366721550624038e-02
8.209805935621261597e-02
8.235878994067509506e-02
8.290608972311019897e-02
8.406318475802738999e-02
8.461339275042216446e-02
8.303091923395793106e-02
8.256176859140396118e-02
8.180023729801177979e-02
8.407051364580790664e-02
8.346344778935115005e-02
8.122754096984863281e-02
8.268722643454869126e-02
8.299219856659571792e-02
8.549585193395614624e-02
8.235865086317062378e-02
8.370390286048252915e-02
8.282752086718876694e-02
8.372311790784199570e-02
8.298698067665100098e-02
8.342649539311726425e-02
8.385133494933445786e-02
8.417465289433796738e-02
8.253368735313415527e-02
8.450257778167724609e-02
8.294627567132313584e-02
8.292727172374725342e-02
8.299211661020915176e-02
8.313112209240595962e-02
8.205786844094593857e-02
8.277603487173716690e-02
8.362295975287754868e-02
8.352656414111454819e-02
8.339580645163853501e-02
8.381244043509165909e-02
8.417781194051106308e-02
8.347819745540618896e-02
8.366394291321437027e-02
8.361217876275379990e-02
8.362502853075663711e-02
8.392736564079920913e-02
8.323448648055394028e-02
8.333823084831237793e-02
8.373060077428817749e-02
8.362953613201777603e-02
8.287027726570765640e-02
8.441752692063649033e-02
8.462752898534138535e-02
8.401549110809962417e-02
8.226953943570454453e-02
8.297985543807347153e-02
8.284629881381988525e-02
8.273880183696746826e-02
8.285309374332427979e-02
8.301158249378204346e-02
8.427327374617259170e-02
8.310310294230778549e-02
8.339251826206843521e-02
8.277913431326548721e-02
8.314451823631922867e-02
8.218756069739659165e-02
8.254909267028172348e-02
8.269502222537994385e-02
8.092253655195236206e-02
8.490809053182601929e-02
8.337180316448211670e-02
8.303454518318176270e-02
8.229183902343113755e-02
8.205020427703857422e-02
8.352347215016682480e-02
8.402168750762939453e-02
8.397362132867176865e-02
8.164491007725398208e-02
8.399349947770436142e-02
8.417987823486328125e-02
8.157032976547877456e-02
8.182868609825770523e-02
8.197322736183802749e-02
8.415308594703674316e-02
8.325425535440444946e-02
8.342000345389048721e-02
8.319226900736491348e-02
8.479566872119903564e-02
8.268779019514720108e-02
8.363602807124455307e-02
8.284329871336619522e-02
8.260392645994822647e-02
8.362726867198944092e-02
8.327202747265498306e-02
8.377760152022044327e-02
8.265964438517887924e-02
8.504187315702438354e-02
8.314359188079833984e-02
8.237913250923156738e-02
8.441144973039627075e-02
8.348763237396876480e-02
8.381635944048564102e-02
8.404673884312312271e-02
8.369077493747074936e-02
8.450255046288172867e-02
8.297846714655558731e-02
8.399454504251480103e-02
8.304972698291142319e-02
8.438993742068608139e-02
8.411381393671035767e-02
8.289143691460292007e-02
8.261740952730178833e-02
8.350200951099395752e-02
8.367758244276046753e-02
8.244761576255162094e-02
8.412768195072810318e-02
8.300438274939854477e-02
8.384828269481658936e-02
8.215891073147456314e-02
8.207525809605915879e-02
8.330293248097102310e-02
8.374775201082229614e-02
8.380139867464701797e-02
8.279773096243540909e-02
8.269632110993067886e-02
8.411548286676406860e-02
8.350884914398193359e-02
8.317819237709045410e-02
8.156169950962066650e-02
8.291053275267283584e-02
8.233253657817840576e-02
8.224573979775111343e-02
8.351622521877288818e-02
8.233999957640965317e-02
8.255788932243983413e-02
8.513718346754710342e-02
8.396622538566589355e-02
8.319489906231562759e-02
8.285412689050038193e-02
8.303212622801463272e-02
8.370670427878697251e-02
8.249614884455998276e-02
8.221018066008885239e-02
8.330866942803065445e-02
8.384413520495097305e-02
8.279987672964732315e-02
8.190247416496276855e-02
8.276211967070896958e-02
8.355769763390223648e-02
8.346079786618550156e-02
8.284459511439005996e-02
8.227097988128662109e-02
8.342734972635905411e-02
8.294129619995753433e-02
8.322806656360626221e-02
8.319082856178283691e-02
8.414781093597412109e-02
8.306742707888285782e-02
8.273870497941970825e-02
8.489099889993667603e-02
8.388537913560867310e-02
8.405251552661259506e-02
8.407197147607803345e-02
8.299483855565388535e-02
8.317729085683822632e-02
8.350094407796859741e-02
8.362785726785659790e-02
8.371205876270930435e-02
8.288456747929255630e-02
8.320949226617813110e-02
8.416776607433955337e-02
8.386580149332682754e-02
8.321143438418705796e-02
8.332719157139460708e-02
8.392949153979618881e-02
8.301459004481633042e-02
8.297681311766307022e-02
8.356931557257969712e-02
8.306759347518284653e-02
8.406225840250651504e-02
8.343688398599624634e-02
8.362296968698501587e-02
8.381585528453190659e-02
8.418195446332295273e-02
8.394491424163182114e-02
8.297880738973617554e-02
8.323621004819869995e-02
8.472481866677601670e-02
8.315955847501754761e-02
8.268857002258300781e-02
8.391553908586502075e-02
8.373649170001347397e-02
8.310199032227198745e-02
8.348499238491058350e-02
8.299479881922404434e-02
8.213940262794494629e-02
8.418315897385279800e-02
8.477353056271870468e-02
8.276390035947163437e-02
8.304123828808467056e-02
8.344398190577824448e-02
8.332858234643936157e-02
8.404741932948429917e-02
8.417148391405741836e-02
8.197172979513804580e-02
8.360077192385990952e-02
8.349590500195820664e-02
8.373026053110758926e-02
8.517628163099288940e-02
8.281263460715611313e-02
8.363749335209529068e-02
8.476766695578892563e-02
8.384871482849121094e-02
8.386350919802983139e-02
8.048286785682041977e-02
8.316977322101593018e-02
8.427219092845916748e-02
8.477424830198287964e-02
8.296728382507960464e-02
8.347209294637043808e-02
8.341625829537709091e-02
8.262330045302708481e-02
8.424842605988185074e-02
8.261361221472422744e-02
8.313713967800140381e-02
8.291282008091609146e-02
8.289798845847447251e-02
8.329197764396667480e-02
8.368527392546336319e-02
8.367698639631271362e-02
8.396076162656147812e-02
8.496478945016860962e-02
8.406629661719004776e-02
8.217522501945495605e-02
8.219579855600993301e-02
8.398046344518661499e-02
8.458305646975834702e-02
8.408824354410171509e-02
8.316982040802638199e-02
8.449691285689671372e-02
8.428421616554260254e-02
8.287606139977772568e-02
8.272380133469899033e-02
8.390076210101445053e-02
8.319425086180369522e-02
8.214120070139567520e-02
8.226289103428523208e-02
8.363999426364898682e-02
8.453321953614552353e-02
8.210014551877975464e-02
8.358250061670939590e-02
8.247004697720210220e-02
8.381378402312596176e-02
8.294828484455744888e-02
8.279521018266677856e-02
8.281979213158290054e-02
8.287975937128067017e-02
8.305887381235758926e-02
8.292923370997111465e-02
8.330341180165608261e-02
8.311948925256729126e-02
8.316749831040699814e-02
8.214485893646876480e-02
8.298036456108093262e-02
8.372006565332412720e-02
8.402119328578312729e-02
8.390132089455921982e-02
8.393598596254985000e-02
8.337610214948654175e-02
8.401872962713241577e-02
8.424244076013565063e-02
8.315274616082508896e-02
8.449450880289077759e-02
8.393930147091548111e-02
8.409042656421661377e-02
8.307062337795893814e-02
8.377666026353836060e-02
8.342023938894271851e-02
8.339036256074905396e-02
8.202232172091801499e-02
8.549796293179194595e-02
8.373903234799702500e-02
8.307934800783793594e-02
8.324803660313288833e-02
8.267482866843541001e-02
8.343671510616938736e-02
8.267561346292495728e-02
8.450021346410115097e-02
8.297944565614064072e-02
8.257476985454559326e-02
8.178443958361943100e-02
8.393944551547367905e-02
8.435093114773432876e-02
8.325486878554026748e-02
8.268496394157409668e-02
8.326137562592823838e-02
8.312966674566268921e-02
8.361244450012843277e-02
8.325676123301188614e-02
8.371444046497344971e-02
8.375617613395054672e-02
8.353314548730850220e-02
8.231541514396667480e-02
8.426341166098912094e-02
8.304182440042495728e-02
8.344834297895431519e-02
8.291950573523838852e-02
8.281657596429188584e-02
8.358726153771083023e-02
8.337157716353733872e-02
8.298566440741221573e-02
8.400066941976547241e-02
8.402954787015914917e-02
8.378797521193821762e-02
8.267096430063247681e-02
8.424444744984309341e-02
8.370938400427500869e-02
8.377997825543086197e-02
8.200827986001968384e-02
8.359466493129730225e-02
8.287908385197322036e-02
8.271945764621098374e-02
8.259102950493495132e-02
8.338287721077601578e-02
8.334051569302876328e-02
8.278371890385945175e-02
8.455624679724375869e-02
8.407089362541834976e-02
8.420027295748393203e-02
8.407194167375564575e-02
8.330433567365010117e-02
8.332757155100505020e-02
8.250939597686131333e-02
8.398594707250595093e-02
8.350932846466700699e-02
8.325509975353877212e-02
8.407146235307057236e-02
8.446444571018218994e-02
8.444281170765559341e-02
8.374254902203877304e-02
8.483463525772094727e-02
8.428827424844105576e-02
8.402750144402186538e-02
8.229250460863113403e-02
8.582415680090586807e-02
8.248394231001536514e-02
8.386701842149098252e-02
8.292268216609954834e-02
8.331011732419331406e-02
8.438545713822047378e-02
8.373826990524928238e-02
8.188678820927937363e-02
8.373027543226878311e-02
8.317083368698756363e-02
8.333753049373626709e-02
8.424047629038493301e-02
8.229911575714747574e-02
8.397780855496723984e-02
8.514566471179325913e-02
8.402267595132191513e-02
8.339258780082066391e-02
8.379933734734852646e-02
8.468689272801081802e-02
8.438962201277415420e-02
8.192090690135955811e-02
8.282841742038726807e-02
8.164612203836441040e-02
8.328555772701899673e-02
8.298997332652409409e-02
8.295799295107524063e-02
8.355773240327835083e-02
8.285894989967346191e-02
8.342039336760838364e-02
8.378686507542927597e-02
8.367584397395451401e-02
8.431108792622883652e-02
8.250238746404647827e-02
8.306062718232472275e-02
8.349399516979853775e-02
8.383044352134068344e-02
8.471317092577616836e-02
8.243504911661148071e-02
8.505595723787943985e-02
8.281527707974116470e-02
8.327374855677287246e-02
8.246925473213195801e-02
8.165612568457920883e-02
8.446535964806874131e-02
8.451520651578903198e-02
8.407569676637649536e-02
8.321298410495121811e-02
8.288622399171192978e-02
8.273139099280039932e-02
8.428890258073806763e-02
8.317803094784419204e-02
8.354086677233378555e-02
8.285566916068394516e-02
8.535155405600865219e-02
8.291465789079666138e-02
8.312214414278666641e-02
8.285418897867202759e-02
8.258014420668284561e-02
8.291441947221755981e-02
8.417951067288716172e-02
8.451675375302632187e-02
8.303673565387725830e-02
8.357389519611994888e-02
8.194991946220397949e-02
8.469000210364659165e-02
8.437682191530863907e-02
8.343371997276942398e-02
8.417498568693797256e-02
8.347665766874949600e-02
8.555650214354197647e-02
8.322085440158843994e-02
8.291224390268325806e-02
8.196485042572021484e-02
8.393831054369609024e-02
8.334064235289891098e-02
8.389630168676376343e-02
8.268273621797561646e-02
8.269924173752467300e-02
8.316067854563395645e-02
8.451459060112635757e-02
8.392487466335296631e-02
8.325629929701487686e-02
8.207829793294270371e-02
8.314944058656692505e-02
8.296056340138117935e-02
8.317315578460693359e-02
8.353085567553837631e-02
8.228779087464015152e-02
8.428079138199488785e-02
8.468286941448847915e-02
8.159885307153065537e-02
8.193356295426686142e-02
8.397110551595687866e-02
8.432743450005848740e-02
8.295776198307673599e-02
8.373535424470901489e-02
8.294160912434260513e-02
8.209674805402755737e-02
8.185250312089920044e-02
8.508191257715225220e-02
8.442803472280502319e-02
8.493213603893916275e-02
8.411413679520289566e-02
8.339066058397293091e-02
8.388810604810714722e-02
8.385819445053736831e-02
8.369872470696766709e-02
8.412881940603256226e-02
8.331092198689778183e-02
8.407721916834513809e-02
8.283113439877827500e-02
8.311000963052113388e-02
8.404118319352467392e-02
8.254883935054142807e-02
8.260698864857356216e-02
8.416927605867385864e-02
8.347775787115097046e-02
8.256424963474273682e-02
8.228226751089096069e-02
8.302264660596847534e-02
8.390018343925476074e-02
8.271654446919758652e-02
8.518120149771372940e-02
8.254443357388178970e-02
8.379035939772923325e-02
8.324191470940907334e-02
8.317880580822627212e-02
8.221235126256942749e-02
8.345013608535130356e-02
8.226090421279270981e-02
8.373667051394780014e-02
8.318926890691120957e-02
8.308686316013336182e-02
8.366617312033970688e-02
8.406554410854975845e-02
8.257908125718434189e-02
8.458420634269714355e-02
8.475520958503086899e-02
8.372490853071212769e-02
8.299566060304641724e-02
8.491585900386174057e-02
8.260650436083476211e-02
8.286889890829722549e-02
