6.158274173736572266e+00
1.290040254592895508e+00
4.508478840192158832e-01
1.796269615491231375e-01
1.919359117746353149e-01
1.747454404830932617e-01
1.886482785145441599e-01
1.734054932991663522e-01
1.786055465539296561e-01
1.715785264968872070e-01
1.766573737064997263e-01
1.729224274555841989e-01
1.711493680874506540e-01
1.695549537738164358e-01
1.725717484951019287e-01
1.694287955760955811e-01
1.725732634464899606e-01
1.694684376319249564e-01
1.743418474992116385e-01
1.710503250360488892e-01
1.709914753834406442e-01
1.735632071892420358e-01
1.744252890348434448e-01
1.752232561508814401e-01
1.754338939984639578e-01
1.744500249624252319e-01
1.736438522736231393e-01
1.759805778662363596e-01
1.756990601619084769e-01
1.720829804738362723e-01
1.710819005966186523e-01
1.734105944633483887e-01
1.679517080386479788e-01
1.668783575296401978e-01
1.682394097248713083e-01
1.631349871555964059e-01
1.610463410615921021e-01
1.622946163018544607e-01
1.579748789469400949e-01
1.515090664227803641e-01
1.543837636709213257e-01
1.519743303457895822e-01
1.451934874057769775e-01
1.428446123997370309e-01
1.413300683101018362e-01
1.391634245713551932e-01
1.341851303974787302e-01
1.350856870412826538e-01
1.292974998553594046e-01
1.288982778787612915e-01
1.224561557173728943e-01
1.220991288622220311e-01
1.165274779001871791e-01
1.212200944622357640e-01
1.170592606067657471e-01
1.118187283476193700e-01
1.071040158470471654e-01
1.067288865645726476e-01
1.026616642872492519e-01
1.004433656732241359e-01
9.677719821532566880e-02
9.724574039379756119e-02
9.752968202034632828e-02
9.147204210360844467e-02
9.211250642935435440e-02
8.666966110467910767e-02
8.389468491077423096e-02
8.346873770157496597e-02
8.604262024164199829e-02
8.268995583057403564e-02
8.460418134927749634e-02
7.887953768173854019e-02
7.872971147298812866e-02
7.614848266045252945e-02
7.629119108120600845e-02
7.340574264526367188e-02
7.191924750804901123e-02
8.001440266768138077e-02
7.382458696762721206e-02
7.524218410253524780e-02
7.607478896776835586e-02
7.577302306890487671e-02
7.602276404698689316e-02
7.506440331538517807e-02
7.538079470396041870e-02
7.592773189147312973e-02
7.511000831921894882e-02
7.252342502276103164e-02
7.608287036418914795e-02
7.557960848013560440e-02
7.740334421396255493e-02
7.306166862448056076e-02
7.350933551788330078e-02
7.839042693376541138e-02
7.108449687560398911e-02
7.879048585891723633e-02
7.588772475719451904e-02
7.105348507563273575e-02
7.259669279058773850e-02
7.808736215035121109e-02
7.204675426085789536e-02
7.279853522777557373e-02
7.405465096235275269e-02
7.178153345982234146e-02
7.482591023047764633e-02
7.338296870390574600e-02
7.452231148878733780e-02
7.067114238937695359e-02
7.394193112850189209e-02
7.480031748612721298e-02
7.440053423245747422e-02
7.401549816131591797e-02
7.234202076991398667e-02
7.339531431595484878e-02
7.474455237388610840e-02
7.224545131127040054e-02
7.129782438278198242e-02
7.387377570072810318e-02
7.453313469886779785e-02
7.409603645404179428e-02
7.459088414907455444e-02
7.354421913623809814e-02
7.217795401811599731e-02
7.462288935979206894e-02
7.015828664104144241e-02
7.179323335488636826e-02
7.472015172243118286e-02
7.445343832174937393e-02
7.495708018541336060e-02
7.431121915578842163e-02
7.276724527279536392e-02
7.273178299268086289e-02
7.277926554282505844e-02
7.488840818405151367e-02
7.394228378931681778e-02
7.355331629514694214e-02
7.398188114166259766e-02
7.446758449077606201e-02
7.180403172969818115e-02
7.224940508604049683e-02
7.335976759592692520e-02
7.471303145090739395e-02
7.454943408568699692e-02
7.067712148030598496e-02
7.286932071050007675e-02
7.242963214715321396e-02
7.029388224085171555e-02
7.108717039227485657e-02
7.357150067885716294e-02
7.315998524427413940e-02
7.432415088017781113e-02
7.428622494141261245e-02
6.939375400543212891e-02
7.486542810996373032e-02
7.475668440262477066e-02
7.188934832811355591e-02
7.357152303059895371e-02
7.325172672669093277e-02
7.299049446980158951e-02
7.153595487276713516e-02
7.531789193550746109e-02
7.209126651287078857e-02
7.202957818905512954e-02
7.097305233279864456e-02
7.285405198733012344e-02
7.474482804536819458e-02
7.538307954867680405e-02
7.295824835697810318e-02
7.116601616144180298e-02
7.423541198174159195e-02
7.258183260758717392e-02
7.179392377535502578e-02
7.363942762215931748e-02
7.147456208864848282e-02
7.531784971555073593e-02
7.295970370372135971e-02
7.125895222028096054e-02
7.211371883749961853e-02
7.162380218505859375e-02
7.229964807629585266e-02
7.482833663622538711e-02
7.417077074448268081e-02
7.288958008090655472e-02
7.255362967650096084e-02
7.122860103845596313e-02
7.385857403278350830e-02
7.271578162908554077e-02
7.303706059853236343e-02
7.141595333814620972e-02
7.315507779518763687e-02
7.202713439861933853e-02
7.629390060901641846e-02
7.277852545181910660e-02
7.152695705493290756e-02
7.260100295146305893e-02
7.454048097133636475e-02
7.498631378014881943e-02
7.358238597710926865e-02
7.642617324988047744e-02
7.494151592254638672e-02
7.224353899558384751e-02
7.152526825666427612e-02
7.261326909065246582e-02
7.286232958237330581e-02
7.303090145190556381e-02
7.243546595176060532e-02
7.135861118634541367e-02
7.319923738638560440e-02
7.185047616561253403e-02
7.284841686487197876e-02
7.353951285282771255e-02
7.295708358287811279e-02
7.416399071613948013e-02
7.225973159074783325e-02
7.375810792048771714e-02
7.056241855025291443e-02
7.308804740508396958e-02
7.432766507069270279e-02
7.139873007933299209e-02
7.319273054599761963e-02
7.268906881411869858e-02
7.448726395765940811e-02
7.197090859214465286e-02
7.580220699310302734e-02
7.447199275096257065e-02
7.428091267744700577e-02
7.441141456365585327e-02
7.275789479414622452e-02
7.239670058091481064e-02
7.608864208062489365e-02
7.355789591868718003e-02
7.343593984842300415e-02
7.198414454857508804e-02
7.493427892525990341e-02
7.412274926900863647e-02
7.315204292535781860e-02
7.319415360689163208e-02
7.454133282105128433e-02
7.321675618489582871e-02
7.378219813108444214e-02
7.204085960984230042e-02
7.503348340590794419e-02
7.538579652706782486e-02
7.890357946356137131e-02
7.353355238835017349e-02
7.214526087045669556e-02
7.369899253050486709e-02
7.224984218676884506e-02
7.504898309707641602e-02
7.237530251344044541e-02
7.319752126932144165e-02
7.279592752456665039e-02
7.570178558429081772e-02
7.615357885758082535e-02
7.459630568822224472e-02
7.282088945309321548e-02
7.523773113886515762e-02
7.524100691080093384e-02
7.541833817958831787e-02
7.245173056920369004e-02
7.316957414150238037e-02
7.220711559057235718e-02
7.687792430321375992e-02
7.179692884286244248e-02
7.242555171251296997e-02
7.355048259099324082e-02
7.466575006643931534e-02
7.521535704533259536e-02
7.442012429237365723e-02
7.293495784203211929e-02
7.478887339433033798e-02
7.559380183617274429e-02
7.359931866327922012e-02
7.479190578063328598e-02
7.635311782360076904e-02
7.189217333992321823e-02
7.418120652437210083e-02
7.347668955723445083e-02
7.105478147665660049e-02
7.556956013043721054e-02
7.619400570789973404e-02
7.327126214901606704e-02
7.386632512013117935e-02
7.358113427956898545e-02
7.569560160239537094e-02
7.505799333254496719e-02
7.460372646649678086e-02
7.473786920309066772e-02
7.359806448221206665e-02
7.543940842151641846e-02
7.218867292006810044e-02
7.533044864734013413e-02
7.461991161108016968e-02
7.606262465318043564e-02
7.217124228676159714e-02
7.338344554106394912e-02
7.366222639878590439e-02
7.183650632699330185e-02
7.475707183281581070e-02
7.296030720074971054e-02
7.518513997395832871e-02
7.576968520879745483e-02
7.172506675124168396e-02
7.467696070671081543e-02
7.519039263327916001e-02
7.604408760865528916e-02
7.349746922651927139e-02
7.561409970124562119e-02
7.295905798673629761e-02
7.633916288614273071e-02
7.376310477654139663e-02
7.672117898861567642e-02
7.218021526932716370e-02
7.546289513508479263e-02
7.625313848257064819e-02
7.255858803788821365e-02
7.301865766445796158e-02
7.334065437316894531e-02
7.248893131812413071e-02
7.451527814070384170e-02
7.619321097930271958e-02
7.401903718709945679e-02
7.471500833829243515e-02
7.459072520335514878e-02
7.585861533880233765e-02
7.414819300174713135e-02
7.370411852995555069e-02
7.604533682266871597e-02
7.827173173427581787e-02
7.830186188220977783e-02
7.785822202761967514e-02
7.802511751651763916e-02
7.367802908023197983e-02
7.365618894497553970e-02
7.433865964412689209e-02
7.693055520455042984e-02
7.609393199284870957e-02
7.173271973927815293e-02
7.472828527291615341e-02
7.460296402374903824e-02
7.437693327665328979e-02
7.352842638889948990e-02
7.557889819145202637e-02
7.837330301602681015e-02
7.636609425147374008e-02
7.270748292406399582e-02
7.774450629949569702e-02
7.623790204524993896e-02
7.573683311541874741e-02
7.587859531243641709e-02
7.453476140896479751e-02
7.383617510398228501e-02
7.453769445419311523e-02
7.387247433265049790e-02
7.413594673077265884e-02
7.479458550612132217e-02
7.641204943259556626e-02
7.322736581166584824e-02
7.705872009197871353e-02
7.269218315680821274e-02
7.658493518829345703e-02
7.260576759775479172e-02
7.601352035999298096e-02
7.261969397465388443e-02
7.391296575466792251e-02
7.519507408142089844e-02
7.502247889836628769e-02
7.489792257547378540e-02
7.820314913988113403e-02
7.554179926713307236e-02
7.754002014795939590e-02
7.389892141024272110e-02
7.361534734567005966e-02
7.697140673796336319e-02
7.553606480360031128e-02
7.357677072286605835e-02
7.528674354155857895e-02
7.351549963156382705e-02
7.725536326567332412e-02
7.596768935521443222e-02
7.512259731690089370e-02
7.315362989902496338e-02
7.640051593383152817e-02
7.334088037411372329e-02
7.551378011703491211e-02
7.601431757211685181e-02
7.608709981044133042e-02
7.529820501804351807e-02
7.534311960140864517e-02
7.246777291099230911e-02
7.639709611733754013e-02
7.600326836109161377e-02
7.128684471050898697e-02
7.455498725175857544e-02
7.465594758590061997e-02
7.450457662343978882e-02
7.709147036075592041e-02
7.544726133346557617e-02
7.405100266138713028e-02
7.494255652030308579e-02
7.632605483134587143e-02
7.461328804492950439e-02
7.193177441755931045e-02
7.878418515125910904e-02
7.849959532419840957e-02
7.485773662726084854e-02
7.303500051299731399e-02
7.331050932407379150e-02
7.742070655028025772e-02
7.539592931667964126e-02
7.694881906112034653e-02
7.681745290756225586e-02
7.799247403939564560e-02
7.641397168238957260e-02
7.517648488283157349e-02
7.514009624719619751e-02
7.418041924635569717e-02
7.522513469060261582e-02
7.301468029618263245e-02
7.553608963886897232e-02
7.629669209321339463e-02
7.549672822157542373e-02
7.598812381426493789e-02
7.467196136713027954e-02
7.491086175044377182e-02
7.602261006832122803e-02
7.672975460688273575e-02
7.455406337976455688e-02
7.351710150639216568e-02
7.805930823087692261e-02
7.557173569997151230e-02
7.390821725130081177e-02
7.354815304279327393e-02
7.765702158212661743e-02
7.413447896639506485e-02
7.425994674364726211e-02
7.631235321362812851e-02
7.627450178066889908e-02
7.544288039207458496e-02
7.655321558316548203e-02
7.596835742394129898e-02
7.626151045163472031e-02
7.616259406010310318e-02
7.651376724243164062e-02
7.741728673378626968e-02
7.493599752585093643e-02
7.704427838325500488e-02
7.530995458364486694e-02
7.401012877623240616e-02
7.559890051682789658e-02
7.713893552621205185e-02
7.379672676324844360e-02
7.446978737910588120e-02
7.706812024116516113e-02
7.755766063928604126e-02
7.261684288581211899e-02
7.277360806862513687e-02
7.373936971028645371e-02
7.623144487539927627e-02
7.574203362067540024e-02
7.378754019737243652e-02
7.633073379596073960e-02
7.631788651148478653e-02
7.560780147711436416e-02
7.790268709262211655e-02
7.767060895760853623e-02
7.424879322449366714e-02
7.858488212029139663e-02
7.573070128758747910e-02
7.414473841587702896e-02
7.469349602858225967e-02
7.787271092335383560e-02
7.264798507094383240e-02
7.565610110759735107e-02
7.739003250996272232e-02
7.727770258982975815e-02
7.684876273075740005e-02
7.229609414935112000e-02
7.559159894784291123e-02
7.307066768407821655e-02
7.809421171744664047e-02
7.566034297148387100e-02
7.857014735539753769e-02
7.650418579578399658e-02
7.593446224927902222e-02
7.249752059578895569e-02
7.566742599010467529e-02
7.572465389966964722e-02
7.408434649308522080e-02
7.617935289939244126e-02
7.645378013451893662e-02
7.382329553365707397e-02
7.530423253774642944e-02
7.496379315853118896e-02
7.303767527143160965e-02
7.516382386287052964e-02
7.506968826055526733e-02
7.691550751527150009e-02
7.625543077786763047e-02
7.556694000959396362e-02
7.488661756118138169e-02
7.644276817639668320e-02
7.556713124116261338e-02
7.499635716279347275e-02
7.906146844228108261e-02
7.433191438515980576e-02
7.506753255923588608e-02
7.580687105655670166e-02
7.696003466844558716e-02
7.522380352020263672e-02
7.692164927721023560e-02
7.805120944976806641e-02
7.584776480992634629e-02
7.506991426150004532e-02
7.742106914520263672e-02
7.538329313198725845e-02
7.491072018941243027e-02
7.575917989015579224e-02
7.368137190739314224e-02
7.364202787478764389e-02
7.379352053006489609e-02
7.488678395748138428e-02
7.687273373206456040e-02
7.798467079798380996e-02
7.541540265083312988e-02
7.437348614136378433e-02
7.284921159346897934e-02
7.690086215734481812e-02
7.684804002443949844e-02
7.220573102434475754e-02
7.556069145600001480e-02
7.492052018642425537e-02
7.937371482451756333e-02
7.394354293743769790e-02
7.626831283171971176e-02
7.470487554868061875e-02
7.611911247173945572e-02
7.483763744433720444e-02
7.590887198845545913e-02
7.756672799587249756e-02
7.722549637158711289e-02
7.439548273881275986e-02
7.868678371111552383e-02
7.500663151343663071e-02
7.495308170715968277e-02
7.530835519234339859e-02
7.554884999990463257e-02
7.356794923543930054e-02
7.475661486387252808e-02
7.595940927664439346e-02
7.587504635254542495e-02
7.594476640224456787e-02
7.661679883797962998e-02
7.729373623927433823e-02
7.590898623069126938e-02
7.727142920096714829e-02
7.618918766578038071e-02
7.618546485900878906e-02
7.673493276039759781e-02
7.551842679580052231e-02
7.619014879067738388e-02
7.650807996590931748e-02
7.629936436812083389e-02
7.573542743921279907e-02
7.847980409860610962e-02
7.879328231016795303e-02
7.783383131027221680e-02
7.391991714636485244e-02
7.541511456171672012e-02
7.596088697512944077e-02
7.485835254192352295e-02
7.503190884987513687e-02
7.507983346780140732e-02
7.746614019076029922e-02
7.517933845520019531e-02
7.666895538568496704e-02
7.483918219804763794e-02
7.521695643663406372e-02
7.368031640847523545e-02
7.443517198165257309e-02
7.466973861058552597e-02
7.155740385254223679e-02
7.937413454055786133e-02
7.566561798254649307e-02
7.607088734706242417e-02
7.407308866580326889e-02
7.458656529585520889e-02
7.587225486834843491e-02
7.701859623193740845e-02
7.681974520285923813e-02
7.273523385326068069e-02
7.688341041405995224e-02
7.794372489054997299e-02
7.267145439982414246e-02
7.326920206348101761e-02
7.330904280145962570e-02
7.802496105432510376e-02
7.537233084440231323e-02
7.552859932184219360e-02
7.532030344009399414e-02
7.843662798404693604e-02
7.549138118823368881e-02
7.612132032712300156e-02
7.511399934689204361e-02
7.446553309758503769e-02
7.696582625309626724e-02
7.542841881513595581e-02
7.668976237376530503e-02
7.531348615884780884e-02
7.947768022616703842e-02
7.532936334609985352e-02
7.435704767704010010e-02
7.847137749195098877e-02
7.591691861550013687e-02
7.650735229253768921e-02
7.779958844184875488e-02
7.609344273805618286e-02
7.863365858793258667e-02
7.501565416653950547e-02
7.769898821910221909e-02
7.601976643006007339e-02
7.711004962523777817e-02
7.793338348468144272e-02
7.484176506598790024e-02
7.554450879494349624e-02
7.706573357184727524e-02
7.615012675523757935e-02
7.438194255034129287e-02
7.809341450532276963e-02
7.518713672955830429e-02
7.743989427884419297e-02
7.361339156826336716e-02
7.341136659185092117e-02
7.554980864127476547e-02
7.625296215216319229e-02
7.666212568680445816e-02
7.485985259215037491e-02
7.455383489529292251e-02
7.788885881503422592e-02
7.575278977553050186e-02
7.556499540805816650e-02
7.257801915208499099e-02
7.506934801737467911e-02
7.405509303013484146e-02
7.382811605930328369e-02
7.611717532078425552e-02
7.469234118858973648e-02
7.423534989356994629e-02
7.915054510037104751e-02
7.756263514359791611e-02
7.550590485334396362e-02
7.492998739083607529e-02
7.510059575239817764e-02
7.636026044686634873e-02
7.439328481753666733e-02
7.388917853434880112e-02
7.595198601484298706e-02
7.679109772046406601e-02
7.456510265668232773e-02
7.333640009164810181e-02
7.461047917604446411e-02
7.701633373896281387e-02
7.590632140636444092e-02
7.469596713781356812e-02
7.461278140544891357e-02
7.592867563168208267e-02
7.514929523070652817e-02
7.557472089926402237e-02
7.634335011243820190e-02
7.725005100170771744e-02
7.528379559516906738e-02
7.466790825128555298e-02
7.903498411178588867e-02
7.674530645211537216e-02
7.696276654799778794e-02
7.787943134705226089e-02
7.503387331962585449e-02
7.552828639745712280e-02
7.595626016457875107e-02
7.613062610228855942e-02
7.721640169620513916e-02
7.482586055994033813e-02
7.551949967940647934e-02
7.718104372421900894e-02
7.683903475602467392e-02
7.632346451282501221e-02
7.581605017185211182e-02
7.684661199649174546e-02
7.502791161338488723e-02
7.522135476271311905e-02
7.593179494142532349e-02
7.526076833407084610e-02
7.702505836884181167e-02
7.704387356837590073e-02
7.618904610474903916e-02
7.647317151228587295e-02
7.715212057034175064e-02
7.751723130544026230e-02
7.505892465511958267e-02
7.555219779411952163e-02
7.913033912579219009e-02
7.572360336780548096e-02
7.553108781576156616e-02
7.670018573602040146e-02
7.667376597722370957e-02
7.525296260913212631e-02
7.589990397294361923e-02
7.499476025501887466e-02
7.386650641759236191e-02
7.737469424804051255e-02
7.914272695779800415e-02
7.470995436112086441e-02
7.523918648560841416e-02
7.570571204026539658e-02
7.585870971282322739e-02
7.723576575517654419e-02
7.721670220295588638e-02
7.428306092818577622e-02
7.715505361557006836e-02
7.581224044164021347e-02
7.751853764057159424e-02
8.014591286579768326e-02
7.459863771994908188e-02
7.670718928178150986e-02
7.800154139598210190e-02
7.703762998183567856e-02
7.689867913722991943e-02
7.075353587667147781e-02
7.645858079195022583e-02
7.757354527711868286e-02
7.844719414909680222e-02
7.517070819934208725e-02
7.590558379888534546e-02
7.650579512119293213e-02
7.451446106036503647e-02
7.857735455036163330e-02
7.459702591101328994e-02
7.549321651458740234e-02
7.581939051548640396e-02
7.501846303542454575e-02
7.598408311605453491e-02
7.721618562936782837e-02
7.621886332829792832e-02
7.691280047098796036e-02
7.948089390993118286e-02
7.698387900988261368e-02
7.396047065655390884e-02
7.386787235736846924e-02
7.778063664833705093e-02
7.893243680397669937e-02
7.705429941415786743e-02
7.567653059959411621e-02
7.804774492979049683e-02
7.721800605456034805e-02
7.495717952648799087e-02
7.459732890129089355e-02
7.765544702609379624e-02
7.544839878877003525e-02
7.352547223369280960e-02
7.392725348472595215e-02
7.616042842467625473e-02
7.810155302286148071e-02
7.388293743133544922e-02
7.709238926569621231e-02
7.466461757818858291e-02
7.638622572024662827e-02
7.514743258555729721e-02
7.480342934528987076e-02
7.488399992386500503e-02
7.500091195106506348e-02
7.527841379245121811e-02
7.490986337264378403e-02
7.572048157453536987e-02
7.556533316771189834e-02
7.632863273223240708e-02
7.378780345122019912e-02
7.529106487830479477e-02
7.653309156497319077e-02
7.791871329148609970e-02
7.651640723148982193e-02
7.687079906463623047e-02
7.573156555493672226e-02
7.686070849498112534e-02
7.727596412102381851e-02
7.542492573459942673e-02
7.773264249165852402e-02
7.656173159678776596e-02
7.713762919108073379e-02
7.517553617556889389e-02
7.654107113679249619e-02
7.573759555816650391e-02
7.612691322962443496e-02
7.332987214128176834e-02
8.068866531054179336e-02
7.634271432956059311e-02
7.538972049951553345e-02
7.553910712401072647e-02
7.476355135440826416e-02
7.614730795224507187e-02
7.460862398147583008e-02
7.857206712166468765e-02
7.530609269936879013e-02
7.430010785659153794e-02
7.336203381419181824e-02
7.672175268332163955e-02
7.770301401615142822e-02
7.555076728264491226e-02
7.465229431788127090e-02
7.648296902577082779e-02
7.539134224255879257e-02
7.711618890364964340e-02
7.582760353883107041e-02
7.657715181509654190e-02
7.679524769385655258e-02
7.587497184673945572e-02
7.427566001812617447e-02
7.741994162400563095e-02
7.516387850046157837e-02
7.610041399796803330e-02
7.497673481702804565e-02
7.482960075139999390e-02
7.619241128365199234e-02
7.564497739076614380e-02
7.503581047058105469e-02
7.774631430705387924e-02
7.692094643910725449e-02
7.642111430565516617e-02
7.439784208933512832e-02
7.733444869518280029e-02
7.626754293839137222e-02
7.640264928340911865e-02
7.359389588236808777e-02
7.696006695429484512e-02
7.481038570404052734e-02
7.465294251839320328e-02
7.455046474933624268e-02
7.554823656876881455e-02
7.584757109483082627e-02
7.463652143875758316e-02
7.845206807057063247e-02
7.695744434992472793e-02
7.818065583705902100e-02
7.780837764342625473e-02
7.620682815710703994e-02
7.580142468214035034e-02
7.412199179331462051e-02
7.663642863432566787e-02
7.597170770168304443e-02
7.554917534192402695e-02
7.769181330998738144e-02
7.859767228364944458e-02
7.787296175956726074e-02
7.637797296047210693e-02
7.836736987034480240e-02
7.839086155096690323e-02
7.683379451433818008e-02
7.380876441796620224e-02
8.098791291316349839e-02
7.428019990523655747e-02
7.689093550046284531e-02
7.517409076293309067e-02
7.573451350132624771e-02
7.744110375642776489e-02
7.715561240911483765e-02
7.320697481433550979e-02
7.630070547262828018e-02
7.516441742579142715e-02
7.650828609863917495e-02
7.765444368124008179e-02
7.394054283698399399e-02
7.709163179000218247e-02
7.969660063584645127e-02
7.676179458697636460e-02
7.587376236915588379e-02
7.723412414391835068e-02
7.816215356190998886e-02
7.763671626647312973e-02
7.330954199035961960e-02
7.493069767951965332e-02
7.396708428859710693e-02
7.664501418670018051e-02
7.500816384951274063e-02
7.612791905800501968e-02
7.705911745627720688e-02
7.473429044087727402e-02
7.601865132649739121e-02
7.769645502169926499e-02
7.628299792607624863e-02
7.743666817744572495e-02
7.410760720570881699e-02
7.538157949844996597e-02
7.594617456197738647e-02
7.748767485221226547e-02
7.809905707836151123e-02
7.518508533636729385e-02
7.886456201473872329e-02
7.491465161244074966e-02
7.554558912913005020e-02
7.429693887631098892e-02
7.295695195595423843e-02
7.865195473035176132e-02
7.809070497751235962e-02
7.693678140640258789e-02
7.531193147102992203e-02
7.507113864024479721e-02
7.570128142833709717e-02
7.827044775088627671e-02
7.564155012369155884e-02
7.607790082693099976e-02
7.494957000017166138e-02
8.017888665199279785e-02
7.592247178157170151e-02
7.541922231515248154e-02
7.512520253658294678e-02
7.463016857703526352e-02
7.512967040141423081e-02
7.804139455159504746e-02
7.792524248361587524e-02
7.512865215539932251e-02
7.606806606054306030e-02
7.435563206672668457e-02
7.801967114210128784e-02
7.780838757753372192e-02
7.597504307826359604e-02
7.805882642666499283e-02
7.604491959015528824e-02
8.082278072834014893e-02
7.569554448127746582e-02
7.493764162063598633e-02
7.334146896998088028e-02
7.678940147161483765e-02
7.592892646789550781e-02
7.689476261536280777e-02
7.465664297342300415e-02
7.484377175569534302e-02
7.558024426301319931e-02
7.801707834005355835e-02
7.682484139998753403e-02
7.558088749647140503e-02
7.352127631505329941e-02
7.519512375195820664e-02
7.527093837658564712e-02
7.537639389435450699e-02
7.620562364657719467e-02
7.403766860564549301e-02
7.755506038665771484e-02
7.840355734030406143e-02
7.302584747473399307e-02
7.326287776231765747e-02
7.659099747737248276e-02
7.780193785826365616e-02
7.621800402800242569e-02
7.721453656752903794e-02
7.509442170461018418e-02
7.373602688312530518e-02
7.423023879528045654e-02
7.872269550959269668e-02
7.770369450251261856e-02
7.855453838904698227e-02
7.690069824457168579e-02
7.605129728714625503e-02
7.761791100104649399e-02
7.692599296569824219e-02
7.650470981995265152e-02
7.833831508954365586e-02
7.569621503353118896e-02
7.692287862300872803e-02
7.529807339111964370e-02
7.518966495990753174e-02
7.821069161097209121e-02
7.438207914431889389e-02
7.436279704173405503e-02
7.731475432713826035e-02
7.668673247098922729e-02
7.440275947252909805e-02
7.493710269530613755e-02
7.521944244702656601e-02
7.665694753328959610e-02
7.506617903709411621e-02
7.911116133133570816e-02
7.451313982407252456e-02
7.725646595160166885e-02
7.579723745584487915e-02
7.556083550055821274e-02
7.407051324844360352e-02
7.598146299521128799e-02
7.389667381842930649e-02
7.720933854579925537e-02
7.547311981519062851e-02
7.565898448228836060e-02
7.664923618237177994e-02
7.717629522085189819e-02
7.451956470807392929e-02
7.832818478345870972e-02
7.921529809633891250e-02
7.634100069602330063e-02
7.548504074414570664e-02
7.956096281607945297e-02
7.453130433956782486e-02
7.492644588152568008e-02
