7.215871906280517223e+00
1.469029338657855899e+00
3.819219559431076272e-01
2.202040076255798451e-01
1.756008222699165233e-01
1.622022137045860402e-01
1.519769325852394215e-01
1.429036721587181036e-01
1.326601065695285908e-01
1.215445689857006101e-01
1.117593124508857727e-01
1.020673505961895017e-01
9.300982877612114230e-02
8.487308658659457883e-02
7.785773985087870996e-02
7.333361245691775998e-02
6.992309950292110998e-02
6.723588556051254828e-02
6.457223035395145971e-02
6.215614788234233995e-02
6.039999350905418674e-02
5.819688104093075076e-02
5.598623789846897403e-02
5.375227741897106032e-02
5.155162177979945998e-02
4.940337333828211108e-02
4.660361148416995725e-02
4.436189848929643353e-02
4.204068277031183104e-02
3.990672361105680743e-02
3.803173210471868376e-02
3.649277016520500322e-02
3.479629550129174909e-02
3.311051595956086835e-02
3.197031915187835416e-02
3.069517426192760329e-02
2.982419282197952201e-02
2.924181576818227907e-02
2.811224255710840364e-02
2.734684925526380608e-02
2.694396106526255469e-02
2.638482907786965370e-02
2.597226593643426826e-02
2.541775591671466966e-02
2.469957182183861802e-02
2.387257134541869233e-02
2.359160529449582169e-02
2.355934092774987151e-02
2.256101183593273163e-02
2.210722174495458742e-02
2.179428478702902933e-02
2.113222023472189834e-02
2.075778888538479944e-02
2.032015919685363839e-02
2.003782801330089569e-02
1.961584873497486045e-02
1.924970839172601700e-02
1.886782031506300042e-02
1.874804813414811949e-02
1.857278216630220413e-02
1.829463103786110878e-02
1.943140355870127609e-02
1.859311675652861734e-02
1.768660517409443786e-02
1.733636045828461716e-02
1.701188329607248445e-02
1.675924621522426744e-02
1.647060541436076025e-02
1.647412134334445138e-02
1.700876154936849932e-02
1.695482423529028754e-02
1.644755578599870274e-02
1.619255393743514876e-02
1.607189844362437794e-02
1.602508984506130149e-02
1.554646519944071804e-02
1.522664627991616657e-02
1.515180878341198037e-02
1.507160286419093574e-02
1.517853611148893903e-02
1.619013277813792159e-02
1.758424732834100793e-02
1.564193209633231094e-02
1.603134041652083328e-02
1.550488919019699097e-02
1.495835175737738644e-02
1.428196169435977901e-02
1.432374501600861515e-02
1.421509617939591477e-02
1.395958526991307805e-02
1.377779813483357395e-02
1.382245267741382191e-02
1.395545005798339878e-02
1.385579309426248143e-02
1.347124264575541054e-02
1.353346491232514451e-02
1.395770772360265324e-02
1.355919516645371845e-02
1.336259450763463939e-02
1.331785982474684681e-02
1.314058052375912701e-02
1.289140591397881438e-02
1.280581033788621460e-02
1.276884693652391434e-02
1.276922910474240745e-02
1.275015566498041188e-02
1.271792058832943439e-02
1.266096995677798952e-02
1.269654030911624397e-02
1.268402184359729290e-02
1.254226812161505188e-02
1.251023933291435172e-02
1.257954807952046429e-02
1.244743992574512924e-02
1.238842704333364964e-02
1.235129244159907137e-02
1.230230298824608326e-02
1.225167401134967873e-02
1.234629559330642154e-02
1.238632132299244404e-02
1.223689389880746638e-02
1.217299699783325195e-02
1.208501569926738808e-02
1.213599550537764957e-02
1.210764450952410767e-02
1.201679739169776370e-02
1.196751138195395470e-02
1.195159619674086501e-02
1.183769106864929199e-02
1.185264191590249504e-02
1.182482056319713627e-02
1.175115231890231336e-02
1.171004828065633739e-02
1.167977936565875972e-02
1.171516159083694185e-02
1.168760252185165917e-02
1.160042111296206643e-02
1.149608518462628091e-02
1.148892028722912038e-02
1.146338968537747791e-02
1.139079150743782520e-02
1.148013425990939210e-02
1.137780146673321793e-02
1.131408300716429949e-02
1.126155832316726516e-02
1.124369129538536037e-02
1.118099647574126790e-02
1.114946911111474107e-02
1.112443194724619354e-02
1.107173706404864823e-02
1.104542929679155384e-02
1.102556744590401684e-02
1.103783589787781308e-02
1.103297637309879134e-02
1.097356767859309842e-02
1.093754004687070777e-02
1.100009195506572793e-02
1.092850835993885994e-02
1.079394128173589637e-02
1.081031246576458216e-02
1.073353115934878518e-02
1.068800364155322348e-02
1.073159971274435451e-02
1.069908284116536344e-02
1.066594296135008405e-02
1.064504086971282924e-02
1.066861806903034518e-02
1.062598600983619655e-02
1.065779423806816409e-02
1.058576658833771875e-02
1.054787433240562608e-02
1.050729325506836141e-02
1.061052444856613874e-02
1.058552251197397709e-02
1.035411243792623212e-02
1.033240570686757599e-02
1.034369082190096309e-02
1.031105876900255749e-02
1.029347954317927361e-02
1.028084098361432483e-02
1.030166216660290991e-02
1.029539112932980130e-02
1.025915422942489351e-02
1.012515120673924615e-02
1.014305301941931248e-02
1.011674813926219905e-02
1.012946069240570034e-02
1.035425045993179118e-02
1.019257595762610401e-02
1.007519713602960179e-02
1.004362788517028024e-02
9.981437935493886471e-03
1.006734075490385225e-02
1.004757829941809247e-02
9.958581486716865799e-03
9.908632375299930573e-03
9.981289505958557129e-03
9.904534625820814869e-03
9.860490378923714855e-03
9.859525994397700527e-03
9.835899830795824875e-03
9.784643934108317592e-03
9.750626538880169739e-03
9.721991466358303677e-03
9.715470112860202442e-03
9.704181784763931881e-03
9.710202435962855469e-03
9.711541375145316471e-03
9.684220026247202656e-03
9.650659398175776005e-03
9.666867926716804851e-03
9.645632375031710018e-03
9.669800521805882454e-03
9.649644116871058594e-03
9.645236330106854786e-03
9.634090424515306256e-03
9.662990621291101673e-03
9.590567555278539658e-03
9.567642374895513405e-03
9.582510194741189133e-03
9.572062129154800675e-03
9.562252182513475071e-03
9.561150753870605729e-03
9.506193385459483364e-03
9.513795957900583744e-03
9.512801165692507874e-03
9.518367121927440166e-03
9.521696879528463581e-03
9.466749522835016598e-03
9.464093623682856907e-03
9.451283421367407539e-03
9.433042956516146660e-03
9.456189780030399908e-03
9.417139110155403614e-03
9.455513884313404213e-03
9.417720860801637520e-03
9.406575444154441010e-03
9.420034266076982368e-03
9.392387524712830782e-03
9.348335838876665332e-03
9.339991840533912182e-03
9.374349750578403820e-03
9.325925121083855282e-03
9.350119275040924549e-03
9.324040589854120861e-03
9.283598093315959671e-03
9.370440570637583039e-03
9.320246079005301346e-03
9.257954079657793045e-03
9.265783498995006431e-03
9.207046288065613010e-03
9.205593261867761612e-03
9.212919161655008793e-03
9.202747372910380363e-03
9.227838786318897507e-03
9.197538043372333397e-03
9.235820500180125237e-03
9.176192642189561627e-03
9.184833313338459232e-03
9.137109061703086246e-03
9.121588710695505836e-03
9.162592585198581219e-03
9.092947305180131695e-03
9.077185974456369530e-03
9.117827692534774542e-03
9.093862399458885540e-03
9.078516974113881588e-03
9.077150863595307220e-03
9.047329355962575176e-03
9.040470886975526116e-03
9.012556308880448688e-03
8.991409884765743862e-03
9.028378059156239033e-03
9.001709229778498411e-03
8.953028637915850380e-03
8.984117093496024956e-03
8.987383311614393841e-03
8.967798715457320907e-03
8.964711008593440403e-03
8.916574693284929493e-03
8.926011063158512462e-03
8.948279730975627205e-03
8.909113891422747872e-03
8.918081584852188826e-03
8.882696623913943768e-03
8.931219857186079719e-03
8.908906602300703526e-03
8.873182639945298433e-03
8.872763859108090748e-03
8.827882306650280259e-03
8.816529507748782288e-03
8.798468182794750084e-03
8.823359862435608408e-03
8.916733367368579605e-03
8.847597287967801094e-03
8.776649739593267788e-03
8.744856319390236984e-03
8.733417734038084052e-03
8.740258321631699454e-03
8.741628821007907044e-03
8.717066061217337500e-03
8.699410094413906683e-03
8.668431267142295144e-03
8.693175064399838795e-03
8.677624049596488476e-03
8.690266474150120518e-03
8.700034266803413283e-03
8.683881501201539538e-03
8.685254491865634918e-03
8.645025966688989899e-03
8.650468150153755448e-03
8.638110850006342281e-03
8.643458294682205417e-03
8.630481571890414108e-03
8.638425043318419955e-03
8.650219393894076000e-03
8.635596418753267028e-03
8.618176868185400269e-03
8.635967806912957928e-03
8.608890930190682411e-03
8.603720599785447468e-03
8.607695484533906330e-03
8.592532528564334610e-03
8.574050210881978273e-03
8.593302906956524351e-03
8.578270813450217594e-03
8.596088504418730736e-03
8.586782938800751816e-03
8.564700093120335839e-03
8.558048878330736658e-03
8.564054302405565630e-03
8.547368040308356979e-03
8.537732472177594900e-03
8.566617709584533821e-03
8.534708782099187721e-03
8.546360104810446154e-03
8.552838629111648300e-03
8.542010933160782207e-03
8.548190025612712253e-03
8.532149042002857078e-03
8.519932976923882961e-03
8.513092552311718811e-03
8.509701536968349717e-03
8.497913437895476124e-03
8.490314369555562041e-03
8.485504402779042374e-03
8.483368484303355911e-03
8.489107619971037258e-03
8.487910311669111946e-03
8.474045514594763864e-03
8.481138665229082801e-03
8.470880915410816669e-03
8.453718083910644748e-03
8.445148449391126286e-03
8.440871781203895807e-03
8.436029672157018683e-03
8.431616611778736461e-03
8.425706136040388844e-03
8.435516513418405554e-03
8.421058673411608089e-03
8.426053670700640180e-03
8.417519717477261673e-03
8.412382868118583462e-03
8.404732332564890385e-03
8.401614287868142475e-03
8.407983323559164654e-03
8.446052612271159887e-03
8.431644598022102616e-03
8.442172454670071949e-03
8.394982665777206421e-03
8.384264213964343418e-03
8.404240803793072354e-03
8.385325141716748476e-03
8.385120693128555666e-03
8.365258201956748615e-03
8.370458637364209045e-03
8.351402427069842122e-03
8.347052265889942646e-03
8.341429056599736214e-03
8.322076953481883158e-03
8.327439695131033312e-03
8.321271999739110817e-03
8.339373487979173313e-03
8.316361205652355801e-03
8.328337315469979893e-03
8.310099947266280651e-03
8.305258722975850452e-03
8.298466657288372170e-03
8.287904644384979855e-03
8.302369317971170642e-03
8.292961237020789883e-03
8.288213959895074021e-03
8.273573790211230863e-03
8.282356732524930737e-03
8.301372500136494290e-03
8.292846288532019008e-03
8.276239107362925312e-03
8.258658857084811428e-03
8.249131380580365658e-03
8.267813082784413597e-03
8.239811379462480198e-03
8.251629723235964081e-03
8.237352455034851681e-03
8.238028117921203722e-03
8.227679401170463064e-03
8.227857574820519188e-03
8.218147605657578209e-03
8.229680126532912254e-03
8.215302811004221092e-03
8.211496053263545036e-03
8.220318076200782559e-03
8.219141885638237346e-03
8.209275128319860199e-03
8.202069962862879038e-03
8.204460470005869518e-03
8.202775183599441897e-03
8.207323134411127069e-03
8.194395736791194179e-03
8.202073792926967838e-03
8.198791265022009958e-03
8.199054398573935032e-03
8.201009256299584410e-03
8.186415652744472027e-03
8.199225645512342453e-03
8.190066553652286530e-03
8.189797075465321888e-03
8.176394214387983084e-03
8.179290150292218425e-03
8.171776263043283722e-03
8.176739700138569225e-03
8.160053193569183697e-03
8.171353931538760315e-03
8.163401251658796917e-03
8.162542409263551929e-03
8.164242061320691954e-03
8.158962940797209740e-03
8.168157492764293454e-03
8.149874047376215458e-03
8.164571563247591604e-03
8.161122933961451401e-03
8.152777957729995945e-03
8.144297939725219510e-03
8.156227762810885906e-03
8.146726666018367161e-03
8.138672285713254712e-03
8.133764343801886190e-03
8.137216931208968509e-03
8.135818096343427550e-03
8.136351162102073084e-03
8.134857984259724617e-03
8.139805565588176944e-03
8.123749308288097729e-03
8.136391500011086117e-03
8.130477287340908549e-03
8.128372742794454445e-03
8.123145997524261128e-03
8.118695253506303181e-03
8.114906132686883905e-03
8.125378005206584237e-03
8.119459624867885611e-03
8.108782232739031315e-03
8.098570979200303555e-03
8.096652384847403267e-03
8.093975926749407898e-03
8.103277010377496481e-03
8.088729623705149391e-03
8.103537128772587278e-03
8.091279002837837436e-03
8.099476527422665856e-03
8.085916982963681221e-03
8.082074299454688332e-03
8.092458453029393803e-03
8.085338165983557701e-03
8.085419959388672612e-03
8.075750549323856831e-03
8.070399588905274174e-03
8.077238302212208856e-03
8.073247969150543213e-03
8.062635688111186374e-03
8.065261784940958370e-03
8.078500581905245087e-03
8.063905301969497702e-03
8.063863834831864336e-03
8.074470073916017662e-03
8.064617495983838688e-03
8.053459669463336121e-03
8.046620653476565382e-03
8.054924185853452184e-03
8.045758400112391212e-03
8.044783142395317554e-03
8.036433276720345367e-03
8.054375916253775011e-03
8.065121923573314797e-03
8.042771834880113602e-03
8.045142632909119129e-03
8.028529025614261974e-03
8.034542785026133060e-03
8.033927285578102567e-03
8.024340285919607033e-03
8.025518734939396381e-03
8.022029907442629684e-03
8.009553793817758907e-03
8.012857544235885490e-03
8.015539473854004990e-03
8.011680864728986523e-03
8.011641050688921711e-03
8.014790678862482656e-03
8.018151111900805733e-03
8.007579005789012411e-03
8.005942869931458733e-03
8.003373141400515686e-03
8.004881115630269398e-03
8.003843855112791408e-03
8.004247327335178852e-03
8.005736919585615396e-03
8.002085832413286665e-03
7.998291193507612099e-03
7.995785889215767037e-03
7.989312778227031578e-03
7.990839937701822021e-03
7.987519155722110770e-03
7.991897745523602464e-03
7.994049577973783016e-03
7.996939332224428307e-03
7.987559726461767456e-03
7.987241633236408581e-03
7.979407580569386829e-03
7.981662696693092585e-03
7.987695152405650117e-03
7.985301571898162712e-03
7.975759147666395404e-03
7.984451553784310124e-03
7.976514723850414157e-03
7.973137311637401581e-03
7.977481780108064760e-03
7.974597951397299420e-03
7.976789237000047814e-03
7.983353838790207754e-03
7.977362140081822872e-03
7.976752985268831947e-03
7.971646741498260996e-03
7.981749228201806198e-03
7.967959006782621492e-03
7.966090203262865196e-03
7.959713530726730130e-03
7.969926670193671833e-03
7.968400162644684662e-03
7.967967377044259808e-03
7.975368574261666038e-03
7.975981454364955425e-03
7.952758413739501736e-03
7.957588485442101262e-03
7.955818634945899595e-03
7.955260958988219153e-03
7.951191079337149512e-03
7.952279271557926785e-03
7.957206526771187088e-03
7.948879292234778751e-03
7.947397348470986583e-03
7.946216489654035070e-03
7.951210509054363121e-03
7.949726283550262104e-03
7.946026790887118080e-03
7.948620128445327282e-03
7.945113489404321064e-03
7.946279156021774162e-03
7.943227607756852410e-03
7.940006570424883864e-03
7.942751713562757124e-03
7.935523102059961059e-03
7.939113583415747383e-03
7.930926850531250932e-03
7.933899876661598682e-03
7.928131928201765169e-03
7.934669137466699579e-03
7.925743749365211227e-03
7.930667418986559608e-03
7.931250683031975529e-03
7.925682119093835354e-03
7.922183396294713367e-03
7.921594381332396767e-03
7.924607000313698899e-03
7.920772279612719666e-03
7.925207377411425114e-03
7.933047157712281097e-03
7.918559911195189108e-03
7.931541255675255558e-03
7.922941702418029308e-03
7.917531824205070734e-03
7.913799746893346657e-03
7.922884845174848339e-03
7.919369195587933757e-03
7.907098310533910643e-03
7.910373830236494194e-03
7.914330612402408968e-03
7.905536470934748997e-03
7.903796248137950550e-03
7.905021822080016830e-03
7.910355995409189961e-03
7.902063068468124368e-03
7.897605514153837811e-03
7.898408127948642124e-03
7.897862710524349711e-03
7.893911795690655708e-03
7.890696963295340191e-03
7.897383882664144039e-03
7.897016359493136406e-03
7.891753828153014530e-03
7.895012001972645868e-03
7.897852198220789086e-03
7.889432681258768190e-03
7.890165445860474608e-03
7.888856926001608372e-03
7.890547160059213638e-03
7.888374384492635727e-03
7.891107408795505762e-03
7.885751686990261425e-03
7.885537645779549382e-03
7.886788586620240710e-03
7.882917299866676331e-03
7.889436197001487711e-03
7.889772066846489906e-03
7.883619470521806977e-03
7.885033148340880871e-03
7.880730752367526640e-03
7.883346651215105555e-03
7.879459206014871944e-03
7.881263503804802895e-03
7.877169246785341999e-03
7.882178481668233178e-03
7.882051949854940523e-03
7.879790617153048515e-03
7.879347470588982799e-03
7.883684814441949823e-03
7.878907711710781553e-03
7.879878184758127083e-03
7.871183694805949232e-03
7.878603087738156666e-03
7.872620434500276348e-03
7.873395667411386620e-03
7.876083301380277374e-03
7.874868158251047828e-03
7.872649515047670105e-03
7.874306710436939499e-03
7.866746815852820179e-03
7.870481209829449307e-03
7.868689461611210953e-03
7.868383894674479961e-03
7.865767460316419601e-03
7.874392764642834316e-03
7.868121773935855129e-03
7.867146609351038586e-03
7.868190086446702827e-03
7.863739773165434252e-03
7.864939398132264614e-03
7.860999752301723112e-03
7.862053008284419081e-03
7.862799055874346993e-03
7.859697495587170818e-03
7.858336810022592892e-03
7.859385793562979200e-03
7.858487439807503722e-03
7.859133020974694989e-03
7.860057335346937873e-03
7.859436655417084347e-03
7.856884552165866592e-03
7.854107860475778233e-03
7.853111019358038902e-03
7.856159075163304112e-03
7.854274997953325510e-03
7.851992128416895519e-03
7.861336972564459541e-03
7.860982685815542242e-03
7.853495096787810673e-03
7.848513917997479786e-03
7.850849232636392810e-03
7.853521802462636731e-03
7.851198152638971112e-03
7.856822921894490719e-03
7.845111610367893479e-03
7.845136220566928387e-03
7.850835006684065212e-03
7.843758619856089354e-03
7.846300990786403071e-03
7.844032312277704477e-03
7.839671056717633507e-03
7.846287149004638889e-03
7.840293634217232466e-03
7.843187451362610210e-03
7.839441136457025311e-03
7.839388074353336941e-03
7.837795815430582264e-03
7.838585413992404938e-03
7.836151192896068443e-03
7.839826785493641745e-03
7.837722217664122928e-03
7.830583071336150863e-03
7.849734742194414139e-03
7.842215651180595160e-03
7.832901831716299751e-03
7.833112427033484676e-03
7.829676603432745435e-03
7.833248935639858246e-03
7.831373088993131421e-03
7.830056385137141098e-03
7.830751687288283955e-03
7.829844881780446270e-03
7.829759782180190780e-03
7.828617584891617298e-03
7.829365285579115499e-03
7.828821754083037029e-03
7.827643351629377105e-03
7.827212207484991052e-03
7.825743849389254700e-03
7.828312250785529960e-03
7.828048942610622146e-03
7.828133495058864702e-03
7.823331293184309504e-03
7.826398301403969526e-03
7.823742262553423296e-03
7.822881476022303451e-03
7.826695148833096721e-03
7.823210232891142715e-03
7.825408724602311156e-03
7.820789830293505690e-03
7.827525096945463917e-03
7.821135292761027119e-03
7.821307063568382761e-03
7.822647399734705687e-03
7.819943339563905846e-03
7.819984259549528013e-03
7.819514558650552533e-03
7.821713713929057468e-03
7.823085319250822414e-03
7.818754302570595990e-03
7.817569072358310223e-03
7.820682856254279960e-03
7.823038403876126159e-03
7.817934884224086653e-03
7.815831806510686874e-03
7.819165347609669664e-03
7.819590950384735714e-03
7.815954345278441212e-03
7.814104878343641411e-03
7.817092631012202003e-03
7.817867421545087944e-03
7.813250343315304020e-03
7.815363910049199711e-03
7.813686388544738293e-03
7.813643175177275788e-03
7.814871147274971008e-03
7.811107276938855822e-03
7.815281720831989895e-03
7.813283253926783106e-03
7.811161223798990250e-03
7.815414131619036545e-03
7.808850810397416700e-03
7.813594536855816841e-03
7.807400636374950062e-03
7.809574669227004225e-03
7.811733300331980163e-03
7.808751205448061401e-03
7.812592922709882606e-03
7.805287768132984465e-03
7.814910123124718319e-03
7.808137976098805666e-03
7.809491024818271572e-03
7.809005584567785610e-03
7.806381222326308662e-03
7.805653079412877386e-03
7.804687507450580944e-03
7.810810697264969349e-03
7.802576734684407364e-03
7.810654677450656544e-03
7.804804551415145571e-03
7.805749622639268984e-03
7.803143560886382710e-03
7.803808897733688354e-03
7.801466004457325090e-03
7.806915882974862705e-03
7.802403264213353742e-03
7.801386970095336090e-03
7.799580367282033314e-03
7.805127277970313679e-03
7.804556400515139103e-03
7.804090192075818430e-03
7.796897413209080349e-03
7.799180946312845100e-03
7.801295747049153198e-03
7.797677221242338072e-03
7.797333737835287701e-03
7.801700488198548382e-03
7.798379659652710308e-03
7.803466799668967550e-03
7.797172700520604849e-03
7.798451406415551901e-03
7.794753531925380230e-03
7.796433719340712179e-03
7.795989757869392807e-03
7.797518745064735413e-03
7.793908892199397261e-03
7.792220613919198340e-03
7.793568645138293331e-03
7.792385760694742203e-03
7.793777249753474842e-03
7.793734828010201281e-03
7.793609402142465115e-03
7.791848969645798206e-03
7.796032773330807859e-03
7.790909986943006862e-03
7.790623838081956257e-03
7.792059634812176401e-03
7.792939152568578894e-03
7.792725169565528631e-03
7.792341045569628304e-03
7.789680059067905296e-03
7.798395957797766079e-03
7.789928070269525225e-03
7.791194156743586410e-03
7.788472203537821423e-03
7.794255798216909170e-03
7.790458668023347681e-03
7.790830323938280171e-03
7.788068929221481432e-03
7.787808508146554579e-03
7.788412214722484350e-03
7.789112348109483892e-03
7.789992110338062395e-03
7.787596690468490471e-03
7.787392754107713526e-03
7.791390665806830276e-03
7.786076480988413442e-03
7.788872811943292618e-03
7.787221670150756489e-03
7.790036359801888119e-03
7.786260754801333124e-03
7.787204557098447930e-03
7.789426133967936039e-03
7.784216501750052149e-03
7.786243525333702738e-03
7.785801962018013174e-03
7.784863794222473751e-03
7.787033298518509020e-03
7.786388159729540348e-03
7.785727083683013743e-03
7.783304585609584700e-03
7.786074653267860413e-03
7.785086147487163197e-03
7.784344861283898701e-03
7.783122453838586460e-03
7.784359622746706009e-03
7.785831985529512167e-03
7.782855699770152395e-03
7.785472308751195496e-03
7.782266638241708105e-03
7.780707848723977804e-03
7.782180083449929779e-03
7.785359548870473753e-03
7.783076306805014437e-03
7.780632120557129383e-03
7.783634320367128004e-03
7.780989538878202785e-03
7.784401159733533512e-03
7.782088220119475971e-03
7.778652815613895481e-03
7.785122352652251373e-03
7.780457427725195711e-03
7.779625756666064089e-03
7.780834590084851135e-03
7.779769913759082903e-03
7.779975433368236000e-03
7.780644460581243038e-03
7.777360698673874487e-03
7.781761570367961948e-03
7.777205808088183750e-03
7.778431882616132671e-03
7.778171810787171299e-03
7.781100785359739910e-03
7.777742051985114813e-03
7.782482710899785508e-03
7.777691783849150289e-03
7.775990047957748001e-03
7.782173086889087807e-03
7.775374397169798613e-03
7.777134992647915905e-03
7.776079955510795463e-03
7.778930175118148153e-03
7.777203852310776537e-03
7.775274873711168939e-03
7.775116409175097769e-03
7.775085757020861084e-03
7.776695629581808697e-03
7.773070898838341410e-03
7.774303911719471390e-03
7.774111896287650217e-03
7.774591725319623774e-03
7.775690499693154942e-03
7.774542970582843000e-03
7.777828734833747322e-03
7.773321238346397877e-03
7.772594608832150351e-03
7.772724493406713009e-03
7.774371339473873030e-03
7.772357843350619078e-03
7.772098435088992466e-03
7.772466866299510002e-03
7.772130798548460354e-03
7.773026707582175732e-03
7.771789131220429789e-03
7.771732821129262621e-03
7.772289810236543590e-03
7.771837722975761045e-03
7.770934572909027685e-03
7.770900521427393307e-03
7.773485674988478422e-03
7.772230636328458439e-03
7.770889264065772295e-03
7.770939962938427925e-03
7.773983525112271309e-03
7.770447200164199222e-03
7.771781599149108107e-03
7.771461713127791535e-03
7.770283811260015119e-03
7.770846050698309790e-03
7.771583390422165394e-03
7.770128990523516785e-03
7.770738820545375694e-03
7.770984678063541824e-03
7.769866043236106808e-03
7.770628924481571068e-03
7.770964235533028841e-03
7.769795146305114204e-03
7.768888492137193680e-03
7.769970269873738115e-03
7.770183426328003233e-03
7.768465869594365705e-03
7.768193713854998177e-03
7.770137814804911787e-03
7.770988438278436487e-03
7.768134842626750816e-03
7.768110698089003216e-03
7.769631862174719572e-03
7.767309248447418039e-03
7.768768793903290878e-03
7.767824805341660976e-03
7.767722243443131447e-03
7.768554775975644415e-03
7.768947049044072628e-03
7.767087162937969316e-03
7.767781708389520298e-03
7.766906544566154827e-03
7.766728824935853655e-03
7.767742662690579718e-03
7.766586099751293833e-03
7.767740648705512459e-03
7.767864351626485933e-03
7.767160004004835909e-03
7.766991876997053970e-03
7.765704742632805954e-03
7.767655467614531344e-03
7.766532362438738346e-03
7.764461485203355204e-03
7.766530080698430365e-03
7.766812585759908134e-03
7.766354607883840973e-03
7.765749585814774036e-03
7.765740237664431680e-03
7.765351119451225151e-03
7.765717967413365667e-03
7.765761483460665096e-03
7.765358744654804815e-03
7.767716585658490484e-03
7.764616655185819019e-03
7.763719186186790466e-03
7.764259877149015665e-03
7.766003441065550024e-03
7.764813944231718605e-03
7.766433106735348528e-03
7.765057962387800217e-03
7.762900018133222883e-03
7.765741029288619757e-03
7.765071326866745602e-03
7.763118622824550022e-03
7.764021737966686314e-03
7.763908768538385630e-03
7.762355124577879559e-03
7.763020077254623522e-03
7.765146833844482725e-03
7.763404143042862068e-03
7.762388058472425093e-03
7.763650815468281854e-03
7.763761491514742201e-03
7.762511586770414959e-03
7.762041722889989961e-03
7.764665898866951813e-03
7.762592122890055353e-03
7.761921279598027641e-03
7.763772469479591001e-03
7.761639449745416988e-03
7.761667063459753817e-03
