1.681059541702270366e+01
6.959846019744873047e+00
3.833425021171569913e+00
2.947034931182861417e+00
2.618869042396545499e+00
2.520448255538940252e+00
2.438812851905822754e+00
2.363928389549255549e+00
2.275698494911194025e+00
2.170324921607971191e+00
2.070301592350006104e+00
1.966341304779052779e+00
1.864999234676361084e+00
1.771514809131622403e+00
1.688500618934631436e+00
1.636342489719390780e+00
1.596600449085235685e+00
1.563847601413726807e+00
1.529034018516540527e+00
1.496812844276428134e+00
1.469536256790161088e+00
1.439031279087066739e+00
1.403026688098907515e+00
1.369333279132842973e+00
1.334578728675842374e+00
1.300453889369964644e+00
1.252469658851623535e+00
1.213417053222656250e+00
1.171991169452667236e+00
1.132679718732833907e+00
1.096077108383178622e+00
1.069217133522033736e+00
1.034982830286026001e+00
9.995918214321136697e-01
9.756906270980835183e-01
9.466611266136168990e-01
9.311557769775390403e-01
9.222206711769104226e-01
8.981383442878723145e-01
8.792693674564361350e-01
8.748798608779907449e-01
8.665477275848388894e-01
8.595736026763916016e-01
8.491289556026458962e-01
8.304620563983917680e-01
8.077565670013427956e-01
8.042706370353698286e-01
8.118497669696808083e-01
7.825593769550323042e-01
7.725029170513153520e-01
7.689039826393126997e-01
7.483719587326049805e-01
7.413424849510192871e-01
7.301759898662567583e-01
7.247150659561156782e-01
7.141947984695434792e-01
7.040822148323059304e-01
6.951063990592956099e-01
6.949254870414733887e-01
6.951353847980499268e-01
6.874492108821869119e-01
7.368314623832702415e-01
7.057059407234191895e-01
6.748846530914306419e-01
6.624705374240875688e-01
6.515485465526580366e-01
6.440352380275726762e-01
6.346286058425902876e-01
6.363416373729705589e-01
6.649610877037048784e-01
6.676774263381958230e-01
6.485078275203705056e-01
6.387605369091033936e-01
6.342720568180084673e-01
6.376251488924026267e-01
6.157901853322982344e-01
6.031192243099212646e-01
6.023444980382919312e-01
5.994816988706588301e-01
6.051703900098800437e-01
6.542995810508728249e-01
7.030795872211456077e-01
6.301162272691727129e-01
6.512571871280670166e-01
6.289342194795608521e-01
6.079096317291259322e-01
5.781265676021576372e-01
5.806942969560623391e-01
5.776702076196670310e-01
5.658001542091369851e-01
5.586713343858719094e-01
5.625068545341491699e-01
5.745874613523482832e-01
5.705699056386948076e-01
5.517178833484649436e-01
5.544600605964660200e-01
5.797885179519652876e-01
5.630511313676833662e-01
5.535594999790192094e-01
5.515131413936614768e-01
5.443344980478286299e-01
5.293113887310028076e-01
5.260227292776107344e-01
5.245372533798218218e-01
5.241251647472381370e-01
5.257354557514191118e-01
5.246826052665710671e-01
5.236362278461456077e-01
5.255580693483352661e-01
5.249745488166809304e-01
5.191994845867157204e-01
5.185377746820449829e-01
5.229099154472350852e-01
5.179834991693497148e-01
5.141971498727798684e-01
5.130387902259826438e-01
5.111626535654067993e-01
5.098544031381606612e-01
5.156035244464873823e-01
5.201732933521270308e-01
5.130337864160537942e-01
5.089949280023574607e-01
5.069423049688339677e-01
5.095484495162964089e-01
5.092078566551208052e-01
5.062155276536941528e-01
5.031189888715743574e-01
5.038898497819900291e-01
4.997389465570449829e-01
4.997159004211425559e-01
4.996341049671172985e-01
4.953548341989517101e-01
4.957818806171417347e-01
4.935086488723754994e-01
4.982314914464950339e-01
4.973702073097229226e-01
4.935654103755950928e-01
4.880136340856552346e-01
4.872304767370224110e-01
4.866338551044464000e-01
4.851173341274261364e-01
4.917260199785232766e-01
4.868419975042342918e-01
4.832398742437362671e-01
4.809015661478042714e-01
4.805940985679626465e-01
4.783689409494399913e-01
4.774390816688537376e-01
4.755596637725830189e-01
4.739099413156509510e-01
4.740146338939666970e-01
4.737576246261596680e-01
4.759417831897735374e-01
4.769974529743194469e-01
4.734295457601547241e-01
4.719416141510009988e-01
4.781295150518417580e-01
4.734166532754898182e-01
4.661287099123000988e-01
4.681278377771377341e-01
4.641790091991424561e-01
4.605944842100143655e-01
4.647671759128570446e-01
4.648884028196335061e-01
4.632056564092635886e-01
4.635324150323867909e-01
4.658702701330185159e-01
4.631083071231841819e-01
4.666365474462509377e-01
4.617696076631546132e-01
4.608264893293380626e-01
4.586005032062530629e-01
4.663793534040451272e-01
4.659693390130996704e-01
4.514434635639190674e-01
4.498611062765121571e-01
4.503466695547103660e-01
4.491120427846908569e-01
4.495511025190353505e-01
4.499776571989059226e-01
4.526079088449478371e-01
4.520755112171173096e-01
4.499392986297607311e-01
4.423170357942581288e-01
4.427847146987914928e-01
4.422570019960403442e-01
4.450284510850906483e-01
4.605090528726577537e-01
4.482497900724410900e-01
4.439964503049850242e-01
4.415834963321685902e-01
4.375770658254623524e-01
4.450252205133438110e-01
4.448932290077209362e-01
4.391144782304763905e-01
4.356573522090911865e-01
4.432450711727142223e-01
4.379842370748520120e-01
4.354066312313079612e-01
4.348947286605834850e-01
4.344928771257400291e-01
4.301308214664459340e-01
4.289688885211944691e-01
4.269817978143691795e-01
4.264187127351760642e-01
4.267057389020919578e-01
4.275177448987960704e-01
4.270751237869262473e-01
4.255832403898239247e-01
4.245023280382156372e-01
4.246223270893096924e-01
4.254935234785079956e-01
4.271359473466873058e-01
4.250463694334030151e-01
4.252585440874099842e-01
4.251673996448516735e-01
4.279229551553725974e-01
4.232057631015777588e-01
4.216548264026641624e-01
4.236151635646819846e-01
4.230103999376296775e-01
4.222588419914245494e-01
4.229398339986801258e-01
4.207290798425674661e-01
4.201389670372009388e-01
4.202230840921402089e-01
4.220981687307358010e-01
4.220998406410217396e-01
4.183424592018127330e-01
4.194601893424987904e-01
4.186053782701492088e-01
4.178451478481292614e-01
4.199802696704864613e-01
4.171759188175201416e-01
4.198793292045593373e-01
4.181247532367706188e-01
4.188599526882171853e-01
4.192252427339553944e-01
4.183678895235061757e-01
4.156137436628341564e-01
4.156695932149886974e-01
4.170696198940276878e-01
4.147506654262542725e-01
4.170148730278014915e-01
4.151946514844894187e-01
4.131062746047973744e-01
4.201349467039108276e-01
4.181737214326858298e-01
4.132252931594848633e-01
4.127923429012298473e-01
4.100093871355056652e-01
4.100986540317535511e-01
4.101349666714668163e-01
4.115077763795852439e-01
4.125010937452316395e-01
4.111897736787796243e-01
4.150260508060455433e-01
4.113930314779281616e-01
4.121291548013686912e-01
4.074660688638687134e-01
4.070588827133178600e-01
4.107759773731231578e-01
4.060125738382339700e-01
4.068345278501510620e-01
4.090557649731635936e-01
4.077210515737533791e-01
4.066319376230239646e-01
4.071090757846832497e-01
4.055803567171096802e-01
4.052321612834930420e-01
4.034301728010177834e-01
4.014417350292205922e-01
4.055663287639618142e-01
4.042654499411583169e-01
4.021782696247100941e-01
4.037259310483932717e-01
4.038260489702224509e-01
4.040612161159515270e-01
4.038699895143508800e-01
4.016096830368042214e-01
4.019960492849349865e-01
4.035316199064254983e-01
4.002500027418136597e-01
4.014927178621292003e-01
3.998267322778701893e-01
4.060363501310348400e-01
4.033458203077316395e-01
4.015087917447089927e-01
4.004900276660919300e-01
3.990082323551177867e-01
3.971017807722091453e-01
3.961012959480285645e-01
3.987810716032981762e-01
4.078991144895553478e-01
4.016495317220687977e-01
3.966196745634079091e-01
3.956523030996322854e-01
3.937718868255615234e-01
3.942064940929412842e-01
3.964218854904174583e-01
3.941891551017761008e-01
3.918685436248779408e-01
3.915660142898559348e-01
3.921674072742462047e-01
3.913535088300704734e-01
3.921037882566452137e-01
3.938695102930068748e-01
3.922077924013137595e-01
3.926635742187499778e-01
3.903683066368103249e-01
3.899783968925475963e-01
3.902107983827590720e-01
3.897672295570373535e-01
3.901381760835647694e-01
3.904335618019104115e-01
3.918248564004898071e-01
3.898192197084426880e-01
3.896683335304260143e-01
3.898303538560867199e-01
3.892427712678909191e-01
3.887037515640258678e-01
3.893480151891708374e-01
3.883183747529983521e-01
3.873871281743049844e-01
3.886328369379043468e-01
3.884608060121536033e-01
3.894937932491302490e-01
3.887642472982406616e-01
3.875615507364272849e-01
3.875757813453674094e-01
3.871441155672073475e-01
3.877098202705383523e-01
3.869056820869445912e-01
3.880512416362762451e-01
3.868061274290084950e-01
3.870768904685973899e-01
3.894110172986984253e-01
3.883384048938751110e-01
3.886048316955566517e-01
3.876188039779663308e-01
3.862036496400833019e-01
3.867359682917594910e-01
3.852104961872100941e-01
3.855529546737671009e-01
3.848262190818786399e-01
3.847833305597305187e-01
3.843031913042068703e-01
3.855446249246597401e-01
3.859991908073425182e-01
3.854046881198883168e-01
3.852804362773895042e-01
3.847915470600128396e-01
3.835647314786910789e-01
3.832728475332259910e-01
3.831265658140182717e-01
3.831615075469017029e-01
3.826890230178833230e-01
3.823409676551818848e-01
3.825872212648391835e-01
3.834601283073425515e-01
3.831982254981994851e-01
3.831066370010375866e-01
3.830704599618911521e-01
3.820765793323516735e-01
3.819295033812523110e-01
3.829310476779937966e-01
3.864034608006477467e-01
3.858886957168579102e-01
3.861849844455719216e-01
3.834073007106780784e-01
3.823096424341201893e-01
3.840738892555236594e-01
3.830712825059890969e-01
3.822167694568633922e-01
3.826677352190017700e-01
3.817779272794723511e-01
3.808676511049270408e-01
3.799812436103821023e-01
3.802118867635727040e-01
3.794851198792457692e-01
3.789228364825248940e-01
3.795592963695526012e-01
3.812836706638336182e-01
3.796865522861480602e-01
3.801374271512031333e-01
3.795911341905593983e-01
3.786356121301651112e-01
3.784447848796844704e-01
3.781796514987945668e-01
3.791614711284637673e-01
3.786345422267913818e-01
3.784831374883651511e-01
3.773635417222976907e-01
3.789413020014762989e-01
3.808356106281280407e-01
3.806168824434280618e-01
3.785610109567641990e-01
3.769535809755325539e-01
3.776090592145919800e-01
3.783506304025650024e-01
3.764698714017867820e-01
3.767840355634689553e-01
3.769228041172027477e-01
3.761566281318664551e-01
3.759271875023841858e-01
3.757150352001190075e-01
3.758995085954666138e-01
3.760260313749313466e-01
3.751201838254928367e-01
3.750922530889511108e-01
3.752950325608253590e-01
3.752777993679046742e-01
3.751539260149002186e-01
3.751530632376670615e-01
3.751495242118835227e-01
3.752389907836913840e-01
3.748677104711532482e-01
3.746860623359680176e-01
3.748445540666580089e-01
3.746052294969558494e-01
3.746438190340996011e-01
3.753380879759788402e-01
3.744747310876846424e-01
3.749031335115432517e-01
3.748984664678573497e-01
3.744946688413620106e-01
3.741582036018371582e-01
3.740896925330162159e-01
3.738565087318420632e-01
3.735655054450034984e-01
3.733776926994323841e-01
3.733941197395324596e-01
3.735206902027130016e-01
3.732610702514648215e-01
3.731134653091430775e-01
3.736180603504181130e-01
3.736520677804947010e-01
3.735776305198669212e-01
3.737713217735290638e-01
3.733001023530960194e-01
3.733130842447280884e-01
3.730545878410339578e-01
3.733287304639816284e-01
3.734575271606445090e-01
3.723311156034469493e-01
3.722997099161148293e-01
3.724344879388808982e-01
3.723662942647933960e-01
3.724805206060409768e-01
3.732593640685081260e-01
3.730597674846649059e-01
3.722362726926803367e-01
3.729638993740082009e-01
3.736169859766960144e-01
3.724684655666351540e-01
3.724976032972335815e-01
3.722806692123413197e-01
3.722963467240333335e-01
3.729638516902923362e-01
3.722226336598396523e-01
3.717147156596183888e-01
3.712086677551269531e-01
3.708589792251587025e-01
3.710588485002517811e-01
3.711510658264159934e-01
3.716299593448638694e-01
3.714673191308975331e-01
3.717053532600402832e-01
3.712385028600692638e-01
3.707576602697372214e-01
3.710360139608382957e-01
3.714502096176147683e-01
3.709251463413238414e-01
3.707927986979484558e-01
3.709261775016784446e-01
3.706388920545578003e-01
3.706240549683570973e-01
3.702884465456008911e-01
3.698181033134460560e-01
3.702434122562408558e-01
3.711021155118942039e-01
3.706166848540305980e-01
3.705801084637642129e-01
3.715366750955581554e-01
3.705568462610244751e-01
3.694986194372177346e-01
3.699343651533126831e-01
3.698369204998016579e-01
3.693989962339401245e-01
3.694979995489120483e-01
3.692471623420715554e-01
3.707555100321769936e-01
3.714339539408683666e-01
3.701436817646026611e-01
3.697354704141616599e-01
3.692386984825134499e-01
3.694831743836403115e-01
3.691576018929481617e-01
3.684484899044037087e-01
3.692875087261199840e-01
3.683251857757568470e-01
3.679132044315338024e-01
3.678280293941497692e-01
3.677995011210441478e-01
3.685604110360145569e-01
3.681065052747726218e-01
3.683718442916870117e-01
3.684259027242660633e-01
3.678304702043533325e-01
3.676077485084533469e-01
3.677305370569229348e-01
3.678145900368690602e-01
3.677898168563842884e-01
3.680497586727142223e-01
3.680021136999130360e-01
3.673414662480354309e-01
3.675145089626312145e-01
3.673392325639724953e-01
3.669771701097488403e-01
3.669420033693313599e-01
3.668443650007248147e-01
3.671106785535812600e-01
3.675718113780021556e-01
3.673305124044418113e-01
3.670476377010345459e-01
3.667650371789932251e-01
3.667702570557594410e-01
3.665927365422249062e-01
3.668065100908279308e-01
3.672379136085510143e-01
3.670936867594719044e-01
3.667952090501785389e-01
3.665204226970672496e-01
3.665172457695007324e-01
3.665846526622772439e-01
3.664871722459793202e-01
3.668422013521194236e-01
3.670205965638160817e-01
3.670079201459884866e-01
3.668759778141975625e-01
3.671735525131225586e-01
3.669852241873741150e-01
3.663327157497405784e-01
3.660188406705856545e-01
3.662455797195434681e-01
3.663632661104202493e-01
3.666337221860885842e-01
3.666466027498245239e-01
3.672319501638412476e-01
3.675525128841400369e-01
3.662382513284683228e-01
3.658424675464629905e-01
3.657943218946456687e-01
3.657059475779533275e-01
3.657134637236595376e-01
3.657374098896980508e-01
3.658223539590835793e-01
3.654167383909225353e-01
3.655501306056976318e-01
3.656879991292953380e-01
3.657427519559860452e-01
3.658510297536849976e-01
3.655278027057647927e-01
3.653977394104003795e-01
3.664074569940566906e-01
3.660276800394058339e-01
3.656566992402076610e-01
3.656413078308105580e-01
3.654373824596405251e-01
3.650693535804748757e-01
3.651719123125076183e-01
3.650594845414161793e-01
3.649856090545654519e-01
3.649766713380813710e-01
3.648058041930198891e-01
3.647036075592041127e-01
3.646927878260612377e-01
3.648593291640281899e-01
3.648859098553657310e-01
3.644740015268325695e-01
3.648006230592727439e-01
3.648385033011436462e-01
3.647353529930114635e-01
3.649091273546218872e-01
3.653067633509635703e-01
3.650508075952529907e-01
3.652781873941421398e-01
3.651481658220291360e-01
3.648125290870666282e-01
3.643283456563949363e-01
3.648336231708526611e-01
3.647377938032150269e-01
3.645427390933037026e-01
3.644782245159149392e-01
3.645082145929336437e-01
3.641678974032401817e-01
3.640048682689666637e-01
3.640953242778778298e-01
3.644594371318817250e-01
3.644876226782798878e-01
3.638246834278106578e-01
3.637859255075454601e-01
3.633963197469711193e-01
3.633569508790969738e-01
3.634618669748306274e-01
3.634283185005188210e-01
3.634492814540862815e-01
3.636380851268768422e-01
3.633771523833274619e-01
3.634756326675415150e-01
3.634753927588462719e-01
3.631979972124099731e-01
3.631657466292381176e-01
3.631424814462661521e-01
3.632104098796844482e-01
3.631667509675026162e-01
3.632260888814926036e-01
3.630886793136596791e-01
3.629898101091384999e-01
3.631870210170745628e-01
3.633894115686416848e-01
3.632360547780990601e-01
3.630042687058449014e-01
3.630097478628158680e-01
3.629286095499992260e-01
3.628846153616905323e-01
3.628128260374069436e-01
3.627930432558059692e-01
3.626884683966636880e-01
3.628858983516692893e-01
3.630262047052383312e-01
3.628619134426117054e-01
3.630739867687225453e-01
3.630252495408058389e-01
3.628138661384582297e-01
3.632260411977767944e-01
3.627627119421958923e-01
3.627425849437713734e-01
3.625334218144417031e-01
3.627121090888977273e-01
3.625785946846008523e-01
3.627831995487212913e-01
3.626028716564178578e-01
3.626916661858558544e-01
3.626469165086746438e-01
3.626189380884170532e-01
3.623178422451019398e-01
3.623990267515182495e-01
3.622773885726928711e-01
3.624600425362586864e-01
3.628106772899627464e-01
3.626250192523002847e-01
3.624419391155243031e-01
3.621867358684539573e-01
3.621783405542373657e-01
3.622822955250740162e-01
3.622914373874664418e-01
3.620963156223296897e-01
3.620513007044792175e-01
3.620785713195801003e-01
3.620002552866935508e-01
3.620457768440246693e-01
3.621227443218231201e-01
3.621988937258720509e-01
3.619747489690780529e-01
3.619401693344116433e-01
3.617976814508437888e-01
3.618643552064895741e-01
3.619612693786621316e-01
3.619119137525558250e-01
3.621876120567321666e-01
3.623528882861137279e-01
3.623729601502418407e-01
3.620641887187957542e-01
3.618388116359710915e-01
3.617780268192291038e-01
3.621175825595855935e-01
3.618006572127342446e-01
3.618617862462997214e-01
3.616656899452209695e-01
3.615648537874222024e-01
3.617754489183425681e-01
3.615161105990409851e-01
3.615274548530578724e-01
3.615740597248077171e-01
3.615481764078140037e-01
3.614347606897354015e-01
3.615287184715271218e-01
3.615960180759429932e-01
3.612679749727248923e-01
3.612248212099075095e-01
3.612350761890411599e-01
3.612405806779861450e-01
3.612811356782913430e-01
3.612131789326668008e-01
3.613430947065353616e-01
3.611294955015182384e-01
3.620031490921974404e-01
3.616899490356445535e-01
3.613132447004318015e-01
3.612430751323699729e-01
3.609151467680931091e-01
3.609950259327888711e-01
3.608639478683471902e-01
3.609487384557724110e-01
3.608591735363006481e-01
3.608450084924698098e-01
3.608146071434020774e-01
3.607762694358825906e-01
3.609506815671920665e-01
3.608596652746200451e-01
3.607475742697715537e-01
3.607689768075942882e-01
3.607566565275192039e-01
3.608257815241813771e-01
3.607731372117995994e-01
3.607282817363738903e-01
3.606570109724998585e-01
3.606846302747726551e-01
3.606160908937454113e-01
3.605848580598831066e-01
3.606961429119109885e-01
3.605466410517692566e-01
3.606161355972289928e-01
3.606416121125221030e-01
3.607322901487350353e-01
3.605787172913551553e-01
3.605102717876434437e-01
3.606082826852798351e-01
3.605046540498733632e-01
3.605174764990806691e-01
3.604894399642944447e-01
3.604794502258300559e-01
3.606048285961150901e-01
3.604758292436599509e-01
3.605150908231735118e-01
3.605400294065475575e-01
3.607436388731002919e-01
3.604153007268905418e-01
3.604043453931808361e-01
3.604314580559730419e-01
3.605832606554031372e-01
3.603196680545807107e-01
3.603401586413383373e-01
3.603321298956870811e-01
3.603790551424026489e-01
3.602433711290359275e-01
3.602678656578063854e-01
3.602458775043487771e-01
3.604013353586196788e-01
3.602418407797813305e-01
3.602139770984649769e-01
3.602140963077545277e-01
3.602226883172988670e-01
3.602038055658340343e-01
3.603354275226592907e-01
3.602598875761032216e-01
3.602129459381103738e-01
3.600686296820640453e-01
3.601483911275863425e-01
3.601009488105774148e-01
3.601977720856666676e-01
3.601794600486755149e-01
3.602207511663436668e-01
3.602960824966430775e-01
3.600680232048034668e-01
3.600110873579979165e-01
3.600376069545745961e-01
3.600132912397384644e-01
3.598994940519332775e-01
3.599446654319763406e-01
3.600484728813171387e-01
3.600883275270462258e-01
3.600265532732009888e-01
3.601789265871048196e-01
3.600014269351959340e-01
3.598889589309692272e-01
3.598508477210998757e-01
3.598350018262863048e-01
3.599517181515693443e-01
3.598383635282516591e-01
3.597514718770981057e-01
3.598766326904296875e-01
3.598998427391052468e-01
3.597722083330154308e-01
3.601401343941688649e-01
3.597523629665374534e-01
3.597406446933746338e-01
3.597367927432060242e-01
3.596274673938751332e-01
3.598834574222564697e-01
3.597295328974723927e-01
3.598466366529464722e-01
3.597798407077789085e-01
3.597411453723907693e-01
3.595978111028671487e-01
3.595655560493469238e-01
3.596060946583747864e-01
3.595328480005264282e-01
3.595896825194359048e-01
3.595737814903259277e-01
3.594203561544418446e-01
3.594537749886512756e-01
3.594814270734786876e-01
3.594754159450531117e-01
3.594458281993865856e-01
3.594036281108856090e-01
3.593635439872741588e-01
3.594674199819564708e-01
3.593843758106231578e-01
3.593378961086273193e-01
3.593808323144912498e-01
3.594143778085708840e-01
3.594657599925994984e-01
3.593280941247939952e-01
3.593756198883056863e-01
3.596782624721527322e-01
3.593442142009735107e-01
3.594032913446426614e-01
3.594284042716026084e-01
3.595207720994949563e-01
3.593791365623474343e-01
3.592801213264465443e-01
3.592599868774414285e-01
3.592309176921844593e-01
3.592355296015739552e-01
3.592438742518425099e-01
3.593027159571647866e-01
3.591932326555252186e-01
3.591823309659957775e-01
3.592870473861694558e-01
3.592227607965469138e-01
3.592237710952758678e-01
3.592680260539055093e-01
3.593042284250259621e-01
3.592283427715301514e-01
3.592725425958633312e-01
3.592983335256576538e-01
3.591441884636878967e-01
3.591201394796371682e-01
3.591092050075531117e-01
3.591366410255432129e-01
3.591232791543007008e-01
3.591331034898758157e-01
3.591023206710815541e-01
3.591227218508720176e-01
3.591379716992378346e-01
3.591189801692962758e-01
3.590487599372863547e-01
3.590948671102524026e-01
3.590808287262916565e-01
3.591167449951171986e-01
3.590927600860595592e-01
3.590953066945076211e-01
3.589721143245697133e-01
3.589973583817481773e-01
3.590298444032669067e-01
3.590906918048858421e-01
3.590975642204284890e-01
3.590005859732627869e-01
3.590239375829696877e-01
3.589984014630317466e-01
3.590052187442779319e-01
3.590978682041168213e-01
3.589385420083999745e-01
3.590722888708114402e-01
3.589300885796546936e-01
3.588984668254852073e-01
3.589681431651115529e-01
3.589026033878326416e-01
3.588670313358306996e-01
3.588443025946617126e-01
3.588949203491210715e-01
3.589552819728851207e-01
3.590350329875945934e-01
3.588998675346374290e-01
3.588905036449432373e-01
3.588962644338608010e-01
3.588166207075119130e-01
3.589338481426239125e-01
3.588999211788177490e-01
3.587988346815109142e-01
3.589659214019775280e-01
3.589310437440872414e-01
3.588517904281616211e-01
3.587269961833953746e-01
3.588324829936027638e-01
3.587521553039551003e-01
3.586925432085991128e-01
3.587495595216750877e-01
3.587148979306221119e-01
3.587169826030731090e-01
3.586925029754638450e-01
3.586781114339828713e-01
3.586912989616394265e-01
3.586571931838989369e-01
3.586567193269729614e-01
3.587162047624588013e-01
3.587975889444351418e-01
3.587942376732826122e-01
3.587075278162956127e-01
3.586037606000900269e-01
3.585947707295417675e-01
3.585649117827415244e-01
3.585743546485901101e-01
3.585619643330574258e-01
3.585753187537193409e-01
3.585896968841552623e-01
3.585826039314269909e-01
3.585507586598396523e-01
3.585422232747078053e-01
3.585271507501602284e-01
3.585482671856879966e-01
3.585351765155792014e-01
3.585637584328651428e-01
3.585400894284248574e-01
3.585405290126800759e-01
3.585209846496582031e-01
3.585980445146560447e-01
3.585305556654930226e-01
3.585714250802993774e-01
3.585692584514618142e-01
3.585170552134513966e-01
3.585179179906844982e-01
3.585167467594146951e-01
3.585170686244964489e-01
3.585213392972946278e-01
3.585546746850013511e-01
3.585155472159385903e-01
3.584854692220688088e-01
3.584946274757385143e-01
3.584476858377456665e-01
3.585511147975921631e-01
3.585168942809104919e-01
3.584667086601257546e-01
3.584587082266807445e-01
3.584304571151733509e-01
3.584536969661712424e-01
3.585088759660720603e-01
3.584465742111205833e-01
3.584320366382598988e-01
3.584397554397583119e-01
3.584526762366294639e-01
3.584194928407669067e-01
3.583927080035209656e-01
3.584028661251068004e-01
3.583858042955398449e-01
3.584146440029144509e-01
3.583880871534347312e-01
3.583657920360565075e-01
3.584105730056762473e-01
3.583840012550353893e-01
3.583855479955673218e-01
3.583463251590728871e-01
3.583566904067992942e-01
3.583477854728698841e-01
3.583605155348777993e-01
3.583636403083801381e-01
3.583393871784210094e-01
3.583914220333099254e-01
3.584153026342392079e-01
3.582963317632675282e-01
3.583502396941184998e-01
3.583271071314811929e-01
3.583249926567077526e-01
3.583205103874206321e-01
3.583192005753517151e-01
3.582981511950492637e-01
3.582868039608001487e-01
3.583008632063865440e-01
3.582882374525070412e-01
3.583576202392578236e-01
3.582717835903167503e-01
3.583358108997344860e-01
3.582735180854797474e-01
3.582931250333786233e-01
3.582818806171417236e-01
3.583167567849159241e-01
3.582798734307289235e-01
3.582743793725967629e-01
3.583155423402786255e-01
3.582275375723839028e-01
3.582190722227096558e-01
3.582411959767341503e-01
3.582209855318069236e-01
3.582260951399803273e-01
3.582184553146362527e-01
3.583049654960632213e-01
3.582033216953277588e-01
3.581943795084953086e-01
3.582265287637710349e-01
3.582254409790038840e-01
3.582485526800155418e-01
3.582072168588638084e-01
3.582830250263214222e-01
3.581986725330352783e-01
3.581869915127754433e-01
3.582020774483680725e-01
3.581651046872139088e-01
3.581628650426864624e-01
