3.580981651941935073e+00
2.285572489102681570e-01
1.224221537510554042e-01
1.190394411484400478e-01
1.086775511503219604e-01
1.087585464119911194e-01
1.077067578832308498e-01
1.004473691185315404e-01
9.495226790507634018e-02
8.894580850998561050e-02
8.382800469795863296e-02
7.953203469514846802e-02
7.525043437878291275e-02
7.255268717805544998e-02
7.140177860856056213e-02
7.114948829015095566e-02
6.877145667870838974e-02
6.794687484701474045e-02
6.905897582570712234e-02
6.762801483273506165e-02
7.005242755015690659e-02
6.681563084324200485e-02
6.652695064743359421e-02
6.821059063076972961e-02
6.291769320766131546e-02
6.145633757114410400e-02
6.381453201174736023e-02
6.379870076974232529e-02
6.220348055164019035e-02
5.854329715172449516e-02
6.260949000716209412e-02
5.476801966627439094e-02
5.711687604586283135e-02
5.548153817653656006e-02
5.383821949362754822e-02
5.342170844475428032e-02
5.265275513132413460e-02
5.309475337465604378e-02
5.327404414614041878e-02
5.054070552190145088e-02
5.041448275248209404e-02
4.817277317245801521e-02
4.864950726429621147e-02
4.725082466999689507e-02
4.774294172724088264e-02
4.773858437935511040e-02
5.062363793452581001e-02
4.829416920741399361e-02
4.786709696054458618e-02
4.805576925476392341e-02
4.822070151567459106e-02
4.713704188664754463e-02
4.773168017466863228e-02
4.778273031115531921e-02
4.618150368332862854e-02
4.959833746155103279e-02
4.684211934606234001e-02
4.668926571806272102e-02
4.988315825661023689e-02
4.519065717856089043e-02
4.813819130261739326e-02
4.571430757641792297e-02
4.574349025885263847e-02
4.984186962246894836e-02
4.639788841207822395e-02
4.639625797669092583e-02
4.553009197115898132e-02
4.683969914913177490e-02
4.608550543586412834e-02
4.351076483726501465e-02
4.376220082243283821e-02
4.589245220025380684e-02
4.541482776403427124e-02
4.861428712805112434e-02
4.666680594285329414e-02
4.674994821349779534e-02
4.664896304408708977e-02
4.527559628089269234e-02
4.839863752325376106e-02
4.949409266312917305e-02
4.559518645207086968e-02
5.396409456928571297e-02
4.681599761048952507e-02
5.102778722842534614e-02
4.525918141007423401e-02
4.707578445474306511e-02
4.611017306645711494e-02
4.740545898675918579e-02
4.780879865090052055e-02
4.746195798118909431e-02
4.632229606310526299e-02
4.867192233602205681e-02
4.617862775921821594e-02
4.718438039223352837e-02
4.503781472643216682e-02
4.617781564593315125e-02
4.559948171178499626e-02
4.692732418576876091e-02
4.666389028231302666e-02
5.040567989150682854e-02
4.710514843463897705e-02
4.788314426938692497e-02
4.763604452212651802e-02
4.742004474004109932e-02
4.741295923789342476e-02
4.681479061643282341e-02
4.757161190112432075e-02
4.714303960402806831e-02
4.740112523237863945e-02
4.752840970953305794e-02
4.771926378210385872e-02
4.704514766732851433e-02
4.836310073733329773e-02
4.623405387004216743e-02
4.792942851781845093e-02
4.683114091555277275e-02
4.786679272850354744e-02
4.826565831899642944e-02
4.619351153572400642e-02
4.955121626456578804e-02
4.658546298742294312e-02
4.803606246908505989e-02
4.901215061545372009e-02
4.648307586709658074e-02
4.946157336235046387e-02
4.799897223711013794e-02
4.714897399147351814e-02
4.814613113800684380e-02
4.648460199435552193e-02
4.712750141819318367e-02
4.701923951506614685e-02
4.766493539015451836e-02
4.841809843977292610e-02
4.753886287411054207e-02
4.662842427690824104e-02
4.876427849133809639e-02
4.712724809845288826e-02
4.677133013804753853e-02
4.720379784703254700e-02
4.702266057332357002e-02
4.828524341185887886e-02
4.711469387014707161e-02
4.702823981642723083e-02
4.906318336725234985e-02
4.784328987201055122e-02
4.746968795855840278e-02
4.765341306726137566e-02
4.764416068792343140e-02
4.883083949486414360e-02
4.789292315642038750e-02
4.693474496404329704e-02
4.759735862414041924e-02
4.690214619040489197e-02
4.760471855600675178e-02
4.749050612250963616e-02
4.791685814658800530e-02
4.735063885649045540e-02
4.795495793223381042e-02
4.942039151986440254e-02
4.839638868967691826e-02
4.735349615414937569e-02
4.791706552108129097e-02
4.904148355126380920e-02
4.935978973905245232e-02
4.818763956427574158e-02
4.789318516850471497e-02
4.624025151133537292e-02
4.751759643356005119e-02
4.744927088419596123e-02
4.930091525117556023e-02
4.740612953901290894e-02
4.698048283656438423e-02
4.628467808167139458e-02
4.838019361098607612e-02
4.752269014716148376e-02
4.700211808085441589e-02
4.796946917970975471e-02
4.820827022194862366e-02
4.841098934412002563e-02
4.653123642007509636e-02
4.635536919037500786e-02
4.671019315719604492e-02
4.748361433545748161e-02
4.732563594977060722e-02
4.724679638942082954e-02
4.696333532532056404e-02
4.626312976082166267e-02
4.843661934137344360e-02
4.884395251671472954e-02
4.899542778730392456e-02
4.769766579071680473e-02
4.857989524801572395e-02
4.745390017827352119e-02
4.879072929422060417e-02
4.813153048356374336e-02
4.797466471791267395e-02
4.849784572919210029e-02
4.748218009869257378e-02
4.670228560765584541e-02
4.549020404616991448e-02
4.712468509872754646e-02
4.819925253589948250e-02
4.724785064657529426e-02
4.770575091242790222e-02
4.777282476425170898e-02
4.794297367334365845e-02
4.750709980726242065e-02
4.748791828751564026e-02
4.760118822256723808e-02
4.707944393157958984e-02
4.795283575852712227e-02
4.744666566451390816e-02
4.681481048464775085e-02
4.700798292954763008e-02
4.755085210005442070e-02
4.735915362834930420e-02
4.800274223089218140e-02
4.775105416774749756e-02
4.793933903177579475e-02
4.796387876073519158e-02
4.810350015759468079e-02
4.812326778968175484e-02
4.713624467452367378e-02
4.742104684313138557e-02
4.725165044267972542e-02
4.696788390477498604e-02
4.692896207173665596e-02
4.728112990657488274e-02
4.796986406048139168e-02
4.764200747013092041e-02
4.696902881066004204e-02
4.817201321323712898e-02
4.722155133883158135e-02
4.742114370067914558e-02
4.702240352829297615e-02
4.778041318058967590e-02
4.764900108178456856e-02
4.904389505585034920e-02
4.791242132584253716e-02
4.779006416598955559e-02
4.612568641702333855e-02
4.738515491286913323e-02
4.792928944031397270e-02
4.683267821868260933e-02
4.841120913624763489e-02
4.807862018545468880e-02
4.871443410714467598e-02
4.749229302008946968e-02
4.616852104663848877e-02
4.745412493745485710e-02
4.746601854761441780e-02
4.740200440088907646e-02
4.808580130338668823e-02
4.642808934052785469e-02
4.730619117617607117e-02
4.825976242621739937e-02
4.812817027171453071e-02
4.776665692528089119e-02
4.655998200178146362e-02
4.674711326758066582e-02
4.637134944399198128e-02
4.735257973273595405e-02
4.824853812654813362e-02
4.652789483467737602e-02
4.752780497074127197e-02
4.637700940171877312e-02
4.712448020776113106e-02
4.657923926909764839e-02
4.740741600592931343e-02
4.806278149286905693e-02
4.677595322330792976e-02
4.763031750917434692e-02
4.861500114202499390e-02
4.728623231252034737e-02
4.639223963022232056e-02
4.730218028028806282e-02
4.827335725227991509e-02
4.737192764878273010e-02
4.716474190354347229e-02
4.708864043156305718e-02
4.626728594303131104e-02
4.792270685235659050e-02
4.721091439326604439e-02
4.792450120051702095e-02
4.666292170683542656e-02
4.644862686594327522e-02
4.858668148517608643e-02
4.655350868900617195e-02
4.756173615654309822e-02
4.715288430452346802e-02
4.700498779614766670e-02
4.735544075568517280e-02
4.680123801032701897e-02
4.619793966412544250e-02
4.741586248079935478e-02
4.657422378659248352e-02
4.676976427435874939e-02
4.740859568119049072e-02
4.723517845074335503e-02
4.671311130126317573e-02
4.706016182899475098e-02
4.720578839381536079e-02
4.627311726411183906e-02
4.715277130405107903e-02
4.722599933544794487e-02
4.682883992791175842e-02
4.733504230777422356e-02
4.727749526500701904e-02
4.671886439124742912e-02
4.702468464771906304e-02
4.755658035477002693e-02
4.696282744407653809e-02
4.712335144480069710e-02
4.678334792455037666e-02
4.650723064939180779e-02
4.705238714814186096e-02
4.732877885301908089e-02
4.675514126817385124e-02
4.667437573273976875e-02
4.664189741015434265e-02
4.734227185448010994e-02
4.649887358148892952e-02
4.700111349423726631e-02
4.698318739732106758e-02
4.734645908077558113e-02
4.657885183890660835e-02
4.635613535841306282e-02
4.739110420147577690e-02
4.705577343702316284e-02
4.669327288866043091e-02
4.689656943082809448e-02
4.679565380016962456e-02
4.624917854865392280e-02
4.688037311037381721e-02
4.650727162758509087e-02
4.699083045125007629e-02
4.689878597855567932e-02
4.626794159412384033e-02
4.653190324703852104e-02
4.668886090318361687e-02
4.740999763210614754e-02
4.645630965630213188e-02
4.766698181629180908e-02
4.697319741050402092e-02
4.725510627031326294e-02
4.649062951405843330e-02
4.686360061168670654e-02
4.653222238024076057e-02
4.658758391936620308e-02
4.667220140496889519e-02
4.694219306111335754e-02
4.675137251615524292e-02
4.714982832471529411e-02
4.685421536366144585e-02
4.686896875500679016e-02
4.617408911387125420e-02
4.638715212543805672e-02
4.715975498159726692e-02
4.718719671169916557e-02
4.669728875160217285e-02
4.726901526252428459e-02
4.621194675564765930e-02
4.663956662019094063e-02
4.667800913254419731e-02
4.670190562804540230e-02
4.593744128942489624e-02
4.645131900906562805e-02
4.740047579010327888e-02
4.734988758961359429e-02
4.679984599351882935e-02
4.628766700625419617e-02
4.671271766225496697e-02
4.715120916565259529e-02
4.758658508459726738e-02
4.622306550542513298e-02
4.666793222228685784e-02
4.652260616421699524e-02
4.625046501557032036e-02
4.715090120832125115e-02
4.660966123143831658e-02
4.658322408795356750e-02
4.577910403410593437e-02
4.611737281084060669e-02
4.570486272374788689e-02
4.674013704061508179e-02
4.614705468217531609e-02
4.659823079903920723e-02
4.642879714568456245e-02
4.681534816821416450e-02
4.633519425988197327e-02
4.679536943634351326e-02
4.642252003153165413e-02
4.653748621543248726e-02
4.609267661968866753e-02
4.656525701284408569e-02
4.592176402608553337e-02
4.635891566673914360e-02
4.675082986553510261e-02
4.578742136557897163e-02
4.671774680415789055e-02
4.695048183202743530e-02
4.699559882283210754e-02
4.704233258962631226e-02
4.680582260092099739e-02
4.694967841108640266e-02
4.681241636474927498e-02
4.618463665246963501e-02
4.635675872365633415e-02
4.657777026295661926e-02
4.602573066949844360e-02
4.617602129777272774e-02
4.705100879073143005e-02
4.667318984866142273e-02
4.691525051991144585e-02
4.641503592332204414e-02
4.635630423823992180e-02
4.649269084135691094e-02
4.609632864594459534e-02
4.669542983174324036e-02
4.610397790869077278e-02
4.674405480424562859e-02
4.632707685232162476e-02
4.627744853496551514e-02
4.681157817443212105e-02
4.634733373920122551e-02
4.678877443075180054e-02
4.672701532642046379e-02
4.649659122029940056e-02
4.618901883562406135e-02
4.649681722124417854e-02
4.617340738574663567e-02
4.632888113458951546e-02
4.644290482004483772e-02
4.612318923075994087e-02
4.676836853226026131e-02
4.656261578202247620e-02
4.697795088092485832e-02
4.606061925490697456e-02
4.614624381065368652e-02
4.623976474006970955e-02
4.664510364333788323e-02
4.629900058110555244e-02
4.656585305929183960e-02
4.635856176416078972e-02
4.620260124405225349e-02
4.653613145152727532e-02
4.603441059589385986e-02
4.649323100845018791e-02
4.629656672477722168e-02
4.594317699472109245e-02
4.671507701277732849e-02
4.639377941687902046e-02
4.686161130666732788e-02
4.669964810212453438e-02
4.658772672216097283e-02
4.652421673138936592e-02
4.628464331229528023e-02
4.590130473176638054e-02
4.645173499981562065e-02
4.633472238977750374e-02
4.642256846030553413e-02
4.656141748030980659e-02
4.647918542226155830e-02
4.630818217992782593e-02
4.665994519988695549e-02
4.634026189645131660e-02
4.633037373423576355e-02
4.629054665565490723e-02
4.618357618649800850e-02
4.666301856438318657e-02
4.627313216527303291e-02
4.637290661533673836e-02
4.636349777380625176e-02
4.670043538014093804e-02
4.631846894820531441e-02
4.607209066549936699e-02
4.612773284316062927e-02
4.617952431241671013e-02
4.629817232489585876e-02
4.601277907689412666e-02
4.628415405750274658e-02
4.620499908924102783e-02
4.663849249482154846e-02
4.583858326077461243e-02
4.640922447045644356e-02
4.650338987509409355e-02
4.605404908458391594e-02
4.617837816476821899e-02
4.623076071341832710e-02
4.630791271726290154e-02
4.654284690817197395e-02
4.551476115981737541e-02
4.611365248759587837e-02
4.650629684329032898e-02
4.651124278704325127e-02
4.610538482666015625e-02
4.627825071414311958e-02
4.653984059890111519e-02
4.632865513364473747e-02
4.655298218131065369e-02
4.632272943854331970e-02
4.607750972112020088e-02
4.609554136792818474e-02
4.623959710200627876e-02
4.596010719736417366e-02
4.603495448827743530e-02
4.644128183523813652e-02
4.643654823303222656e-02
4.626884559790293144e-02
4.655558367570241524e-02
4.655259723464647698e-02
4.646012807885805534e-02
4.655418793360392021e-02
4.591331382592519356e-02
4.617091640830039978e-02
4.643861452738443779e-02
4.614099736015001701e-02
4.643189782897631096e-02
4.642344266176223755e-02
4.632632186015447212e-02
4.612926890452703071e-02
4.625620941321054863e-02
4.583993181586265564e-02
4.641900708278020454e-02
4.631376514832178520e-02
4.655800511439641548e-02
4.639289279778798653e-02
4.634253929058710503e-02
4.681195691227912903e-02
4.675023630261421204e-02
4.624931762615839409e-02
4.642137388388315605e-02
4.624452069401741028e-02
4.609109958012898994e-02
4.605970655878385139e-02
4.609236121177673340e-02
4.630372052391370369e-02
4.670946424206098152e-02
4.623343174656232429e-02
4.604149361451467110e-02
4.585007950663566589e-02
4.621453831593195366e-02
4.638951271772384644e-02
4.657763987779617310e-02
4.635148122906684875e-02
4.650198047359784675e-02
4.649927094578742981e-02
4.632262761394182610e-02
4.650768513480822014e-02
4.661226396759351326e-02
4.617893820007642341e-02
4.595638811588287354e-02
4.605194926261901855e-02
4.615226636330286430e-02
4.619544371962547302e-02
4.624274497230847908e-02
4.625427598754564690e-02
4.643281300862630440e-02
4.663006961345672607e-02
4.625203708807627129e-02
4.599082097411155701e-02
4.609190920988718437e-02
4.629604890942573547e-02
4.677843923370043205e-02
4.623861983418464661e-02
4.598425204555193352e-02
4.620224237442016602e-02
4.614226023356119560e-02
4.611415912707646919e-02
4.612103973825772835e-02
4.649361719687779976e-02
4.624974603454271721e-02
4.630483438571294380e-02
4.614838461081186699e-02
4.637546216448148323e-02
4.627373566230138374e-02
4.618317137161890434e-02
4.632879048585891724e-02
4.620113596320152283e-02
4.614065090815226006e-02
4.616831988096237183e-02
4.606985797484716011e-02
4.587469870845476555e-02
4.628707095980644226e-02
4.656902203957239555e-02
4.625424742698669434e-02
4.602548852562904358e-02
4.622151826818784309e-02
4.648229976495107246e-02
4.619318867723146843e-02
4.653349394599596428e-02
4.641198615233103203e-02
4.649971301356951164e-02
4.650971541802088188e-02
4.645175610979398323e-02
4.623981068531671929e-02
4.654552042484283447e-02
4.653181880712509155e-02
4.669041062394777702e-02
4.629527280728022026e-02
4.612039526303609444e-02
4.618449136614799500e-02
4.633298764626184868e-02
4.628104468186696602e-02
4.627839103341102600e-02
4.639723151922225952e-02
4.624861354629198479e-02
4.625308141112327576e-02
4.631887500484784675e-02
4.630963131785392761e-02
4.604887838164965080e-02
4.636476064721743034e-02
4.616305852929750847e-02
4.614295810461044312e-02
4.632740964492162300e-02
4.645846163233121467e-02
4.605880255500475334e-02
4.612374926606813835e-02
4.621667539079984260e-02
4.591923082868257927e-02
4.626399030288060737e-02
4.631840934356053902e-02
4.609519367416699959e-02
4.624326278765996528e-02
4.623756806055704521e-02
4.623375212152799202e-02
4.622315118710199761e-02
4.629246518015861511e-02
4.616850738724073006e-02
4.644549141327539848e-02
4.624222964048385620e-02
4.638002937038739754e-02
4.620529338717460632e-02
4.620858281850814819e-02
4.614632949233055115e-02
4.598802452286084724e-02
4.599698508779207634e-02
4.623859127362569404e-02
4.634507993857065605e-02
4.605487858255704475e-02
4.641951993107795715e-02
4.651475449403127266e-02
4.633068044980367256e-02
4.626453543702761101e-02
4.625612248977025581e-02
4.612866913278897835e-02
4.611866921186447144e-02
4.627916465202967095e-02
4.617972671985626221e-02
4.644926016529401375e-02
4.615865523616472649e-02
4.629735276103019714e-02
4.631650820374488831e-02
4.613296563426653313e-02
4.631815974911054207e-02
4.620390509565671516e-02
4.613938306768735481e-02
4.629097133874893188e-02
4.616884266336759163e-02
4.629145686825116707e-02
4.612667858600616455e-02
4.618839919567108154e-02
4.625237112243970466e-02
4.621799911061922478e-02
4.628311718503633904e-02
4.620546102523803711e-02
4.619859283169110847e-02
4.623903582493463921e-02
4.642116650938987732e-02
4.609011734525362419e-02
4.592597236235936714e-02
4.627411564191182686e-02
4.625650495290756226e-02
4.636292904615402222e-02
4.609269897143045830e-02
4.644434029857317375e-02
4.626086602608362602e-02
4.610090578595796990e-02
4.612052813172340393e-02
4.616122444470723701e-02
4.603826378782590462e-02
4.604828978578249382e-02
4.614172503352165222e-02
4.636531199018160271e-02
4.628715167442957329e-02
4.603701084852218628e-02
4.630538697044054436e-02
4.607629527648290230e-02
4.601600890358289314e-02
4.624029621481895447e-02
4.612232247988382744e-02
4.616731281081835198e-02
4.601595426599184441e-02
4.597919185956319404e-02
4.611951981981595589e-02
4.615998764832814766e-02
4.605051626761754585e-02
4.645206530888875557e-02
4.637319594621658325e-02
4.596313710014025139e-02
4.627749075492223335e-02
4.605961715181668831e-02
4.628192757566770149e-02
4.613560562332471443e-02
4.610062763094902039e-02
4.622579986850420403e-02
4.620506862799326347e-02
4.617033277948697639e-02
4.618271191914876533e-02
4.606848582625389099e-02
4.619487747550010681e-02
4.614414771397908760e-02
4.617952679594358040e-02
4.609389106432596611e-02
4.615588237841924263e-02
4.623275126020113396e-02
4.628959298133850098e-02
4.624137779076894356e-02
4.616601516803105903e-02
4.619569579760233330e-02
4.619603231549263000e-02
4.623178268472353386e-02
4.614762837688127922e-02
4.623242095112800598e-02
4.623673483729362488e-02
4.622167845567067695e-02
4.627527172366777825e-02
4.614017779628435539e-02
4.626442740360895561e-02
4.620825250943502022e-02
4.619792724649111199e-02
4.609402020772298408e-02
4.630616803963979317e-02
4.631132011612256599e-02
4.612727835774421692e-02
4.611936335762342049e-02
4.633640001217523979e-02
4.606486608584722114e-02
4.622007285555203987e-02
4.633893320957819389e-02
4.615680376688639092e-02
4.602013900876045227e-02
4.622996971011161804e-02
4.629313324888547493e-02
4.618953789273897576e-02
4.620153953631719185e-02
4.619719460606575012e-02
4.617110018928845955e-02
4.612104594707489014e-02
4.604591553409894539e-02
4.628557960192362236e-02
4.615959773461023735e-02
4.613614082336425781e-02
4.626125966509183479e-02
4.620374863346417976e-02
4.621451099713643623e-02
4.609570900599161553e-02
4.626469189922014641e-02
4.611500849326451851e-02
4.606884717941284180e-02
4.610982785622278618e-02
4.609646027286847664e-02
4.628663137555122375e-02
4.598987847566604614e-02
4.628614087899526192e-02
4.628657922148704529e-02
4.613706966241200996e-02
4.628084972500801086e-02
4.617124920090039802e-02
4.618112246195475029e-02
4.612637807925542427e-02
4.632403701543807983e-02
4.599666595458984375e-02
4.634700467189153267e-02
4.600761830806732178e-02
4.626765102148056030e-02
4.627504075566927361e-02
4.611393188436826301e-02
4.614208266139030457e-02
4.624936729669570923e-02
4.624382779002189636e-02
4.617029676834741997e-02
4.608019565542539192e-02
4.607719928026199341e-02
4.637491206328073906e-02
4.608187327782312798e-02
4.609161491195360588e-02
4.631433884302774834e-02
4.621975744764009880e-02
4.620973890026410652e-02
4.616878802577654289e-02
4.610598211487134529e-02
4.600031301379203796e-02
4.618301242589950562e-02
4.619313155611356331e-02
4.627636695901552605e-02
4.610005517800649238e-02
4.615391294161478447e-02
4.609361787637075020e-02
4.629561305046081543e-02
4.611808309952417778e-02
4.619188979268074036e-02
4.616152122616767883e-02
4.621434584259986877e-02
4.615574950973192619e-02
4.612675681710243225e-02
4.624865328272183967e-02
4.612468431393305229e-02
4.621002078056335449e-02
4.617199674248695374e-02
4.617091765006383491e-02
4.619180038571357727e-02
4.613823443651199341e-02
4.610325396060943604e-02
4.618625342845916748e-02
4.618403067191442085e-02
4.620826741059621406e-02
4.615505039691925049e-02
4.625508189201354980e-02
4.612332334121068550e-02
4.628445083896318840e-02
4.611008117596308159e-02
4.625358680884043144e-02
4.609969755013784004e-02
4.620020588239034248e-02
4.617085928718248772e-02
4.615397502978643013e-02
4.611292108893394470e-02
4.622927183906237053e-02
4.613694300254186226e-02
4.618203019102414680e-02
4.620678474505742622e-02
4.613410557309786247e-02
4.617781688769658638e-02
4.619428391257921623e-02
4.612923289338747429e-02
4.618816201885541511e-02
4.623769099513689446e-02
4.618475461999575066e-02
4.619097337126731873e-02
4.617376004656156135e-02
4.620429625113805366e-02
4.611774409810701775e-02
4.617569968104362488e-02
4.620430742700894905e-02
4.614778235554695129e-02
4.619232565164566040e-02
4.615517954031626152e-02
4.615631699562072754e-02
4.622734958926836418e-02
4.611713190873464180e-02
4.624102264642715454e-02
4.616262142856916023e-02
4.611118758718172478e-02
4.618948946396509575e-02
4.613243788480758667e-02
4.618657628695169853e-02
4.608457411328951286e-02
4.621054107944170403e-02
4.615428795417150093e-02
4.618286341428756714e-02
4.609421764810880257e-02
4.620606948932012153e-02
4.618732631206512451e-02
4.614285752177238464e-02
4.618073751529058052e-02
4.621610914667447639e-02
4.610382020473480225e-02
4.619542881846427917e-02
4.615264634291330742e-02
4.615315298239389824e-02
4.617581143975257874e-02
4.618131866057714058e-02
4.615761091311772896e-02
4.620394483208656311e-02
4.615469401081403328e-02
4.612322648366292549e-02
4.613882675766944885e-02
4.615367328127225471e-02
4.618588089942932129e-02
4.614923646052678657e-02
4.617350672682126594e-02
4.609686136245727539e-02
4.628388335307439400e-02
4.615377386411031319e-02
4.615287234385808540e-02
4.614508524537086487e-02
4.614368453621864319e-02
4.618663837512334419e-02
4.618926470478375984e-02
4.614891111850738525e-02
4.617616285880406929e-02
4.617157454291979241e-02
4.613687346378961968e-02
4.620431115229924751e-02
4.615203663706779480e-02
4.620565474033355713e-02
4.607392723361650871e-02
4.629213983813921379e-02
4.608033597469329834e-02
4.619745537638664246e-02
4.611458877722422051e-02
4.617379978299140930e-02
4.619297633568445610e-02
4.618070647120475769e-02
4.616062094767888618e-02
4.615971818566322327e-02
4.615630085269609856e-02
4.619791855414708687e-02
4.613684241970380379e-02
4.617270330588022637e-02
4.615414266784986091e-02
4.618001853426297737e-02
4.615606243411699700e-02
4.614358271161714958e-02
4.620769744118054939e-02
4.616691047946611809e-02
4.617050290107727051e-02
4.612435524662335945e-02
4.622228940327962471e-02
4.615057011445363594e-02
4.618636394540468620e-02
4.616415500640869141e-02
4.615860432386398315e-02
4.616249228517214226e-02
4.618972043196360039e-02
4.610755046208699776e-02
4.617721959948539734e-02
4.612813889980316162e-02
4.615182057023048401e-02
4.617030546069145203e-02
4.617177198330561089e-02
4.620761424303054810e-02
4.610891019304593635e-02
4.615885640184084343e-02
4.619588827093442512e-02
4.613783955574035645e-02
4.616711412866910530e-02
4.614344239234924316e-02
4.621374110380808281e-02
4.610287398099899292e-02
4.620490844051042961e-02
4.616234203179677559e-02
4.618056491017341614e-02
4.612557590007781982e-02
4.616892213622728752e-02
4.617283369104067253e-02
4.615900665521621704e-02
4.616470510760942864e-02
4.617031912008921074e-02
4.618822534879048897e-02
4.615048691630363464e-02
4.616800447305043770e-02
4.616116608182588982e-02
4.615236446261405945e-02
4.613555967807769775e-02
4.616576681534449028e-02
4.616106301546096802e-02
4.618630806605020928e-02
4.611169671018918587e-02
4.624215016762415337e-02
4.612565164764722420e-02
4.614219690362612175e-02
4.615611955523490906e-02
4.614425947268804146e-02
4.614161575833956169e-02
4.614288856585820747e-02
4.618644962708155083e-02
4.614931841691335274e-02
4.617109273870786262e-02
4.614436874787012505e-02
4.615283012390136719e-02
4.620449120799700188e-02
4.618515074253082275e-02
4.613946378231048584e-02
4.614461461702982353e-02
4.619285091757774353e-02
4.612232868870099617e-02
4.617857312162717415e-02
4.614272216955820488e-02
4.610305900375048088e-02
4.619395981232325005e-02
4.616517449418703484e-02
4.614280536770820618e-02
4.617719228068987297e-02
4.616860921184221672e-02
4.617602502306302620e-02
4.611154273152351379e-02
4.621015861630439758e-02
4.617104058464368416e-02
4.616804545124372078e-02
4.611137136816978455e-02
4.622367645303408074e-02
4.613168785969416069e-02
4.611277083555857109e-02
4.617847998936971260e-02
4.613742232322692871e-02
4.621585210164388252e-02
4.613672072688738274e-02
4.618904491265615059e-02
