9.850584824879964785e+00
2.487723469734191895e+00
1.813175002733866448e+00
1.787500103314717537e+00
1.702729225158691406e+00
1.704270203908284431e+00
1.695594410101572747e+00
1.633103768030802483e+00
1.583777666091918945e+00
1.527345558007558113e+00
1.474798222382863289e+00
1.431585470835367913e+00
1.396429042021433586e+00
1.373258789380391365e+00
1.366988182067871094e+00
1.368580182393391853e+00
1.344024638334910149e+00
1.337232987085978264e+00
1.353726704915364509e+00
1.338244775931040520e+00
1.366355021794636970e+00
1.331477165222167969e+00
1.329512536525726318e+00
1.349397579828898186e+00
1.291847348213195801e+00
1.276217659314473396e+00
1.305700620015462166e+00
1.305908799171447754e+00
1.289146502812703377e+00
1.248407562573750740e+00
1.295074661572774177e+00
1.205164353052775139e+00
1.233281036218007332e+00
1.215212106704711914e+00
1.196119864781697517e+00
1.191247065862019783e+00
1.182353059450785393e+00
1.187513907750447517e+00
1.190877755482991462e+00
1.157854815324147468e+00
1.156148036321004158e+00
1.128805279731750488e+00
1.134811878204345703e+00
1.116735478242238289e+00
1.123372375965118408e+00
1.122439801692962646e+00
1.157224973042805916e+00
1.129710714022318596e+00
1.124244789282480950e+00
1.126413961251576668e+00
1.127155264218648201e+00
1.113679806391398186e+00
1.120415409406026130e+00
1.121002117792765373e+00
1.101425528526306152e+00
1.140826384226481194e+00
1.108267048994700188e+00
1.106406728426615471e+00
1.142391602198282952e+00
1.087244013945261711e+00
1.122478147347768074e+00
1.093695402145385742e+00
1.093906839688618904e+00
1.140860497951507568e+00
1.101428826649983650e+00
1.100373009840647454e+00
1.090069413185119629e+00
1.105053464571635002e+00
1.095677713553110832e+00
1.066840966542561775e+00
1.067957798639933342e+00
1.094002087910969978e+00
1.087665299574534172e+00
1.123953004678090339e+00
1.101653416951497322e+00
1.102528293927510505e+00
1.101274530092875237e+00
1.084464391072591072e+00
1.120722095171610588e+00
1.133234818776448494e+00
1.088818152745564705e+00
1.181270857652028328e+00
1.102708319822947258e+00
1.149505694707234627e+00
1.083865841229756599e+00
1.105361700057983398e+00
1.093686302502949959e+00
1.109087824821472168e+00
1.111707647641499763e+00
1.109486818313598633e+00
1.095324357350667244e+00
1.122775673866271973e+00
1.094749093055725098e+00
1.105598231156667000e+00
1.080772717793782478e+00
1.094093402226765877e+00
1.087311744689941406e+00
1.101424892743428474e+00
1.099454005559285408e+00
1.140497684478759766e+00
1.104258338610331291e+00
1.112453262011210198e+00
1.109590888023376465e+00
1.107090274492899651e+00
1.106879671414693123e+00
1.100899577140808105e+00
1.109357913335164314e+00
1.104883869489033943e+00
1.106397211551666260e+00
1.108750283718109131e+00
1.110638618469238281e+00
1.102786699930826897e+00
1.118630250295003181e+00
1.093845824400583977e+00
1.112541119257609123e+00
1.100799421469370598e+00
1.112169543902079338e+00
1.117129762967427498e+00
1.093732118606567383e+00
1.130468904972076416e+00
1.098023970921834236e+00
1.114102641741434807e+00
1.124751011530558342e+00
1.096980591615041023e+00
1.129540165265401130e+00
1.113265673319498772e+00
1.104086697101593018e+00
1.114870329697926765e+00
1.097083091735839844e+00
1.104005098342895508e+00
1.101859569549560547e+00
1.110344489415486580e+00
1.117835740248362297e+00
1.108394583066304451e+00
1.098357439041137695e+00
1.121351619561513191e+00
1.103498458862304688e+00
1.099928438663482666e+00
1.104466478029886956e+00
1.102743943532307869e+00
1.116095920403798347e+00
1.103261232376098633e+00
1.102674484252929688e+00
1.125097135702769036e+00
1.111606260140736824e+00
1.107656200726826912e+00
1.109196166197458977e+00
1.109005431334177727e+00
1.122210462888081794e+00
1.112123409907023186e+00
1.100840826829274421e+00
1.109175165494282966e+00
1.101189255714416504e+00
1.108282486597697014e+00
1.107341090838114495e+00
1.112467686335245842e+00
1.105857491493225098e+00
1.112063725789387947e+00
1.128119428952534919e+00
1.116531550884246826e+00
1.105793635050455803e+00
1.111518959204355950e+00
1.124165097872416252e+00
1.127558310826619392e+00
1.114295403162638420e+00
1.111695885658264160e+00
1.093659480412801033e+00
1.107817490895589119e+00
1.106048107147216797e+00
1.126840313275655037e+00
1.106363356113433838e+00
1.101407090822855706e+00
1.093535383542378669e+00
1.116219679514567131e+00
1.107186913490295410e+00
1.101761619249979729e+00
1.111831943194071526e+00
1.114099482695261711e+00
1.116791486740112305e+00
1.096394220987955803e+00
1.094764212767283196e+00
1.097969909509022957e+00
1.106598456700642830e+00
1.105030258496602302e+00
1.103812495867411370e+00
1.100663065910339355e+00
1.093739708264668709e+00
1.116554498672485352e+00
1.120675504207611084e+00
1.122498869895935059e+00
1.108528693517049080e+00
1.118377466996510750e+00
1.105533142884572273e+00
1.120692034562428718e+00
1.112917542457580566e+00
1.111566146214802986e+00
1.116958379745483398e+00
1.106106718381245857e+00
1.097430268923441643e+00
1.084026515483856201e+00
1.102056205272674561e+00
1.113491376241048103e+00
1.103216131528218513e+00
1.108341256777445549e+00
1.108828425407409668e+00
1.110965430736541748e+00
1.106115758419036865e+00
1.105958183606465584e+00
1.106787522633870369e+00
1.101438005765279060e+00
1.110545754432678223e+00
1.105404376983642578e+00
1.098244766394297356e+00
1.100436607996622795e+00
1.106350044409434075e+00
1.104304234186808342e+00
1.111124475797017341e+00
1.108232140541076660e+00
1.110407670338948494e+00
1.110494097073872810e+00
1.111955801645914788e+00
1.112142682075500488e+00
1.101470828056335449e+00
1.104854106903076172e+00
1.102668881416320801e+00
1.099638422330220466e+00
1.099568923314412361e+00
1.102978448073069329e+00
1.110655228296915764e+00
1.107251226902008057e+00
1.099806149800618416e+00
1.112917761007944817e+00
1.102288921674092537e+00
1.104591886202494377e+00
1.100077629089355469e+00
1.108165502548217773e+00
1.106975535551707024e+00
1.121763745943705315e+00
1.109588543574015373e+00
1.108386794726053948e+00
1.090244968732198005e+00
1.103882312774658203e+00
1.109744807084401375e+00
1.098113556702931648e+00
1.115029553572336907e+00
1.111749072869618660e+00
1.118340015411376953e+00
1.105174044768015618e+00
1.090429027875264412e+00
1.104466577370961433e+00
1.104620695114135742e+00
1.103915174802144294e+00
1.111414631207783943e+00
1.093311965465545654e+00
1.102859814961751228e+00
1.113242944081624275e+00
1.111921528975168938e+00
1.107913851737976074e+00
1.094930132230122810e+00
1.096753358840942383e+00
1.092763781547546387e+00
1.103096564610799080e+00
1.112927953402201409e+00
1.094288428624470955e+00
1.105150341987609863e+00
1.092366814613342285e+00
1.100423932075500488e+00
1.094662268956502205e+00
1.103875517845153809e+00
1.110797365506489998e+00
1.096814453601837158e+00
1.105993588765462166e+00
1.116555889447530037e+00
1.102103432019551521e+00
1.092712720235188728e+00
1.102518359820048088e+00
1.113103648026784187e+00
1.103116492430369133e+00
1.101014415423075432e+00
1.100118160247802734e+00
1.091080149014790779e+00
1.108853141466776604e+00
1.101089100042978997e+00
1.108936985333760505e+00
1.095337549845377678e+00
1.093056778113047356e+00
1.116060614585876465e+00
1.093911945819854736e+00
1.104964256286621094e+00
1.100657701492309570e+00
1.099056283632914299e+00
1.102623820304870605e+00
1.096565266450246101e+00
1.090145389238993401e+00
1.103351036707560295e+00
1.094375173250834221e+00
1.096352318922678704e+00
1.103233238061269050e+00
1.101242025693257576e+00
1.095782895882924324e+00
1.099141200383504158e+00
1.100794196128845215e+00
1.090897043546040779e+00
1.100284000237782722e+00
1.101071953773498535e+00
1.096797863642374748e+00
1.102095782756805420e+00
1.101523399353027344e+00
1.095517992973327637e+00
1.098801632722218757e+00
1.104570070902506584e+00
1.098176956176757812e+00
1.099916120370229011e+00
1.096282283465067620e+00
1.093116144339243645e+00
1.099200864632924324e+00
1.102105259895324707e+00
1.095758775870005364e+00
1.094696124394734627e+00
1.094578584035237556e+00
1.102158983548482185e+00
1.092860301335652595e+00
1.098432640234629387e+00
1.098271171251932854e+00
1.102206746737162346e+00
1.093876520792643303e+00
1.091322263081868416e+00
1.102495074272155762e+00
1.098861952622731453e+00
1.095077951749165779e+00
1.097335139910380120e+00
1.096097568670908684e+00
1.090191821257273430e+00
1.096917112668355232e+00
1.092978358268737793e+00
1.098296523094177246e+00
1.097074608008066887e+00
1.090328772862752205e+00
1.093126535415649414e+00
1.094824810822804695e+00
1.102619191010792976e+00
1.092405557632446289e+00
1.105467319488525391e+00
1.097965578238169426e+00
1.100989540417989021e+00
1.092551410198211670e+00
1.096562425295511956e+00
1.093030571937561035e+00
1.093606511751810784e+00
1.094554205735524421e+00
1.097555200258890862e+00
1.095533291498820061e+00
1.099771499633789062e+00
1.096589903036753411e+00
1.096688548723856682e+00
1.089085837205250984e+00
1.091474751631418938e+00
1.099826494852701897e+00
1.099990725517272949e+00
1.094780206680297852e+00
1.100965936978657966e+00
1.089484731356302971e+00
1.094048639138539558e+00
1.094449659188588386e+00
1.094683567682902092e+00
1.086423595746358162e+00
1.091931879520416260e+00
1.102461874485015869e+00
1.101941466331481934e+00
1.095857222874959236e+00
1.090155224005381340e+00
1.094932158788045173e+00
1.099693695704142327e+00
1.104345778624216790e+00
1.089543382326761956e+00
1.094235976537068611e+00
1.092701077461242676e+00
1.089759012063344246e+00
1.099588473637898689e+00
1.093634247779846191e+00
1.093236207962036133e+00
1.084534525871276855e+00
1.088189582029978508e+00
1.083680192629496331e+00
1.095000088214874268e+00
1.088596463203430176e+00
1.093345363934834724e+00
1.091507971286773682e+00
1.095731854438781738e+00
1.090320646762847900e+00
1.095574021339416504e+00
1.091468214988708496e+00
1.092799584070841545e+00
1.088022311528523689e+00
1.092912395795186287e+00
1.086051543553670173e+00
1.090674022833506340e+00
1.095105767250061035e+00
1.084573070208231682e+00
1.094752430915832520e+00
1.097160895665486580e+00
1.097578843434651619e+00
1.098210692405700684e+00
1.095494449138641357e+00
1.097050031026204353e+00
1.095628023147583008e+00
1.088772952556610107e+00
1.090675691763560051e+00
1.093019088109334236e+00
1.087035397688547844e+00
1.088614781697591072e+00
1.098155220349629646e+00
1.094140787919362312e+00
1.096738159656524658e+00
1.091309010982513428e+00
1.090660174687703377e+00
1.092047135035197014e+00
1.087792913118998284e+00
1.094311316808064705e+00
1.087734778722127205e+00
1.094763914744059319e+00
1.090241789817810059e+00
1.089833617210388184e+00
1.095529695351918464e+00
1.090396185715993171e+00
1.095331192016601562e+00
1.094623784224192375e+00
1.092059930165608650e+00
1.088762859503428215e+00
1.092024664084116692e+00
1.088572184244791741e+00
1.090233127276102776e+00
1.091502785682678223e+00
1.087964912255604988e+00
1.094941576321919685e+00
1.092810074488322014e+00
1.097350577513376946e+00
1.087295273939768547e+00
1.088230808575948005e+00
1.089182317256927490e+00
1.093644440174102783e+00
1.089952230453491211e+00
1.092735985914866204e+00
1.090434352556864495e+00
1.088814675807952881e+00
1.092453797658284431e+00
1.086936910947163826e+00
1.091962218284606934e+00
1.089778383572896248e+00
1.085979223251342773e+00
1.094371755917866951e+00
1.090755621592203850e+00
1.095937947432200188e+00
1.094261606534322029e+00
1.092922925949096680e+00
1.092215438683827644e+00
1.089696407318115234e+00
1.085538625717163086e+00
1.091484387715657478e+00
1.090053399403889900e+00
1.091108798980712891e+00
1.092709064483642578e+00
1.091735879580179924e+00
1.089947223663330078e+00
1.093723535537719727e+00
1.090184509754180908e+00
1.090113381544749016e+00
1.089757223924000984e+00
1.088485360145568848e+00
1.093691925207773918e+00
1.089459538459777832e+00
1.090572973092396980e+00
1.090357065200805664e+00
1.094104111194610596e+00
1.090000391006469727e+00
1.087240616480509514e+00
1.087829351425170898e+00
1.088391780853271484e+00
1.089754819869995117e+00
1.086649894714355469e+00
1.089521765708923340e+00
1.088695565859476799e+00
1.093494931856791252e+00
1.084658106168111091e+00
1.090804497400919670e+00
1.091871341069539314e+00
1.087068478266398186e+00
1.088312288125355964e+00
1.088969985644022698e+00
1.089800496896107918e+00
1.092326958974202400e+00
1.081107914447784424e+00
1.087724328041076660e+00
1.091930449008941650e+00
1.091992100079854255e+00
1.087554653485615974e+00
1.089369813601176018e+00
1.092318177223205566e+00
1.089997828006744385e+00
1.092465102672576904e+00
1.089855353037516350e+00
1.087229967117309570e+00
1.087371488412221199e+00
1.088992496331532722e+00
1.085970381895701165e+00
1.086725950241088867e+00
1.091176728407541985e+00
1.091097176074981689e+00
1.089326421419779534e+00
1.092431545257568359e+00
1.092431028683980232e+00
1.091359257698059082e+00
1.092423299948374504e+00
1.085382978121439690e+00
1.088184515635172600e+00
1.091119130452473884e+00
1.087872425715128655e+00
1.091034273306528801e+00
1.090998431046803718e+00
1.089869240919749016e+00
1.087719321250915527e+00
1.089142819245656257e+00
1.084551135698954338e+00
1.090859115123748779e+00
1.089777807394663567e+00
1.092396338780720955e+00
1.090656677881876702e+00
1.090039213498433357e+00
1.095169862111409431e+00
1.094491004943847656e+00
1.089046279589335198e+00
1.090894778569539314e+00
1.088977694511413574e+00
1.087281942367553711e+00
1.086974918842315674e+00
1.087288816769917732e+00
1.089652021725972419e+00
1.094069401423136467e+00
1.088831285635630364e+00
1.086725989977518791e+00
1.084687590599060059e+00
1.088598529497782463e+00
1.090537369251251221e+00
1.092581689357757568e+00
1.090179642041524177e+00
1.091740171114603752e+00
1.091752747694651360e+00
1.089804569880167717e+00
1.091849724451700920e+00
1.092948953310648674e+00
1.088271737098693848e+00
1.085753560066223145e+00
1.086845517158508301e+00
1.087901135285695320e+00
1.088424185911814446e+00
1.088960329691569084e+00
1.089007854461669922e+00
1.091016729672749763e+00
1.093139211336771721e+00
1.089007655779520745e+00
1.086093167463938469e+00
1.087246219317118401e+00
1.089452107747395759e+00
1.094739476839701409e+00
1.088898221651713127e+00
1.086070736249287849e+00
1.088460902372996086e+00
1.087816774845123291e+00
1.087446510791778564e+00
1.087542494138081794e+00
1.091597298781077141e+00
1.088977317015330071e+00
1.089541633923848396e+00
1.087875326474507576e+00
1.090273578961690193e+00
1.089233597119649177e+00
1.088182965914408440e+00
1.089782059192657471e+00
1.088415960470835442e+00
1.087725877761840820e+00
1.088083982467651367e+00
1.087004065513610840e+00
1.084783951441447014e+00
1.089373032251993889e+00
1.092371781667073494e+00
1.089001536369323730e+00
1.086456477642059326e+00
1.088570495446522957e+00
1.091533939043680901e+00
1.088307519753773933e+00
1.092014193534851074e+00
1.090694030125935798e+00
1.091688235600789314e+00
1.091790278752644783e+00
1.091118375460306877e+00
1.088780820369720459e+00
1.092157761255900139e+00
1.092019279797871834e+00
1.093688964843750000e+00
1.089420874913533455e+00
1.087482134501139397e+00
1.088222920894622803e+00
1.089800119400024414e+00
1.089245021343231201e+00
1.089229782422383552e+00
1.090498387813568115e+00
1.088884592056274414e+00
1.088945885499318367e+00
1.089647491772969490e+00
1.089574933052062988e+00
1.086684028307596916e+00
1.090168118476867676e+00
1.087944229443867927e+00
1.087689638137817383e+00
1.089745283126831055e+00
1.091172873973846436e+00
1.086794296900431389e+00
1.087520917256673103e+00
1.088525950908660889e+00
1.085281829039255852e+00
1.089038610458374023e+00
1.089610139528910393e+00
1.087190945943196541e+00
1.088786800702412849e+00
1.088761130968729729e+00
1.088675439357757568e+00
1.088596443335215325e+00
1.089339812596638923e+00
1.087980290253957039e+00
1.091025749842325920e+00
1.088806629180908203e+00
1.090291837851206536e+00
1.088409781455993652e+00
1.088405668735504150e+00
1.087737123171488518e+00
1.086014827092488533e+00
1.086097339789072747e+00
1.088750302791595459e+00
1.089906573295593262e+00
1.086718877156575447e+00
1.090714991092681885e+00
1.091765244801839119e+00
1.089742004871368408e+00
1.089015901088714600e+00
1.088968376318613762e+00
1.087499777475992913e+00
1.087427934010823494e+00
1.089167912801106697e+00
1.088084022204081291e+00
1.091021259625752693e+00
1.087900638580322266e+00
1.089355150858561272e+00
1.089610417683919197e+00
1.087563832600911384e+00
1.089593609174092537e+00
1.088367660840352302e+00
1.087619960308074951e+00
1.089302460352579827e+00
1.087969919045766121e+00
1.089306950569152832e+00
1.087485214074452644e+00
1.088164528210957771e+00
1.088869154453277588e+00
1.088493645191192627e+00
1.089191059271494622e+00
1.088356614112854004e+00
1.088274240493774414e+00
1.088720679283142090e+00
1.090715964635213142e+00
1.087076663970947266e+00
1.085308591524760002e+00
1.089083194732666016e+00
1.088900744915008545e+00
1.090068022410074944e+00
1.087116003036499023e+00
1.090982158978780037e+00
1.088913639386494880e+00
1.087196389834086174e+00
1.087373773256937737e+00
1.087885002295176262e+00
1.086485584576924568e+00
1.086622953414916992e+00
1.087629795074462891e+00
1.090083519617716545e+00
1.089221298694610596e+00
1.086492935816447014e+00
1.089432279268900627e+00
1.086924791336059570e+00
1.086261530717213875e+00
1.088710983594258552e+00
1.087405522664387947e+00
1.087908267974853516e+00
1.086235960324605232e+00
1.085862497488657707e+00
1.087350845336914062e+00
1.087832768758137947e+00
1.086633006731669182e+00
1.090994954109191895e+00
1.090171674887339348e+00
1.085632801055908203e+00
1.089118023713429695e+00
1.086723804473876953e+00
1.089145322640736824e+00
1.087550401687622070e+00
1.087151428063710457e+00
1.088545501232147217e+00
1.088295141855875725e+00
1.087917725245157952e+00
1.088069260120391846e+00
1.086793343226114983e+00
1.088205854098002190e+00
1.087645649909973145e+00
1.088038206100463867e+00
1.087091604868571038e+00
1.087755521138509041e+00
1.088610688845316643e+00
1.089235544204711914e+00
1.088693439960479736e+00
1.087872902552286858e+00
1.088205397129058838e+00
1.088205158710479736e+00
1.088607649008433098e+00
1.087666412194569832e+00
1.088600575923919678e+00
1.088649590810139900e+00
1.088468313217163086e+00
1.089061419169108147e+00
1.087583899497985840e+00
1.088959693908691406e+00
1.088330686092376709e+00
1.088225841522216797e+00
1.087081074714660645e+00
1.089401702086130852e+00
1.089451829592386956e+00
1.087426900863647461e+00
1.087355494499206543e+00
1.089751621087392097e+00
1.086726725101470947e+00
1.088457425435384041e+00
1.089765191078186035e+00
1.087738871574401855e+00
1.086264729499816895e+00
1.088565965493520027e+00
1.089260796705881829e+00
1.088102201620737786e+00
1.088245908419291252e+00
1.088206013043721443e+00
1.087906122207641602e+00
1.087370832761128669e+00
1.086550513903300041e+00
1.089164415995280022e+00
1.087775031725565666e+00
1.087528566519419426e+00
1.088889956474304199e+00
1.088267564773559570e+00
1.088389833768208748e+00
1.087068080902099609e+00
1.088948885599772209e+00
1.087286035219828362e+00
1.086774766445159912e+00
1.087236881256103516e+00
1.087086319923400879e+00
1.089175363381703621e+00
1.085912128289540535e+00
1.089170098304748535e+00
1.089170177777608162e+00
1.087511916955312019e+00
1.089116593201955085e+00
1.087894002596537346e+00
1.088001469771067375e+00
1.087419788042704338e+00
1.089570979277292961e+00
1.085976878801981682e+00
1.089824040730794197e+00
1.086093048254648918e+00
1.088939150174458748e+00
1.089048147201538086e+00
1.087253848711649651e+00
1.087575356165568108e+00
1.088739156723022461e+00
1.088695247968037849e+00
1.087880671024322510e+00
1.086895823478698730e+00
1.086861193180084229e+00
1.090132951736450195e+00
1.086898843447367424e+00
1.087013165156046623e+00
1.089463075002034431e+00
1.088413496812184578e+00
1.088316043217976814e+00
1.087855656941731697e+00
1.087176362673441643e+00
1.086017390092213875e+00
1.088009119033813477e+00
1.088126758734385247e+00
1.089040040969848633e+00
1.087092002232869392e+00
1.087700684865315681e+00
1.087027033170064216e+00
1.089254061381022209e+00
1.087296307086944580e+00
1.088112811247507805e+00
1.087777058283488030e+00
1.088350872198740715e+00
1.087721129258473640e+00
1.087397634983062744e+00
1.088731765747070312e+00
1.087364991505940681e+00
1.088312645753224617e+00
1.087879816691080803e+00
1.087881207466125488e+00
1.088100234667460198e+00
1.087520440419514900e+00
1.087129692236582512e+00
1.088039994239807129e+00
1.088013708591461182e+00
1.088292876879374260e+00
1.087694029013315911e+00
1.088803072770436531e+00
1.087351183096567864e+00
1.089123010635375977e+00
1.087202986081441169e+00
1.088780562082926506e+00
1.087086757024129158e+00
1.088198542594909668e+00
1.087872385978698730e+00
1.087690333525339836e+00
1.087238868077595955e+00
1.088507016499837166e+00
1.087502082188924080e+00
1.087990423043568855e+00
1.088258584340413337e+00
1.087472081184387207e+00
1.087936758995056152e+00
1.088125924269358391e+00
1.087404648462931389e+00
1.088060239950815911e+00
1.088603297869364495e+00
1.088015476862589592e+00
1.088090896606445312e+00
1.087894300619761223e+00
1.088228066762288337e+00
1.087288141250610352e+00
1.087916096051533943e+00
1.088233192761739021e+00
1.087607065836588616e+00
1.088103234767913818e+00
1.087687532107035393e+00
1.087708234786987305e+00
1.088477492332458496e+00
1.087269663810729980e+00
1.088628292083740234e+00
1.087773760159810310e+00
1.087209661801656013e+00
1.088059504826863533e+00
1.087442199389139885e+00
1.088036497433980232e+00
1.086913963158925300e+00
1.088286101818084717e+00
1.087685326735178704e+00
1.087997337182362800e+00
1.087004522482554192e+00
1.088258266448974609e+00
1.088037768999735588e+00
1.087555925051371331e+00
1.087963342666625977e+00
1.088345448176066155e+00
1.087121903896331787e+00
1.088131010532379150e+00
1.087653378645579094e+00
1.087655941645304436e+00
1.087906817595164055e+00
1.087974309921264648e+00
1.087713658809661865e+00
1.088205655415852791e+00
1.087689995765686035e+00
1.087333679199218750e+00
1.087501804033915276e+00
1.087667365868886238e+00
1.088033358256022209e+00
1.087599277496337891e+00
1.087874452273051018e+00
1.087048610051472908e+00
1.089084545771280998e+00
1.087661186854044670e+00
1.087650259335835701e+00
1.087573051452636719e+00
1.087545474370320564e+00
1.088019291559855217e+00
1.088052590688069587e+00
1.087613244851430183e+00
1.087905804316202873e+00
1.087851027647654290e+00
1.087480584780375237e+00
1.088212509950001960e+00
1.087650020917256599e+00
1.088220059871673584e+00
1.086770613988240486e+00
1.089181900024414062e+00
1.086841781934102302e+00
1.088129361470540291e+00
1.087231715520222908e+00
1.087879776954650879e+00
1.088083902994791741e+00
1.087946931521097893e+00
1.087729851404825920e+00
1.087716122468312507e+00
1.087686518828074211e+00
1.088139792283375984e+00
1.087467491626739502e+00
1.087863842646280998e+00
1.087657094001770020e+00
1.087940613428751702e+00
1.087680260340372795e+00
1.087546050548553467e+00
1.088241259256998772e+00
1.087794125080108643e+00
1.087837139765421623e+00
1.087334116299947029e+00
1.088400403658549065e+00
1.087619841098785400e+00
1.088010072708129883e+00
1.087762077649434334e+00
1.087712069352467781e+00
1.087751865386962891e+00
1.088043371836344475e+00
1.087143898010253906e+00
1.087909221649169922e+00
1.087369064490000481e+00
1.087631980578104729e+00
1.087833046913146973e+00
1.087844689687093025e+00
1.088235954443613762e+00
1.087164799372355217e+00
1.087708254655202156e+00
1.088112831115722656e+00
1.087478915850321526e+00
1.087803999582926506e+00
1.087537248929341560e+00
1.088300665219624763e+00
1.087091604868571038e+00
1.088210900624593025e+00
1.087745785713195801e+00
1.087946931521097893e+00
1.087334771951039558e+00
1.087813337643941169e+00
1.087862590948740715e+00
1.087706704934437996e+00
1.087770223617553711e+00
1.087832530339558845e+00
1.088019688924153572e+00
1.087610006332397461e+00
1.087807377179463630e+00
1.087727149327595955e+00
1.087632576624552483e+00
1.087447126706441169e+00
1.087779382864634270e+00
1.087725996971130371e+00
1.088006218274434334e+00
1.087189753850301033e+00
1.088612139225006104e+00
1.087331136067708259e+00
1.087517042954762703e+00
1.087673187255859375e+00
1.087544043858845955e+00
1.087507247924804688e+00
1.087524414062500000e+00
1.088005503018697029e+00
1.087593634923299080e+00
1.087834000587463379e+00
1.087538838386535645e+00
1.087633689244588142e+00
1.088195145130157471e+00
1.087981144587198967e+00
1.087489167849222893e+00
1.087549209594726562e+00
1.088066418965657478e+00
1.087299585342407227e+00
1.087910731633504158e+00
1.087519804636637444e+00
1.087095677852630615e+00
1.088082472483317131e+00
1.087763388951619392e+00
1.087521394093831306e+00
1.087901035944620842e+00
1.087799231211344475e+00
1.087884485721588135e+00
1.087179899215698242e+00
1.088262001673380608e+00
1.087826053301493401e+00
1.087794701258341545e+00
1.087170342604319329e+00
1.088401397069295173e+00
1.087398767471313477e+00
1.087196111679077148e+00
1.087905387083689446e+00
1.087459921836853027e+00
1.088322361310323005e+00
1.087449034055073982e+00
1.088026980559031243e+00
