4.494161605834960660e-02
3.161396026611328069e-02
2.542819261550903487e-02
2.092062950134277247e-02
1.054523229598999107e-02
8.911408185958862027e-03
1.086187839508056564e-02
8.144594430923461637e-03
7.932586073875426760e-03
8.333495855331420066e-03
6.574925780296325510e-03
7.727115154266357179e-03
8.329794406890869696e-03
8.464617729187011788e-03
1.144840240478515667e-02
6.440292000770568744e-03
9.815679788589477470e-03
9.252195954322814733e-03
7.324199676513671459e-03
1.316745042800903341e-02
5.528635978698730191e-03
7.927642464637755723e-03
7.376511693000793561e-03
9.390276074409485002e-03
8.210370540618896693e-03
6.868972778320312812e-03
1.053718209266662521e-02
8.690503835678100100e-03
1.116894125938415472e-02
7.662300467491150319e-03
1.143739461898803794e-02
1.001169681549072231e-02
6.371992826461792166e-03
5.850305557250976354e-03
1.080148696899414090e-02
6.300500631332397496e-03
6.201405525207519948e-03
4.393468499183654681e-03
7.218554019927978828e-03
6.233979463577270924e-03
6.317039728164672643e-03
9.242363572120666781e-03
8.298124074935913849e-03
4.026881456375122105e-03
4.263787567615509068e-03
5.736989974975586007e-03
4.080607891082763984e-03
9.478296637535094799e-03
7.737702131271362652e-03
1.201744914054870585e-02
1.043375372886657694e-02
9.853642582893371721e-03
7.578347921371460065e-03
6.023970246315002268e-03
9.863293170928955425e-03
5.193538069725036656e-03
9.252831339836120605e-03
6.443817615509033619e-03
5.918139219284057270e-03
6.044434309005737235e-03
7.400832176208496128e-03
6.650138497352599959e-03
6.081228256225586042e-03
9.122284650802612790e-03
7.477835416793822930e-03
1.682553052902221666e-02
4.715776145458221505e-03
8.166643381118774900e-03
5.188599228858947754e-03
1.199272394180297789e-02
1.151608467102050760e-02
5.197526216506958251e-03
1.501420021057128969e-02
8.339194059371947756e-03
8.512305617332458982e-03
4.246218800544738527e-03
1.242643117904663162e-02
9.184339642524718891e-03
2.014382839202880776e-02
6.814135909080505128e-03
1.135941267013549846e-02
1.719817876815795885e-02
2.534566402435302693e-02
6.492609977722167865e-03
1.312944889068603550e-02
5.075068473815918212e-03
8.672886490821839212e-03
3.961535692214965439e-03
7.471122145652771274e-03
1.513313293457031229e-02
1.151511192321777281e-02
1.746106505393981920e-02
5.487742424011230087e-03
1.047582149505615207e-02
6.044841408729553257e-03
1.501500725746154723e-02
9.436696767807006836e-03
6.293395757675171107e-03
1.137277483940124512e-02
2.239399433135986356e-02
8.872764706611633787e-03
3.070392906665801811e-03
3.496217727661132986e-03
4.101534485816955670e-03
1.309319496154785073e-02
7.205981612205505232e-03
6.412339210510253733e-03
3.602764904499053834e-03
7.322534322738647773e-03
7.357547879219055072e-03
6.501466035842895508e-03
1.046550869941711460e-02
1.126354575157165541e-02
1.098776817321777365e-02
9.698039293289184917e-03
3.224976360797882080e-03
3.374953269958496076e-03
4.148774743080139125e-03
3.171402215957641775e-03
1.196067333221435477e-02
9.792692065238951804e-03
5.545115470886230816e-03
9.219516515731811940e-03
4.162213802337646519e-03
1.674369692802429171e-02
5.009718537330627719e-03
9.664017558097839217e-03
5.307440757751464948e-03
4.160963296890259067e-03
5.766115188598632847e-03
6.631796360015869245e-03
1.046759128570556689e-02
1.218879699707031174e-02
7.730820178985595668e-03
9.760901927947998602e-03
3.807208538055419957e-03
3.353597819805145472e-03
6.656357049942016567e-03
6.467319726943969449e-03
4.052190482616424907e-03
6.407633423805236816e-03
7.976961731910705081e-03
3.292844891548156547e-03
8.591337800025940566e-03
1.309022426605224547e-02
5.919232368469238594e-03
7.177758216857910330e-03
6.118550300598144844e-03
4.537048339843749618e-03
8.859457969665527829e-03
5.422554612159728726e-03
3.835892081260680944e-03
3.518899083137512311e-03
6.713722944259643659e-03
3.669060170650482056e-03
1.135495424270629820e-02
5.953975915908813442e-03
6.750831604003906458e-03
3.380057811737060495e-03
3.650307655334472656e-03
7.137642502784729247e-03
6.036781072616577426e-03
6.889853477478027205e-03
3.127996325492858869e-03
4.166336655616760185e-03
7.654561996459961250e-03
5.261352658271789898e-03
2.960338890552520908e-03
3.274837136268615809e-03
3.187454938888549961e-03
1.104590654373168931e-02
1.311003327369689858e-02
3.643382787704467756e-03
5.832394361495971472e-03
7.195428609848022149e-03
4.552811980247497246e-03
8.814218640327452919e-03
1.830225467681884793e-02
8.064261674880980613e-03
1.083385944366455078e-02
5.310497283935546910e-03
4.448997378349303818e-03
1.290026903152465855e-02
1.234514713287353585e-02
1.099402189254760666e-02
3.958823978900909320e-03
4.436091780662536864e-03
3.210316002368927054e-03
5.874146819114685163e-03
7.398214340209961076e-03
1.097448229789733942e-02
6.331231594085693498e-03
4.598874747753143449e-03
8.420290946960449704e-03
8.449501991271972379e-03
7.066779136657715121e-03
4.791115522384643659e-03
4.010735750198364015e-03
3.321346044540405412e-03
5.977407097816467285e-03
7.919946908950805872e-03
3.523340225219726354e-03
2.844412028789520402e-03
2.809320688247680768e-03
3.906494975090026890e-03
2.498641461133956770e-03
3.823698759078979301e-03
3.061515092849731272e-03
2.513056695461273263e-03
3.254915773868560964e-03
3.787081837654113908e-03
6.418759822845458880e-03
4.856970012187957625e-03
4.440033435821532856e-03
8.972570896148682196e-03
2.766994833946228097e-03
5.185174942016601736e-03
3.129683732986450039e-03
4.595283567905426164e-03
5.814197659492492849e-03
3.786450028419494421e-03
3.174121975898742693e-03
5.060342550277710343e-03
6.554527282714843819e-03
5.322951078414917166e-03
2.874937057495117326e-03
2.561539113521576084e-03
2.524349093437194998e-03
3.209389448165893711e-03
8.185164928436279227e-03
4.037499427795410156e-03
4.969160854816436629e-03
2.644234299659728969e-03
3.453414142131805593e-03
2.352632135152816790e-03
3.905615508556366158e-03
8.075515031814575403e-03
3.065650463104248151e-03
3.514635562896728689e-03
3.997348845005035088e-03
5.922802090644836703e-03
2.946180701255798288e-03
2.913791537284850935e-03
4.255517125129699464e-03
2.703275680541992326e-03
7.872632741928099753e-03
6.357285976409911971e-03
7.005866169929503978e-03
6.430489420890808487e-03
2.784726619720458932e-03
5.336982011795043772e-03
3.031076490879058925e-03
3.484190702438354301e-03
2.593975663185119768e-03
3.660599291324615531e-03
3.316686749458312797e-03
5.594274997711181675e-03
2.467502206563949429e-03
5.349795222282409564e-03
3.020809590816497889e-03
3.170266747474670410e-03
2.794081568717956751e-03
2.396911680698394619e-03
2.521314620971679653e-03
3.391067385673522845e-03
5.295931100845336671e-03
3.494046926498412930e-03
3.193560242652893240e-03
3.043126463890075822e-03
3.049607872962951678e-03
5.478622913360595321e-03
3.068873584270477226e-03
2.894014716148376586e-03
3.628119826316833496e-03
5.717126131057739639e-03
6.577173471450805872e-03
4.100844860076903985e-03
4.154373407363892018e-03
7.252250313758850514e-03
3.399630188941955670e-03
2.930517196655273333e-03
6.113055944442748885e-03
7.411217689514160503e-03
2.404252439737319860e-03
2.846415042877197162e-03
3.866890966892242484e-03
5.816916227340698450e-03
6.631739139556884488e-03
6.843383312225341693e-03
3.234136700630187850e-03
4.520537853240966415e-03
5.921263694763184010e-03
4.982712864875793631e-03
2.532382607460022077e-03
3.132401406764984044e-03
3.323977589607238561e-03
3.130890727043151699e-03
4.006399512290954347e-03
2.418563365936279418e-03
3.688446283340454136e-03
