1.741313934326171875e-01
1.206927299499511719e-01
9.632169723510741743e-02
8.580665588378906528e-02
4.557004451751708873e-02
4.004308700561523549e-02
4.222020626068115345e-02
3.755671977996825894e-02
3.614984512329101618e-02
4.421090126037597462e-02
3.601998329162597878e-02
3.960108041763305692e-02
4.078239440917968972e-02
3.445778846740722712e-02
5.035598278045654019e-02
3.210335731506347434e-02
3.614588260650634932e-02
4.855387687683105497e-02
3.929214000701904130e-02
5.037931919097900224e-02
3.149744987487793080e-02
3.597142696380615373e-02
3.992156505584716630e-02
5.115715980529784990e-02
4.388674736022948886e-02
3.442473411560058316e-02
5.773314476013183261e-02
3.350763082504272516e-02
4.243204593658447127e-02
3.071578741073608537e-02
4.166604042053222851e-02
3.609628200531005832e-02
3.024736642837524275e-02
3.830438613891601340e-02
6.192279815673828319e-02
4.486920356750487976e-02
3.223809719085693470e-02
3.441360235214233065e-02
5.033195495605468500e-02
4.718592166900634904e-02
3.107598781585693345e-02
5.748155593872070201e-02
4.280029773712158009e-02
3.690992355346679743e-02
3.386419534683227789e-02
4.568304061889648382e-02
3.398304700851440679e-02
3.840357303619384988e-02
5.121571063995361550e-02
7.116692543029784490e-02
6.424748420715331587e-02
6.394681930541992743e-02
2.748194932937621932e-02
4.753479003906249667e-02
6.303090095520019753e-02
3.783136367797851340e-02
6.163965225219726618e-02
2.780170440673828194e-02
3.828463554382324080e-02
3.365330219268798662e-02
5.348965644836425892e-02
5.061494350433349415e-02
2.994227886199951269e-02
3.172855615615844532e-02
5.267079353332519698e-02
9.591985702514647938e-02
4.222857952117919922e-02
3.218663692474365429e-02
4.188159942626953208e-02
3.241988420486450334e-02
3.326013326644897128e-02
3.778514862060546736e-02
4.119290351867675726e-02
3.010277986526489410e-02
3.587542057037353821e-02
3.426347732543945368e-02
3.135681867599487277e-02
6.167222023010254101e-02
1.086846637725830123e-01
5.380669593811035489e-02
7.384604454040527566e-02
9.592219352722168579e-02
1.336520576477050748e-01
2.822724819183349693e-02
3.651602506637573187e-02
3.345536708831787359e-02
6.284293651580810658e-02
3.666809082031249889e-02
2.675625801086425892e-02
4.300566196441650557e-02
3.319694995880127092e-02
1.004667758941650418e-01
3.848498106002807423e-02
3.115194082260131989e-02
3.186829566955566573e-02
9.151961326599121482e-02
6.435349941253662442e-02
2.836028575897216880e-02
3.649374485015868808e-02
1.191702842712402399e-01
6.570819854736327514e-02
3.724133014678954884e-02
3.909352302551269420e-02
4.773159027099609097e-02
8.232862472534180354e-02
6.005486488342284823e-02
5.626818656921386830e-02
4.013654708862304799e-02
5.989448547363281083e-02
5.841063022613525446e-02
3.141364574432373158e-02
3.697419643402099360e-02
3.466095685958862221e-02
3.150056362152099665e-02
2.952167034149169936e-02
3.810184240341186329e-02
3.868999481201172014e-02
3.369676113128661915e-02
4.010531425476074330e-02
3.070536375045776478e-02
2.949337482452392412e-02
3.240910768508910994e-02
6.860898017883300393e-02
3.397297859191894531e-02
9.829266548156738448e-02
5.203023910522461271e-02
2.957214355468749944e-02
5.280467033386230385e-02
3.488056659698486606e-02
5.536728858947753684e-02
5.987338066101074302e-02
7.287335395812988281e-02
8.121774673461913674e-02
3.196797370910644392e-02
3.104884386062621918e-02
3.634391546249389482e-02
4.370068550109863087e-02
5.852596282958984208e-02
5.889856815338134766e-02
4.971127033233642412e-02
3.020094394683837946e-02
6.636986732482910711e-02
4.238761901855468694e-02
3.069529056549072377e-02
3.397736072540283314e-02
5.695912361145019642e-02
6.142896652221679910e-02
5.732567787170410323e-02
3.971818923950195396e-02
6.775037288665770874e-02
3.155564546585083036e-02
4.013688564300536832e-02
3.982927083969116377e-02
3.030548334121704185e-02
3.655699253082275724e-02
3.125660419464111606e-02
3.046117782592773493e-02
5.974514961242675948e-02
4.251107215881347323e-02
4.633104324340820562e-02
6.172019004821777122e-02
5.698633670806884516e-02
5.967815399169922042e-02
3.664737701416015403e-02
4.804007053375244224e-02
3.021200180053711104e-02
3.508539438247680609e-02
4.127476692199707337e-02
4.365076541900634460e-02
4.440680027008056530e-02
7.603116035461425504e-02
8.474432945251464400e-02
4.350862026214599720e-02
5.153588294982910240e-02
6.257996559143066961e-02
4.976970672607421847e-02
3.013653278350830050e-02
4.824112892150878712e-02
2.967828273773193484e-02
3.065087080001831221e-02
5.422475814819335826e-02
5.048111915588378990e-02
8.423128128051757257e-02
8.123300552368163674e-02
7.699770450592041682e-02
4.753669738769530917e-02
3.290718317031860601e-02
3.766182899475097740e-02
3.052870273590087974e-02
6.284558773040771484e-02
7.505142211914062056e-02
5.680088043212890708e-02
5.069040298461913868e-02
6.626537799835205411e-02
2.897173404693603391e-02
3.000643253326416154e-02
5.204057693481445312e-02
3.780949831008911105e-02
3.643386840820312528e-02
5.501409053802490401e-02
6.391269683837891291e-02
4.695108413696288951e-02
3.758110761642455971e-02
4.305181503295898299e-02
4.819095611572265375e-02
3.984666109085083230e-02
3.414556503295898549e-02
4.015042304992675476e-02
4.111800670623779602e-02
3.592601776123047208e-02
3.403465270996093583e-02
2.929698228836059501e-02
3.180272579193114957e-02
3.243712902069091630e-02
2.917736291885375879e-02
3.985594511032104770e-02
5.209971427917480663e-02
3.728156328201293751e-02
5.093357563018798689e-02
5.603359222412109680e-02
4.825933456420898604e-02
3.626132488250732172e-02
3.268819332122802762e-02
2.971449375152587780e-02
3.032566308975219796e-02
4.188259601593017495e-02
3.904243469238281167e-02
3.885795116424560491e-02
4.238142967224121233e-02
6.350360870361328181e-02
4.785105228424071933e-02
5.158744812011718806e-02
3.925601005554199552e-02
4.594637870788573913e-02
4.041031360626221036e-02
3.301543235778808816e-02
2.937903881072997936e-02
3.666287660598754883e-02
3.563338756561279519e-02
3.273713588714599609e-02
3.014973640441894615e-02
3.618245601654052762e-02
3.638965129852295144e-02
3.216877937316894864e-02
4.081509590148926087e-02
6.241290569305420199e-02
5.519237041473388367e-02
5.900463104248046542e-02
5.720113277435302790e-02
4.277900695800781333e-02
3.265911817550658930e-02
3.890156984329223855e-02
4.505565643310546764e-02
3.924797773361206332e-02
4.533667564392089566e-02
3.469596862792968806e-02
2.993012905120849554e-02
3.920654773712158037e-02
3.068012714385986300e-02
3.865511178970337108e-02
4.475694656372070090e-02
4.205103874206542885e-02
3.780759811401367132e-02
4.046583175659179688e-02
3.359906911849975392e-02
3.018521547317504911e-02
4.434396266937255804e-02
3.971161365509032898e-02
4.254467964172363448e-02
4.288005828857421875e-02
5.207426548004150113e-02
4.351496219635010015e-02
3.543182134628295593e-02
3.266700744628905917e-02
2.977077960968017509e-02
2.941151142120361495e-02
4.780567169189452875e-02
4.675548076629638949e-02
5.709255218505859125e-02
4.458923339843749722e-02
4.271142005920409990e-02
5.493503570556640403e-02
5.908100128173827958e-02
3.809675693511963002e-02
4.235177516937255887e-02
4.546926498413086243e-02
5.423797130584716991e-02
5.723423957824706754e-02
5.678000926971435436e-02
3.649085283279419195e-02
3.224801778793334739e-02
2.919349670410156111e-02
3.052783489227295019e-02
4.151891231536865290e-02
3.447808504104614424e-02
3.525129795074462974e-02
3.342140674591064647e-02
4.705930709838867382e-02
3.898265123367309487e-02
4.526770591735839594e-02
