1.204278981685638517e+00
1.036342024803161621e+00
8.287176012992858443e-01
8.187304615974426714e-01
7.838177442550658958e-01
7.483095586299896018e-01
8.205921411514282005e-01
6.840327143669128196e-01
7.192229747772216353e-01
8.968179166316986306e-01
8.817855834960937056e-01
7.177790820598601851e-01
7.434650182723998579e-01
7.129824340343475786e-01
6.952678322792053001e-01
6.350205123424530473e-01
6.526343822479248047e-01
7.239762604236602561e-01
7.324308931827545610e-01
7.652917325496673140e-01
8.997411370277405007e-01
8.393728911876678911e-01
6.150481581687927690e-01
6.152208983898163064e-01
6.165910065174102783e-01
6.898874998092651145e-01
7.182353913784027544e-01
6.827549576759338601e-01
6.353307723999023215e-01
7.572019279003143755e-01
6.967749059200286643e-01
7.152423083782195601e-01
7.631241500377654585e-01
7.733923792839050293e-01
6.051877379417419656e-01
6.008996069431304932e-01
6.115763783454895020e-01
6.776516795158386008e-01
6.695259988307953325e-01
6.692245423793792281e-01
6.618031382560729536e-01
6.428022325038910134e-01
8.283556878566742387e-01
8.477050244808197466e-01
7.656105577945708784e-01
6.709292113780975786e-01
7.119873106479644997e-01
6.299790740013122559e-01
6.170538008213043435e-01
6.990228831768036111e-01
6.604887783527374490e-01
6.402237057685852273e-01
6.331062376499175803e-01
7.952747285366058572e-01
6.930083990097045676e-01
6.650727570056915727e-01
6.065955698490143044e-01
5.971391677856445757e-01
6.095558166503906028e-01
5.723112940788268599e-01
6.319420099258422630e-01
6.020186007022857444e-01
5.936345577239989790e-01
6.842800617218017800e-01
6.979608595371246116e-01
6.353277027606963889e-01
7.171392738819122314e-01
6.336393415927886741e-01
7.118020176887511763e-01
6.692546188831329790e-01
6.141725361347198930e-01
6.213180065155029519e-01
6.273372352123260942e-01
5.769571423530578391e-01
5.911824226379394087e-01
6.159121990203857422e-01
6.012487888336182085e-01
5.745425701141357866e-01
6.381061553955078569e-01
5.778464794158935103e-01
6.422923982143402544e-01
6.237726628780364546e-01
6.180533349514008012e-01
6.421871542930602805e-01
5.693868696689605713e-01
6.099705159664153831e-01
5.887277007102966753e-01
5.817668080329895242e-01
5.715282976627349409e-01
5.554011911153793335e-01
5.928885340690612793e-01
5.609548270702362505e-01
5.704859435558319314e-01
6.168578207492828591e-01
5.669467508792876975e-01
5.544309020042419434e-01
5.806994438171386719e-01
6.696638166904449463e-01
6.436743021011352983e-01
5.801777899265289085e-01
5.651055574417114258e-01
5.437719106674194780e-01
5.506654739379882590e-01
5.647875070571899414e-01
6.570014357566833496e-01
5.912497043609619141e-01
6.121382892131805864e-01
6.062430560588836226e-01
5.740033864974976030e-01
5.827612221240997536e-01
6.134776473045349121e-01
6.275150418281555398e-01
6.387223362922668235e-01
5.893219828605651411e-01
6.276333808898926225e-01
6.585513889789581521e-01
6.561759889125824419e-01
6.503105998039245828e-01
6.193174898624420610e-01
5.575126767158508079e-01
6.066284894943236861e-01
5.636728227138518843e-01
6.003771960735321267e-01
5.434313923120498435e-01
5.243024080991744995e-01
5.638387680053711382e-01
5.650320649147033691e-01
5.445402085781096968e-01
5.911163330078125222e-01
5.570016145706176980e-01
5.227767795324325117e-01
5.096535980701446533e-01
5.085255175828933272e-01
5.770142614841461404e-01
5.723844766616821289e-01
6.018939673900604026e-01
5.290271311998366865e-01
5.203034549951552901e-01
5.930372655391693559e-01
5.563755214214325395e-01
6.310796827077865823e-01
6.387914001941681352e-01
6.852375984191894087e-01
6.322651624679564986e-01
6.265519618988036887e-01
5.678238421678543091e-01
5.911696016788482444e-01
5.439644634723663774e-01
5.841775417327881303e-01
4.937408983707428090e-01
5.002503812313079390e-01
5.343363195657729880e-01
5.005063831806182417e-01
4.888809233903884666e-01
5.040753304958343062e-01
5.077349245548248291e-01
4.909294694662094116e-01
4.986657559871673362e-01
5.886811316013336182e-01
5.679487675428390725e-01
5.372419714927673118e-01
5.706294953823090044e-01
4.950184345245361439e-01
4.783548265695571899e-01
4.775347948074341042e-01
5.339325547218323198e-01
5.059579133987426314e-01
4.906311780214309692e-01
5.028148829936981423e-01
4.916681826114654430e-01
5.028361678123474121e-01
4.877227365970611683e-01
4.529793500900268777e-01
4.384310513734817616e-01
4.780393302440643089e-01
4.365653544664382935e-01
4.484084546566009521e-01
4.303543597459792980e-01
4.190275222063064575e-01
4.396723479032516591e-01
4.344004422426223644e-01
4.120123147964477317e-01
4.680392175912856945e-01
4.945668578147888184e-01
5.088898986577987671e-01
4.465842366218567006e-01
4.232297688722610474e-01
4.307942867279052623e-01
3.947819828987121360e-01
4.668644279241561668e-01
4.128403931856155507e-01
3.847037792205810769e-01
4.315411090850830300e-01
4.013399422168731911e-01
4.194510936737060325e-01
5.209242194890976174e-01
3.997382760047912820e-01
3.935625582933425792e-01
4.261662811040878296e-01
3.695644944906234519e-01
3.930956304073333629e-01
3.826542973518371471e-01
4.453111231327057107e-01
5.001938253641128318e-01
4.353848755359649436e-01
4.760775208473205788e-01
4.193354934453964455e-01
4.328879475593566672e-01
3.948587656021118053e-01
3.522481471300125122e-01
3.792272508144378662e-01
3.797769814729690663e-01
3.624045878648757824e-01
3.429608345031738281e-01
3.428878664970397838e-01
3.827995836734771617e-01
3.616340190172195324e-01
3.871983259916305653e-01
4.251228570938110352e-01
3.708890467882156594e-01
4.780194789171218761e-01
4.736314117908477783e-01
3.786251604557037131e-01
3.922985315322876088e-01
4.253868520259856956e-01
3.663712203502654807e-01
3.802602618932723888e-01
3.374678879976272805e-01
4.084366381168365590e-01
3.568758964538574219e-01
3.633106410503387229e-01
3.421950310468673817e-01
3.548576980829238892e-01
3.802031397819519154e-01
3.578483432531356923e-01
4.306803852319717185e-01
3.945807307958603127e-01
3.648506790399551614e-01
3.796708911657333263e-01
3.891524106264114269e-01
3.522327125072479137e-01
3.417664289474487416e-01
3.456504464149475209e-01
4.059630274772644265e-01
4.127068907022476418e-01
3.528255552053451427e-01
4.241597056388854980e-01
4.709984689950942882e-01
3.810383975505828857e-01
3.611224710941314808e-01
3.450515449047088512e-01
3.256664425134658813e-01
3.362650483846664207e-01
3.366064608097076305e-01
4.264760196208953746e-01
4.532444298267364613e-01
4.284895569086074607e-01
4.213297605514526589e-01
3.599866360425948986e-01
3.992561161518096702e-01
3.776436895132064819e-01
3.402161568403244130e-01
3.485509425401687733e-01
3.871430605649948120e-01
3.841595172882080189e-01
3.398302108049392478e-01
3.248831272125244363e-01
3.613519728183746116e-01
3.329418480396270641e-01
3.275446206331252830e-01
3.252060741186141857e-01
3.703959256410598866e-01
3.309474974870681985e-01
3.366144716739654652e-01
3.105576753616333119e-01
3.982151240110397561e-01
5.101855903863906638e-01
4.940956771373749001e-01
3.571963369846343772e-01
3.251563012599945068e-01
3.552578359842300526e-01
3.532033741474151500e-01
3.360927522182464711e-01
3.476432621479034202e-01
3.276895850896835438e-01
3.078026533126830833e-01
3.289588183164596780e-01
3.234290719032287820e-01
3.309368938207626343e-01
3.479914665222167969e-01
3.820068359375000111e-01
3.883043259382247814e-01
3.494277060031890647e-01
3.119268119335174561e-01
3.097732990980148204e-01
3.244134336709976196e-01
3.292461544275283591e-01
3.434435814619064553e-01
3.751770824193954579e-01
3.518697261810302956e-01
3.820969432592392079e-01
3.978783905506134144e-01
3.155108064413070790e-01
3.772785484790802113e-01
3.706757307052612194e-01
3.516682744026183860e-01
3.401343524456024170e-01
3.776351243257522472e-01
4.757260650396347157e-01
4.228054046630859153e-01
3.404936492443084717e-01
3.188279747962951549e-01
2.878972560167312733e-01
3.253406822681427224e-01
3.172121018171310536e-01
3.427395105361938366e-01
3.390780925750732644e-01
3.853280156850814597e-01
3.101589679718017578e-01
3.050735443830490112e-01
3.117818802595138661e-01
3.272946238517761008e-01
3.100811153650283591e-01
3.105473279953002708e-01
2.913361340761184692e-01
2.945714622735977062e-01
3.819888830184936523e-01
3.563126146793365590e-01
3.074161410331726074e-01
2.980285674333572610e-01
2.832728609442710654e-01
2.890725806355476379e-01
3.264285102486610413e-01
3.914802551269531139e-01
3.293252497911453025e-01
3.201974391937255637e-01
3.837480872869491466e-01
3.893135607242584340e-01
4.615067064762115590e-01
4.535267382860183605e-01
3.592768847942352517e-01
3.216400891542434692e-01
3.264515459537505881e-01
3.096238285303115623e-01
3.414186567068099865e-01
3.749695032835006492e-01
3.328983992338180320e-01
3.216142773628234974e-01
3.193291932344436423e-01
3.032050415873527305e-01
2.930681854486465454e-01
3.179948836565017478e-01
3.258916735649108887e-01
3.443722277879714966e-01
3.227130368351936451e-01
2.929025977849960549e-01
2.906652003526687400e-01
2.927764296531677468e-01
3.341785609722137673e-01
3.862169116735458263e-01
3.258243381977081188e-01
3.047915339469909890e-01
2.950306057929992787e-01
2.990602761507034080e-01
3.253122001886367687e-01
3.338616162538528553e-01
3.505266755819320679e-01
3.092537403106689342e-01
3.379515320062637107e-01
3.213997900485992543e-01
3.046725690364837646e-01
3.319584488868713157e-01
3.381175071001052967e-01
3.037369608879089133e-01
3.196918264031410328e-01
2.705159485340118408e-01
2.890411213040351979e-01
3.066477149724960438e-01
2.750075399875641091e-01
2.899519994854927174e-01
2.750591397285461204e-01
3.617175877094268577e-01
3.111936300992965698e-01
2.824261292815208324e-01
3.081802368164062722e-01
2.929759338498115762e-01
2.953428864479065163e-01
2.741482302546501271e-01
2.744647994637489097e-01
3.168133646249771118e-01
3.206647038459777832e-01
2.723088458180427662e-01
2.938251972198486217e-01
2.931022986769676320e-01
2.944744050502777211e-01
3.156052112579345592e-01
2.958636805415153503e-01
3.180489122867584117e-01
2.741573959589004295e-01
2.674700990319252014e-01
2.782874733209609874e-01
2.891444548964500205e-01
2.949755787849426270e-01
2.641277819871902244e-01
3.102829188108444103e-01
3.348066285252571106e-01
2.952414676547050476e-01
3.034386754035949818e-01
2.965495362877845764e-01
2.739920511841774098e-01
2.692893326282501110e-01
3.151577934622764587e-01
3.495575010776519886e-01
3.215094476938247792e-01
3.020344063639640586e-01
2.837307512760162131e-01
2.868416786193847545e-01
3.392844244837761036e-01
3.307262539863586315e-01
2.863290607929229736e-01
3.184256553649902344e-01
3.140720024704933278e-01
3.274748936295509560e-01
2.982466384768486245e-01
3.256644427776336781e-01
3.139684319496154896e-01
2.907093733549118153e-01
2.611279278993606789e-01
2.926695451140403637e-01
2.809496477246284374e-01
2.770604088902473561e-01
2.886155888438224904e-01
2.786128237843513711e-01
2.862197414040565380e-01
2.963152930140495189e-01
4.068444281816482322e-01
3.029201343655586465e-01
3.119214177131652832e-01
2.668382197618484608e-01
2.878840908408165089e-01
2.676672086119651905e-01
3.064335554838180653e-01
2.724510371685028298e-01
2.727209627628326416e-01
2.498486861586570740e-01
2.902214124798774830e-01
3.189774483442306408e-01
2.990222021937370411e-01
2.984320059418678062e-01
2.939759895205497631e-01
2.824554219841957092e-01
3.438706010580062644e-01
3.382812395691871532e-01
3.513853028416633606e-01
3.871412560343742149e-01
3.020479187369346508e-01
2.706052720546722190e-01
2.850715085864067300e-01
2.599769353866577259e-01
2.712039858102798240e-01
2.560932025313377158e-01
2.879310160875320213e-01
2.484724715352058522e-01
2.578091785311699136e-01
2.706586807966232522e-01
2.821975186467170493e-01
2.878288835287093894e-01
2.940952345728874429e-01
3.082041636109352223e-01
2.915204584598541371e-01
2.748730897903442494e-01
2.900140225887298806e-01
2.721852734684944153e-01
2.756278961896896362e-01
2.930257171392440796e-01
2.735428065061569214e-01
2.691121459007262962e-01
3.015702500939368980e-01
2.877620369195937888e-01
2.678856134414672741e-01
2.656403571367264016e-01
2.942977190017700417e-01
3.198896944522857666e-01
2.754983812570571677e-01
2.686501353979110496e-01
2.897859737277030945e-01
2.642184317111969105e-01
2.641467526555061340e-01
2.688742697238922230e-01
2.777657225728035195e-01
3.353118240833282693e-01
3.240543797612190358e-01
3.466619387269019859e-01
2.639343634247779957e-01
2.883410885930061118e-01
2.931979373097419739e-01
2.843699306249618530e-01
2.673517152667045371e-01
3.010328829288482777e-01
2.689628556370735057e-01
2.517821580171585305e-01
2.645421668887138478e-01
2.586045727133751138e-01
2.541181877255439536e-01
2.637161955237388722e-01
2.455255165696144104e-01
2.659138739109039307e-01
2.371402814984321650e-01
2.509953156113624573e-01
2.525068804621696250e-01
2.491346091032028143e-01
2.397237285971641485e-01
2.924071803689002880e-01
2.623666182160377391e-01
2.629134818911552651e-01
2.782864958047867043e-01
2.914441570639610402e-01
2.864748388528823853e-01
2.631961882114410289e-01
2.628084748983383068e-01
2.532822966575622448e-01
2.935688108205795066e-01
2.629047736525535472e-01
2.653890132904052623e-01
2.530504778027534707e-01
2.908362641930580250e-01
2.893858820199966542e-01
2.602577164769172557e-01
2.506720870733261108e-01
2.618541970849037059e-01
2.737482175230979697e-01
2.503137513995170593e-01
2.462486043572425787e-01
2.443734616041183527e-01
2.865076348185539024e-01
2.650828018784522899e-01
2.703982114791870228e-01
2.695992484688758961e-01
2.825677141547203175e-01
2.544958144426345825e-01
2.739283531904220803e-01
2.752893432974815591e-01
2.737172871828079113e-01
2.424432605504989735e-01
3.156534701585769764e-01
2.766761079430580250e-01
3.060553982853889687e-01
2.937302961945533752e-01
2.478043511509895325e-01
2.741234853863716014e-01
2.660385265946388356e-01
2.714430093765258789e-01
2.640660926699638367e-01
3.007785543799400552e-01
2.511082127690315025e-01
2.471295237541198675e-01
2.398632809519767872e-01
2.777378678321838490e-01
3.003545477986335754e-01
3.043741762638091930e-01
3.384138524532318004e-01
2.728592455387115479e-01
2.886880502104759438e-01
2.680281981825828330e-01
2.612980678677558899e-01
2.537613987922668346e-01
2.704133987426757812e-01
2.524829655885696411e-01
2.663274228572845570e-01
2.612885758280754089e-01
2.790889263153076283e-01
2.740545257925987022e-01
2.580179974436759838e-01
2.586026012897491566e-01
2.738891974091529624e-01
2.620051547884941212e-01
2.426859229803085272e-01
2.393977031111717280e-01
2.342043042182922474e-01
2.494324535131454412e-01
2.486073866486549488e-01
2.354930207133293096e-01
2.540296748280524985e-01
2.291597872972488403e-01
2.495622396469116266e-01
2.736624166369437949e-01
2.560822308063507302e-01
2.463582679629325867e-01
2.500353723764419667e-01
2.346636578440666199e-01
2.572849884629249684e-01
2.559121131896972545e-01
2.494942381978035029e-01
2.349812299013137873e-01
2.303496956825256403e-01
2.636200532317161671e-01
2.507356628775596619e-01
2.392332166433334406e-01
2.313378199934959523e-01
2.469000682234764044e-01
2.436901345849037115e-01
2.219792783260345348e-01
2.265758469700813182e-01
2.607890322804450878e-01
2.381285965442657415e-01
2.680344745516777261e-01
2.757828727364540211e-01
2.712734773755073325e-01
3.017811641097069009e-01
3.241793960332870483e-01
2.628178730607032554e-01
2.611701160669326893e-01
2.906728342175483593e-01
2.853980079293251260e-01
2.891517147421837075e-01
2.914049491286277993e-01
2.897605344653129689e-01
2.590948313474655262e-01
2.613114908337593190e-01
2.519039765000343212e-01
2.317650452256202753e-01
2.452818870544433705e-01
2.715334922075271495e-01
2.505031213164329307e-01
2.731718197464942932e-01
2.695749983191489951e-01
2.636038005352020486e-01
2.489746138453483582e-01
2.478396818041801453e-01
2.586864769458770974e-01
2.401840373873710688e-01
2.357174471020698492e-01
2.385822772979736273e-01
2.327627778053283636e-01
2.269868955016136058e-01
2.545953333377838357e-01
2.256196483969688527e-01
2.623152732849121094e-01
2.615379214286804310e-01
2.909397199749946816e-01
2.557146385312080161e-01
2.402296423912048395e-01
2.821694061160087696e-01
2.344522401690483093e-01
2.399086356163024902e-01
2.638026833534240501e-01
2.523057579994201771e-01
2.520320683717727772e-01
2.452687487006187383e-01
2.394374132156372181e-01
2.497114986181259155e-01
2.606834590435028187e-01
2.492840722203254755e-01
2.276847347617149409e-01
2.465258806943893544e-01
2.299596726894378718e-01
2.412812724709510748e-01
2.574570044875145181e-01
2.187826514244079479e-01
2.416409939527511541e-01
2.230649113655090443e-01
2.701852262020111306e-01
2.457880526781082153e-01
2.304898589849471990e-01
2.264758214354515020e-01
2.252223744988441356e-01
2.266896352171897944e-01
2.289195209741592407e-01
2.323683306574821361e-01
2.235849127173423767e-01
2.436688005924224909e-01
2.496113449335098378e-01
2.202716633677482549e-01
2.138538554310798756e-01
2.351263135671615712e-01
2.492086336016655079e-01
2.376026004552841131e-01
2.403692379593849182e-01
2.540925800800323264e-01
2.298414930701255798e-01
2.402122616767883301e-01
2.522308051586151234e-01
2.317598640918731578e-01
2.348017647862434276e-01
2.163912758231162914e-01
2.477217629551887457e-01
2.235846191644668690e-01
2.282959252595901378e-01
2.360509842634201105e-01
2.712242096662521584e-01
2.538501679897308128e-01
2.587348461151123269e-01
2.565812990069389343e-01
2.542936995625496022e-01
2.284663692116737366e-01
2.327214464545249994e-01
2.403773143887519836e-01
2.143216833472251781e-01
2.361559107899665888e-01
2.266682893037796076e-01
2.349441647529602051e-01
2.303500995039939880e-01
2.423786967992782593e-01
2.340055882930755504e-01
2.438561946153640636e-01
2.180782586336135753e-01
2.243975013494491633e-01
2.211041152477264404e-01
2.185705155134201050e-01
2.260123714804649353e-01
2.282268300652504078e-01
2.376913934946060236e-01
2.469093710184097346e-01
2.462213590741157421e-01
2.380387172102928217e-01
2.615670442581176647e-01
2.519933372735977395e-01
2.706162691116332786e-01
2.431358963251114003e-01
2.350698396563530024e-01
2.173210993409156744e-01
2.358033776283264271e-01
2.429059505462646540e-01
2.384686619043350220e-01
2.337751418352126964e-01
2.342398807406425587e-01
2.374314352869987543e-01
2.404817387461662404e-01
2.212760508060455378e-01
2.324251711368560680e-01
2.364407747983932606e-01
2.526298448443412559e-01
2.272121012210845947e-01
2.182949244976043757e-01
2.428931564092636219e-01
2.513896107673644909e-01
2.816444054245949014e-01
2.359024450182914678e-01
2.409447357058525085e-01
2.531944960355758667e-01
2.290099114179611206e-01
2.384890735149383656e-01
2.398990869522094616e-01
2.543886065483093040e-01
2.312713265419006348e-01
2.265039861202239879e-01
2.270092979073524420e-01
2.861997216939926036e-01
2.119738861918449291e-01
2.218567773699760548e-01
2.165378630161285400e-01
2.344089418649673573e-01
2.464256942272186335e-01
2.370114266872405950e-01
2.229430392384529058e-01
2.245284169912338257e-01
2.193450912833213862e-01
2.361468300223350525e-01
2.298238322138786427e-01
2.464273408055305536e-01
2.151612624526023920e-01
2.157706514000892750e-01
2.479823037981986888e-01
2.312619462609291077e-01
2.581706270575523376e-01
2.354863390326499828e-01
2.297885507345199529e-01
2.176199764013290461e-01
2.452185660600662287e-01
2.520664706826210022e-01
2.384771749377250782e-01
2.640449240803718345e-01
2.196156889200210627e-01
2.344975113868713323e-01
2.418674319982528631e-01
2.207351490855216924e-01
2.186481624841690174e-01
2.216946512460708507e-01
2.162271887063980103e-01
2.280041947960853577e-01
2.260316208004951588e-01
2.241479992866516058e-01
2.458206310868263356e-01
2.347347363829612732e-01
2.168647974729537853e-01
2.384526103734970204e-01
2.394433334469795172e-01
2.298377737402916010e-01
2.167578428983688299e-01
2.232987031340599171e-01
2.374004870653152466e-01
2.282781794667244069e-01
2.223154589533805903e-01
2.158219248056411632e-01
2.291086256504058782e-01
2.304618760943412670e-01
2.466015949845314081e-01
2.342329561710357611e-01
2.326129719614982716e-01
2.481870591640472357e-01
2.125031605362892040e-01
2.127030640840530396e-01
2.230866804718971141e-01
2.133645415306091309e-01
2.155819118022918590e-01
2.256441652774810736e-01
2.224527910351753179e-01
2.246160417795181330e-01
2.294085115194320623e-01
2.577140539884567039e-01
2.419187784194946345e-01
2.347546964883804321e-01
2.255453094840049744e-01
2.313332393765449579e-01
2.096817374229431041e-01
2.037853002548217773e-01
2.218779116868972723e-01
2.092179581522941589e-01
2.432805672287940979e-01
2.504237219691276550e-01
2.216511860489845387e-01
2.289713576436042675e-01
2.228397071361541693e-01
2.240275636315345875e-01
2.352387741208076533e-01
2.150341138243675176e-01
2.611556679010391124e-01
2.450353592634200994e-01
2.251024633646011297e-01
2.429476678371429443e-01
2.155923694372177124e-01
2.108052775263786205e-01
2.086817741394043080e-01
2.153557747602462824e-01
2.333109810948371943e-01
2.630044564604759327e-01
2.388698890805244501e-01
2.363531634211540333e-01
2.145013615489005931e-01
2.200150787830352783e-01
2.284740298986434881e-01
2.149006456136703380e-01
2.090045154094695989e-01
2.202296093106269892e-01
2.118206456303596552e-01
2.119170889258384649e-01
2.309006631374359020e-01
2.225836277008056696e-01
2.159569129347801153e-01
2.319525480270385742e-01
2.209261044859886225e-01
2.477087855339050182e-01
2.213564038276672474e-01
2.114637151360511669e-01
2.219756275415420421e-01
2.155366629362106268e-01
2.182792678475379833e-01
2.222347617149353083e-01
2.385903567075729481e-01
2.179958894848823547e-01
2.363546833395958058e-01
2.152690336108207814e-01
2.433854550123214777e-01
2.320725575089454540e-01
2.323907911777496338e-01
2.261623084545135443e-01
2.492264956235885620e-01
2.129133224487304576e-01
2.199963927268981934e-01
2.083463728427887018e-01
2.203670695424079784e-01
2.229065999388694652e-01
2.239215612411498968e-01
2.169337332248687800e-01
2.067646250128745977e-01
2.059907004237175043e-01
2.156984508037567139e-01
2.041133135557174627e-01
2.106232956051826422e-01
2.244474053382873591e-01
2.373883932828903254e-01
2.520416304469108582e-01
2.118419304490089528e-01
2.334444239735603277e-01
2.149617612361907903e-01
2.248037189245223888e-01
2.334449142217636108e-01
2.196768745779991150e-01
2.316120028495788630e-01
2.140021651983260997e-01
2.340808808803558350e-01
2.380696758627891541e-01
2.052545487880706732e-01
2.381936177611350958e-01
2.136513039469719044e-01
2.121664524078369085e-01
2.164310291409492493e-01
2.151028841733932384e-01
2.199742481112480219e-01
2.550888061523437500e-01
2.127867609262466542e-01
2.248933002352714594e-01
2.071893721818924006e-01
2.081301540136337169e-01
2.274759083986282460e-01
2.482065454125404469e-01
2.254661843180656433e-01
2.279212579131126293e-01
2.059372290968894958e-01
2.145483687520027272e-01
2.153596222400665228e-01
2.096150606870651190e-01
2.202386096119880732e-01
2.328718513250351008e-01
2.328476205468177906e-01
2.266371533274650629e-01
2.207827448844909557e-01
2.342444136738777161e-01
2.088657304644584711e-01
2.311041161417961010e-01
2.044829040765762385e-01
2.182834997773170360e-01
2.025922149419784601e-01
2.189607173204421997e-01
2.092456623911857494e-01
2.230597078800201361e-01
2.200088798999786377e-01
2.069256767630577032e-01
2.209649696946144048e-01
2.218193739652633556e-01
2.156874686479568481e-01
2.141600474715232849e-01
2.084897026419639532e-01
2.238896474242210444e-01
2.130906015634536632e-01
2.195511400699615423e-01
2.200009688735008184e-01
2.212816894054412953e-01
2.291500061750411932e-01
2.131710186600685175e-01
2.145161539316177424e-01
2.106294870376586859e-01
2.443911552429199330e-01
2.030234172940254267e-01
2.197886198759078924e-01
2.230880096554756220e-01
2.245674878358840942e-01
2.142090782523155268e-01
2.095877781510352977e-01
2.126993656158447377e-01
2.259822562336921692e-01
2.068547040224075206e-01
2.149413481354713329e-01
2.250466659665107672e-01
2.139417529106140137e-01
2.506453663110733143e-01
1.969113200902938843e-01
2.184927746653556879e-01
2.352220088243484608e-01
2.097789585590362493e-01
2.169098168611526545e-01
2.057685405015945435e-01
2.341503873467445374e-01
2.118347376585006658e-01
2.103018328547477667e-01
2.191649943590164296e-01
2.075872212648391668e-01
2.087471157312393299e-01
2.021057859063148388e-01
2.087961748242378179e-01
2.357075586915016174e-01
2.231798261404037420e-01
2.322269469499587957e-01
2.163648039102554210e-01
2.012176543474197277e-01
2.052784949541091863e-01
2.298060730099678040e-01
2.157146111130714417e-01
2.282045304775238148e-01
2.088616073131561168e-01
2.180714324116706793e-01
2.429460883140563965e-01
2.322459474205970653e-01
2.193648412823677174e-01
1.993548691272735707e-01
2.216562658548354992e-01
2.263178691267967169e-01
1.996653690934181158e-01
2.144256815314292963e-01
2.046344891190528814e-01
2.089633509516715948e-01
2.132808417081832886e-01
2.044615060091018732e-01
2.267571255564689581e-01
1.997252285480499157e-01
2.235077127814292797e-01
2.055244222283363342e-01
2.156509488821029552e-01
2.083850368857383673e-01
2.063624307513237111e-01
