5.266350209712981900e-02
4.471023175865411481e-02
3.694641590118408203e-02
3.526072613894939284e-02
3.115063011646270613e-02
3.175148256123065671e-02
3.057163041085004737e-02
2.855663876980542998e-02
2.744845449924469133e-02
2.728436198085546632e-02
2.708825208246707847e-02
2.635323293507099013e-02
2.624891847372055192e-02
2.563866134732961655e-02
2.567277140915393691e-02
2.541374936699867387e-02
2.494217529892921517e-02
2.479252163320779662e-02
2.474310509860515664e-02
2.521006017923355103e-02
2.530134320259094100e-02
2.476807879284024377e-02
2.423055805265903612e-02
2.462747544050216536e-02
2.408391032367944787e-02
2.425578441470861366e-02
2.387285251170396735e-02
2.375318985432386260e-02
2.379186898469924996e-02
2.376467362046241760e-02
2.353490386158228059e-02
2.362999329343438287e-02
2.470658058300614218e-02
2.439748197793960641e-02
2.329906299710273604e-02
2.321579456329345842e-02
2.332044448703527589e-02
2.261498756706714630e-02
2.233375217765569756e-02
2.230589352548122475e-02
2.209970336407423089e-02
2.211045427247881889e-02
2.243517357856035163e-02
2.278489489108324190e-02
2.345276772975921770e-02
2.211153544485568861e-02
2.213815711438655784e-02
2.156198304146528244e-02
2.146478276699781418e-02
2.158650904893875261e-02
2.150256177410483222e-02
2.149008288979530404e-02
2.182093923911452432e-02
2.180690765380859444e-02
2.166323885321617265e-02
2.134116869419813017e-02
2.098374376073479722e-02
2.100696293637156417e-02
2.106633288785815170e-02
2.091181948781013419e-02
2.085147611796855927e-02
2.077289223670959403e-02
2.048899680376052926e-02
2.096080994233489106e-02
2.054955689236521651e-02
2.097179573029279639e-02
2.135859895497560501e-02
2.066369075328111649e-02
2.073407024145126204e-02
2.103981161490082671e-02
2.059332160279154708e-02
2.056743586435914178e-02
2.040414102375507494e-02
2.015007426962256432e-02
2.017248170450329850e-02
2.007774626836180548e-02
2.065487522631883482e-02
1.992251724004745483e-02
1.950376313179731300e-02
1.963687706738710334e-02
1.982417330145835876e-02
1.958173476159572740e-02
1.940280823037028243e-02
1.934794289991259575e-02
2.007339717820286890e-02
2.069853646680712769e-02
1.955740880221128533e-02
1.944528501480817864e-02
1.883809277787804742e-02
1.909163622185587952e-02
1.945121018216013770e-02
1.939868936315179010e-02
1.910683037713169913e-02
1.844795690849423270e-02
1.896426985040306976e-02
1.849919967353343825e-02
1.789767546579241683e-02
1.904006218537688394e-02
2.005577487871050904e-02
1.869562976062297960e-02
1.805128073319792886e-02
1.821528170257806847e-02
1.812010360881686349e-02
1.807530708611011436e-02
1.851753499358892510e-02
1.858882494270801614e-02
1.810065601021051268e-02
1.831065434962510924e-02
1.969929160550236771e-02
1.842865021899342537e-02
1.788221625611186028e-02
1.803506975993513992e-02
1.789580471813678741e-02
1.750014405697584291e-02
1.758306398987770011e-02
1.921211294829845359e-02
1.998361237347125868e-02
2.014461122453212877e-02
2.013440150767564774e-02
1.820395858958363464e-02
1.768744187429547449e-02
1.749504860490560393e-02
1.857307981699705263e-02
1.716906903311610222e-02
1.727046947926282744e-02
1.680960990488529136e-02
1.689734430983662675e-02
1.694372603669762681e-02
1.666716141626238892e-02
1.700916634872555802e-02
1.636637272313237051e-02
1.641981452703476091e-02
1.537366025149822235e-02
1.581633668392896583e-02
1.691929344087839127e-02
1.548149725422263111e-02
1.594642186537385126e-02
1.612059855833649497e-02
1.586226122453808854e-02
1.671453788876533370e-02
1.727212099358439376e-02
1.653455207124352594e-02
1.649032095447182725e-02
1.941805006936192513e-02
1.791369430720806191e-02
1.631313255056738784e-02
1.630774810910224845e-02
1.581862773746251991e-02
1.594079956412315299e-02
1.482499530538916588e-02
1.415482079610228504e-02
1.438003843650221755e-02
1.459864396601915325e-02
1.425269506871700356e-02
1.385400006547570298e-02
1.388424281030893256e-02
1.404419410973787273e-02
1.325714243575930665e-02
1.381735634058713948e-02
1.635207608342170715e-02
1.729925330728292535e-02
1.579256057739257882e-02
1.351564880460500752e-02
1.279706042259931564e-02
1.338848499581217835e-02
1.270832987502217362e-02
1.285470761358737876e-02
1.342245284467935562e-02
1.284339968115091359e-02
1.303722467273473774e-02
1.297783860936760868e-02
1.190906995907425880e-02
1.239139707759022782e-02
1.146547216922044754e-02
1.162916989997029270e-02
1.147823315113782883e-02
1.102795540355145862e-02
1.071756435558199848e-02
1.078777629882097210e-02
1.218038396909832885e-02
1.015230305492877995e-02
1.050780648365616868e-02
9.788237186148763050e-03
1.177224586717784405e-02
1.193140679970383644e-02
1.118785040453076397e-02
9.723295504227281311e-03
9.759978298097849239e-03
8.992016501724719307e-03
1.017497824504971435e-02
9.685661410912871361e-03
8.573533874005079616e-03
9.674464585259556770e-03
8.850157866254449238e-03
8.992504794150590897e-03
8.940280973911285053e-03
8.912342088297008774e-03
8.248562552034854542e-03
8.274220209568739631e-03
7.676642853766679764e-03
7.738385675475000988e-03
7.018366828560829163e-03
8.341558603569864880e-03
1.000691442750394414e-02
9.321528906002640030e-03
8.455131342634559025e-03
8.038724586367607811e-03
8.545993873849511840e-03
8.042569598183035504e-03
6.705554854124784643e-03
6.543436273932457144e-03
6.661294167861342777e-03
7.141204318031668663e-03
6.351632159203290592e-03
6.152188545092940677e-03
6.308950018137693405e-03
6.006797123700380152e-03
7.630054140463471413e-03
6.701827840879559170e-03
6.829268997535109520e-03
8.065071934834123352e-03
8.709969464689493179e-03
6.961795547977089708e-03
6.342515489086509098e-03
6.613622419536113739e-03
6.409036088734864842e-03
6.735570030286908150e-03
5.521043715998530214e-03
6.191707355901599277e-03
6.256908597424626524e-03
6.252318760380149235e-03
5.546970060095191002e-03
5.359286721795797175e-03
6.511924741789698774e-03
6.403308920562266957e-03
7.172647910192608660e-03
6.379221705719828953e-03
6.435492169111966740e-03
5.960053205490112652e-03
5.891899205744266163e-03
5.985981971025467092e-03
5.381807917729020119e-03
5.698738317005336111e-03
6.347751012071967125e-03
6.397408619523048574e-03
6.278437236323953022e-03
5.966151226311921726e-03
7.784335454925894564e-03
6.428945111110806465e-03
7.054277230054140091e-03
6.493380153551697384e-03
4.872051952406764204e-03
5.080725857987999569e-03
5.152678163722157305e-03
5.734578054398298090e-03
7.282833568751811981e-03
7.181804953143000256e-03
6.763478089123964136e-03
6.382684363052249302e-03
5.843361653387546366e-03
5.067289154976606196e-03
5.517205270007252520e-03
5.509468214586377317e-03
5.297916987910866564e-03
5.846641911193728620e-03
5.675961822271346699e-03
5.233563715592026711e-03
5.385431810282170773e-03
5.386619572527706276e-03
4.914542543701827526e-03
4.485255992040038282e-03
4.941182956099510019e-03
4.450324247591197838e-03
4.717595758847892284e-03
4.740675631910562689e-03
5.796871962957084179e-03
6.224860204383730888e-03
6.913191033527254711e-03
5.902605829760432243e-03
5.726486281491816217e-03
5.389800341799855059e-03
5.513649154454469854e-03
5.468701245263218880e-03
5.007112352177500898e-03
5.329210287891327988e-03
4.443419608287512909e-03
5.062532401643693794e-03
4.625410703010856932e-03
4.581153322942554777e-03
4.356930032372474670e-03
4.463378549553453575e-03
5.297120776958763599e-03
4.417713475413620125e-03
4.323581396602094000e-03
4.764611623249948372e-03
4.922258201986551285e-03
3.987896721810102463e-03
4.308971902355551373e-03
5.231116083450615406e-03
5.062685906887054096e-03
5.262976558879017656e-03
6.780958594754337918e-03
4.793506744317710226e-03
5.112903774715960026e-03
5.622128886170685118e-03
5.136496108025312597e-03
4.620393109507858927e-03
4.581341124139726335e-03
6.524980301037430763e-03
6.649248301982879639e-03
5.733380187302827488e-03
4.684291593730449503e-03
4.108365741558372974e-03
4.300489020533859556e-03
4.203640716150402676e-03
5.314898560754954815e-03
5.660214461386203766e-03
6.468504131771623915e-03
4.507511691190302545e-03
4.503352567553520203e-03
4.075280530378222812e-03
4.612329602241516287e-03
4.544238513335585768e-03
4.535924433730543007e-03
4.153603757731616671e-03
4.191198968328535557e-03
5.916677881032228470e-03
5.084309005178510796e-03
4.276304808445275003e-03
4.468498751521110535e-03
3.933391836471855814e-03
3.716924972832202738e-03
4.106592573225498373e-03
5.593226873315870762e-03
4.601723817177117044e-03
4.494869871996343483e-03
4.577179718762636011e-03
5.662474338896572937e-03
8.305121492594481208e-03
8.022728981450200428e-03
5.727701541036367590e-03
4.900232586078345602e-03
4.449112946167588581e-03
4.194409633055329149e-03
4.804875957779586662e-03
5.321127548813820059e-03
4.535683430731296539e-03
4.585106368176638733e-03
4.542023804970085447e-03
4.199798544868826519e-03
4.132334678433835680e-03
4.381042649038135658e-03
3.977582347579300751e-03
3.980275685898959290e-03
4.001121781766414469e-03
3.988898824900388718e-03
4.140138067305088390e-03
3.896674327552318746e-03
4.891664232127368103e-03
5.443677376024425203e-03
4.370788624510168856e-03
4.542795056477188891e-03
3.881595982238650495e-03
3.775211656466126355e-03
4.657522798515856613e-03
4.126477614045142780e-03
4.431795538403093468e-03
4.889925708994269371e-03
4.333661496639251362e-03
4.545011627487838442e-03
4.179445933550596584e-03
3.997281636111437927e-03
3.763005579821765510e-03
3.984675765968859543e-03
3.885044087655842478e-03
3.488482255488633936e-03
3.935401095077395439e-03
4.457988752983510147e-03
3.472032072022557085e-03
4.241195274516940117e-03
3.657139744609594258e-03
5.236926604993641376e-03
3.657096764072775841e-03
3.821854083798825914e-03
4.439423093572258949e-03
4.300285549834370787e-03
3.771686158142983740e-03
3.557964833453297528e-03
3.216066374443471518e-03
4.016913403756916350e-03
4.023030702956021006e-03
3.355700825341046030e-03
4.344765143468975847e-03
4.283092147670686071e-03
4.103997745551169266e-03
4.434242728166282177e-03
3.624499635770917026e-03
4.655359638854860913e-03
3.796621714718639764e-03
3.432244993746280670e-03
3.891392680816352541e-03
3.895101789385080511e-03
3.508709208108484918e-03
3.138114023022353562e-03
3.762215003371238795e-03
3.615183825604617769e-03
3.978177229873836387e-03
4.075856599956751043e-03
4.107585339806973761e-03
3.991738008335232561e-03
3.686147043481469154e-03
4.637697467114776199e-03
4.555768682621419430e-03
4.334360547363758261e-03
4.428840801119804035e-03
3.786825854331254786e-03
3.351633017882704561e-03
3.432890865951776505e-03
4.071579431183636189e-03
3.691366408020257950e-03
4.050383809953927994e-03
3.958265809342264956e-03
4.127475176937877785e-03
4.270842275582253586e-03
3.528886986896395510e-03
4.251194628886878144e-03
3.457960882224142638e-03
3.152316226623952302e-03
4.009574744850396763e-03
3.669484960846603003e-03
3.634244739077985460e-03
3.095477330498397437e-03
3.403077321127057249e-03
4.130941000767052174e-03
3.348075528629124251e-03
4.211844364181161100e-03
3.450626786798238581e-03
3.800421883352100676e-03
3.191224928013980215e-03
3.992258501239120787e-03
3.363432409241795366e-03
3.657650086097419262e-03
3.433604445308447058e-03
4.182315082289278507e-03
3.059901366941631014e-03
3.722656215541064566e-03
3.194751031696796244e-03
3.925237921066582203e-03
3.689296985976398078e-03
3.566375165246426886e-03
3.866223129443824378e-03
3.747488232329487887e-03
4.176355828531086271e-03
3.498692251741886312e-03
4.194950452074408531e-03
3.932233853265643293e-03
3.806763002648949536e-03
3.667088574729859829e-03
3.190597938373685057e-03
3.362349001690745354e-03
3.249302296899259004e-03
3.346570767462253571e-03
2.956451917998492891e-03
3.149251453578472137e-03
3.637237800285220233e-03
3.792113042436540127e-03
4.415550734847784042e-03
3.731243242509662932e-03
3.429079381749034101e-03
3.926614578813314264e-03
3.542456147260964090e-03
3.879635408520698374e-03
3.401218750514090235e-03
3.494711569510400382e-03
4.695850214920938362e-03
3.157343016937375069e-03
3.466868633404374209e-03
3.459359891712665471e-03
3.580198541749268857e-03
4.009000444784760649e-03
3.450563922524452036e-03
4.430518159642815937e-03
3.548093396238982591e-03
3.487946838140487584e-03
3.572853887453675183e-03
4.105290281586349010e-03
3.448929241858422930e-03
3.100987942889332945e-03
3.330057463608682242e-03
2.817407995462417429e-03
4.093121737241744995e-03
3.762973775155842478e-03
3.605121094733476465e-03
3.074090927839279175e-03
4.087675712071359158e-03
3.729453217238187703e-03
3.891863930039107973e-03
3.288708184845745477e-03
4.027150245383382191e-03
3.436372568830847914e-03
2.879326744005083864e-03
3.196282126009464090e-03
3.030082979239523584e-03
2.953557670116424474e-03
3.275355137884616678e-03
3.188058210071176291e-03
3.648940217681229201e-03
2.595860394649207592e-03
2.881878335028886622e-03
2.937241061590612108e-03
3.039617813192307862e-03
3.042314096819609577e-03
4.316417919471860105e-03
3.640335984528064728e-03
3.394775628112256700e-03
4.077222885098308151e-03
3.501454519573599187e-03
4.164202464744448315e-03
3.311579767614603216e-03
3.605456463992595586e-03
3.134431969374418432e-03
4.372783494181931366e-03
3.231645480263978330e-03
3.610845236107706850e-03
2.975442912429571152e-03
3.172093001194298094e-03
3.536649630405008793e-03
2.912535844370722597e-03
2.837373106740414923e-03
2.942111797165125435e-03
3.318470856174826795e-03
3.197293565608561212e-03
3.054047783371061000e-03
3.087673441041260784e-03
3.973142849281430591e-03
3.848075587302446539e-03
3.744402527809143153e-03
3.622835641726851377e-03
4.096409073099493980e-03
3.310538816731422966e-03
3.038724930956959551e-03
3.105570608749985521e-03
3.350653836969286290e-03
2.962989034131169319e-03
4.901214549317955797e-03
3.093339793849736452e-03
3.308221977204084223e-03
3.802036354318261320e-03
2.924114186316728765e-03
3.948815993499010975e-03
3.098206990398466414e-03
3.686684102285653439e-03
3.052847611252218572e-03
3.703315486200153914e-03
2.918215398676693266e-03
3.351711726281791925e-03
2.776362525764852762e-03
3.609218448400497263e-03
3.492363344412296924e-03
3.042792435735464096e-03
4.461922380141913717e-03
3.512652544304728681e-03
3.667477634735405445e-03
3.213320695795118982e-03
3.390943096019327467e-03
3.078083670698106115e-03
3.567939891945570794e-03
2.910538762807846243e-03
3.375641047023236838e-03
3.100801073014736002e-03
3.676895587705075914e-03
3.007284761406481093e-03
3.349635563790798014e-03
3.221786301583051855e-03
3.893946856260299769e-03
3.720797877758741205e-03
2.762104233261197719e-03
2.681843098253011790e-03
2.385484217666089361e-03
3.204206982627510851e-03
3.358357062097638845e-03
2.848351455759256991e-03
3.300543979275971478e-03
2.581777051091194153e-03
3.204765601549297398e-03
3.886184282600879756e-03
2.975160768255591219e-03
3.139504231512546539e-03
3.242183197289705450e-03
2.982917812187224453e-03
3.461181884631514549e-03
2.966576244216412132e-03
3.335663198959082278e-03
3.000527131371200171e-03
2.516909327823668718e-03
3.468156419694423762e-03
2.983932930510491046e-03
2.533887536264955911e-03
2.526312274858355435e-03
3.377861517947167158e-03
3.041889949236065063e-03
2.344506653025746432e-03
2.528282313141971740e-03
3.142238024156540806e-03
2.359728480223566380e-03
3.593576874118298379e-03
2.864636154845356854e-03
3.134719398804009134e-03
4.150600766297429974e-03
3.482504328712820833e-03
3.032504860311746424e-03
2.709393750410527164e-03
3.520640288479626265e-03
3.644115733914077369e-03
3.661239589564502413e-03
3.434242610819637602e-03
3.710922249592840498e-03
2.950917650014162237e-03
3.488025185652077111e-03
3.246239526197314176e-03
2.639612706843763590e-03
3.199218877125531262e-03
4.060982947703450745e-03
2.860290242824703628e-03
3.554970701225102035e-03
3.121663792990148154e-03
3.083268017508089716e-03
3.071961714886128816e-03
3.135426831431686705e-03
3.364502883050590667e-03
3.003769903443753719e-03
2.749277465045452291e-03
3.424743644427507942e-03
2.928694942966103554e-03
2.530733449384570209e-03
3.500149084720760497e-03
2.547561167739331809e-03
3.675816766917705709e-03
2.743615629151463595e-03
4.172616789583116423e-03
3.388000582344829863e-03
2.897127880714833736e-03
3.915985533967614347e-03
2.532496070489287550e-03
2.679011889267712658e-03
3.470401326194405382e-03
3.142850776202976877e-03
3.076728677842766220e-03
2.818321075756102714e-03
2.590549248270690615e-03
3.037684760056435888e-03
3.497967065777629701e-03
3.345705661922693339e-03
2.657578769139945594e-03
3.275775327347219077e-03
2.439655701164156025e-03
2.915608324110508052e-03
3.093409782741218719e-03
2.357474109157919710e-03
3.217617713380604896e-03
2.382604370359331283e-03
3.658736986108124083e-03
3.018089593388140115e-03
2.664914866909384554e-03
2.749510365538298997e-03
2.514845726545900193e-03
2.471313381101936189e-03
2.592641732189804142e-03
2.341571252327412193e-03
2.594334783498197967e-03
3.276754776015877637e-03
3.481769561767578212e-03
2.567339513916522264e-03
2.387859614100307053e-03
2.758227335289120501e-03
3.089399705640971487e-03
2.834960073232650930e-03
2.864516177214682276e-03
3.334963531233370478e-03
2.514393266756087455e-03
2.573713753372430888e-03
2.938402444124221888e-03
2.350460877642035398e-03
2.956253755837678736e-03
2.255097124725580302e-03
3.020706039387732831e-03
2.412313502281904134e-03
2.320980885997414589e-03
2.435052278451621619e-03
3.633537003770470532e-03
3.236581501550972288e-03
2.994852990377694455e-03
3.510531969368457794e-03
3.820882528088986874e-03
2.772547421045601368e-03
2.782942075282335108e-03
2.911606885027140292e-03
2.203111129347234964e-03
2.853073924779891794e-03
2.629792527295649138e-03
2.948616852518170899e-03
2.721420326270163233e-03
3.124570869840681379e-03
2.792900835629552603e-03
2.777621510904282505e-03
2.201889932621270418e-03
2.565557893831282854e-03
2.342558430973440322e-03
2.436911885160952720e-03
2.756147435866296205e-03
2.621974237263202581e-03
2.793579618446528825e-03
2.989067416638136084e-03
3.127113019581884232e-03
2.620804624166339723e-03
3.009842650499194860e-03
2.674037532415241003e-03
3.551360918208956718e-03
2.890560566447675141e-03
3.162002447061240586e-03
2.288746600970626051e-03
2.746219676919281309e-03
3.088395576924085617e-03
2.949687000364064997e-03
2.372079773340374405e-03
2.379206579644232815e-03
3.126190649345517072e-03
3.598920721560716803e-03
2.456935727968811902e-03
2.623539732303470286e-03
3.173822246026247740e-03
3.536416916176676750e-03
2.642605174332857305e-03
2.265006524976342743e-03
2.984824497252702626e-03
2.971345081459730690e-03
3.662518423516303214e-03
2.767730818595737132e-03
2.992327138781547373e-03
3.487663820851594383e-03
2.690684725530445662e-03
2.758960996288806200e-03
2.382415009196847851e-03
3.247935231775045308e-03
2.560228854417800730e-03
2.760316210333257827e-03
2.737160772085189819e-03
4.194969625677913774e-03
2.151423611212521965e-03
2.498268987983465108e-03
2.532227733172476465e-03
2.741627942305058154e-03
2.900491608306765470e-03
2.705525897908955812e-03
2.492586919106543238e-03
2.589877694845199585e-03
2.331268822308629664e-03
2.802997257094830448e-03
3.071547334548085841e-03
3.414119326043873939e-03
2.386650128755718470e-03
2.463004505261779005e-03
3.347581042908131990e-03
2.864974713884293860e-03
3.710483969189226801e-03
3.072179411537945184e-03
2.634560409933328802e-03
2.358431194443255576e-03
2.923350012861192053e-03
3.026485105510801250e-03
2.699564723297953432e-03
3.450115351006388578e-03
2.355931408237665805e-03
2.861042728181928223e-03
2.884126431308686560e-03
2.434019907377660361e-03
2.486802160274237221e-03
2.520977531094104225e-03
2.339765278156846675e-03
2.608363062608987266e-03
2.526899590156972322e-03
2.508388657588511705e-03
3.464772074948996305e-03
2.874341793358325958e-03
2.393751777708530339e-03
3.267829073593020439e-03
3.058727341704070655e-03
2.573224483057856560e-03
2.171422762330621481e-03
2.426056936383247202e-03
2.916043903678655451e-03
2.761841239407658750e-03
2.365446754265576428e-03
2.484981878660619346e-03
2.829364419449120847e-03
3.064706828445196065e-03
3.614718932658433827e-03
2.848680794704705390e-03
2.950898138806223869e-03
3.197244368493556976e-03
2.370750438421964559e-03
2.403048414271324786e-03
2.694085054099559610e-03
2.399471914395690051e-03
2.489185146987438375e-03
2.820154360961169004e-03
2.612986462190747348e-03
2.590311272069811648e-03
2.798615919891744765e-03
3.582391189411282539e-03
3.170224337372928771e-03
2.860799315385520458e-03
2.500303299166262237e-03
2.628285973332822496e-03
2.303532860241830522e-03
2.144496864639222709e-03
2.561022480949759657e-03
2.250584936700761145e-03
3.089879942126572306e-03
3.401577228214591568e-03
2.383446542080491608e-03
2.831306634470820514e-03
2.749508421402424574e-03
2.570839389227330598e-03
2.694869809783994978e-03
2.266227349173277530e-03
3.895151510369032535e-03
3.672383504454046661e-03
2.774451172444969589e-03
3.564198815729468974e-03
2.427903003990650177e-03
2.372099680360406811e-03
2.224363305140286771e-03
2.468069700989872304e-03
2.828641550149768417e-03
3.839873301330953836e-03
3.167483140714466572e-03
2.941544202622026292e-03
2.382514590863138437e-03
2.476059412583708590e-03
2.813649736344814214e-03
2.445813210215419531e-03
2.264123375061899337e-03
2.527194912545382977e-03
2.375588449649512594e-03
2.552451158408075571e-03
3.042007854674011469e-03
2.696036582347005432e-03
2.493331802543252880e-03
3.034054394811391917e-03
2.650900767184793862e-03
3.227501828223467047e-03
2.731843211222440004e-03
2.407442964613437826e-03
2.740644966252148151e-03
2.459953539073467255e-03
2.648617373779416084e-03
2.782649116124957626e-03
3.326075244694948283e-03
2.666530071292072361e-03
3.061811323277652264e-03
2.395979280117899266e-03
3.215161187108606187e-03
3.116860776208341035e-03
2.912680385634303093e-03
2.650061110034585173e-03
3.569468960631638592e-03
2.434562670532614166e-03
2.672447334043681708e-03
2.257897157687693661e-03
2.742672164458781481e-03
2.750049682799726551e-03
2.627426572144031351e-03
2.556881029158830729e-03
2.312594396062195475e-03
2.218622353393584316e-03
2.490893856156617490e-03
2.195584948640316898e-03
2.296887978445738554e-03
2.753622003365307873e-03
3.232129162643104965e-03
3.542702423874288971e-03
2.484690444543957537e-03
2.919766504783183423e-03
2.474551310297101563e-03
2.561337093356996948e-03
2.828526764642447060e-03
2.585249545518308878e-03
2.982784784398972901e-03
2.357595507055520925e-03
3.315001924056559714e-03
3.178339265286922281e-03
2.238814637530595151e-03
3.155535180121660319e-03
2.515277673956006679e-03
2.497956680599600077e-03
2.466010779608041135e-03
2.840015117544681007e-03
2.886746113654226151e-03
3.719423385336995298e-03
2.499847323633730412e-03
2.750443818513303995e-03
2.257771242875605908e-03
2.272016718052327633e-03
2.760144986677914684e-03
3.537213383242488081e-03
2.637390175368637020e-03
2.959869930054992611e-03
2.242327202111482620e-03
2.501103654503822413e-03
2.465914620552212087e-03
2.307169779669493437e-03
2.897041256073862141e-03
3.053202200680971059e-03
3.058618598151951942e-03
2.845315251033752983e-03
2.736493607517332012e-03
2.999206411186605518e-03
2.368156332522630692e-03
3.093729238025844184e-03
2.172987035010010004e-03
2.532911754678934899e-03
2.152591571211814967e-03
2.634496835526078939e-03
2.323060040362179366e-03
2.739845961332321340e-03
2.609314362052827987e-03
2.209660236258059567e-03
2.722718415316194469e-03
2.640095911920070561e-03
2.485312789212912408e-03
2.562945138197392399e-03
2.287741575855761766e-03
2.763453591614961798e-03
2.394886652473360213e-03
2.670734236016869372e-03
2.679461683146655733e-03
2.668064506724476988e-03
2.976472885347902601e-03
2.445989532861858780e-03
2.459258632734418002e-03
2.335337665863335219e-03
3.182885725982487115e-03
2.156940859276801174e-03
2.656800847034901381e-03
2.678906742949038657e-03
2.740538388025015593e-03
2.605968678835779428e-03
2.395618427544832403e-03
2.302320697344839486e-03
2.938804158475250006e-03
2.278722100891172973e-03
2.468031935859471386e-03
2.720280562061816627e-03
2.447984612081199798e-03
3.796378965489566326e-03
1.957463379949331110e-03
2.648814860731363123e-03
3.069085453171283093e-03
2.385357616003602570e-03
2.545591082889586514e-03
2.302155247889459133e-03
3.258733521215617743e-03
2.402322879061102694e-03
2.334603434428572741e-03
2.560757950413972226e-03
2.424367191269993956e-03
2.374211815185844811e-03
2.116229198873042887e-03
2.332927775569260120e-03
3.095927240792661905e-03
2.685751044191420165e-03
2.905656455550342625e-03
2.540272020269185305e-03
2.077252487652003765e-03
2.249066822696477001e-03
2.974182576872408477e-03
2.567373670171946114e-03
2.899763779714703473e-03
2.224685379769652908e-03
2.639083482790738344e-03
3.406281617935746995e-03
3.087978961411863652e-03
2.859099640045314854e-03
2.052633150015026331e-03
2.738234272692352620e-03
2.847954619210213249e-03
2.032807609066366976e-03
2.616017847321927461e-03
2.186850004363805056e-03
2.324403321836143732e-03
2.454912906978279439e-03
2.363060298375785177e-03
2.800626831594854680e-03
2.081689564511179837e-03
2.745728415902704000e-03
2.247370698023587552e-03
2.485790674109011975e-03
2.456784283276647416e-03
2.307101001497357997e-03
