4.517795145511627197e-02
4.059030984838803841e-02
3.839142248034477234e-02
3.448329120874404907e-02
3.191302095850308967e-02
3.232683800160884857e-02
2.561329615612824642e-02
2.573550244172414028e-02
2.586796258886655056e-02
2.524075781305630886e-02
2.446446567773818970e-02
2.424921095371246338e-02
2.308721840381622314e-02
2.386361981431643284e-02
2.329636613527933872e-02
2.340194707115491116e-02
2.296475072701771938e-02
2.397202452023823940e-02
2.316248789429664612e-02
2.412242566545804226e-02
2.395425612727801121e-02
2.160082136591275417e-02
2.250820708771546566e-02
2.300315536558628082e-02
2.482168997327486790e-02
2.265082734326521671e-02
2.291268793245156490e-02
2.369345352053642273e-02
2.241584906975428379e-02
2.252370615800221645e-02
2.173987527688344204e-02
2.188948293526967251e-02
2.279449999332427979e-02
2.203529017666975773e-02
2.335906711717446529e-02
2.257201013465722286e-02
2.235698948303858555e-02
2.119328392048676693e-02
1.957765842477480686e-02
2.268410411973794186e-02
2.079650511344273769e-02
2.076641035576661312e-02
2.048812092592318737e-02
2.267472259700298309e-02
2.216900698840618134e-02
2.151498633126417911e-02
2.071395454307397091e-02
1.977171935141086578e-02
2.099726473291714871e-02
2.005047226945559299e-02
2.067559647063414371e-02
1.990362505118052280e-02
2.189761710663636410e-02
2.067027116815249241e-02
2.032017583648363865e-02
1.873964909464120865e-02
1.991110853850841522e-02
1.979465161760647976e-02
2.132073727746804440e-02
1.876258167127768314e-02
1.873576920479536057e-02
1.828996744006872177e-02
1.899865269660949707e-02
1.930938816318909443e-02
2.090985824664433682e-02
1.950708311051130295e-02
2.014636310438315189e-02
1.903268881142139435e-02
2.138532449801762783e-02
2.076744536558787144e-02
1.877675267557303226e-02
1.889465004205703735e-02
1.745527858535448826e-02
2.061639601985613621e-02
1.846938207745552063e-02
1.954733083645502842e-02
2.007762466867764675e-02
1.809532474726438522e-02
1.780995012571414196e-02
1.814959322412808621e-02
1.769400822619597233e-02
1.732736794898907459e-02
1.953660945097605503e-02
1.737996749579906464e-02
1.785091528048117840e-02
1.979050599038600922e-02
1.849751981596152103e-02
1.757325635602076733e-02
1.740786588440338886e-02
1.733738835901021957e-02
1.719451695680618286e-02
1.714421187837918484e-02
1.774961687624454498e-02
1.797602698206901550e-02
1.765892871965964520e-02
1.696280793597300732e-02
1.728744556506474697e-02
1.982596268256505215e-02
1.614567327002684391e-02
1.583722326904535294e-02
1.583758151779572285e-02
1.582454796880483627e-02
1.663694592813650883e-02
1.656657736748456955e-02
1.769132725894451141e-02
1.684715350468953335e-02
1.587791989247004307e-02
1.870725614329179012e-02
1.665310406436522686e-02
1.555673001954952818e-02
1.924896985292434692e-02
1.721856277436017990e-02
1.537125029911597628e-02
1.559950007746616941e-02
2.050337381660938263e-02
1.745297169933716572e-02
1.929612706104914463e-02
1.831801546116669857e-02
1.465799007564783096e-02
1.572813714543978489e-02
1.749142569800217831e-02
1.811911662419636929e-02
1.522196829319000244e-02
1.465953451891740221e-02
1.507803890854120255e-02
1.502017552653948408e-02
1.597963677098353588e-02
1.695244479924440384e-02
1.435797289013862610e-02
1.508227208008368868e-02
1.488150345782438856e-02
1.555335366477569002e-02
1.428167304644981962e-02
1.473543792963027954e-02
1.438545777151981932e-02
1.338609028607606888e-02
1.518071877459684950e-02
1.520245335996150970e-02
1.219873999555905718e-02
1.572333027919133389e-02
1.780247222632169724e-02
1.405008602887392044e-02
1.439013735701640505e-02
1.824083862205346310e-02
1.426061708480119705e-02
1.278325884292523008e-02
1.485662348568439484e-02
1.604234209905068195e-02
1.385744288563728333e-02
1.208125644673903841e-02
1.304582568506399733e-02
1.260261361797650713e-02
1.230684823046127897e-02
1.365242712199687958e-02
1.223701455940802950e-02
1.306481131662925142e-02
1.082391571253538132e-02
1.072470735137661356e-02
1.318215734014908415e-02
2.010714200635750973e-02
1.691793712476889408e-02
1.149736934651931185e-02
1.169938469926516157e-02
1.130397990345954895e-02
1.229371037334203720e-02
1.237053299943606001e-02
1.269195104638735395e-02
1.151680977394183535e-02
1.210871680329243284e-02
1.183753336469332319e-02
1.279132130245367628e-02
1.172608758012453657e-02
9.566602607568105640e-03
1.001392863690853119e-02
1.104644841204086882e-02
9.735761365542808590e-03
1.004405847440163237e-02
9.603677938381830273e-03
9.415463699648777066e-03
8.558254844198623715e-03
9.000442456454038620e-03
1.005520205944776535e-02
9.502079027394453106e-03
1.172535649190346342e-02
1.358143736918767351e-02
9.867652629812559070e-03
8.386866655200719833e-03
8.247141881535450039e-03
9.453475164870420513e-03
8.266940092047056141e-03
8.857400156557559967e-03
8.750702564915021839e-03
9.098441960910955487e-03
8.588513204207023563e-03
8.584030748655399265e-03
9.832679914931455670e-03
1.181325440605481523e-02
7.957014410446086941e-03
8.465356503923734607e-03
8.456752169877290726e-03
7.655118902524312048e-03
9.751465171575546265e-03
1.007839726905027967e-02
9.828483996291955890e-03
1.566612223784128941e-02
7.936958999683460178e-03
8.776235083738962231e-03
8.196521239976087628e-03
8.928879940261444034e-03
8.054020348936319351e-03
7.134599921603997259e-03
9.571945605178674640e-03
7.701320884128411322e-03
7.794806888947884531e-03
9.135207471748193683e-03
7.098610823353131323e-03
9.681241276363531170e-03
7.776736902693907709e-03
8.279904878387847958e-03
1.233529920379320723e-02
1.339415491869052309e-02
1.046313003947337526e-02
9.271715146799882831e-03
9.666402203341325702e-03
8.895948994904756546e-03
8.230901788920164108e-03
7.713887995729844065e-03
7.729331962764263153e-03
7.725703374793131857e-03
8.312539973606666507e-03
8.212196485449871006e-03
7.759003899991512299e-03
8.000509037325779019e-03
9.195956091086069165e-03
1.104017750670512575e-02
1.016018974284330946e-02
1.002722233533859253e-02
7.520495603481928797e-03
7.862872133652368603e-03
1.172251378496487993e-02
7.531499334921439200e-03
7.559381735821564703e-03
9.332190578182538929e-03
9.560188899437585888e-03
9.726960367212692318e-03
7.728190006067355185e-03
8.999977571268876972e-03
9.032482281327247620e-03
1.003239086518684965e-02
9.107466631879409732e-03
8.301623476048311176e-03
8.653641057511171283e-03
7.870417088270187378e-03
7.731290223697821588e-03
8.867685683071613312e-03
1.001370232552289963e-02
1.061609759926795959e-02
8.838192249337831555e-03
9.114005292455354748e-03
8.102931703130403576e-03
9.398210483292738018e-03
9.958256036043167114e-03
7.458038938542206793e-03
9.153615683317184448e-03
9.521926132341226520e-03
7.772057782858610153e-03
8.214240893721580505e-03
7.472072417537371607e-03
8.376638715465864124e-03
8.794471000631650867e-03
8.234179423501094761e-03
8.585590248306592884e-03
8.781809670229753437e-03
8.170765824615955353e-03
8.095142586777607022e-03
7.413145154714584351e-03
1.015803652505079847e-02
8.126181239883104382e-03
8.914455150564512195e-03
7.680544629693031311e-03
8.088364576299985828e-03
9.460688723872104702e-03
7.815835531800985336e-03
8.178463205695152283e-03
8.227317283550897656e-03
7.856953268249830188e-03
7.495859793076912851e-03
7.540286673853795023e-03
8.221327171971401157e-03
8.217552676796913147e-03
7.866763354589542331e-03
8.759407637019952717e-03
8.988159087797006550e-03
9.123982240756353321e-03
8.377685987701019230e-03
7.360289183755715399e-03
7.698118686676025391e-03
8.165162832786640110e-03
9.205915965139865875e-03
8.148784904430309353e-03
9.696130796025196133e-03
8.058702883621057453e-03
8.388862324257692279e-03
8.490829728543758392e-03
8.457488069931665478e-03
9.047202455500761090e-03
8.762951319416364612e-03
9.000752897312244358e-03
9.538034287591775837e-03
7.275092725952466040e-03
1.085802540183067322e-02
8.323029770205417691e-03
7.184419004867474527e-03
8.137387689203023911e-03
8.407799682269493161e-03
6.853751993427674265e-03
8.981279718379179058e-03
7.453183333079020471e-03
8.116297579059997616e-03
8.097919169813394547e-03
8.002019487321376801e-03
7.681081381936867743e-03
8.873778084913888989e-03
8.439194100598493634e-03
7.280106966694195776e-03
7.859873895843824329e-03
7.111569866538047791e-03
8.058607888718446674e-03
8.433910397191842975e-03
7.564351273079712897e-03
8.164258984227975788e-03
7.302611445387204199e-03
9.110420942306518555e-03
7.657430134713649750e-03
7.809017008791367502e-03
8.485032245516777039e-03
9.958254328618446408e-03
1.094196736812591553e-02
1.146969354401032072e-02
9.143492206931114197e-03
9.815769890944162426e-03
7.675508347650368719e-03
7.242977619171142578e-03
8.105144370347261429e-03
7.096999790519475937e-03
9.035321573416391430e-03
8.807013121743997516e-03
7.860317515830198346e-03
7.933577677855888424e-03
7.710018350432316751e-03
7.710553084810574560e-03
7.620325312018394470e-03
9.895280624429384289e-03
7.666300361355145483e-03
7.916005793958902359e-03
8.080891178299983921e-03
7.593378114203612299e-03
7.149996856848399134e-03
7.720846993227799444e-03
8.442817411075035153e-03
9.145815235873063984e-03
7.340791479994853048e-03
8.046419204523166599e-03
7.446650881320238113e-03
7.556631695479154587e-03
8.272026044627031269e-03
7.784716784954071045e-03
9.034436816970506726e-03
8.141153957694768906e-03
8.775083037714162884e-03
7.341212127357721329e-03
8.310619120796522083e-03
8.579186629503965378e-03
7.784180187930663138e-03
8.234760413567224560e-03
8.275521143029132901e-03
7.565304636955261230e-03
8.850772554675737439e-03
8.706879491607347546e-03
7.558978628367185593e-03
8.053810335695743561e-03
8.080441349496444645e-03
8.213096608718236866e-03
7.259875070303678513e-03
7.137460478891928702e-03
7.744463315854470224e-03
8.739731274545192719e-03
9.298335139950117054e-03
8.284748376657566013e-03
8.630210844178995075e-03
7.535635338475306540e-03
8.690521741906801281e-03
7.468973596890767126e-03
8.133890728155771313e-03
8.159027900546789169e-03
8.688538024822870312e-03
8.205560346444448414e-03
7.543764232347409220e-03
8.997741776208082257e-03
8.248703709493080197e-03
7.920540248354276600e-03
8.541371052463849964e-03
9.289906360208988190e-03
8.531677226225534497e-03
8.536985454459985675e-03
7.653409925599892645e-03
8.284131841113170566e-03
7.635670093198617010e-03
8.571965619921684265e-03
7.881080731749534607e-03
7.937851051489511547e-03
7.198904796193043680e-03
7.919562825312217655e-03
7.876037154346704483e-03
8.081224747002124786e-03
8.482256593803564129e-03
8.759226339558759747e-03
9.007132922609647693e-03
8.570498786866664886e-03
8.022240052620569287e-03
8.566592199107011738e-03
9.165995133419832172e-03
7.416376223166783362e-03
7.659333758056163788e-03
9.370084231098493519e-03
8.670777703324953137e-03
8.170685265213251114e-03
8.665975183248519897e-03
7.092142632851998300e-03
8.941322409858306827e-03
9.718968843420347156e-03
8.762761950492858887e-03
8.242594078183174133e-03
7.809077699979146032e-03
1.078975138564904589e-02
8.260570156077543316e-03
8.641527655224004803e-03
8.048011455684900284e-03
8.177244104444980621e-03
7.276562197754780741e-03
8.509348146617412567e-03
9.125196374952793121e-03
8.843677428861459675e-03
8.125989853094020901e-03
8.304174368580182972e-03
9.346335815886655865e-03
8.077253432323535862e-03
8.133805822581052780e-03
9.692886533836523114e-03
8.903230540454387665e-03
8.067712963869174900e-03
7.249846744040648432e-03
7.954543766876062336e-03
8.819145926584800663e-03
8.891222377618154468e-03
9.539127970735231457e-03
9.178127783040205059e-03
9.123223833739757538e-03
9.341434265176454602e-03
8.430205285549163818e-03
7.943136462320884647e-03
9.435692802071571350e-03
8.750503572324911175e-03
8.667574264109134674e-03
8.014272743215164127e-03
9.117982039848962841e-03
9.616832248866558075e-03
8.051575161516666412e-03
9.458707024653753223e-03
1.086951978504657745e-02
9.202484351893266620e-03
9.478228787581125317e-03
9.394496213644742966e-03
9.385609999299049377e-03
8.671518725653490009e-03
8.642351565261682453e-03
8.502959118535121860e-03
9.524098752687374173e-03
8.602318819612264633e-03
7.341815003504355459e-03
8.556983744104703846e-03
8.524084774156412067e-03
1.034086445967356306e-02
8.400166872888803482e-03
8.076768523703018246e-03
8.035219119240840854e-03
8.261616031328836499e-03
8.697825018316507339e-03
1.082820942004521746e-02
8.883493176350990353e-03
9.918521468838056507e-03
7.691900556286175757e-03
9.634326522548994007e-03
9.200627915561199188e-03
7.868284049133459149e-03
7.688632234930992126e-03
8.289081820597251835e-03
7.880147391309341373e-03
1.018684171140193939e-02
9.681934180359045086e-03
7.288924418389797211e-03
8.878881111741065979e-03
9.320416953414678574e-03
9.847901451090971051e-03
9.714561514556407928e-03
8.415499081214269581e-03
9.366751493265232029e-03
9.555751457810401917e-03
9.313220158219337463e-03
1.024394916991392714e-02
9.738822157184282360e-03
9.207783577342828693e-03
7.964235730469226837e-03
8.395576228698095264e-03
9.055449937780698719e-03
8.994462589422861157e-03
8.625731803476810455e-03
9.591863801081975879e-03
9.060049119095007000e-03
9.644978990157445850e-03
9.299291608234247150e-03
1.071823760867118835e-02
8.729268951962390957e-03
9.459931869059801102e-03
8.939818168679872570e-03
1.006871135905385017e-02
9.452276707937320652e-03
8.423950833578905048e-03
1.012941372270385366e-02
1.042777858674526215e-02
8.526609279215335846e-03
1.153618982061743736e-02
1.017402671277523041e-02
1.075157430022954941e-02
1.003582247843345064e-02
9.353202457229295788e-03
1.097046180317799192e-02
9.359588225682577076e-03
1.095263287425041199e-02
1.054089330136775970e-02
1.063435524702072144e-02
1.026740266631046873e-02
9.170752329130968036e-03
9.561875058958927212e-03
9.205498577406009617e-03
1.046956113229195219e-02
1.026137080043554306e-02
9.555429841081300793e-03
8.735718205571174622e-03
8.043647122879823627e-03
9.862900711596012115e-03
1.047413020084301573e-02
9.168624722709258976e-03
1.073203297952810865e-02
1.126557743797699553e-02
9.720237770428260746e-03
9.985861989359060345e-03
1.012976405521233934e-02
9.397602640092372894e-03
1.043950983633597750e-02
1.018607399115959745e-02
1.048237892488638502e-02
1.075186549375454527e-02
1.171326544135808945e-02
1.030780002474784851e-02
8.921412906299034176e-03
1.171585855384667772e-02
9.894182284673055591e-03
9.574007398138443051e-03
1.051226444542407990e-02
9.901199489831924438e-03
9.230361940960088787e-03
1.010364231963952440e-02
1.003364007920026779e-02
1.000431769837935823e-02
9.278205689042806625e-03
9.568538361539443912e-03
1.080806708584229094e-02
1.093319989740848541e-02
9.657311253249645233e-03
1.163321640342473984e-02
1.003455246488253218e-02
1.086208162208398241e-02
1.016511054088672060e-02
9.922924451529979706e-03
1.036429762219389338e-02
1.013434926668802839e-02
1.025207806378602982e-02
1.022499023626247984e-02
1.026341117297609705e-02
1.203397568315267563e-02
1.088110605875650984e-02
1.137617075194915194e-02
9.920634639759859028e-03
1.128098027159770388e-02
1.139852715035279650e-02
9.740948366622129498e-03
1.110683536777893644e-02
1.243317779153585434e-02
1.145139709115028381e-02
1.062411380310853380e-02
1.140310211728016478e-02
1.151130938281615633e-02
1.191547016302744490e-02
1.080334046855568886e-02
9.291911652932563839e-03
1.202586510529120821e-02
1.118805166333913803e-02
1.024803146719932556e-02
1.095381565392017365e-02
1.035072902838389021e-02
9.914542237917581616e-03
1.045750733464956284e-02
1.157154825826486010e-02
1.241145562380552292e-02
1.082020780692497831e-02
1.198012443880240065e-02
1.022089986751476866e-02
1.115238418181737322e-02
1.022244710475206375e-02
9.543062187731266022e-03
1.020526280626654625e-02
1.093875523656606674e-02
1.288190856575965881e-02
1.084181573241949081e-02
1.186301310857137102e-02
1.101170200854539871e-02
1.156068003425995451e-02
1.033744495362043381e-02
1.051376791050036806e-02
1.116723877688249010e-02
1.136068968723217588e-02
9.983636128405729351e-03
1.043301417181889158e-02
1.119243633002042770e-02
1.151197031140327454e-02
1.158896864702304262e-02
1.049581697831551176e-02
1.160344543556372267e-02
1.353692666937907595e-02
1.064296315113703352e-02
1.069458667188882828e-02
1.172300645460685152e-02
1.061713416129350662e-02
1.037278041864434820e-02
1.234728936105966568e-02
1.062534935772418976e-02
1.090840063989162445e-02
1.088863145560026169e-02
1.007083058357238770e-02
1.451911311596632004e-02
1.023719847823182684e-02
1.136468630284070969e-02
1.026235831280549425e-02
1.092048299809296984e-02
1.257786713540554047e-02
1.045609700183073622e-02
1.223349105566740036e-02
1.203375185529390913e-02
1.204364156971375090e-02
1.152511127293109894e-02
1.140041059503952604e-02
1.234256320943435091e-02
1.297495607286691666e-02
1.181457471102476120e-02
1.117566786706447601e-02
1.225762224445740324e-02
1.275482649604479414e-02
1.167086667070786100e-02
1.230589362482229811e-02
1.133238431066274643e-02
1.201037752131620985e-02
1.184592706461747545e-02
1.207552477717399597e-02
1.273579647143681902e-02
1.162696909159421921e-02
1.292389196654160875e-02
1.159350356707970243e-02
1.283658264825741392e-02
1.182181605448325533e-02
1.071145261327425581e-02
1.299344251553217512e-02
1.238530967384576797e-02
1.123660368223985094e-02
1.250494985530773741e-02
1.097758983572324175e-02
1.361391507089138031e-02
1.085379160940647125e-02
1.257946590582529646e-02
1.293731449792782408e-02
1.107205140093962294e-02
1.206116843968629837e-02
1.205311839779218096e-02
1.142198375115791899e-02
1.198057644069194794e-02
1.152445127566655535e-02
1.208690926432609558e-02
1.099473113814989668e-02
1.364032986263434034e-02
1.202736174066861528e-02
1.126925492038329500e-02
1.218730801095565218e-02
1.082422956824302673e-02
1.278892345726490021e-02
1.332528485606114012e-02
1.207314245402812958e-02
1.323576706151167494e-02
1.235062442719936371e-02
1.204712316393852234e-02
1.137651782482862473e-02
1.180822774767875671e-02
1.244799482325712782e-02
1.188520528376102448e-02
1.300037093460559845e-02
1.126624271273612976e-02
1.464235192785660368e-02
1.044281618669629097e-02
1.430286901692549330e-02
1.070752429465452772e-02
1.255021958301464659e-02
1.174525450915098190e-02
1.264263937870661360e-02
1.405907204995552641e-02
1.234973687678575516e-02
1.270591809103886229e-02
1.095699177434047121e-02
1.243567094206809998e-02
1.311263535171747208e-02
1.216484792530536652e-02
1.339504371086756331e-02
1.097681776930888552e-02
1.219618320465087891e-02
1.318480819463729858e-02
1.103680084149042707e-02
1.367147794614235502e-02
1.313804338375727278e-02
1.378009499361117739e-02
1.074248707542816740e-02
1.328630341837803465e-02
1.226710838576157946e-02
1.227844972163438797e-02
1.237801679720481295e-02
1.111498164633909803e-02
1.456613248835007292e-02
1.112098246812820435e-02
1.267799859245618242e-02
1.175141241401433945e-02
1.239597673217455488e-02
1.177046354860067368e-02
1.186814159154891968e-02
1.266818307340145111e-02
1.366692222654819489e-02
1.334803085774183273e-02
1.259599377711614031e-02
1.235481227437655073e-02
1.359375038494666475e-02
1.181418045113484007e-02
1.355382675925890547e-02
1.266497839242219925e-02
1.285490455726782423e-02
1.258219654361406904e-02
1.286330570777257341e-02
1.317066823442777056e-02
1.393170530597368818e-02
1.298676648487647432e-02
1.360302666823069197e-02
1.177198315660158735e-02
1.273352870096763033e-02
1.195212919265031815e-02
1.492257540424664873e-02
1.159094087779521942e-02
1.382435485720634460e-02
1.235655539979537386e-02
1.162620044002930265e-02
1.235989357034365278e-02
1.211748613665501219e-02
1.271008886396884918e-02
1.326867969085772890e-02
1.415581007798512835e-02
1.346102015425761599e-02
1.353578393658002275e-02
1.241804069528977018e-02
1.305530779063701630e-02
1.224996366848548311e-02
1.272688992321491241e-02
1.284620134780804258e-02
1.250422808031241041e-02
1.371528332432111162e-02
1.270605701332291025e-02
1.444984537859757799e-02
1.259788777679204941e-02
1.159842157115538973e-02
1.301232104500134844e-02
1.317654581119616884e-02
1.275091276814540285e-02
1.293248217552900314e-02
1.208434284975131411e-02
1.255300703148047071e-02
1.351219819237788576e-02
1.290293969213962555e-02
1.302694808691740036e-02
1.312571112066507339e-02
1.291209055731693846e-02
1.375565119087696075e-02
1.271085472156604189e-02
1.362124333779017073e-02
1.325088863571484941e-02
1.258767892916997332e-02
1.399153533081213575e-02
1.271210579822460753e-02
1.369624615957339663e-02
1.218337162087360960e-02
1.300225841502348524e-02
1.307935174554586411e-02
1.289060494552055937e-02
1.347668748348951340e-02
1.350046104441086393e-02
1.257284699628750425e-02
1.385633926838636398e-02
1.243195155014594454e-02
1.408006281902392763e-02
1.293056240926186186e-02
1.436414414395888704e-02
1.279631908982992172e-02
1.438184361904859543e-02
1.250468256572882277e-02
1.336651171247164351e-02
1.320102314154306990e-02
1.404805605610211748e-02
1.286505069583654404e-02
1.272605669995149034e-02
1.271609092752138716e-02
1.306078893442948717e-02
1.285922837754090685e-02
1.350582825640837294e-02
1.353180843094984633e-02
1.386218114445606810e-02
1.386780757457017899e-02
1.286571814368168455e-02
1.315928747256596941e-02
1.345228000233570677e-02
1.276327855885028839e-02
1.307959823558727842e-02
1.386130694299936295e-02
1.337753515690565109e-02
1.336031034588813782e-02
1.442206092178821564e-02
1.424658671021461487e-02
1.329086348414421082e-02
1.328168126444021803e-02
1.370172668248414993e-02
1.397644852598508257e-02
1.412376668304204941e-02
1.323297185202439684e-02
1.328806423892577547e-02
1.444943714886903763e-02
1.417898697157700914e-02
1.338164756695429426e-02
1.339054387062788010e-02
1.459882811953624147e-02
1.352905513097842592e-02
1.307892147451639175e-02
1.286273573835690874e-02
1.348057575523853302e-02
1.389354622612396818e-02
1.224768130729595762e-02
1.290448413540919680e-02
1.251124000797669035e-02
1.382269492993752104e-02
1.304964783291021925e-02
1.394234256198008913e-02
1.363042183220386505e-02
1.351042495419581789e-02
1.339047619452079195e-02
1.308694637070099455e-02
1.370470256855090517e-02
1.398242637515068054e-02
1.333790893356005293e-02
1.361565291881561279e-02
1.412273322542508501e-02
1.458406355232000351e-02
1.318946542839209181e-02
1.348598767071962357e-02
1.379425326983133894e-02
1.394118306537469286e-02
1.436262981345256227e-02
1.347455972184737581e-02
1.351061587532361406e-02
1.352914205441872221e-02
1.357318181544542313e-02
1.321891943613688093e-02
1.383451465517282486e-02
1.334141256908575636e-02
1.302024473746617693e-02
1.336941309273242950e-02
1.338721035669247252e-02
1.383766625076532364e-02
1.350904566546281237e-02
1.350629174460967440e-02
1.399243157356977463e-02
1.443945554395516771e-02
1.392262149602174759e-02
1.378544109563032728e-02
1.366879387448231321e-02
1.400927516321341139e-02
1.375648876031239885e-02
1.443987432867288589e-02
1.297956549872954744e-02
1.406581172098716158e-02
1.366426702588796616e-02
1.317583428074916262e-02
1.357322807113329512e-02
1.364967878907918930e-02
1.357226446270942688e-02
1.491884235292673111e-02
1.383179053664207458e-02
1.321560516953468323e-02
1.444098632782697678e-02
1.395073502014080626e-02
1.396586280316114426e-02
1.339827136447032351e-02
1.347824092954397202e-02
1.387588679790496826e-02
1.399472386886676210e-02
1.323334593325853348e-02
1.464417763054370880e-02
1.356199818352858168e-02
1.465184334665536880e-02
1.293620529274145704e-02
1.437982264906167984e-02
1.415342123558123964e-02
1.362490312506755251e-02
1.429377527286609072e-02
1.425264682620763779e-02
1.414354580144087416e-02
1.451194131126006502e-02
1.277963537722826004e-02
1.371364823232094389e-02
1.330741743246714216e-02
1.325955924888451952e-02
1.407116216917832750e-02
1.389344688504934311e-02
1.346685830503702164e-02
1.482199442883332628e-02
1.345910380283991438e-02
1.394387645026048082e-02
1.343289576470851898e-02
1.498186650375525099e-02
1.452405160913864714e-02
1.373487617820501328e-02
1.343120293070872683e-02
1.379967946559190750e-02
1.394714911778767961e-02
1.420757174491882324e-02
1.486542914062738419e-02
1.403323902438084227e-02
1.390238851308822632e-02
1.366495527327060699e-02
1.360448015232880968e-02
1.316720712929964066e-02
1.358859365185101885e-02
1.382759213447570801e-02
1.353598634401957136e-02
1.355396738896767241e-02
1.416723212848106962e-02
1.451299867282311064e-02
1.370164255301157576e-02
1.238791986058155638e-02
1.450221737225850481e-02
1.425487206627925295e-02
1.401077304035425186e-02
1.330364899088939089e-02
1.327946937332550627e-02
1.454104358951250654e-02
1.370452685902515989e-02
1.366508845239877701e-02
1.351893631120522875e-02
1.391566079109907150e-02
1.461009712268908876e-02
1.406843836108843428e-02
1.367548014968633652e-02
1.312815925727287870e-02
1.488605234771966934e-02
1.452624363203843492e-02
1.431896537542343140e-02
1.391122148682673830e-02
1.273301181693871874e-02
1.329021217922369581e-02
1.403559713313976866e-02
1.325315143913030624e-02
1.247755779574314695e-02
1.395578309893608093e-02
1.343044824898242950e-02
1.428703622271617311e-02
1.427704033752282518e-02
1.429822885741790194e-02
1.328735550244649309e-02
1.392910939951737780e-02
1.332665793597698212e-02
1.478401323159535784e-02
