9.808262189229329797e-01
8.893455862998962402e-01
8.267543514569600793e-01
7.442157069842020300e-01
6.998604933420816687e-01
1.072804192701975579e+00
7.012837131818135950e-01
6.386464039484659461e-01
8.339596192042032508e-01
6.839183370272318152e-01
6.853813529014587402e-01
6.226862271626790735e-01
6.204540133476257324e-01
6.685683727264404297e-01
6.359061002731323242e-01
7.400576670964559289e-01
6.530002752939859656e-01
6.272889177004495886e-01
1.021123846371968513e+00
7.609414259592691687e-01
8.107889691988626746e-01
6.257662971814473840e-01
6.261634031931558875e-01
6.335153579711914062e-01
6.333911617596944543e-01
7.352520227432250977e-01
6.551239291826883582e-01
6.398755311965942383e-01
6.666795810063680383e-01
6.564925114313761023e-01
6.864659587542215613e-01
7.550150752067565918e-01
6.158580780029296875e-01
7.146049936612447473e-01
6.220171650250753137e-01
6.513733267784118652e-01
6.293966968854268762e-01
6.323164900143941614e-01
6.704056660334268836e-01
6.260493795077005652e-01
6.134911378224691125e-01
8.923454483350118371e-01
9.267480174700418738e-01
7.633391420046488074e-01
7.309528986612955359e-01
8.387521306673685340e-01
7.081076105435689660e-01
6.331020196278890344e-01
6.879040002822875977e-01
6.356747150421142578e-01
6.886538465817769739e-01
6.121715903282165527e-01
7.017518083254495886e-01
9.755192200342813758e-01
6.245931784311929968e-01
5.874374508857727051e-01
5.864615043004354211e-01
6.942829688390096399e-01
5.924498637517293664e-01
6.169147491455078125e-01
5.982103546460469934e-01
5.829803347587585449e-01
6.771070361137390137e-01
1.132341265678405762e+00
6.099892854690551758e-01
7.098118265469869348e-01
6.068418622016906738e-01
6.098730365435282019e-01
6.055020491282144812e-01
6.505442659060159949e-01
6.767094135284423828e-01
6.233050823211669922e-01
5.853292942047119141e-01
6.047851641972860071e-01
6.332812507947286340e-01
5.835250020027160645e-01
5.936637719472249719e-01
6.863203446070352820e-01
6.234045426050821570e-01
6.330152153968811035e-01
6.016545295715332031e-01
5.974458456039428711e-01
6.753346522649129602e-01
5.912174185117086145e-01
5.934895078341165808e-01
6.399895151456197473e-01
6.322615544001261023e-01
5.621608495712280273e-01
5.670248071352640418e-01
5.940171082814534875e-01
5.723982850710550574e-01
5.902800361315408972e-01
5.838687419891357422e-01
5.809452335039774207e-01
5.646545290946960449e-01
5.682241916656494141e-01
6.174565354983011511e-01
9.379788438479105261e-01
5.770516594250997278e-01
5.905460516611734656e-01
5.528138875961303711e-01
5.533183217048645020e-01
5.533684492111206055e-01
6.487641930580139160e-01
5.755864183108011511e-01
6.033360958099365234e-01
5.562590559323629114e-01
6.185467441876729700e-01
6.012413700421651575e-01
5.700833598772684363e-01
6.242054303487142297e-01
6.872304479281107215e-01
6.739585002263387414e-01
6.435315807660421106e-01
6.335880557696024207e-01
6.012270251909891394e-01
6.901671687761942175e-01
6.104212999343872070e-01
5.412647525469461707e-01
6.122598250706990930e-01
5.953918298085530969e-01
5.948753555615743371e-01
5.985385378201802942e-01
5.466479063034057617e-01
5.351432561874389648e-01
5.555516282717386511e-01
5.466300447781881067e-01
6.385979652404785156e-01
5.457055966059366492e-01
5.374852716922760010e-01
5.379559000333150598e-01
5.449682672818502160e-01
5.457774798075357703e-01
7.121631701787313196e-01
5.255633890628814697e-01
5.691081086794534949e-01
5.482743382453918457e-01
5.961147348086038855e-01
5.578947663307189941e-01
5.500771999359130859e-01
6.230783065160115930e-01
6.150424083073934289e-01
6.320476333300272254e-01
5.974994103113809851e-01
5.480907956759134558e-01
5.551918943723043176e-01
5.494655569394429895e-01
5.486985445022583008e-01
5.421504775683084754e-01
5.417310198148092004e-01
5.753081242243448523e-01
5.095923443635305139e-01
5.022596816221872595e-01
5.061726967493692664e-01
5.699524084726969031e-01
5.424034595489501953e-01
4.839158455530802594e-01
5.522210498650869104e-01
5.171049237251281738e-01
6.021948854128519324e-01
6.408681869506835938e-01
5.151034990946451453e-01
5.756065348784128455e-01
5.081652998924255371e-01
5.944106479485830041e-01
6.213599642117818567e-01
5.097222030162811279e-01
4.912772377332051410e-01
5.154904822508493689e-01
4.846382439136505127e-01
5.277067621548970910e-01
4.994161824385325299e-01
4.698793888092041016e-01
4.756104846795399799e-01
4.845846295356750488e-01
4.612563252449035645e-01
4.863691627979278564e-01
4.560795724391937256e-01
4.561464587847391949e-01
4.812126358350117816e-01
4.611835976441701068e-01
5.434307456016540527e-01
5.899474819501241418e-01
6.698697606722513465e-01
5.213325917720794678e-01
4.649709661801655902e-01
4.464472532272338867e-01
4.522600968678792133e-01
4.943114419778187885e-01
4.492536286513010846e-01
4.514443775018056049e-01
4.745282133420308246e-01
4.833129346370697021e-01
4.469181497891743793e-01
5.455564161141713830e-01
4.633847773075103760e-01
5.135108431180318567e-01
4.662533601125081195e-01
4.478853543599446430e-01
4.976385434468587055e-01
4.745182494322459088e-01
4.842080871264139996e-01
5.294494926929473877e-01
5.900949438412984582e-01
5.642597079277038574e-01
4.622553984324137555e-01
4.719130992889404297e-01
4.566855430603027344e-01
4.560315112272898541e-01
4.477971096833546771e-01
4.512108862400054932e-01
4.878224829832712994e-01
4.504391948382059918e-01
4.384905497233073102e-01
4.839564164479573383e-01
4.529982308546702252e-01
5.143817663192749023e-01
4.689069986343383789e-01
4.884022176265716553e-01
5.286424358685811731e-01
6.645814577738443640e-01
5.535992880662282678e-01
4.832660158475239887e-01
5.095758537451425818e-01
4.975396295388539447e-01
4.631286561489105225e-01
4.446279307206471576e-01
4.554626444975535260e-01
4.558676580588023053e-01
4.654732545216878070e-01
4.593120217323303223e-01
4.434180557727813721e-01
4.634784956773121967e-01
4.725564718246459961e-01
5.214691062768300744e-01
5.373709599177042273e-01
5.250921845436096191e-01
4.698507090409596576e-01
4.872226019700368060e-01
5.276946723461151123e-01
4.520252645015716553e-01
4.737392564614613666e-01
4.814532299836476459e-01
5.597961048285166052e-01
6.128017405668894080e-01
4.980594118436177387e-01
5.751340687274932861e-01
5.125794808069864539e-01
4.995595316092173444e-01
4.670240183671315326e-01
4.540987412134806500e-01
4.961904684702555524e-01
4.916774233182271137e-01
4.686684409777323590e-01
5.503096679846445349e-01
7.850873569647470740e-01
5.283281902472177771e-01
5.002099176247915002e-01
5.505928893884023401e-01
4.557675818602244244e-01
4.985884626706441058e-01
4.882332881291707172e-01
4.860762953758239746e-01
5.623773237069448205e-01
5.001064141591390344e-01
4.599902828534443988e-01
4.712489247322082520e-01
4.351897835731506348e-01
4.552422165870666504e-01
4.697142342726389752e-01
4.616486628850300922e-01
4.799162348111470355e-01
5.324756701787313196e-01
4.541535178820292340e-01
4.998340805371602191e-01
5.696868101755777625e-01
6.322228709856668738e-01
5.122187336285909387e-01
4.948837657769520892e-01
4.399860997994740619e-01
4.609985450903574811e-01
5.141687989234924316e-01
4.599573314189910889e-01
4.861502448717753277e-01
4.537845452626546039e-01
4.422023991743723736e-01
4.515028893947601318e-01
4.508930246035258160e-01
4.577369789282481061e-01
5.031080543994903564e-01
4.784836471080780029e-01
4.709390004475911273e-01
4.686906139055888043e-01
4.701468348503112793e-01
4.861032962799072266e-01
5.012633005777994422e-01
4.507550795873006000e-01
4.747669498125712262e-01
5.329354405403137207e-01
5.415273408095041541e-01
5.066510637601217004e-01
4.643427530924479352e-01
4.963039755821228027e-01
4.913269778092702045e-01
4.592715998490651264e-01
4.699827333291371478e-01
5.039537747701009485e-01
5.166188478469848633e-01
5.016619265079498291e-01
4.711493154366810931e-01
4.970309933026631488e-01
4.436082839965820312e-01
4.279626607894897461e-01
4.771745006243388043e-01
4.887945254643757953e-01
4.402823845545451031e-01
4.962394237518310547e-01
4.540423552195231305e-01
4.574068983395894183e-01
4.712792833646138324e-01
4.830675125122070312e-01
4.604197144508361816e-01
4.695056378841400146e-01
4.688157439231872559e-01
4.558283785978953229e-01
5.021726886431375769e-01
4.336638748645782471e-01
5.269983410835266113e-01
4.556880096594492779e-01
4.423119723796844482e-01
4.523305793603261127e-01
4.419266482194264545e-01
5.301791926225026819e-01
4.533435106277465820e-01
4.869429667790730609e-01
4.632577598094940186e-01
5.824776192506154748e-01
5.409855544567108154e-01
5.513298710187276575e-01
5.412937502066293982e-01
4.916681150595347272e-01
4.400901397069295062e-01
4.865095118681589947e-01
4.695799350738525391e-01
5.043907463550567627e-01
4.898297886053721295e-01
4.666176935036976947e-01
4.568764666716257916e-01
4.755038718382517682e-01
4.998979866504669189e-01
4.467982848485310687e-01
4.503237207730610980e-01
5.283199052015939978e-01
4.750500420729319440e-01
4.521468182404835834e-01
4.726327260335286273e-01
4.999200503031412945e-01
4.688675105571746826e-01
4.747731884320576801e-01
5.087086955706278113e-01
4.798702398935953961e-01
4.482912917931874408e-01
4.595158894856770648e-01
4.609007438023884906e-01
5.171261827150980261e-01
5.258779128392537805e-01
4.520151019096374512e-01
4.849367638429005756e-01
4.760733445485432758e-01
4.803395867347717285e-01
4.584997892379760742e-01
4.933527012666066303e-01
4.676536222298939838e-01
4.499549269676208496e-01
4.763246675332387103e-01
4.623321096102396832e-01
4.467307726542155133e-01
4.734515150388081683e-01
4.617174863815307617e-01
4.575943350791931152e-01
4.682697157065073834e-01
5.191706816355387000e-01
4.617901047070820941e-01
4.284948011239369525e-01
4.465743104616801129e-01
4.421293139457702637e-01
4.739607175191243305e-01
4.859315653642018451e-01
4.932810167471567975e-01
4.948194324970245361e-01
4.486200610796610699e-01
4.641257623831431256e-01
4.438038567701975690e-01
4.484371344248453961e-01
4.530521829922993793e-01
4.706349273522694721e-01
5.790001650651296350e-01
4.495116174221038818e-01
4.780599971612294330e-01
4.653643469015757428e-01
4.530477722485860004e-01
4.728513459364573346e-01
4.842007259527842389e-01
4.798520207405090332e-01
4.956873158613840924e-01
5.004022916158040735e-01
4.764979680379231586e-01
4.583671987056732178e-01
4.646220703919728412e-01
4.587405622005462646e-01
4.512031873067219867e-01
4.959842065970103131e-01
4.872928758462269916e-01
4.615562856197357178e-01
4.474139610926310406e-01
4.573843280474345074e-01
5.039684375127156946e-01
4.862367411454518451e-01
4.803840219974517822e-01
4.748653173446655273e-01
4.697905778884887695e-01
5.056844949722290039e-01
4.401054084300994873e-01
5.329060951868692664e-01
4.994571308294932233e-01
4.897413154443104877e-01
4.542586902777354108e-01
4.678986867268880023e-01
4.609593351682026996e-01
4.794073005517323627e-01
5.672029554843902588e-01
4.708998998006184711e-01
4.501708745956420898e-01
4.606786966323852539e-01
5.477916101614633826e-01
4.755606452624003277e-01
4.855342408021290912e-01
4.879088898499806537e-01
4.669065773487091064e-01
4.507977863152821674e-01
4.706554710865020752e-01
4.815792044003804340e-01
4.722881317138671875e-01
4.556741913159688129e-01
4.622416496276855469e-01
5.522262950738271448e-01
4.765835305054982318e-01
5.083555777867635461e-01
4.959067404270172119e-01
5.066692829132080078e-01
4.781560401121775494e-01
4.378217856089274274e-01
4.667237401008605957e-01
5.908216238021850586e-01
5.173787375291188928e-01
4.952235420544942035e-01
4.745559593041737689e-01
4.745871921380360736e-01
4.794206718603770123e-01
4.789218604564666748e-01
4.867574671904246197e-01
4.809323449929555072e-01
4.652854502201080322e-01
4.752759933471679688e-01
4.746827284495035992e-01
4.827363391717274799e-01
5.011094311873117713e-01
4.692458411057789935e-01
5.078941583633422852e-01
5.130779544512430457e-01
4.815270304679870605e-01
4.810000061988830566e-01
4.861502448717753277e-01
4.935174683729807721e-01
4.918799400329589844e-01
4.566142459710438861e-01
4.685987730820973529e-01
5.386534333229064941e-01
4.685492714246113910e-01
4.390823841094970703e-01
4.600590765476226807e-01
5.009476244449615479e-01
4.970047573248545514e-01
4.793203075726826801e-01
4.510846734046936035e-01
4.565668106079101562e-01
4.534959296385447369e-01
4.826113084952036725e-01
5.217362542947133752e-01
5.015741189320882532e-01
5.161984860897064209e-01
5.152612725893656043e-01
5.218498210112253455e-01
4.964962204297383441e-01
4.496499200661976947e-01
4.788285096486409320e-01
4.640930692354838238e-01
4.544686774412791119e-01
5.119098027547200891e-01
4.874315659205119000e-01
4.336025516192118512e-01
4.792832632859547748e-01
4.768229027589162006e-01
4.974956015745798932e-01
4.949457446734110699e-01
4.747689465681712018e-01
4.857507447401682721e-01
4.743101100126902447e-01
4.874849319458007812e-01
4.872092902660369873e-01
4.817081590493519916e-01
4.793913066387176514e-01
4.489090343316395892e-01
4.487420618534088135e-01
4.735659062862396240e-01
4.713627596696217670e-01
5.024998287359873084e-01
4.888981779416401996e-01
4.706933299700419293e-01
4.894188344478607178e-01
4.914990862210591449e-01
5.094633400440216064e-01
4.741607904434204102e-01
4.871798952420552387e-01
4.762216309706370221e-01
5.339002410570780066e-01
4.839340547720591412e-01
4.649860759576161517e-01
4.903588791688283099e-01
5.010878443717956543e-01
4.908190766970316754e-01
5.182466010252634314e-01
5.015282630920410156e-01
5.118951896826425818e-01
4.909993211428324567e-01
4.845992724100748883e-01
5.098964273929595947e-01
4.805867373943328857e-01
4.971697926521301270e-01
5.123450756072998047e-01
5.060540835062662390e-01
5.048624575138092041e-01
4.892823100090026855e-01
4.921319087346394672e-01
5.468222896258035925e-01
5.262401401996612549e-01
4.929767151673634662e-01
4.890590806802113666e-01
4.731242954730987549e-01
4.803763429323832379e-01
4.875501692295074463e-01
5.541629989941915246e-01
4.937232931454976215e-01
5.050619443257650110e-01
5.126433372497558594e-01
4.895355900128682269e-01
4.852232635021209717e-01
5.056812961896260950e-01
5.402300755182901648e-01
4.983603060245513916e-01
4.985790650049845563e-01
4.927245378494262695e-01
5.307344098885854455e-01
5.091513295968373987e-01
4.957261284192402973e-01
4.761741260687510358e-01
5.243905981381734582e-01
4.974806706110636578e-01
4.861840109030405865e-01
5.076161921024322510e-01
4.980960786342620850e-01
5.013088683287302283e-01
4.998854796091715680e-01
4.954303999741871967e-01
4.836002290248870850e-01
4.753695925076802387e-01
5.122148394584655762e-01
5.079198678334554407e-01
5.119186242421468469e-01
4.840495089689890729e-01
5.188535153865814209e-01
4.969025452931721820e-01
5.000926951567331580e-01
5.014028449853261682e-01
4.957107603549957275e-01
5.333778957525888709e-01
4.946777323881785260e-01
4.841963946819305420e-01
5.013349850972493860e-01
5.014737447102864953e-01
5.223841865857442590e-01
5.077918569246927527e-01
5.062962075074514123e-01
5.003349681695302698e-01
5.120756526788076135e-01
5.135874847571054724e-01
4.774049719174702777e-01
5.107314487298330041e-01
5.332584679126739502e-01
5.034493505954742432e-01
5.005311568578084680e-01
5.195607841014862061e-01
5.164460837841033936e-01
5.398989319801330566e-01
5.078697105248769494e-01
4.954806367556254254e-01
5.289907157421112061e-01
5.228207310040792200e-01
5.468176205952962610e-01
4.987025062243143902e-01
5.125895142555236816e-01
4.949359595775604248e-01
5.059328079223632812e-01
5.212617317835489539e-01
5.433969000975290564e-01
5.116770962874094275e-01
5.167498588562011719e-01
5.010288556416829797e-01
5.095119476318359375e-01
4.954764544963836670e-01
4.847749173641204834e-01
4.841805994510650635e-01
5.184791882832845422e-01
5.290945172309875488e-01
5.115316609541574744e-01
5.315711398919423791e-01
5.132785240809122351e-01
5.230941971143087121e-01
4.935243229071299420e-01
4.971356888612111224e-01
5.190302530924478797e-01
5.089283684889475134e-01
4.919978181521098004e-01
4.894714653491973877e-01
5.165662268797556189e-01
5.224699974060058594e-01
5.238801439603170129e-01
5.230180521806081506e-01
5.218874712785085412e-01
5.478343168894449500e-01
5.012189944585164758e-01
5.061694085597991943e-01
5.243276158968607215e-01
5.012697080771127967e-01
4.948109090328216553e-01
5.368974904219309119e-01
5.076487263043721887e-01
5.155869722366333008e-01
5.115987261136373254e-01
5.009438196818033484e-01
5.597110887368520471e-01
4.927432040373484479e-01
5.075807670752207068e-01
4.947755734125773297e-01
5.239085952440897254e-01
5.409055054187774658e-01
5.138440430164337158e-01
5.324641267458597449e-01
5.275246302286783484e-01
5.262387593587239953e-01
5.184738437334696082e-01
5.096552670001983643e-01
5.250392357508341101e-01
5.262676477432250977e-01
5.272390345732370642e-01
5.084276298681894568e-01
5.367756287256876258e-01
5.490876138210296631e-01
5.221850176652272912e-01
5.316443840662637976e-01
5.035334328810373572e-01
5.247590343157449988e-01
5.122908552487691614e-01
5.330529312292734412e-01
5.387025674184163782e-01
5.282017091910043982e-01
5.372231702009836463e-01
5.168871184190114709e-01
5.445725222428640100e-01
5.162174204985300330e-01
5.104657709598541260e-01
5.666556954383850098e-01
5.324375629425048828e-01
5.126622319221496582e-01
5.260095298290252686e-01
5.216799179712930945e-01
5.527474582195281982e-01
5.043535530567169189e-01
5.440299014250437049e-01
5.356047252813974646e-01
5.143846273422241211e-01
5.501872400442758826e-01
5.276958346366882324e-01
5.197275777657827112e-01
5.127984980742136267e-01
5.257675349712371826e-01
5.224960247675577429e-01
5.076823830604553223e-01
5.577919781208038330e-01
5.151479840278625488e-01
5.151679118474324914e-01
5.118089814980825158e-01
5.070056319236755371e-01
5.429106255372365686e-01
5.499526659647623328e-01
5.214975476264953613e-01
5.379480222860971717e-01
5.301466186841329309e-01
5.233703255653381348e-01
5.096668700377146033e-01
5.179117421309152869e-01
5.488176246484121057e-01
5.256817936897277832e-01
5.383073786894480017e-01
5.171141227086385461e-01
5.552828510602315637e-01
5.072169303894042969e-01
5.564645330111185340e-01
5.068295300006866455e-01
5.226368506749471399e-01
5.247466762860616418e-01
5.320046742757161828e-01
5.596021612485250207e-01
5.319029788176218299e-01
5.550372004508972168e-01
5.032142798105875281e-01
5.224614640076955530e-01
5.359220107396444055e-01
5.279779136180877686e-01
5.503683189551035193e-01
5.146157046159108850e-01
5.223157803217569617e-01
5.402906835079193115e-01
5.003630816936492920e-01
5.568741659323374060e-01
5.397276977698007849e-01
5.552858114242553711e-01
5.108477274576822547e-01
5.511179367701212195e-01
5.217354993025461463e-01
5.139737327893575403e-01
5.361964305241903039e-01
5.145547290643056604e-01
5.573491553465524939e-01
5.216590861479440955e-01
5.363467534383138391e-01
5.202203691005706787e-01
5.330873827139536170e-01
5.140291551748911170e-01
5.210470755894979211e-01
5.354813734690347937e-01
5.447907547156015662e-01
5.499940117200216028e-01
5.315996507803598670e-01
5.365649461746215820e-01
5.387709736824035645e-01
5.222856601079305383e-01
5.433701872825622559e-01
5.368321637312570838e-01
5.277159412701925012e-01
5.261607964833577844e-01
5.339978337287902832e-01
5.406283934911092492e-01
5.528047184149423865e-01
5.319163600603739050e-01
5.486106971899668006e-01
5.240629116694132117e-01
5.498157242933908728e-01
5.205096105734506873e-01
5.657020608584085730e-01
5.074408948421478271e-01
5.556477705637613562e-01
5.182084838549295691e-01
5.258958836396535608e-01
5.298761725425720215e-01
5.227537353833516809e-01
5.256948868433634070e-01
5.383730332056680945e-01
5.453214148680368689e-01
5.406442383925119666e-01
5.446796715259552002e-01
5.358547767003377649e-01
5.344046155611673621e-01
5.236820975939432410e-01
5.189275642236074182e-01
5.400161345799764367e-01
5.297863582770029334e-01
5.434028307596842078e-01
5.262725849946340295e-01
5.388366083304086951e-01
5.292371412118276330e-01
5.070735911528269080e-01
5.365838706493377686e-01
5.454212327798207971e-01
5.175321698188781738e-01
5.293591320514678955e-01
5.274046659469604492e-01
5.226464072863260535e-01
5.430241723855336877e-01
5.374569892883300781e-01
5.425417423248291016e-01
5.366581976413726807e-01
5.425123174985250207e-01
5.474623739719390869e-01
5.348715086778005334e-01
5.380565822124481201e-01
5.436744491259256629e-01
5.295857191085815430e-01
5.490935643513997766e-01
5.291740298271179199e-01
5.456564227739969519e-01
5.268269677956899377e-01
5.497658550739288330e-01
5.384381910165151330e-01
5.405313372611999512e-01
5.409250756104787561e-01
5.420305132865905762e-01
5.248300631841024133e-01
5.603988269964853552e-01
5.183327396710714075e-01
5.493861337502797815e-01
5.310346980889638635e-01
5.562788844108581543e-01
5.296624104181925086e-01
5.444216330846151086e-01
5.221719145774841309e-01
5.398028691609700891e-01
5.291626751422882080e-01
5.524165630340576172e-01
5.332588752110799524e-01
5.313365062077840539e-01
5.219537218411763879e-01
5.416656434535980225e-01
5.285784403483072547e-01
5.389461815357208252e-01
5.482581158479055139e-01
5.400672058264414099e-01
5.495004852612813684e-01
5.295738776524862024e-01
5.371600588162740442e-01
5.480945507685343054e-01
5.322816769282022742e-01
5.458092590173085901e-01
5.470803181330362586e-01
5.371748109658559533e-01
5.312372545401254920e-01
5.574947794278463098e-01
5.507904887199401855e-01
5.454459786415100098e-01
5.388656357924143103e-01
5.447020729382833215e-01
5.516411264737447473e-01
5.346167186896005896e-01
5.389166275660196570e-01
5.345605909824371338e-01
5.473478833834329871e-01
5.531460543473561975e-01
5.419192016124725342e-01
5.366095999876657752e-01
5.581687192122141150e-01
5.315228799978891638e-01
5.389357606569925574e-01
5.307399431864420203e-01
5.348487198352813721e-01
5.453946093718210486e-01
5.110063552856445312e-01
5.250607927640279504e-01
5.271800855795542029e-01
5.483071108659108850e-01
5.297659138838449744e-01
5.514476199944814416e-01
5.511329372723897668e-01
5.327451328436533240e-01
5.459060470263162879e-01
5.405263602733612061e-01
5.453055699666341516e-01
5.575446685155233117e-01
5.431689520676931116e-01
5.479821761449178430e-01
5.601486961046854285e-01
5.566391150156656531e-01
5.317748089631398889e-01
5.474791626135507849e-01
5.365797281265258789e-01
5.352924267450968054e-01
5.577677687009175989e-01
5.467713574568430213e-01
5.398816068967183801e-01
5.431256890296936035e-01
5.447413424650827674e-01
5.316918293635050086e-01
5.453435381253560754e-01
5.369192262490590783e-01
5.435089965661367151e-01
5.382405916849771765e-01
5.450381239255269739e-01
5.482004781564077112e-01
5.402370889981588098e-01
5.377480785051981238e-01
5.474631090958913537e-01
5.604574084281921387e-01
5.433941185474395752e-01
5.463048120339711877e-01
5.411850015322366980e-01
5.515607694784799842e-01
5.446880658467611047e-01
5.598705708980560303e-01
5.331433415412902832e-01
5.457276503245035437e-01
5.405912995338439941e-01
5.444191694259643555e-01
5.423409342765808105e-01
5.346488654613494873e-01
5.483761330445607873e-01
5.610077679157257080e-01
5.523313879966735840e-01
5.383391877015432092e-01
5.578821897506713867e-01
5.370475848515828821e-01
5.538729329903920862e-01
5.485315422217050818e-01
5.393095215161641809e-01
5.516149103641510010e-01
5.556176304817199707e-01
5.389875769615173340e-01
5.584831635157266883e-01
5.347882509231567383e-01
5.549960831801096228e-01
5.338750282923380164e-01
5.529621541500091553e-01
5.538073678811391565e-01
5.389324824015299109e-01
5.450352231661478308e-01
5.545917848745981482e-01
5.488224327564239502e-01
5.571179787317911414e-01
5.246347288290659217e-01
5.391878088315328332e-01
5.362068216005960730e-01
5.428200860818227502e-01
5.511379440625508996e-01
5.443636576334635047e-01
5.473387738068898889e-01
5.604708592096964148e-01
5.477930208047231408e-01
5.569696823755899695e-01
5.452805956204732629e-01
5.636920531590779992e-01
5.502960185209909705e-01
5.418948928515116004e-01
5.425144036610921594e-01
5.456273257732391357e-01
5.521527230739593506e-01
5.473924279212951660e-01
5.638245046138763428e-01
5.486602087815602991e-01
5.471102495988210412e-01
5.491725107034047815e-01
5.458529392878214148e-01
5.392135580380758020e-01
5.430458287398020056e-01
5.533697108427683142e-01
5.460726122061411170e-01
5.399219791094461707e-01
5.498797595500946045e-01
5.615315039952596399e-01
5.447529852390289307e-01
5.253273149331411096e-01
5.563581983248392371e-01
5.562774936358133582e-01
5.485133528709411621e-01
5.276461243629455566e-01
5.239003698031107215e-01
5.552517871061960486e-01
5.438326299190521240e-01
5.383799076080322266e-01
5.426844358444213867e-01
5.513643622398376465e-01
5.535178581873575476e-01
5.599519411722818640e-01
5.511222382386525842e-01
5.340205729007720947e-01
5.591073830922445032e-01
5.543778439362844201e-01
5.529594222704569129e-01
5.515084763367971155e-01
5.317498644193013879e-01
5.300632516543070105e-01
5.486221412817636756e-01
5.333646833896636963e-01
5.275723934173583984e-01
5.426509181658426550e-01
5.502272645632425574e-01
5.555082559585571289e-01
5.464361806710561487e-01
5.596913695335388184e-01
5.386244157950083045e-01
5.457688570022583008e-01
5.381082495053609582e-01
5.627866884072622033e-01
