1.996180133819580149e+01
1.590633993148803782e+01
1.406533746719360423e+01
1.538065280914306676e+01
1.307008895874023402e+01
1.324524488449096715e+01
1.364122552871704031e+01
1.289835186004638601e+01
1.321238589286804199e+01
1.314235019683837891e+01
1.364962353706359899e+01
1.280438261032104563e+01
1.301216678619384837e+01
1.326989040374755824e+01
1.303131346702575755e+01
1.309460220336914027e+01
1.304155302047729492e+01
1.267974939346313512e+01
1.344269013404846191e+01
1.288598709106445384e+01
1.282899065017700124e+01
1.289158535003662109e+01
1.320392632484436035e+01
1.269811677932739258e+01
1.308624215126037527e+01
1.259694199562072825e+01
1.307342605590820384e+01
1.261424517631530762e+01
1.237087016105651927e+01
1.319557232856750417e+01
1.242522983551025462e+01
1.246544370651245082e+01
1.247862386703491211e+01
1.255997726917266810e+01
1.198498430252075231e+01
1.237700362205505300e+01
1.198489699363708461e+01
1.181277437210082937e+01
1.121718935966491770e+01
1.185383214950561559e+01
1.112519621849060059e+01
1.105767641067504847e+01
1.116897816658019948e+01
1.043630418777465785e+01
1.055408506393432688e+01
1.018904213905334544e+01
1.000313420295715261e+01
9.793580961227416282e+00
9.899928474426269887e+00
9.520849227905273438e+00
9.151201915740966086e+00
9.297446346282958629e+00
8.970297527313231711e+00
8.623524045944213512e+00
8.596256780624390359e+00
8.234864187240599875e+00
8.300768232345580699e+00
8.274996519088745117e+00
7.824403333663940252e+00
7.837884187698364258e+00
7.745991373062134144e+00
7.471509003639221547e+00
7.500818490982055664e+00
7.308202123641967418e+00
7.350763988494873225e+00
6.867115926742553889e+00
7.630142116546631215e+00
7.431141138076782227e+00
6.793396854400635121e+00
7.074395990371703746e+00
6.614300251007080078e+00
6.415655207633972346e+00
6.385925984382629039e+00
6.026049685478210627e+00
5.966297698020935236e+00
5.702920103073120472e+00
5.716524553298950373e+00
5.500126051902770818e+00
5.412979078292846857e+00
5.424473261833190563e+00
5.315773153305054066e+00
5.246869850158691229e+00
5.422954750061035334e+00
5.154014611244202015e+00
5.018782901763915838e+00
4.885517477989196777e+00
4.830409765243530273e+00
4.952189397811889826e+00
4.949193024635315297e+00
4.937717294692992809e+00
4.717073893547057750e+00
4.765625858306885121e+00
4.578206706047057928e+00
4.488415312767028986e+00
4.617229199409484508e+00
4.485677027702331898e+00
4.464502573013305664e+00
4.373334169387817383e+00
4.321114563941955922e+00
4.355282688140869496e+00
4.336890482902527211e+00
4.219317889213561656e+00
4.195500636100769398e+00
4.152397346496582209e+00
4.187309670448303045e+00
4.094994401931762340e+00
4.086895012855530140e+00
4.120506334304809393e+00
4.159384429454803467e+00
4.093264698982238770e+00
4.034026026725769043e+00
4.020966053009033203e+00
4.007675337791442693e+00
3.988272857666015803e+00
3.981820154190063299e+00
4.002154517173766912e+00
3.928596520423889071e+00
3.906711053848266779e+00
3.977126550674438654e+00
3.895095992088317693e+00
3.877320528030395508e+00
3.915282702445983976e+00
3.865129542350769221e+00
4.018278658390045166e+00
3.819572234153747470e+00
3.843405914306640803e+00
3.882250082492828547e+00
3.848221683502197177e+00
3.906583929061889560e+00
3.810751450061798273e+00
3.858917915821075351e+00
3.763291597366333008e+00
3.825863599777221680e+00
3.745758891105651855e+00
3.716536092758178533e+00
3.709233129024505526e+00
3.746290493011474432e+00
3.689749550819397150e+00
3.674604582786559881e+00
3.790955281257629483e+00
3.647506141662597567e+00
3.743606853485107244e+00
3.688639914989471524e+00
3.635914647579193026e+00
3.661675047874450861e+00
3.693287587165832608e+00
3.626901221275329767e+00
3.603944599628448486e+00
3.564779424667358310e+00
3.748930060863494784e+00
3.595225143432617010e+00
3.579680311679839910e+00
3.564516091346740634e+00
3.546984493732452393e+00
3.590764474868774592e+00
3.518138718605041682e+00
3.551323676109313876e+00
3.555079948902130305e+00
3.533131146430969149e+00
3.489529848098754883e+00
3.612332248687744052e+00
3.525591385364532648e+00
3.494784832000732422e+00
3.441258907318115234e+00
3.443593740463256836e+00
3.431270027160644442e+00
3.395268929004669367e+00
3.429777097702026545e+00
3.429016149044036954e+00
3.438576436042785733e+00
3.387670016288757413e+00
3.366993057727813543e+00
3.385154020786285578e+00
3.417284822463989347e+00
3.424100255966186612e+00
3.351230740547180176e+00
3.376274752616882147e+00
3.425357198715210050e+00
3.346483612060546786e+00
3.376613998413085849e+00
3.403939700126648038e+00
3.429158151149749756e+00
3.340622663497924805e+00
3.332156991958618253e+00
3.286549448966979980e+00
3.267303550243377597e+00
3.315835952758789062e+00
3.434376776218414307e+00
3.286010348796844394e+00
3.306025969982147039e+00
3.348062515258789062e+00
3.269289362430572332e+00
3.382226800918579190e+00
3.287028956413268865e+00
3.244831049442291171e+00
3.225413608551025213e+00
3.289280796051025302e+00
3.289729523658752264e+00
3.290057444572448642e+00
3.217825365066528498e+00
3.180523991584777832e+00
3.214203917980194003e+00
3.188319003582000821e+00
3.201720750331878751e+00
3.208009624481201083e+00
3.191801810264587314e+00
3.210780501365661621e+00
3.185071432590484530e+00
3.189860773086548029e+00
3.154802548885345281e+00
3.163714540004730402e+00
3.271554839611053644e+00
3.195937442779540838e+00
3.159985923767089755e+00
3.158748924732208252e+00
3.152498400211334317e+00
3.173527705669402899e+00
3.193424296379089533e+00
3.173724055290222168e+00
3.135294532775878995e+00
3.131888604164123624e+00
3.132357037067413419e+00
3.142971277236938477e+00
3.139748692512512207e+00
3.136112296581268222e+00
3.151091003417968661e+00
3.145456004142761053e+00
3.124539852142333984e+00
3.130444431304931552e+00
3.108635628223419101e+00
3.127037429809570224e+00
3.111019420623779119e+00
3.105807757377624601e+00
3.105284571647644043e+00
3.107323718070984064e+00
3.114772081375122070e+00
3.098219037055969238e+00
3.096777498722076416e+00
3.102422642707824529e+00
3.115374135971069158e+00
3.083923316001892179e+00
3.084372556209564298e+00
3.074563431739806951e+00
3.083651602268218994e+00
3.074241971969604581e+00
3.063529849052429199e+00
3.083366608619690030e+00
3.094606232643127619e+00
3.078172087669372559e+00
3.121715974807739435e+00
3.087300944328307928e+00
3.057859015464782892e+00
3.051986944675445734e+00
3.108135652542114435e+00
3.068557584285735995e+00
3.047404599189758478e+00
3.063420236110687256e+00
3.060087704658508212e+00
3.066721463203430087e+00
3.059837532043457209e+00
3.052204036712646396e+00
3.071862936019897461e+00
3.079621028900146662e+00
3.049084591865539373e+00
3.039223396778106601e+00
3.066138899326324552e+00
3.037826693058014005e+00
3.064559102058410645e+00
3.036313891410827637e+00
3.042680871486663996e+00
3.063536453247070135e+00
3.018896961212158114e+00
3.018237566947937101e+00
3.020274889469146906e+00
3.044431352615356356e+00
3.019617104530334384e+00
3.018197154998779386e+00
3.005274331569671720e+00
3.039716625213622958e+00
3.060963344573974787e+00
3.053172373771667392e+00
3.025994873046875089e+00
3.037086594104766668e+00
3.010995268821716309e+00
2.986832678318023682e+00
3.052204978466034113e+00
3.001264047622680842e+00
3.051285600662231534e+00
2.996825575828552246e+00
2.979077839851379306e+00
2.999997186660766424e+00
2.981744420528412043e+00
2.973370838165283025e+00
2.975737845897674649e+00
2.983614480495452970e+00
2.978613007068633856e+00
2.977322602272033603e+00
2.966448736190796076e+00
2.981063497066497980e+00
3.004832708835601718e+00
2.996517133712768732e+00
2.960160839557647527e+00
2.974791002273559748e+00
2.975000548362731756e+00
2.960995149612426935e+00
2.999218702316284180e+00
2.971857166290283292e+00
2.958683109283447354e+00
2.952400970458984197e+00
2.958703017234802335e+00
2.956266593933105646e+00
2.990074324607848943e+00
2.971358060836791992e+00
2.974008834362030118e+00
2.962932670116424472e+00
2.949676227569580256e+00
2.953368258476257502e+00
2.942202591896057040e+00
2.974500477313995361e+00
2.952304685115814120e+00
2.951951718330383390e+00
2.941095519065856756e+00
2.945198631286621183e+00
2.955005061626434504e+00
2.943016278743743719e+00
2.943190515041351318e+00
2.955488944053649814e+00
2.970792365074157892e+00
2.986555528640747248e+00
2.960467791557312101e+00
2.938230299949645907e+00
2.933637714385986417e+00
2.937392580509185613e+00
2.938826584815978915e+00
2.932569825649261386e+00
2.933867073059082120e+00
2.931599652767181485e+00
2.958870768547058105e+00
2.945413362979889094e+00
2.925610113143920721e+00
2.938038885593414307e+00
2.945682930946349920e+00
2.933037149906158270e+00
2.919224309921264471e+00
2.922746181488037109e+00
2.927277314662933172e+00
2.968731594085693537e+00
2.928875672817230047e+00
2.921610558032989413e+00
2.957893085479736506e+00
2.915922164916992188e+00
2.943545222282409668e+00
2.917466485500335605e+00
2.914995539188384832e+00
2.926034331321716309e+00
2.932612252235412775e+00
2.914486575126647772e+00
2.912435925006866544e+00
2.907921671867370605e+00
2.916611027717590510e+00
2.928955876827239901e+00
2.913684427738189697e+00
2.905706202983856290e+00
2.903899085521698176e+00
2.911684644222259699e+00
2.924934530258178622e+00
2.909638929367065252e+00
2.892094242572784246e+00
2.903904688358307062e+00
2.891503047943115412e+00
2.942308604717254639e+00
2.906146514415740789e+00
2.897865688800811856e+00
2.900973248481750311e+00
2.913965404033660889e+00
2.891127538681030451e+00
2.892023444175720215e+00
2.925437879562378107e+00
2.893190181255340665e+00
2.899197244644164950e+00
2.890088963508605779e+00
2.893643474578857511e+00
2.877362573146819980e+00
2.889041721820831299e+00
2.892744994163513272e+00
2.892465507984161466e+00
2.884534001350402832e+00
2.898483932018280029e+00
2.888680434226989835e+00
2.887933170795440763e+00
2.883971917629241766e+00
2.910334873199462713e+00
2.922148835659027277e+00
2.894150125980377020e+00
2.897083711624145685e+00
2.887056386470794767e+00
2.901209771633148193e+00
2.906134116649627508e+00
2.874544632434845148e+00
2.874901139736175448e+00
2.872570490837097257e+00
2.867891788482666016e+00
2.874695038795471280e+00
2.865485572814941317e+00
2.866825878620147705e+00
2.870137095451354980e+00
2.877527070045471369e+00
2.866090524196624578e+00
2.862170743942260565e+00
2.865629720687866033e+00
2.864821958541869940e+00
2.870640754699707031e+00
2.864812517166137606e+00
2.861937725543975741e+00
2.864522182941436679e+00
2.860496389865875067e+00
2.868259668350219727e+00
2.866158211231231601e+00
2.861989927291870295e+00
2.860042238235473544e+00
2.857185506820678622e+00
2.859736788272857488e+00
2.857062017917633145e+00
2.861670184135436834e+00
2.861327862739563077e+00
2.863419330120086759e+00
2.861243557929992853e+00
2.855480337142944247e+00
2.871897983551025213e+00
2.859119606018066584e+00
2.854277968406677246e+00
2.856525528430938543e+00
2.856254363059997470e+00
2.847489058971405029e+00
2.856685698032379150e+00
2.861250841617584140e+00
2.863530826568603693e+00
2.852363419532776057e+00
2.859905624389648349e+00
2.848512387275695890e+00
2.846731173992156805e+00
2.852909994125366389e+00
2.848441028594970614e+00
2.844554495811462580e+00
2.847783064842224210e+00
2.853415918350219904e+00
2.860802972316741855e+00
2.852957642078399747e+00
2.849260437488555731e+00
2.845778977870941251e+00
2.842375242710113437e+00
2.846831560134887695e+00
2.851450896263122647e+00
2.846457874774932950e+00
2.849164700508117765e+00
2.835235238075256348e+00
2.852465319633483709e+00
2.844284391403198331e+00
2.849882161617279142e+00
2.840111100673675448e+00
2.841974973678588867e+00
2.838394510746002020e+00
2.844610142707824529e+00
2.851302158832550226e+00
2.849011814594268888e+00
2.845262491703033358e+00
2.845667338371276944e+00
2.839167499542236239e+00
2.846596121788024902e+00
2.836075639724731534e+00
2.835469448566436679e+00
2.831223964691162109e+00
2.837849783897399725e+00
2.847144532203674139e+00
2.832672595977783203e+00
2.831925153732299805e+00
2.829084551334381192e+00
2.832684147357940496e+00
2.844871699810028076e+00
2.853741228580474854e+00
2.843712294101714999e+00
2.828773009777068914e+00
2.840517890453338801e+00
2.851582086086273282e+00
2.857008695602416992e+00
2.832498443126678644e+00
2.835036838054656894e+00
2.831331515312194735e+00
2.827065098285674871e+00
2.823380386829376310e+00
2.824490535259246649e+00
2.824983799457549960e+00
2.825448119640350253e+00
2.825861239433288485e+00
2.827030694484710782e+00
2.828391408920288175e+00
2.821906042098999201e+00
2.832040882110595792e+00
2.846465265750885099e+00
2.823802840709686457e+00
2.821297693252563299e+00
2.822844421863555997e+00
2.827081382274627686e+00
2.817643320560455411e+00
2.821676862239837824e+00
2.819603669643401922e+00
2.816596949100494296e+00
2.817528271675109774e+00
2.822785878181457431e+00
2.819425773620605646e+00
2.824504148960113703e+00
2.823757243156433283e+00
2.825346541404724299e+00
2.820030999183654963e+00
2.817194497585296720e+00
2.814889550209045410e+00
2.817786014080047696e+00
2.821513009071350275e+00
2.817075753211975009e+00
2.816875112056732355e+00
2.817507064342498868e+00
2.817908370494842440e+00
2.815654623508453192e+00
2.817583286762237460e+00
2.815666139125823975e+00
2.816928946971893222e+00
2.814883577823638738e+00
2.821391355991363703e+00
2.816143548488617032e+00
2.819601285457610906e+00
2.818032956123352140e+00
2.815516650676727295e+00
2.809647333621978937e+00
2.813328421115875333e+00
2.815184700489044012e+00
2.812358474731445401e+00
2.812857055664062411e+00
2.812368440628051580e+00
2.811928093433380127e+00
2.811681675910949529e+00
2.811554706096649259e+00
2.817916989326477051e+00
2.820268368721008390e+00
2.810690796375274747e+00
2.808606529235839755e+00
2.831894481182098300e+00
2.811265194416046054e+00
2.812522947788238525e+00
2.812095940113067627e+00
2.813001382350921453e+00
2.809670519828796564e+00
2.818393981456756681e+00
2.804928684234619052e+00
2.808901250362396240e+00
2.807201910018920721e+00
2.816174578666687189e+00
2.812387657165527521e+00
2.820950853824615301e+00
2.809576117992401034e+00
2.813882505893707364e+00
2.805689990520477295e+00
2.810338270664215266e+00
2.821084952354431241e+00
2.809225857257843018e+00
2.808621299266815363e+00
2.806754636764526190e+00
2.805396294593811124e+00
2.808418464660644709e+00
2.805158507823944269e+00
2.812715756893157781e+00
2.814437329769134521e+00
2.808739614486694514e+00
2.806745040416717352e+00
2.802163648605346502e+00
2.804745876789092929e+00
2.805236291885376154e+00
2.807172322273254306e+00
2.806643271446227939e+00
2.806083738803863525e+00
2.803370463848113836e+00
2.801071846485137851e+00
2.800789749622345060e+00
2.803079211711883456e+00
2.802360844612121760e+00
2.799602282047271906e+00
2.801265823841094793e+00
2.801294088363647461e+00
2.801583707332611084e+00
2.802075600624084561e+00
2.802498877048492432e+00
2.800504636764526545e+00
2.808367514610290439e+00
2.803051280975341619e+00
2.805944240093231290e+00
2.805444383621215731e+00
2.799284434318542569e+00
2.809188032150268466e+00
2.801475358009338557e+00
2.803075957298278631e+00
2.794595956802368164e+00
2.801759767532348455e+00
2.798354923725128174e+00
2.797653543949127020e+00
2.802252078056335360e+00
2.797645807266235352e+00
2.796596181392669855e+00
2.795545196533203214e+00
2.795982706546783270e+00
2.798531711101531982e+00
2.797676539421081632e+00
2.798406481742858887e+00
2.796711933612823664e+00
2.796121442317962558e+00
2.797080433368682950e+00
2.796215772628784180e+00
2.796651566028594882e+00
2.796333396434783847e+00
2.795804202556610107e+00
2.795214772224426270e+00
2.796012377738952726e+00
2.797796845436096191e+00
2.797097182273864835e+00
2.798101222515106290e+00
2.794958686828613370e+00
2.797342729568481623e+00
2.798618924617767512e+00
2.796410071849822820e+00
2.794762217998504550e+00
2.794436216354370117e+00
2.795241975784301669e+00
2.795434331893920987e+00
2.796794104576110662e+00
2.795773124694824308e+00
2.795259165763854803e+00
2.795250368118286310e+00
2.798813176155090510e+00
2.795628416538238348e+00
2.794919371604919434e+00
2.793847715854644864e+00
2.793591427803039373e+00
2.793752276897430331e+00
2.794290769100189031e+00
2.793027091026305975e+00
2.792959690093994141e+00
2.793390417098998935e+00
2.792694115638732821e+00
2.793560814857483088e+00
2.793148112297058283e+00
2.792351245880126953e+00
2.793530118465423762e+00
2.793074631690978915e+00
2.795181369781494229e+00
2.793942940235138117e+00
2.793046700954437078e+00
2.796769964694976629e+00
2.793053829669952304e+00
2.792452359199523837e+00
2.792415547370910467e+00
2.794724380970001310e+00
2.799612843990325839e+00
2.792987227439880371e+00
2.792293214797973544e+00
2.790365195274353116e+00
2.791976153850555420e+00
2.793967604637145996e+00
2.793332409858703791e+00
2.790035235881805242e+00
2.791823422908783048e+00
2.789225625991821111e+00
2.790027630329132258e+00
2.791798913478851230e+00
2.791482698917389094e+00
2.791008388996124356e+00
2.790773546695709317e+00
2.790664565563202082e+00
2.790872764587402521e+00
2.791016066074371249e+00
2.792396533489227117e+00
2.789389955997466863e+00
2.789413154125213623e+00
2.790936708450317383e+00
2.790123200416565030e+00
2.790632438659668146e+00
2.789197313785552801e+00
2.791236436367035001e+00
2.789910590648651212e+00
2.788488888740539462e+00
2.788499867916107267e+00
2.789405655860901057e+00
2.789522588253021240e+00
2.788960611820221036e+00
2.788459575176239102e+00
2.787963163852691828e+00
2.788934648036956787e+00
2.787227272987365723e+00
2.790066516399383634e+00
2.789806747436523349e+00
2.793336021900176824e+00
2.789106094837188632e+00
2.789468359947204767e+00
2.787883567810058416e+00
2.787683165073394864e+00
2.787812697887420477e+00
2.787571537494659246e+00
2.787106609344482511e+00
2.787453091144561856e+00
2.787492012977600186e+00
2.787046384811401545e+00
2.786568260192871183e+00
2.787495541572570623e+00
2.787791001796722234e+00
2.786609768867492676e+00
2.787552118301391602e+00
2.787508702278137296e+00
2.788278484344482333e+00
2.786362504959106534e+00
2.787762701511383057e+00
2.786115503311157315e+00
2.787047791481017889e+00
2.789030802249908625e+00
2.787162518501281827e+00
2.786875176429748358e+00
2.787019670009613037e+00
2.786520993709564298e+00
2.786230742931365967e+00
2.786869609355926425e+00
2.786536610126495450e+00
2.785760033130645574e+00
2.785667216777801602e+00
2.787960171699523926e+00
2.787056100368499933e+00
2.786908710002899081e+00
2.787453985214233487e+00
2.785310375690460027e+00
2.786867785453796209e+00
2.786916530132293790e+00
2.786378002166748136e+00
2.786518931388854980e+00
2.786486923694610596e+00
2.785862660408020108e+00
2.785128235816955566e+00
2.785734415054321289e+00
2.784592854976653875e+00
2.784860408306121915e+00
2.785198116302490146e+00
2.785356867313384832e+00
2.785538804531097590e+00
2.785726356506347479e+00
2.784847891330719083e+00
2.784506416320800870e+00
2.784722554683685125e+00
2.785175633430481135e+00
2.785668051242828458e+00
2.785005199909210027e+00
2.785050570964813232e+00
2.784448587894439608e+00
2.784267258644104182e+00
2.784528386592865168e+00
2.784579718112945468e+00
2.785171568393707275e+00
2.785519194602966486e+00
2.785290443897247226e+00
2.787180554866790949e+00
2.784836375713348300e+00
2.783968126773834317e+00
2.784481263160705655e+00
2.783031451702117742e+00
2.783622896671295255e+00
2.782161498069763095e+00
2.785399544239044012e+00
2.784433341026306241e+00
2.783932089805603027e+00
2.785074245929718195e+00
2.783757817745208918e+00
2.783553898334503174e+00
2.783406364917754949e+00
2.785078823566436768e+00
2.785075259208679377e+00
2.784227824211120694e+00
2.783564627170562744e+00
2.782209455966949463e+00
2.782543826103210272e+00
2.782281827926635920e+00
2.783507597446441828e+00
2.783483028411865234e+00
2.782805287837982089e+00
2.783806681632995605e+00
2.783725547790527166e+00
2.783540284633636563e+00
2.783293461799621671e+00
2.783172655105590643e+00
2.782511281967162908e+00
2.782496070861816495e+00
2.782648134231567205e+00
2.786784863471984952e+00
2.780931055545806885e+00
2.782257854938507080e+00
2.783399057388305842e+00
2.786933457851410001e+00
2.784336364269256681e+00
2.782990312576294034e+00
2.783387672901153742e+00
2.782695436477661044e+00
2.782332158088684171e+00
2.782374870777130305e+00
2.782150363922119229e+00
2.781989920139312567e+00
2.782225930690765292e+00
2.782734358310699374e+00
2.782422435283661066e+00
2.782117879390716642e+00
2.782215547561645685e+00
2.781888198852539240e+00
2.781962299346923739e+00
2.781914722919464289e+00
2.782038784027099698e+00
2.781806671619415194e+00
2.781709551811218262e+00
2.783277201652526678e+00
2.782498788833618342e+00
2.782266831398010343e+00
2.782118272781372248e+00
2.781320714950561435e+00
2.782137262821197332e+00
2.781669735908508301e+00
2.781417942047119229e+00
2.781376659870147705e+00
2.782167232036590665e+00
2.782065260410308660e+00
2.781642675399780273e+00
2.781688916683196844e+00
2.781062853336334406e+00
2.781598496437072576e+00
2.781503021717071533e+00
2.782411587238311945e+00
2.782069766521453769e+00
2.781769454479217529e+00
2.781332874298095614e+00
2.781394708156585516e+00
2.781403815746307462e+00
2.781000995635986239e+00
2.780736815929413019e+00
2.780946922302246271e+00
2.781601893901824774e+00
2.781364893913269132e+00
2.781003046035766424e+00
2.781080150604247958e+00
2.782114291191100985e+00
2.781553542613983243e+00
2.781727218627929599e+00
2.781355798244476318e+00
2.780899524688720703e+00
2.781371760368346990e+00
2.780848836898803800e+00
2.780727255344390692e+00
2.783098626136779608e+00
2.781623744964599521e+00
2.780645239353179754e+00
2.780524897575378240e+00
2.781227064132690607e+00
2.781113660335540860e+00
2.780584871768951416e+00
2.780530595779418856e+00
2.781211078166961670e+00
2.780989933013915838e+00
2.780664598941803067e+00
2.780839860439300537e+00
2.780208992958068670e+00
2.780566370487213224e+00
2.780728030204772772e+00
2.781280803680419744e+00
2.780674147605895818e+00
2.780268454551696689e+00
2.780496895313262939e+00
2.780686819553375155e+00
2.780278229713439853e+00
2.780743360519409180e+00
2.780557262897491277e+00
2.780375432968139826e+00
2.780788505077361972e+00
2.779713487625122159e+00
2.779598748683929532e+00
2.779889523983001709e+00
2.780122840404510409e+00
2.780054700374603449e+00
2.780439496040344238e+00
2.780276405811309637e+00
2.779784667491912664e+00
2.779412555694579900e+00
2.779485499858856290e+00
2.779683768749237061e+00
2.780646502971649170e+00
2.780267977714538485e+00
2.779698646068573087e+00
2.779378139972686679e+00
2.780125677585601807e+00
2.779751193523407160e+00
2.779583704471588312e+00
2.779935002326965332e+00
2.780003607273101807e+00
2.779794073104858487e+00
2.779620385169982999e+00
2.779461705684661776e+00
2.779620194435119540e+00
2.779565596580505282e+00
2.779395437240600675e+00
2.779725301265716375e+00
2.779785609245300382e+00
2.779921972751617343e+00
2.779654669761657537e+00
2.779536437988281428e+00
2.779731917381286443e+00
2.779457736015319647e+00
2.779420387744903742e+00
2.779511332511901855e+00
2.779402148723602473e+00
2.779354810714721680e+00
2.779256737232208341e+00
2.779383599758148193e+00
2.779344856739044189e+00
2.779436683654785245e+00
2.779300844669342130e+00
2.779419934749603360e+00
2.779235684871673495e+00
2.779146087169647394e+00
2.779244136810302912e+00
2.779152035713195801e+00
2.779145109653472723e+00
2.779080915451049627e+00
2.779339385032653986e+00
2.780096530914306641e+00
2.779518318176269709e+00
2.779507076740264981e+00
2.779243111610412598e+00
2.779257559776306064e+00
2.779546773433685392e+00
2.779241800308227539e+00
2.779034745693206965e+00
2.779126620292663663e+00
2.778956460952758611e+00
2.779087233543395818e+00
2.778824949264526278e+00
2.778878688812255859e+00
2.779219162464142023e+00
2.779396402835845770e+00
2.779177224636077970e+00
2.779119658470153631e+00
2.779002571105956942e+00
2.778969454765319647e+00
2.779124987125396906e+00
2.779064702987670721e+00
2.778680384159088135e+00
2.778681075572967618e+00
2.778995239734649569e+00
2.779110324382782160e+00
2.779113388061523526e+00
2.778779530525207431e+00
2.778776693344116033e+00
2.778875911235809237e+00
2.778645682334899725e+00
2.779032075405120761e+00
2.778862667083740412e+00
2.779358243942260831e+00
2.778914070129394620e+00
2.778803598880768000e+00
2.778977680206298650e+00
2.778845453262329013e+00
2.778693735599517822e+00
2.778708803653716863e+00
2.778914809226989746e+00
2.779125595092773349e+00
2.778482437133789062e+00
2.778499579429626554e+00
2.778502810001373113e+00
2.778521239757537842e+00
2.778447723388671964e+00
2.778426742553711026e+00
2.778517413139343084e+00
2.778506278991699219e+00
2.778665482997894287e+00
2.778762960433959872e+00
2.778679156303405673e+00
2.778641390800475897e+00
2.778477609157562256e+00
2.778299939632415949e+00
2.778755855560302912e+00
2.778584122657775879e+00
2.778311061859130682e+00
2.778359627723693936e+00
2.778314530849456787e+00
2.778285491466522039e+00
2.778432619571685969e+00
2.778362917900085272e+00
2.778355014324188410e+00
2.778419947624206632e+00
2.778503656387329102e+00
2.778327667713165194e+00
2.778442728519439520e+00
2.778557717800140381e+00
2.778187489509582608e+00
