9.518248498439788596e-01
8.349321544170379417e-01
6.943543672561645064e-01
6.634464979171752486e-01
6.479446262121200117e-01
6.421202659606933816e-01
6.364221811294555886e-01
6.341002106666564497e-01
6.309567809104918990e-01
6.312642306089401023e-01
6.321786791086196899e-01
6.278757244348526223e-01
6.252973020076751931e-01
6.248401373624801192e-01
6.240316718816757424e-01
6.223113983869552612e-01
6.212558746337890625e-01
6.224239766597747803e-01
6.216087192296981812e-01
6.188271999359130637e-01
6.178173780441283958e-01
6.176785349845885786e-01
6.176499515771866067e-01
6.161192327737807783e-01
6.159193515777587891e-01
6.151095807552338091e-01
6.149216562509536299e-01
6.138244926929473655e-01
6.120348751544952837e-01
6.132603287696838379e-01
6.097604811191559282e-01
6.078912287950515303e-01
6.072370290756226030e-01
6.047625839710235596e-01
6.035347580909729004e-01
6.014500945806503518e-01
5.985499411821365578e-01
5.943142294883727583e-01
5.940572202205658403e-01
5.901024192571640015e-01
5.842722624540328535e-01
5.811171621084213479e-01
5.791705161333083884e-01
5.728482902050018311e-01
5.672558188438415749e-01
5.624714612960814986e-01
5.576011240482330322e-01
5.564083397388458474e-01
5.514041215181351152e-01
5.450924336910247803e-01
5.437066107988357544e-01
5.373885124921798928e-01
5.326664149761199951e-01
5.295190006494522317e-01
5.242251396179199441e-01
5.186339616775512695e-01
5.157054543495178667e-01
5.160240530967712402e-01
5.107672572135925071e-01
5.065530419349670854e-01
5.022465348243713157e-01
4.998478740453720093e-01
4.954725205898284912e-01
4.937448620796203724e-01
4.900045752525329368e-01
4.863955408334731945e-01
4.951409965753555409e-01
4.913681715726852528e-01
4.825602918863296509e-01
4.789532035589217918e-01
4.764933764934539684e-01
4.668853372335434182e-01
4.620117545127868652e-01
4.575915396213531272e-01
4.521755784749984519e-01
4.464480519294738992e-01
4.420446723699569813e-01
4.374988108873367199e-01
4.353614926338195690e-01
4.318210482597351074e-01
4.292229801416397317e-01
4.280759841203689575e-01
4.304206967353820801e-01
4.219936907291412242e-01
4.176396995782852284e-01
4.147348761558532493e-01
4.098219901323318370e-01
4.102811545133590587e-01
4.176845908164977805e-01
4.108464509248733743e-01
4.073607236146926658e-01
4.065359622240066750e-01
3.995689392089843972e-01
3.976014703512191772e-01
3.998233944177627674e-01
3.963798969984054787e-01
3.936770558357238770e-01
3.916634649038314708e-01
3.890624761581421009e-01
3.898266881704330333e-01
3.870237350463867076e-01
3.863021016120910534e-01
3.834836542606353538e-01
3.822806835174560325e-01
3.823975771665573120e-01
3.799897730350494385e-01
3.808964967727661022e-01
3.803281813859939464e-01
3.823410093784332386e-01
3.788773506879806741e-01
3.768668740987777821e-01
3.770062506198882946e-01
3.760083079338073508e-01
3.762104332447052113e-01
3.750353664159774558e-01
3.746219784021377341e-01
3.731223672628402599e-01
3.728371977806091420e-01
3.729446619749069436e-01
3.716916352510452048e-01
3.710148513317108043e-01
3.718475490808487161e-01
3.705162167549133079e-01
3.725803107023238914e-01
3.682919442653656006e-01
3.703635632991790771e-01
3.700344115495681763e-01
3.682650476694107056e-01
3.710864454507827870e-01
3.676374077796936146e-01
3.669570475816726907e-01
3.663189917802810447e-01
3.668894678354263084e-01
3.644040286540984885e-01
3.641006946563720703e-01
3.633830189704895242e-01
3.632170200347900613e-01
3.621158301830291748e-01
3.622259020805358998e-01
3.635413765907287709e-01
3.615916132926940696e-01
3.635987758636474720e-01
3.615407168865203968e-01
3.605595499277114979e-01
3.605953812599181907e-01
3.606824755668640026e-01
3.589278370141982810e-01
3.584478765726089589e-01
3.569741547107696533e-01
3.608869165182113647e-01
3.576529026031494141e-01
3.568663299083709717e-01
3.563196390867233165e-01
3.552774190902709961e-01
3.555712223052978627e-01
3.538295626640319824e-01
3.569325715303420798e-01
3.546093255281448364e-01
3.543884694576263650e-01
3.534348964691161887e-01
3.543770134449005238e-01
3.528734147548675537e-01
3.530016392469406128e-01
3.501185268163681252e-01
3.494522273540496826e-01
3.491359770298004261e-01
3.483436226844787709e-01
3.489954441785812489e-01
3.485099881887435691e-01
3.485701918601989968e-01
3.474375307559967041e-01
3.466724157333374023e-01
3.475671023130416648e-01
3.472687095403671487e-01
3.468620568513870461e-01
3.462558209896087758e-01
3.459090709686279408e-01
3.465064465999603271e-01
3.451368868350982444e-01
3.467518925666809304e-01
3.454334974288940652e-01
3.477405473589897378e-01
3.440423280000686757e-01
3.429831534624099842e-01
3.426166921854019165e-01
3.420244723558426014e-01
3.429695993661880382e-01
3.451953440904617088e-01
3.420412570238113292e-01
3.415932893753051980e-01
3.427468419075012096e-01
3.419551819562912098e-01
3.440564543008804432e-01
3.415877461433410867e-01
3.404400020837783924e-01
3.395389258861541970e-01
3.396116822957992443e-01
3.411389201879501121e-01
3.402973294258117565e-01
3.383967876434326172e-01
3.370368033647537231e-01
3.376704722642898671e-01
3.371804326772689930e-01
3.370040416717529075e-01
3.371498733758926392e-01
3.366028577089309470e-01
3.366726219654083141e-01
3.360526353120804055e-01
3.369791448116302712e-01
3.357343971729278564e-01
3.353379875421523826e-01
3.374869465827942117e-01
3.368479698896408303e-01
3.357501775026321411e-01
3.349692195653915516e-01
3.350750297307968362e-01
3.353177905082702637e-01
3.356071949005127175e-01
3.349966078996658436e-01
3.340721130371093750e-01
3.340412437915801780e-01
3.344306379556655773e-01
3.341058701276778953e-01
3.341176152229309304e-01
3.337219119071960227e-01
3.344775140285491943e-01
3.342355817556381115e-01
3.333033531904220359e-01
3.332394152879715188e-01
3.327132344245910534e-01
3.334935873746872059e-01
3.328869640827178955e-01
3.324499130249023438e-01
3.326286196708679310e-01
3.323019549250602611e-01
3.324437916278839000e-01
3.321151405572891346e-01
3.323418229818344005e-01
3.321906656026840099e-01
3.320881634950637595e-01
3.313102260231971519e-01
3.316294461488723533e-01
3.313517764210701100e-01
3.313360303640365823e-01
3.312298655509948730e-01
3.307337284088134877e-01
3.306700319051742443e-01
3.315767675638198742e-01
3.308176666498184315e-01
3.313683658838272317e-01
3.314844578504562156e-01
3.305262297391891591e-01
3.300063043832778820e-01
3.308780223131179699e-01
3.299428850412368663e-01
3.296016514301299827e-01
3.305994004011154064e-01
3.300416558980941995e-01
3.296037077903747337e-01
3.293966263532638328e-01
3.299757122993469127e-01
3.303113967180252297e-01
3.297333121299743652e-01
3.292940765619277732e-01
3.289067268371582142e-01
3.297096312046051136e-01
3.290581792593002541e-01
3.292962014675140381e-01
3.287464857101440319e-01
3.288541585206985474e-01
3.298809707164764293e-01
3.283574223518371804e-01
3.278394669294357189e-01
3.276469498872757180e-01
3.282983809709548728e-01
3.278374433517455833e-01
3.275559127330779918e-01
3.273381173610687145e-01
3.278658971190452354e-01
3.298065841197967418e-01
3.289111465215682761e-01
3.276700109243392833e-01
3.276698380708694680e-01
3.274845302104950062e-01
3.269074022769927756e-01
3.282801672816276772e-01
3.267973482608795277e-01
3.278839081525802834e-01
3.265049219131469505e-01
3.265392556786537170e-01
3.263948827981948964e-01
3.261998564004898182e-01
3.258569389581680298e-01
3.256392180919647217e-01
3.257784396409988403e-01
3.256000101566314808e-01
3.262500345706939586e-01
3.258476227521896473e-01
3.254611343145370483e-01
3.257447242736816184e-01
3.262408167123794778e-01
3.250852495431900135e-01
3.251385718584060558e-01
3.251936674118042214e-01
3.250338107347488514e-01
3.257948487997054943e-01
3.251776874065399059e-01
3.248966604471206776e-01
3.247433483600616344e-01
3.246226429939270131e-01
3.247334927320480458e-01
3.254815220832824596e-01
3.252310216426849143e-01
3.250522553920746072e-01
3.247506976127624290e-01
3.242721885442733654e-01
3.246978670358657837e-01
3.242477506399154552e-01
3.248500466346740945e-01
3.241927444934845082e-01
3.242305636405944935e-01
3.241505265235901101e-01
3.243222683668136597e-01
3.242893964052200317e-01
3.241139918565750233e-01
3.242297634482383950e-01
3.241095900535583274e-01
3.250741511583328247e-01
3.247247427701950295e-01
3.245053127408027427e-01
3.239907473325729370e-01
3.235785037279129139e-01
3.234914332628250344e-01
3.234505891799926980e-01
3.232786506414413452e-01
3.235526561737060436e-01
3.234597653150558250e-01
3.238242626190185325e-01
3.234188795089721902e-01
3.230619147419929726e-01
3.236544460058212169e-01
3.236720591783523449e-01
3.229651570320129506e-01
3.230712026357650535e-01
3.229586541652679221e-01
3.227405786514282449e-01
3.240293309092521779e-01
3.227977693080902322e-01
3.228815764188766591e-01
3.238006502389907948e-01
3.226100325584411732e-01
3.232189565896987915e-01
3.223311424255371205e-01
3.223153561353683250e-01
3.231736570596694946e-01
3.229833990335464478e-01
3.222762703895568626e-01
3.221783101558685081e-01
3.219770297408103832e-01
3.226343035697937234e-01
3.225401759147644154e-01
3.221008419990539773e-01
3.218194276094436534e-01
3.217807292938232311e-01
3.217925593256950600e-01
3.220584601163863914e-01
3.219428241252899059e-01
3.216245085000991599e-01
3.219251215457916149e-01
3.213480800390243752e-01
3.224505662918090709e-01
3.216931194067001454e-01
3.214990258216857688e-01
3.215077459812164529e-01
3.215840488672256359e-01
3.212246745824813843e-01
3.215153872966766135e-01
3.219950139522552712e-01
3.211625441908836365e-01
3.211438953876495361e-01
3.211057692766189353e-01
3.213910073041915672e-01
3.207002729177474976e-01
3.207800745964050071e-01
3.206967055797577126e-01
3.207867860794067494e-01
3.208180665969848633e-01
3.211243987083435281e-01
3.209592580795287975e-01
3.206074863672256359e-01
3.205098718404769675e-01
3.218275099992752297e-01
3.217018246650695801e-01
3.211644172668456920e-01
3.207043319940566795e-01
3.204418525099754222e-01
3.212531894445419534e-01
3.210629343986511341e-01
3.204389452934265359e-01
3.201506227254867776e-01
3.200124546885490529e-01
3.199466034770012124e-01
3.200371295213699230e-01
3.198602378368377575e-01
3.199302226305008046e-01
3.199357926845550759e-01
3.200067132711410522e-01
3.197986692190170066e-01
3.198538720607757568e-01
3.198301672935485729e-01
3.197904318571090920e-01
3.197912156581878551e-01
3.196373581886291504e-01
3.197297573089599720e-01
3.198530077934265137e-01
3.197036802768707386e-01
3.197017669677734153e-01
3.195906102657318226e-01
3.196164250373840221e-01
3.195042222738265769e-01
3.194471001625061035e-01
3.194367602467537148e-01
3.194344699382781760e-01
3.197792172431945801e-01
3.194739401340484508e-01
3.194193810224533192e-01
3.194281488656997570e-01
3.193210512399673462e-01
3.196298599243164174e-01
3.192919820547103771e-01
3.194035679101944192e-01
3.193623900413513073e-01
3.195201486349105724e-01
3.191592991352081299e-01
3.192098855972290150e-01
3.192598074674606323e-01
3.194110900163650291e-01
3.190982639789581299e-01
3.191819638013839722e-01
3.190271764993667380e-01
3.189140409231185913e-01
3.190726071596145519e-01
3.190467596054077370e-01
3.188808515667915233e-01
3.188383251428604237e-01
3.189341187477111594e-01
3.190961331129074097e-01
3.189891815185547097e-01
3.188195228576660156e-01
3.187904328107833973e-01
3.187149286270141713e-01
3.187029391527175792e-01
3.188037618994712941e-01
3.186924844980240090e-01
3.190662741661071666e-01
3.185466468334198220e-01
3.187877953052520863e-01
3.186155214905738720e-01
3.187344312667846902e-01
3.184853971004485973e-01
3.184490859508514182e-01
3.184444516897201316e-01
3.184992611408233865e-01
3.188917011022567860e-01
3.187038689851761086e-01
3.184198841452598461e-01
3.187518358230591042e-01
3.183752387762069924e-01
3.183652341365814098e-01
3.182662546634674183e-01
3.182247579097747803e-01
3.181828260421752930e-01
3.182347804307937844e-01
3.182804465293884166e-01
3.180636078119277732e-01
3.182021796703338734e-01
3.181200146675109974e-01
3.180890828371047974e-01
3.185551792383193859e-01
3.185062199831009133e-01
3.182139664888382069e-01
3.180212512612342612e-01
3.181759998202323692e-01
3.182971954345703014e-01
3.188628137111663707e-01
3.180385112762451061e-01
3.179418236017227395e-01
3.179066985845565574e-01
3.178164720535278098e-01
3.177341699600219616e-01
3.176873505115508922e-01
3.176931083202362283e-01
3.176921457052230835e-01
3.177374243736267312e-01
3.176682025194167980e-01
3.177548646926879883e-01
3.175776779651641735e-01
3.177447587251663319e-01
3.180400371551513894e-01
3.175620138645172119e-01
3.175213053822517617e-01
3.174470961093902588e-01
3.177663400769233926e-01
3.174480170011520497e-01
3.174267277121544106e-01
3.174314320087432972e-01
3.173889547586440929e-01
3.173718303442001343e-01
3.174662530422210915e-01
3.173322677612304688e-01
3.174753963947296032e-01
3.175119668245315330e-01
3.174620226025581249e-01
3.172944620251655357e-01
3.173009783029556163e-01
3.172845005989074485e-01
3.173201829195022583e-01
3.173514395952224953e-01
3.172446966171264537e-01
3.172588348388671875e-01
3.174063265323638916e-01
3.172853946685790794e-01
3.172881901264190674e-01
3.172580346465110890e-01
3.171971395611762889e-01
3.171826064586639182e-01
3.171290636062621959e-01
3.172910213470458984e-01
3.171798378229141457e-01
3.172391295433044656e-01
3.171513229608535767e-01
3.173335820436477550e-01
3.171070039272308461e-01
3.171084150671958923e-01
3.171442806720733421e-01
3.170922666788101307e-01
3.171301215887069591e-01
3.170475184917450062e-01
3.170214653015136497e-01
3.170279636979103088e-01
3.170217007398605236e-01
3.171603500843048207e-01
3.171816349029540905e-01
3.170246183872222900e-01
3.169806003570556641e-01
3.178368344902992026e-01
3.170133262872695812e-01
3.170231074094772561e-01
3.169348388910293579e-01
3.169942229986190685e-01
3.168886199593544117e-01
3.171965032815933228e-01
3.168393582105636375e-01
3.168985992670059204e-01
3.168666899204254372e-01
3.169668033719063027e-01
3.168446898460388073e-01
3.173161178827285656e-01
3.168649435043334739e-01
3.170141994953155629e-01
3.167515084147453086e-01
3.169193536043167225e-01
3.170816987752914651e-01
3.167899250984191895e-01
3.168486416339874046e-01
3.167380571365356334e-01
3.167254567146301492e-01
3.168117880821227916e-01
3.167198359966277854e-01
3.169154673814773560e-01
3.168578535318374856e-01
3.166716992855072021e-01
3.167360275983810425e-01
3.166596502065658347e-01
3.167252808809280507e-01
3.166871786117553822e-01
3.166595697402954102e-01
3.166335105895995983e-01
3.166665554046630970e-01
3.166184216737747414e-01
3.165816396474838146e-01
3.165634855628013389e-01
3.165922760963439941e-01
3.166424632072448730e-01
3.165111482143402322e-01
3.165156751871108787e-01
3.164968371391296276e-01
3.165436029434204324e-01
3.165183663368225098e-01
3.165070474147796409e-01
3.164687499403953663e-01
3.166148722171783225e-01
3.164765939116477855e-01
3.165122076869010814e-01
3.165343821048736683e-01
3.164469271898269764e-01
3.166096925735473744e-01
3.164131447672843822e-01
3.166265755891800038e-01
3.163748651742935292e-01
3.164406269788742065e-01
3.163379907608032116e-01
3.163514137268066406e-01
3.164756417274475209e-01
3.163378357887268177e-01
3.163709104061126487e-01
3.163284003734588845e-01
3.163086473941802979e-01
3.163342475891113281e-01
3.163041740655899159e-01
3.163198292255401389e-01
3.162865966558456310e-01
3.162766039371490701e-01
3.163028985261917003e-01
3.162896156311035267e-01
3.162735581398010143e-01
3.162643700838089211e-01
3.162882834672927634e-01
3.162561476230621449e-01
3.162708342075347678e-01
3.163325339555740356e-01
3.162675708532333152e-01
3.163937002420425526e-01
3.162624180316925271e-01
3.162707924842834695e-01
3.162889003753662220e-01
3.162324696779251210e-01
3.162274852395057789e-01
3.162343502044677734e-01
3.162306725978851207e-01
3.162094682455062755e-01
3.162429392337798850e-01
3.161915361881256215e-01
3.161710202693939209e-01
3.161763101816177368e-01
3.162649840116500966e-01
3.161797285079955833e-01
3.161678478121757729e-01
3.161510705947875866e-01
3.161432564258575550e-01
3.161420613527298196e-01
3.161754727363586537e-01
3.161385059356689453e-01
3.161440491676330566e-01
3.161460757255554199e-01
3.161285549402236827e-01
3.161361739039421082e-01
3.161144971847534291e-01
3.161044031381606834e-01
3.161424890160560719e-01
3.161126762628555520e-01
3.161283165216445812e-01
3.160929501056671254e-01
3.160785704851150624e-01
3.161577954888343811e-01
3.160653173923492210e-01
3.160595387220382912e-01
3.160581827163696511e-01
3.161890104413032643e-01
3.163048714399337991e-01
3.160397082567215077e-01
3.160808652639389149e-01
3.160427302122116311e-01
3.160646110773086548e-01
3.160540968179702537e-01
3.160956501960754395e-01
3.160186529159546009e-01
3.160941928625106701e-01
3.160018235445022361e-01
3.159931451082229614e-01
3.160448327660560497e-01
3.160035043954849132e-01
3.159790307283401600e-01
3.159966140985489003e-01
3.159743428230285534e-01
3.159904241561889426e-01
3.159757435321807750e-01
3.160435870289802773e-01
3.159571707248687855e-01
3.159428834915161133e-01
3.159665703773498757e-01
3.159518092870712280e-01
3.160071223974227905e-01
3.159276604652404563e-01
3.159423708915710671e-01
3.159380391240119712e-01
3.159302502870559581e-01
3.159106075763702393e-01
3.159069582819938882e-01
3.158942103385925515e-01
3.158835649490356334e-01
3.158806562423706055e-01
3.158716917037963645e-01
3.159095942974090576e-01
3.158685058355331643e-01
3.159014463424682506e-01
3.158621728420257790e-01
3.159535050392150990e-01
3.158558934926986583e-01
3.158986568450927734e-01
3.158243581652641074e-01
3.158224612474441750e-01
3.158333569765091053e-01
3.158236861228942982e-01
3.158201992511749379e-01
3.158161371946334728e-01
3.158284619450569264e-01
3.158277750015258678e-01
3.158040761947631947e-01
3.158200174570083840e-01
3.158341109752654807e-01
3.157982856035232433e-01
3.158115833997726662e-01
3.157986015081405418e-01
3.158288657665252464e-01
3.157918393611908181e-01
3.158224955201148765e-01
3.157922238111495750e-01
3.158008337020873912e-01
3.158161103725433128e-01
3.157681465148926003e-01
3.157735407352447732e-01
3.157745540142059548e-01
3.157718747854232899e-01
3.157759249210357888e-01
3.157805263996124046e-01
3.157802075147628784e-01
3.157641798257827537e-01
3.157681763172149880e-01
3.158073663711548074e-01
3.157535701990127341e-01
3.157529979944229126e-01
3.158089607954025491e-01
3.157502502202987893e-01
3.157597348093986733e-01
3.157553628087043651e-01
3.157413840293884499e-01
3.157644271850585938e-01
3.157568484544753806e-01
3.157570138573646545e-01
3.157305344939231873e-01
3.157504022121429554e-01
3.157186806201934814e-01
3.157239764928817527e-01
3.157429784536361916e-01
3.157179504632949829e-01
3.157136678695678933e-01
3.157096952199935913e-01
3.157032787799834983e-01
3.157086402177810558e-01
3.157038718461990245e-01
3.157053261995315663e-01
3.157093793153762928e-01
3.156923651695251465e-01
3.157041311264038308e-01
3.157051354646682739e-01
3.156901717185974232e-01
3.156949877738952637e-01
3.156863301992416382e-01
3.156880348920821922e-01
3.157225057482719310e-01
3.157086879014968650e-01
3.157285183668136486e-01
3.156780868768692128e-01
3.156745702028274647e-01
3.156895846128463523e-01
3.156575858592987061e-01
3.156899869441985862e-01
3.156446769833564647e-01
3.156863868236541859e-01
3.156598955392837524e-01
3.156457096338272095e-01
3.156612396240234264e-01
3.156406372785568459e-01
3.156449556350707786e-01
3.156418502330780029e-01
3.156720548868179321e-01
3.156737387180328369e-01
3.156726986169814952e-01
3.156791657209396251e-01
3.156271129846572876e-01
3.156336486339569314e-01
3.156104415655135997e-01
3.156232118606567272e-01
3.156246513128280751e-01
3.156084358692169411e-01
3.156202018260955700e-01
3.156059026718139870e-01
3.156030863523483498e-01
3.156112879514694214e-01
3.156044155359268299e-01
3.155911326408386008e-01
3.156025409698486328e-01
3.155985951423644909e-01
3.157442539930343517e-01
3.155736595392227284e-01
3.155783683061599842e-01
3.155888766050338745e-01
3.156602859497070201e-01
3.156142294406890647e-01
3.156128287315368430e-01
3.156071454286575317e-01
3.155716046690940635e-01
3.155643284320831521e-01
3.155653417110443337e-01
3.155606925487518533e-01
3.155585736036300437e-01
3.155622869729995950e-01
3.155737161636352761e-01
3.155656158924102783e-01
3.155545532703399880e-01
3.155557572841644065e-01
3.155616670846939087e-01
3.155580431222915760e-01
3.155506640672683938e-01
3.155583545565605053e-01
3.155599772930145486e-01
3.155491083860397228e-01
3.155761420726775901e-01
3.155542373657226340e-01
3.155522465705871693e-01
3.155636221170425304e-01
3.155404061079025158e-01
3.155482381582260243e-01
3.155378878116607555e-01
3.155365675687790139e-01
3.155323952436447366e-01
3.155455976724624856e-01
3.155354529619217030e-01
3.155299842357635609e-01
3.155435085296630637e-01
3.155263006687164529e-01
3.155301898717880471e-01
3.155280590057373269e-01
3.155533134937286155e-01
3.155261829495429882e-01
3.155233412981033325e-01
3.155178308486938366e-01
3.155318439006805642e-01
3.155251383781433328e-01
3.155209064483642800e-01
3.155159145593643411e-01
3.155159950256347656e-01
3.155274152755737083e-01
3.155207023024558799e-01
3.155097916722297557e-01
3.155116021633148082e-01
3.155293673276901023e-01
3.155206471681594738e-01
3.155244052410125510e-01
3.155086323618888633e-01
3.155004054307937733e-01
3.155316233634948841e-01
3.155029356479644997e-01
3.155010625720023887e-01
3.155614346265792625e-01
3.155072510242462047e-01
3.154930680990218894e-01
3.154949367046356312e-01
3.155043363571167214e-01
3.154982179403305054e-01
3.155006796121597179e-01
3.154935747385024802e-01
3.155008822679519764e-01
3.154852181673050149e-01
3.154812365770339744e-01
3.155017733573913796e-01
3.154892355203628429e-01
3.154854178428649902e-01
3.154834747314453347e-01
3.154960304498672374e-01
3.154844969511031993e-01
3.154766976833343617e-01
3.154923588037490956e-01
3.154890716075897106e-01
3.154830411076545715e-01
3.154856264591217041e-01
3.154705613851547241e-01
3.154734462499618752e-01
3.154852837324142456e-01
3.154688805341720470e-01
3.154625028371810802e-01
3.154615998268127663e-01
3.154647916555404774e-01
3.154583185911178367e-01
3.154656857252121083e-01
3.154613047838211171e-01
3.154577493667602428e-01
3.154574126005172952e-01
3.154610961675644032e-01
3.154624357819557079e-01
3.154732346534728782e-01
3.154578834772109874e-01
3.154532790184020885e-01
3.154492497444152943e-01
3.154588073492050060e-01
3.154443711042403953e-01
3.154405474662780873e-01
3.154478281736373679e-01
3.154526859521865623e-01
3.154403179883956687e-01
3.154384642839431763e-01
3.154346078634261974e-01
3.154394716024399026e-01
3.154369175434112438e-01
3.154316365718841664e-01
3.154362529516220315e-01
3.154326781630515941e-01
3.154341220855713113e-01
3.154304057359695324e-01
3.154284000396728738e-01
3.154389098286628501e-01
3.154314458370208740e-01
3.154306083917617909e-01
3.154343843460082897e-01
3.154269039630889782e-01
3.154285937547683938e-01
3.154268652200699075e-01
3.154253229498863442e-01
3.154228568077087624e-01
3.154279649257659690e-01
3.154253691434860118e-01
3.154296010732650646e-01
3.154212683439254761e-01
3.154204934835433960e-01
3.154227972030639870e-01
3.154197230935096852e-01
3.154188081622123496e-01
3.154180139303207620e-01
3.154219388961791992e-01
3.154319435358047263e-01
3.154158055782317893e-01
3.154197335243225098e-01
3.154142916202545277e-01
3.154147356748581155e-01
3.154201745986938699e-01
3.154132544994354137e-01
3.154123485088348167e-01
3.154129177331924661e-01
3.154123708605766074e-01
3.154198765754699929e-01
3.154152244329452293e-01
3.154103487730026134e-01
3.154146432876586692e-01
3.154120028018951305e-01
3.154119491577148660e-01
3.154109194874763489e-01
3.154063671827316284e-01
3.154048711061477883e-01
3.154121011495590321e-01
3.154133170843124168e-01
3.154057264328002930e-01
3.154070228338241577e-01
3.154096886515617149e-01
3.154057353734970315e-01
3.154079079627990501e-01
3.153983488678931968e-01
3.154000490903854370e-01
3.154072970151901023e-01
3.153978705406189076e-01
3.154052615165710560e-01
3.153982520103454368e-01
3.154074251651763916e-01
3.153953254222869873e-01
3.153940886259078979e-01
3.153977856040001138e-01
3.153976142406463845e-01
3.153926491737365501e-01
3.153937727212905995e-01
3.153958380222320335e-01
3.154092520475387795e-01
3.153945386409759410e-01
3.153916954994201438e-01
3.153913080692291038e-01
3.153918474912643655e-01
3.153920799493789562e-01
3.153881758451461681e-01
3.153854787349700817e-01
3.153850048780441062e-01
3.153885245323181374e-01
3.153882503509521373e-01
3.153831839561462291e-01
3.153850793838500755e-01
3.153834611177444569e-01
3.153823912143707275e-01
3.153892129659652821e-01
3.153862595558166726e-01
3.153834775090217368e-01
3.153824448585510476e-01
3.153785407543182595e-01
3.153781205415725486e-01
3.153802901506423950e-01
3.153793931007385365e-01
3.153784692287445179e-01
3.153763875365257485e-01
3.153838396072387584e-01
3.153781443834304810e-01
3.153780758380889671e-01
3.153847768902778848e-01
3.153736472129821666e-01
