8.666958411534627649e-01
6.568823854128519324e-01
4.940585196018218994e-01
5.131308535734812049e-01
4.923428694407145367e-01
4.632390936215718402e-01
4.647299647331237793e-01
5.127557317415872840e-01
4.861601690451304303e-01
4.616362055142720355e-01
4.537333746751149310e-01
4.628899991512298584e-01
4.548492034276326312e-01
4.536428749561309814e-01
4.525784055391947613e-01
5.044549604256948205e-01
4.753813544909159527e-01
5.021200875441232947e-01
4.291361769040425433e-01
4.817214210828145160e-01
4.503587683041890277e-01
4.777868390083312988e-01
4.281298021475474225e-01
4.487340748310089111e-01
5.050092736879984168e-01
5.062096118927001953e-01
4.511311550935109271e-01
5.035780966281890869e-01
5.049229363600412634e-01
4.543520907560984479e-01
5.038989981015523645e-01
4.797612329324086322e-01
4.516250292460123883e-01
4.464874764283497943e-01
4.751671155293782367e-01
4.330791234970092773e-01
4.979426165421803607e-01
4.486342668533325195e-01
4.914187093575795306e-01
4.458188811937968121e-01
4.635553359985351562e-01
4.898034135500590192e-01
5.134527087211608887e-01
4.599889318148295270e-01
4.141641855239868164e-01
4.540626406669616699e-01
4.385540286699931012e-01
4.537794490655263080e-01
4.136243561903635846e-01
4.229448934396107806e-01
4.679376979668934955e-01
3.961955557266871319e-01
3.945973664522171021e-01
4.461764097213745117e-01
4.600423773129780902e-01
4.342043399810791016e-01
4.044220546881358014e-01
4.520873129367828369e-01
3.900647709767023907e-01
4.284286300341288434e-01
4.079228043556213379e-01
4.585166374842326031e-01
4.065305093924204694e-01
4.479250311851501465e-01
3.747288038333256854e-01
4.542091687520344867e-01
3.985050320625305176e-01
4.264593124389648438e-01
3.951389094193776264e-01
3.966862459977467670e-01
4.253911872704823627e-01
4.176493187745412006e-01
4.209316174189249860e-01
3.841945230960845947e-01
4.069515963395436420e-01
4.272207518418629779e-01
3.861449658870697021e-01
4.105246464411417828e-01
3.780903816223144531e-01
3.834286133448283063e-01
3.918594121932983398e-01
3.938042720158894672e-01
4.140912493069966449e-01
3.690736840168635235e-01
3.721081813176472797e-01
4.454604536294937134e-01
3.831062515576680316e-01
3.901103039582570209e-01
4.582957228024800433e-01
3.698844164609909058e-01
4.178081254164378033e-01
3.772337734699249268e-01
3.952042162418365479e-01
3.498108536005020142e-01
3.675224184989929199e-01
3.666489422321319580e-01
3.968172272046406879e-01
3.742594917615254535e-01
3.918881913026173724e-01
3.622825940450032367e-01
3.539892584085464478e-01
3.858254055182139264e-01
3.599929213523864746e-01
4.005842904249827252e-01
4.068172474702199115e-01
3.782182931900024414e-01
3.803239564100901471e-01
3.836565812428792133e-01
3.845571080843607770e-01
3.791541258494059430e-01
3.850921491781870709e-01
3.669788241386413574e-01
3.490178883075714111e-01
3.972167273362477435e-01
3.549325664838154926e-01
4.463400741418202533e-01
3.541378676891326904e-01
3.980615834395090924e-01
3.685019612312316895e-01
3.676482737064361572e-01
3.657775223255157471e-01
3.873833119869232178e-01
3.652783532937367572e-01
3.942162493864695416e-01
3.737599154313405170e-01
3.877995411554972516e-01
3.896140456199645996e-01
3.836091160774230957e-01
4.118615885575612201e-01
3.638240694999694824e-01
3.909138341744740619e-01
3.733491599559783936e-01
3.662905693054199219e-01
3.492224911848704205e-01
3.785813351472218646e-01
3.999505738417307721e-01
3.724645276864369525e-01
3.593839208285014020e-01
3.735937376817067279e-01
3.730941414833068848e-01
3.802431325117747174e-01
3.723117609818776264e-01
3.615986704826354980e-01
3.825854162375132428e-01
3.784533341725667133e-01
3.682937920093536377e-01
3.470859229564666748e-01
3.551411330699920654e-01
3.800836304823557721e-01
3.497013350327809467e-01
3.449866324663162231e-01
3.831365108489990234e-01
3.774393002192179547e-01
3.728084862232208252e-01
3.726795216401417865e-01
4.028526892264683856e-01
3.549538056055704938e-01
3.565364380677540912e-01
3.597243825594584332e-01
4.288763205210368024e-01
3.665052254994710101e-01
3.679640591144561768e-01
3.583068946997324811e-01
3.659915526707966937e-01
3.550457656383514404e-01
3.632516364256541119e-01
3.628931641578674316e-01
3.554338216781616211e-01
3.710516790548960553e-01
3.774371941884358539e-01
3.803852498531341553e-01
3.728161056836445941e-01
3.683641056219736920e-01
3.737951616446177350e-01
3.754288752873738422e-01
3.580247064431508197e-01
3.685915172100067139e-01
3.619048595428466797e-01
3.438091725111007690e-01
3.559185763200123920e-01
3.649302025636037006e-01
3.715535799662272320e-01
3.430949797232945575e-01
3.811064759890238629e-01
3.514756262302398682e-01
4.220352719227473126e-01
4.035507837931315289e-01
3.754538993040720807e-01
3.887267410755157471e-01
3.852082788944244385e-01
3.607537448406219482e-01
3.740500211715698242e-01
4.012330472469329834e-01
3.630785544713338031e-01
3.580795079469680786e-01
3.754607538382212506e-01
3.962216675281524658e-01
3.606833120187123431e-01
3.761933346589406146e-01
3.666800856590270996e-01
3.423156142234802246e-01
4.070562322934468402e-01
3.723283012708027973e-01
3.927009056011835919e-01
3.749679724375407086e-01
3.534150620301564349e-01
3.624093035856882916e-01
3.838540911674499512e-01
3.790123760700225830e-01
3.862847288449605121e-01
3.914998074372609271e-01
3.702875872453053607e-01
3.529945015907287598e-01
3.548934310674667358e-01
4.116522371768951416e-01
3.931007186571757184e-01
3.384556919336318970e-01
4.157072603702545166e-01
3.622287213802337646e-01
3.498252729574839459e-01
4.039577146371205463e-01
3.931619922320048199e-01
3.657288451989491596e-01
3.664539555708567486e-01
3.530299762884775983e-01
3.907295962174733295e-01
3.594788809617360248e-01
3.804692824681599750e-01
4.279192189375559674e-01
3.597249090671539307e-01
3.891547222932179584e-01
3.737824459870656146e-01
3.482903341452280865e-01
4.290844698746998920e-01
3.688870767752329694e-01
3.632571399211883545e-01
3.915821115175883160e-01
3.532246450583140240e-01
4.011552830537160053e-01
3.723077376683552875e-01
3.388863901297251569e-01
3.804138004779815674e-01
3.575149873892466412e-01
3.571193814277648926e-01
3.648161888122558594e-01
3.705712954203287945e-01
3.669609030087788715e-01
3.596592744191487445e-01
3.579954802989959717e-01
3.609223763147990094e-01
3.750942250092824115e-01
3.586051960786183490e-01
3.582256535689036236e-01
3.448149412870407104e-01
3.545571466286976947e-01
3.824061354001362933e-01
3.356892963250477924e-01
3.817727764447529926e-01
3.640416065851847516e-01
3.399255325396855487e-01
3.971828321615855084e-01
3.710251251856486188e-01
3.706834117571513043e-01
3.603169520696004047e-01
3.765179216861724854e-01
3.342373867829640521e-01
3.792737722396850586e-01
3.732614616552988873e-01
3.638083934783935547e-01
3.845809698104858398e-01
3.902706305185953961e-01
3.539297580718994141e-01
3.618741532166798724e-01
3.657001554965972900e-01
3.615038891633351459e-01
3.929851154486338483e-01
3.613493045171101703e-01
3.352813720703125000e-01
3.696637749671936035e-01
3.684898018836975098e-01
3.605086704095204486e-01
3.460463186105092181e-01
3.500595092773437500e-01
3.492187360922495709e-01
3.834521174430847168e-01
3.537685672442118512e-01
3.861152132352193012e-01
3.946111996968587055e-01
3.430871814489364624e-01
3.528519372145335065e-01
3.815002938111622943e-01
3.764379322528839111e-01
3.376579682032267438e-01
3.938343326250712262e-01
3.519515097141265869e-01
3.756043314933776855e-01
3.818821907043457031e-01
3.715325593948364258e-01
3.892892599105834961e-01
3.523333470026652203e-01
3.678836127122243060e-01
3.665632903575897217e-01
3.584082623322804584e-01
3.394695172707239972e-01
3.971177339553833008e-01
3.549353182315826416e-01
3.671600719292958392e-01
3.943342169125874652e-01
3.587319751580556049e-01
3.644104401270548688e-01
3.573759496212005615e-01
3.531670371691386090e-01
3.370482971270878925e-01
3.672482271989186420e-01
3.893850346406300678e-01
3.982948263486226215e-01
3.761792977650960101e-01
3.528298437595367432e-01
3.574662605921427594e-01
3.584436972935994281e-01
3.373514960209528790e-01
3.467632830142974854e-01
3.450319021940231323e-01
3.725194732348124371e-01
3.355172723531723022e-01
3.353727459907531738e-01
3.894496758778889789e-01
3.317818194627761841e-01
3.431029220422108783e-01
3.384652038415272846e-01
3.634678721427917480e-01
3.509100774923960553e-01
3.656459450721740723e-01
3.491074144840240479e-01
3.376889924208323346e-01
3.474709093570709229e-01
3.772961298624674664e-01
3.421545128027598248e-01
3.485930462678273334e-01
3.380389561255772723e-01
3.839429616928100586e-01
3.531616131464640485e-01
4.043885121742884503e-01
3.439747641483942853e-01
3.894730309645335065e-01
3.550157546997070312e-01
3.643088539441426410e-01
3.463762849569320679e-01
3.583548367023468018e-01
3.892246584097544537e-01
3.784995277722676410e-01
3.850842366615931378e-01
3.549982607364654541e-01
3.370390981435775757e-01
3.505086600780487061e-01
3.685782353083292828e-01
3.657737970352172852e-01
3.661321798960368024e-01
3.497670193513234271e-01
3.619300425052642822e-01
3.715827564398447858e-01
4.225966334342956543e-01
3.463965952396392822e-01
3.697860638300577985e-01
3.771531979242960797e-01
3.540696104367573871e-01
3.370072990655899048e-01
3.688215414683024274e-01
3.915177285671234131e-01
3.998117446899414062e-01
3.452547391255696430e-01
3.555933038393656598e-01
3.580627242724100934e-01
3.588097989559173584e-01
3.599358499050140381e-01
3.754769066969553815e-01
3.901886741320292340e-01
4.069582819938659668e-01
3.693226873874664307e-01
3.363646219174067364e-01
3.694066703319549561e-01
3.636550704638163434e-01
3.607453703880310059e-01
3.576052884260813580e-01
3.963431815306345807e-01
3.607129553953806744e-01
3.888990779717763080e-01
3.411269932985305786e-01
4.037702878316243305e-01
3.584733506043751849e-01
3.723218540350596295e-01
3.706018924713134766e-01
3.620165983835856305e-01
3.700239260991414203e-01
3.658703565597534180e-01
3.488437434037526264e-01
3.337611953417460309e-01
3.717699448267619000e-01
3.546306490898132324e-01
3.594836791356404437e-01
3.510397473971049176e-01
4.044329325358073102e-01
3.550669451554616107e-01
3.372036864360173358e-01
3.699177106221516742e-01
3.502845962842305316e-01
3.962601224581400738e-01
3.658606608708699359e-01
3.323548187812169208e-01
3.869416018327077045e-01
3.594852487246195660e-01
3.977603415648142682e-01
3.561252554257710590e-01
3.948311209678649902e-01
3.797226349512736188e-01
3.861281325419743671e-01
3.593089828888575421e-01
3.476213316122691022e-01
4.169408380985260010e-01
3.467062215010325299e-01
3.882682720820109235e-01
3.392538130283355713e-01
3.743078410625457764e-01
3.744250833988189697e-01
4.136117796103159772e-01
4.076848824818928851e-01
3.393802046775817871e-01
3.779742817083994733e-01
3.861129979292551861e-01
3.855259815851847516e-01
3.748643994331359863e-01
3.958058853944142474e-01
3.714424272378285541e-01
3.559649586677551270e-01
3.581962585449218750e-01
3.595605095227559223e-01
3.554764389991760254e-01
3.870280881722767963e-01
3.784531056880950928e-01
3.568762342135111676e-01
3.691194554169972553e-01
3.486393690109252930e-01
3.511136074860890521e-01
3.577478677034378052e-01
3.498955368995666504e-01
3.639718194802601947e-01
3.587948481241862164e-01
3.480368157227833881e-01
3.795402348041534424e-01
3.782211542129516602e-01
3.679390847682952881e-01
3.575698534647623883e-01
3.581285228331883563e-01
3.398946871360142841e-01
3.917396565278370990e-01
3.390431304772694721e-01
3.700332442919413434e-01
4.084623456001281738e-01
3.955430686473846436e-01
3.982628037532170429e-01
3.668242196242014752e-01
3.576896886030833111e-01
3.484881023565928326e-01
3.870770235856373920e-01
3.858828643957774029e-01
3.639631271362304688e-01
3.752827743689219342e-01
3.804853757222493305e-01
3.360813856124877930e-01
3.586958746115366803e-01
3.651347955067952289e-01
3.347382197777430402e-01
3.395183185736338483e-01
3.581677873929341449e-01
3.843646446863810406e-01
3.885005613168080463e-01
3.552332123120625629e-01
4.055750469366709576e-01
3.615468144416809082e-01
3.584303160508473529e-01
3.789370755354563580e-01
3.578149378299713135e-01
3.484300374984741211e-01
3.401739249626795636e-01
4.187401235103607178e-01
3.964017728964487897e-01
3.643054962158203125e-01
3.482222159703572406e-01
3.388174027204513550e-01
3.646600147088368549e-01
3.378738065560658588e-01
3.688477973143259869e-01
3.950162430604298724e-01
3.476274659236271991e-01
3.664675255616505756e-01
3.607487678527832031e-01
3.592484295368194580e-01
3.594646354516347064e-01
3.789687057336171283e-01
3.369165013233820782e-01
3.471273332834243774e-01
3.387900243202845441e-01
3.809844454129536762e-01
3.670187294483184814e-01
3.613643844922383441e-01
3.506464759508768902e-01
3.445673485596974506e-01
3.675482372442881451e-01
3.582827051480610980e-01
3.389461984237034931e-01
3.849584559599558697e-01
3.736790815989176617e-01
3.596174716949462891e-01
3.591411610444386615e-01
3.383059600989024029e-01
3.743954996267954694e-01
3.788387278715769635e-01
3.678076962629954205e-01
3.495650192101796283e-01
3.419196754693984985e-01
3.350847959518432617e-01
3.551460603872935162e-01
3.373833845059077130e-01
3.499649167060852051e-01
3.378901630640029907e-01
3.497563898563385010e-01
3.380286842584609985e-01
3.823892970879872455e-01
3.457796076933543072e-01
4.135401944319407330e-01
3.707768619060516357e-01
3.560126125812530518e-01
3.471107085545857562e-01
3.564794361591339111e-01
3.385936568180720196e-01
3.560584386189778461e-01
3.386748284101486206e-01
3.602957526842753277e-01
3.876958390076954974e-01
3.604104220867156982e-01
3.765828013420104980e-01
4.143592317899068012e-01
4.322979499896367206e-01
3.386457413434982300e-01
3.831412692864735736e-01
3.467855900526046753e-01
3.852921923001607074e-01
3.881248037020365582e-01
3.818903664747874127e-01
3.646458089351654053e-01
3.940873146057128906e-01
3.623777031898498535e-01
3.846050997575123920e-01
3.373310466607411517e-01
3.374873449405034198e-01
3.599437375863392963e-01
3.404251535733540668e-01
3.623937567075093402e-01
3.531622389952341901e-01
3.715539276599884033e-01
3.831987778345744000e-01
3.561833302179972516e-01
3.806419670581817627e-01
3.368950138489405499e-01
3.473977595567703247e-01
3.934928774833679199e-01
4.133328894774119244e-01
4.020848770936329974e-01
3.625760277112324848e-01
3.575602471828460693e-01
3.832457562287648334e-01
3.616117537021636963e-01
3.832857608795166016e-01
3.973831633726755963e-01
3.567129969596862793e-01
3.590851426124572754e-01
3.428270071744918823e-01
3.357792148987452374e-01
3.470611075560252057e-01
3.698945244153340473e-01
4.035175045331318988e-01
3.501209517319996967e-01
3.350383987029393329e-01
3.851982454458872662e-01
3.886939287185668945e-01
3.670402963956196918e-01
3.848654230435689105e-01
3.624014159043629779e-01
3.372680793205897198e-01
3.472918868064880371e-01
3.836237192153930664e-01
3.653865853945414410e-01
3.694571654001871930e-01
3.769605060418446674e-01
3.547986050446828021e-01
3.657636841138203754e-01
3.792365988095601215e-01
3.471712668736775531e-01
3.776441117127736224e-01
3.544986248016357422e-01
3.376851628224055157e-01
3.489995300769805908e-01
3.371524860461552753e-01
3.823445439338684082e-01
3.552702466646830426e-01
3.384336481491724835e-01
3.861292203267415180e-01
3.583708802858988629e-01
3.498160143693287982e-01
3.774136404196421490e-01
3.653683066368103027e-01
3.517522215843200684e-01
3.358531047900517597e-01
3.751190304756164551e-01
3.806622922420501709e-01
3.594296673933665143e-01
3.513553539911906110e-01
3.742823302745819092e-01
3.359840015570322858e-01
3.603819111982981549e-01
3.796168466409047260e-01
3.713099857171376361e-01
3.764953513940175189e-01
3.681754122177759991e-01
3.496126830577850342e-01
3.395632604757944928e-01
3.780966003735860004e-01
3.938493827978770123e-01
3.806218504905700684e-01
3.570352991422017230e-01
3.860757946968078613e-01
3.482512185970942364e-01
3.699842691421508789e-01
3.825341562430064069e-01
3.588872849941253662e-01
3.391326367855072021e-01
3.597547610600789203e-01
3.826896746953328265e-01
3.781662086645762311e-01
3.846245110034942627e-01
3.681260645389556885e-01
3.674944142500559674e-01
3.602674702803294049e-01
3.917839427789052142e-01
3.744255304336547852e-01
3.637280960877736224e-01
3.690512875715891705e-01
3.880043129126231061e-01
4.036907553672790527e-01
3.569000562032063617e-01
3.758463561534881592e-01
3.598011930783589496e-01
3.567770620187123431e-01
3.394176512956619263e-01
3.766428430875142230e-01
3.563876052697499408e-01
3.568452099959055768e-01
3.366701155900955200e-01
3.634647428989410400e-01
3.393638581037521362e-01
3.753661115964253558e-01
3.771945834159851074e-01
3.693292438983917236e-01
3.828762968381245746e-01
3.355658600727717267e-01
3.373045325279235840e-01
3.383220831553141461e-01
3.977351288000742779e-01
3.538152277469635010e-01
3.475215931733449115e-01
3.555906414985656738e-01
3.692493637402852191e-01
3.370718409617741718e-01
3.500413795312245502e-01
3.368492523829142438e-01
3.490414321422576904e-01
3.646581967671712055e-01
3.479215055704116821e-01
3.779077331225077496e-01
3.845597902933756695e-01
3.640410800774891986e-01
3.690327505270640240e-01
3.365489989519119263e-01
3.489593366781870709e-01
3.657456934452056885e-01
3.573202788829803467e-01
3.772802948951721191e-01
3.601776262124379291e-01
3.822234570980072021e-01
3.566220899422963275e-01
3.692927559216817035e-01
3.655851384003956928e-01
3.794255057970682965e-01
3.667217592398325787e-01
3.490631779034932269e-01
3.864018817742665424e-01
3.749667406082153320e-01
4.072866638501485004e-01
3.612465461095173969e-01
3.748914301395416260e-01
3.741388519605000629e-01
3.500412503878275738e-01
3.868413319190343036e-01
3.558934231599171771e-01
3.715137342611948834e-01
3.588680525620778217e-01
3.757040699323018207e-01
3.925361633300781250e-01
3.351625055074691772e-01
3.770571947097778320e-01
3.775066932042439594e-01
3.392143497864405499e-01
3.456908116738001691e-01
3.601204454898834229e-01
3.353941490252812518e-01
3.743579586346943988e-01
3.592871626218159808e-01
3.690179884433746338e-01
4.371768434842427387e-01
3.668008546034495221e-01
3.570173978805541992e-01
3.515463570753733502e-01
3.393743981917698993e-01
3.570177853107452393e-01
3.574931820233662738e-01
3.851442833741505756e-01
3.730532328287760602e-01
3.648235599199931012e-01
3.504899442195892334e-01
3.781069616476694928e-01
3.530473907788594379e-01
3.808851440747578754e-01
3.961467544237772809e-01
3.733675181865692139e-01
3.392189542452494488e-01
3.575736482938130512e-01
3.845954835414886475e-01
3.845945398012797223e-01
3.780054251352946149e-01
3.612020413080851422e-01
3.651974399884541644e-01
3.554723759492238178e-01
4.077094197273254395e-01
3.816856940587361469e-01
3.576783736546834125e-01
3.366321971019108905e-01
3.862826228141784668e-01
3.870949943860371723e-01
3.631486495335896625e-01
3.586706419785817279e-01
3.477762043476104736e-01
3.580901821454365863e-01
3.749645153681437360e-01
3.921138445536295758e-01
3.974810441335042133e-01
3.768256008625030518e-01
3.827109336853027344e-01
3.370105425516764508e-01
3.584213455518086566e-01
3.372257898251215802e-01
3.447869618733723773e-01
3.592866559823353900e-01
4.040200312932332172e-01
3.866843879222869873e-01
3.780090014139811383e-01
3.838828206062316895e-01
4.228937327861785889e-01
3.583168784777323590e-01
3.848117391268412457e-01
3.573014338811238422e-01
3.462036301692326679e-01
3.673332333564758301e-01
3.699772357940673828e-01
3.847375313440958844e-01
3.674376010894775391e-01
3.452468812465667725e-01
3.497779965400695801e-01
3.504640261332194195e-01
3.740021288394927979e-01
3.636693159739176617e-01
3.395508527755737305e-01
3.551706373691558838e-01
3.593308428923289166e-01
3.403034557898839130e-01
3.797835310300191058e-01
3.574194014072418213e-01
3.489879965782165527e-01
3.824025591214497699e-01
3.381878286600112915e-01
3.872918585936228619e-01
3.497971892356872559e-01
4.326378156741459979e-01
3.586651782194773541e-01
3.689122299353281842e-01
3.745675782362620221e-01
3.557764291763305664e-01
3.557588656743367328e-01
3.501904209454854144e-01
4.190967977046966553e-01
3.471543143192927228e-01
3.481852660576502667e-01
3.869716425736745014e-01
3.818231622378031598e-01
3.370161801576614380e-01
3.492720226446787701e-01
3.860475718975067139e-01
4.044744471708933697e-01
3.625090618928273334e-01
3.797204792499542236e-01
3.364743242661158429e-01
3.788725535074869977e-01
3.457977821429570331e-01
3.873229821523030414e-01
3.686345517635345459e-01
3.693786064783732281e-01
3.578609426816304340e-01
3.614287376403808594e-01
4.229527413845062256e-01
3.486847927172978534e-01
3.855402072270711078e-01
3.877087533473968506e-01
3.714544574419657574e-01
3.575083315372467041e-01
3.364522208770115985e-01
3.400314251581827985e-01
3.555661638577778949e-01
3.594253957271575928e-01
3.603516320387522565e-01
3.560996949672698975e-01
3.572206596533457623e-01
3.745309015115101947e-01
3.351290971040725708e-01
3.419277022282282696e-01
3.993941446145375385e-01
3.640450537204742432e-01
3.577745854854583740e-01
3.637467622756958008e-01
3.653876682122548236e-01
3.372960537672042847e-01
4.128005206584930420e-01
3.642635544141133441e-01
3.821753164132435931e-01
3.842460811138153076e-01
3.576261500517527447e-01
3.647275070349375592e-01
3.818238079547882080e-01
3.376088490088780536e-01
3.699284791946411133e-01
3.576942880948384418e-01
4.058169027169545306e-01
3.479000578324000226e-01
3.697752257188161029e-01
3.973156114419301166e-01
3.466963668664296283e-01
3.810567657152811871e-01
3.585346241792042865e-01
3.568259378274281635e-01
3.496556083361307965e-01
3.631042341391245709e-01
3.363379836082458496e-01
3.418116420507431030e-01
3.536189397176106586e-01
3.786963125069935931e-01
3.360576977332432880e-01
3.357949008544285907e-01
3.607300917307535992e-01
3.674208819866180420e-01
3.556647201379140033e-01
3.584076364835103168e-01
3.670427898565928326e-01
3.898745775222778320e-01
3.382365951935450421e-01
3.652471303939819336e-01
3.880011488993962421e-01
3.655704061190287457e-01
3.677849868933359967e-01
3.701425194740295410e-01
3.961960275967915668e-01
3.476811399062474384e-01
3.491855661074320660e-01
3.491806387901306152e-01
3.494486908117930279e-01
4.025543133417765485e-01
3.966055015722910748e-01
3.497488001982371197e-01
3.585414687792460309e-01
3.490095436573028564e-01
3.569648663202921735e-01
3.884154061476389752e-01
3.393097470204035626e-01
3.674680689970652447e-01
3.598026037216186523e-01
3.579635620117187500e-01
3.376453965902328491e-01
3.653210401535034180e-01
3.359356125195820941e-01
3.491735756397247314e-01
3.691309690475463867e-01
3.558862606684367047e-01
3.484167555967966901e-01
3.801353772481282367e-01
3.688449958960215436e-01
3.826071470975875854e-01
3.677984277407328473e-01
3.498369654019673480e-01
3.454688688119252338e-01
3.761385579903920306e-01
3.566805720329284668e-01
3.367967456579208374e-01
3.777252237002055035e-01
3.545941313107808246e-01
3.669435580571492328e-01
3.583677907784779681e-01
3.540554742018381940e-01
3.897057771682739258e-01
3.879693746566772461e-01
3.457228144009907855e-01
3.562542398770650043e-01
3.363990286986033307e-01
3.377537280321121216e-01
3.574933807055155621e-01
3.712512850761413574e-01
3.602873384952545166e-01
3.693700830141703473e-01
3.650475144386291504e-01
3.660437663396199359e-01
3.475463042656580792e-01
3.701039751370747699e-01
3.690036634604136334e-01
3.865170081456502094e-01
3.875992596149444580e-01
3.723486463228861676e-01
3.869699736436207904e-01
3.366697678963343487e-01
3.591623504956563129e-01
3.373836676279703961e-01
3.669909536838531494e-01
3.778275152047474994e-01
3.573836783568064557e-01
3.584046463171641217e-01
3.838123182455698834e-01
3.836912016073862897e-01
3.391777823368708478e-01
3.575863043467203961e-01
3.483974337577819824e-01
3.476005643606185913e-01
3.773325681686401367e-01
3.798113266626994000e-01
3.544892172018687115e-01
3.618900875250498639e-01
3.478868405024210797e-01
3.493650754292805805e-01
3.595957159996032715e-01
3.599644700686137067e-01
3.381206740935643329e-01
3.699066638946533203e-01
3.518988986810048236e-01
3.577518463134765625e-01
3.508317470550537109e-01
3.500468631585438861e-01
3.658897976080576764e-01
3.760660489400227680e-01
3.693881928920745850e-01
3.493601183096567975e-01
3.504920204480488910e-01
3.616819580396016254e-01
3.600343465805053711e-01
3.707552154858906879e-01
3.554646273454030170e-01
3.571137885252634869e-01
3.910399079322814941e-01
3.675184597571690692e-01
3.715106546878814697e-01
3.510914941628773822e-01
3.385690798362095966e-01
3.843688070774078369e-01
4.001556833585103168e-01
3.955394029617309570e-01
3.595128059387207031e-01
3.469900091489155902e-01
3.758003513018290387e-01
3.908635576566060199e-01
3.792942663033803119e-01
3.593449393908182965e-01
3.967591226100921631e-01
3.556292454401652203e-01
3.823579053084055768e-01
3.382202138503392352e-01
3.785320023695628033e-01
3.565516273180643902e-01
3.490687807401021137e-01
3.566420773665110455e-01
3.384518623352050781e-01
3.478824545939763202e-01
3.567889630794525146e-01
3.610766629378001080e-01
3.569261829058329449e-01
3.468342125415802002e-01
3.455789387226104736e-01
3.678309023380279541e-01
