1.774837779998779297e+01
1.264473342895507812e+01
1.301980781555175781e+01
1.352956549326578717e+01
1.174267053604125977e+01
1.150108369191487689e+01
1.118762111663818359e+01
1.326024500528971295e+01
1.269588851928710938e+01
1.136398983001708984e+01
1.117581876118977924e+01
1.123640982309977154e+01
1.156292152404785156e+01
1.139795223871866803e+01
1.126581605275472064e+01
1.381100606918334961e+01
1.224556859334309955e+01
1.362657737731933594e+01
1.037042550245920758e+01
1.237997023264566998e+01
1.147151581446329693e+01
1.250885391235351562e+01
1.025727653503417969e+01
1.134843635559082031e+01
1.377788066864013672e+01
1.353911336263020893e+01
1.168003686269124408e+01
1.313593276341756244e+01
1.418019167582193951e+01
1.109545246760050397e+01
1.367588392893473248e+01
1.240455754597981830e+01
1.128577931722005268e+01
1.106664673487345318e+01
1.227144702275594135e+01
9.786770701408386230e+00
1.299889024098714252e+01
1.061061366399129291e+01
1.296100234985351562e+01
1.018948364257812500e+01
1.171116860707600971e+01
1.183005793889363666e+01
1.312712780634562115e+01
1.094076077143351178e+01
8.846597592035928770e+00
1.062090237935384174e+01
9.766559123992919922e+00
1.082709980010986328e+01
8.335361679395040468e+00
9.388879934946695371e+00
1.109999640782674213e+01
7.936599095662434600e+00
7.799422621726989746e+00
9.979678153991699219e+00
9.876860777537027403e+00
9.558933575948080019e+00
7.511057297388712861e+00
9.180880784988403320e+00
8.070530056953430176e+00
8.656030972798665957e+00
8.200366973876953125e+00
9.983789602915445371e+00
8.068641662597656250e+00
9.875081857045492129e+00
6.414616545041401885e+00
1.029612874984741211e+01
6.753694534301757812e+00
9.139435132344564394e+00
7.230026245117187500e+00
7.440846920013427734e+00
9.014555613199869200e+00
7.820312023162841797e+00
8.605827490488687559e+00
6.502914110819498994e+00
7.478019555409749053e+00
8.361413637797037168e+00
6.663505554199218750e+00
7.892371813456217744e+00
6.591191053390502930e+00
6.504081885019938447e+00
6.836566289265950225e+00
7.485115845998127959e+00
7.485098203023274444e+00
5.940614382425944306e+00
6.235888401667277314e+00
8.677961746851602598e+00
6.782668511072794892e+00
6.302100419998168945e+00
9.455257813135782285e+00
5.850561618804931641e+00
7.197266419728596709e+00
6.217222690582275391e+00
6.834750652313232422e+00
5.608704487482707002e+00
5.963150739669799805e+00
6.074641704559326172e+00
7.235948085784912109e+00
6.532002131144206025e+00
7.051414330800374053e+00
5.774689753850300811e+00
5.954425573348999023e+00
6.737842798233032227e+00
6.045724034309387207e+00
7.202976306279500029e+00
7.371996720631917022e+00
6.434293905893961885e+00
6.329883416493733428e+00
6.657372792561848662e+00
6.679000695546467803e+00
6.794451316197712920e+00
6.573676188786824248e+00
6.284249146779377959e+00
5.684269785881042480e+00
7.175347328186035156e+00
5.876974860827128389e+00
8.963583469390869141e+00
5.544964154561360381e+00
7.379515965779622100e+00
6.370177745819091797e+00
6.265948136647542022e+00
6.242574373881022431e+00
6.738855838775634766e+00
6.059015671412150361e+00
7.420710166295369170e+00
6.166728019714355469e+00
6.595431168874104522e+00
6.909061431884765625e+00
6.781535784403483369e+00
7.556162118911743164e+00
6.099333047866821289e+00
6.884563763936360381e+00
6.069060007731120088e+00
6.246198892593383789e+00
5.506336688995361328e+00
6.586043357849121094e+00
7.321478684743245147e+00
6.567432880401611328e+00
5.667101224263508819e+00
6.292655229568481445e+00
6.506664911905924775e+00
6.632749954859415986e+00
6.521052519480387666e+00
5.949788490931193330e+00
7.009113152821858428e+00
6.672023375829060576e+00
6.329284191131591797e+00
5.523791472117106416e+00
5.608494838078816436e+00
6.596996068954467773e+00
5.661736885706583955e+00
5.393346468607584931e+00
6.596484978993733428e+00
6.526599645614624023e+00
6.811615149180094697e+00
6.493474801381428740e+00
7.215971748034159639e+00
5.654028415679931641e+00
5.978283921877543428e+00
5.902477264404296875e+00
8.588753620783487364e+00
6.249570846557617188e+00
6.250189383824666045e+00
5.907442331314086914e+00
6.353362560272216797e+00
5.833757241566975615e+00
6.152364571889241240e+00
6.102464675903320312e+00
5.623479525248209931e+00
6.421495040257771514e+00
6.581623633702595733e+00
6.563220183054606416e+00
6.283197085062663056e+00
6.175891558329264619e+00
6.382752656936645508e+00
6.502576907475789092e+00
5.925001621246337891e+00
6.523211638132731416e+00
6.061180035273234346e+00
5.419612288475036621e+00
5.757002512613932588e+00
6.349704424540202119e+00
6.288434823354084990e+00
5.759998937447865508e+00
6.848116238911946319e+00
5.631812016169230439e+00
8.434707482655843691e+00
7.760975758234660127e+00
6.365022738774617217e+00
7.341561237970988252e+00
6.858612457911173799e+00
6.128129641215006806e+00
6.260947227478027344e+00
7.536378781000773408e+00
6.370181083679199219e+00
5.863176067670186065e+00
6.580163637797038056e+00
7.757967472076416016e+00
6.180975914001464844e+00
6.606810013453165986e+00
6.630123615264892578e+00
5.427828311920166016e+00
7.610820055007934570e+00
6.355634291966755889e+00
7.124446113904316924e+00
6.604149500528971650e+00
5.785398562749226592e+00
6.431235472361247041e+00
6.939683437347412109e+00
6.578706582387288115e+00
7.291528979937235810e+00
7.231511831283569336e+00
6.453478177388508819e+00
5.754654963811238311e+00
5.890703320503234863e+00
7.950129270553588867e+00
7.225901126861572266e+00
5.485580404599507354e+00
8.226049741109212832e+00
6.239197889963786103e+00
5.700003544489542939e+00
7.828441699345906279e+00
7.343526601791381836e+00
6.459231615066528320e+00
6.559294541676838897e+00
5.907939036687214873e+00
7.126562833786010742e+00
6.048655192057291963e+00
6.703457236289978027e+00
8.517467657725015684e+00
6.185358206431071260e+00
7.034550666809082031e+00
6.490009943644206025e+00
5.768947839736938477e+00
8.584250529607137636e+00
6.316891431808471680e+00
6.082123597462971709e+00
6.959536314010620117e+00
5.920617739359538056e+00
7.859393278757731416e+00
6.654285748799641631e+00
5.435051719347636201e+00
7.085879246393839814e+00
6.050861597061157227e+00
6.082377433776855469e+00
6.291316906611124971e+00
6.462478955586751006e+00
6.266119162241618135e+00
5.904417832692463897e+00
6.069539229075114228e+00
6.336803595225016572e+00
6.427517890930175781e+00
6.120701233545939424e+00
6.140459696451823213e+00
5.864001711209614776e+00
6.017565170923869111e+00
7.182530800501505830e+00
5.370996356010437012e+00
7.128666718800862334e+00
6.171769142150878906e+00
5.625654816627502441e+00
7.465991735458374023e+00
6.580989837646484375e+00
6.849051475524902344e+00
6.267565091451008819e+00
6.611762523651123047e+00
5.286213596661885283e+00
6.606449524561564424e+00
6.640073935190836885e+00
6.125702222188313506e+00
6.872118631998698213e+00
7.261242032051086426e+00
6.131452242533366181e+00
6.320915857950846650e+00
6.763530254364013672e+00
6.397833665211995147e+00
7.442989110946655273e+00
6.048419316609700225e+00
5.482366243998209931e+00
6.417634169260661103e+00
6.275483131408691406e+00
6.317680676778157256e+00
5.704842567443847656e+00
5.827709197998046875e+00
5.646233717600504853e+00
7.110316356023152373e+00
5.980153163274128936e+00
6.994359970092773438e+00
7.511852184931437471e+00
5.506912310918171904e+00
5.972454706827799775e+00
7.283005078633626006e+00
6.754637559254963897e+00
5.519703070322672822e+00
7.516232848167419434e+00
5.836010694503784180e+00
6.759407361348469756e+00
7.093114058176676728e+00
6.611667474110920928e+00
7.223346392313639619e+00
5.951206525166829131e+00
6.411256949106852510e+00
6.693847656250000000e+00
6.277791659037272431e+00
5.554459015528361299e+00
7.203115423520405791e+00
5.929161469141642549e+00
6.337043682734171846e+00
7.128170013427734375e+00
6.180090904235839844e+00
6.683280706405639648e+00
6.222447077433268525e+00
5.937720378239949248e+00
5.413480480511982940e+00
6.411933104197184541e+00
7.190813779830932617e+00
7.287477970123291016e+00
6.502158959706624053e+00
6.100655953089396455e+00
6.368459224700927734e+00
6.164498964945475556e+00
5.578035712242126465e+00
5.725815733273823760e+00
5.650286833445231416e+00
6.557380119959513642e+00
5.440367976824442842e+00
5.410433729489644072e+00
7.227621873219807647e+00
5.376741866270701387e+00
5.777319510777791045e+00
5.468895554542541504e+00
6.260350704193115234e+00
5.829228719075520537e+00
6.735413551330566406e+00
5.836759010950724580e+00
5.580122152964274385e+00
5.673718690872192383e+00
6.786172628402709961e+00
5.586593747138977051e+00
5.850290298461914062e+00
5.521555384000142119e+00
7.250233729680378936e+00
5.929503043492634795e+00
7.823988159497578643e+00
5.595515648523966767e+00
7.226690689722697236e+00
6.114882787068684600e+00
6.261243979136149385e+00
5.689455827077229522e+00
6.449650605519612334e+00
7.319207350413004853e+00
6.649132728576660156e+00
7.436454017957051299e+00
6.156445026397705078e+00
5.480051477750142119e+00
5.874354362487792969e+00
6.544124682744343779e+00
6.367705663045247100e+00
6.399417002995808623e+00
5.802375872929890654e+00
6.524479230244954131e+00
6.678047021230061553e+00
8.352909644444784121e+00
5.751723130544026397e+00
6.500554362932841279e+00
6.954615513483683564e+00
6.025364955266316436e+00
5.429299672444661162e+00
6.376990000406901338e+00
7.416765371958415010e+00
7.845200538635253906e+00
5.825099229812622070e+00
6.143803040186564424e+00
6.238402843475341797e+00
6.256345272064208984e+00
6.230944395065307617e+00
6.844455798467000029e+00
7.368058800697326660e+00
7.841730753580729463e+00
6.510890007019042969e+00
5.557050069173176787e+00
6.303168614705403350e+00
6.279697100321452119e+00
6.294230143229166963e+00
6.282320419947306611e+00
7.684233506520588897e+00
6.397515932718913056e+00
7.341048796971638701e+00
5.631985942522685029e+00
7.707603136698405244e+00
6.359838326772053740e+00
6.534900665283203125e+00
6.497328996658325195e+00
6.467320283253987334e+00
6.497986952463786103e+00
6.749409039815266631e+00
5.872447172800700166e+00
5.352049986521403291e+00
6.531316439310709931e+00
6.151930809020996094e+00
5.991609652837117217e+00
5.872980515162150361e+00
7.685637791951497100e+00
6.317358811696370147e+00
5.544536352157592773e+00
6.468805233637492158e+00
5.864050149917602539e+00
7.663616657257080078e+00
6.317750771840413115e+00
5.443588892618815400e+00
7.080424467722575166e+00
6.276644070943196319e+00
7.320698181788126924e+00
6.246689001719157197e+00
7.474690198898315430e+00
6.947775840759277344e+00
7.074984669685363770e+00
6.304187138875325225e+00
5.758999983469645478e+00
8.389482776323953672e+00
5.723353306452433564e+00
7.064232508341471650e+00
5.599910616874694824e+00
6.815739790598551728e+00
6.657740910847981475e+00
8.250925699869791075e+00
7.850055694580078125e+00
5.541564544041951201e+00
6.667849540710449219e+00
7.436484654744465850e+00
7.418527921040852569e+00
6.926668643951416016e+00
7.199997822443644502e+00
6.754335085550944306e+00
6.270086288452148438e+00
6.277970314025878906e+00
6.335055669148762725e+00
6.103603919347126983e+00
7.141532580057780244e+00
6.938620487848917939e+00
6.226432323455810547e+00
6.455189387003581025e+00
5.757035970687866211e+00
5.774780670801798799e+00
6.003609458605448701e+00
5.882920344670613311e+00
6.721243619918823242e+00
6.347020943959553740e+00
5.754279931386311553e+00
6.692056973775227569e+00
6.664143244425456025e+00
6.549271424611409209e+00
6.313030242919921875e+00
6.290892243385314941e+00
5.575871984163920381e+00
7.380131244659423828e+00
5.551092108090718291e+00
6.556747595469157197e+00
7.770885785420735381e+00
7.162755966186523438e+00
7.696434299151102998e+00
6.428900639216105439e+00
6.198534250259399414e+00
5.820785999298095703e+00
6.729369481404622100e+00
7.414518276850382783e+00
6.780580361684163115e+00
6.908412694931030273e+00
6.709648291269938447e+00
5.586760918299357392e+00
6.266548951466877959e+00
6.342783292134602569e+00
5.493785103162129424e+00
5.635227004686991670e+00
6.302064577738444306e+00
7.330551147460937500e+00
7.021353642145792939e+00
6.205480098724365234e+00
7.824594815572102569e+00
6.631401538848876953e+00
6.313001950581868194e+00
6.978184580802917480e+00
5.942802429199218750e+00
5.835744539896647431e+00
5.688802520434061982e+00
8.509189764658609434e+00
7.586797078450520537e+00
6.746340115865071319e+00
5.772767066955566406e+00
5.584511001904805205e+00
6.385112285614013672e+00
5.566140333811442353e+00
6.549516518910725615e+00
7.546223402023315430e+00
5.775056521097819306e+00
6.431423505147297881e+00
6.304034233093261719e+00
5.978103160858154297e+00
6.329587618509928681e+00
6.988030513127644561e+00
5.552993933359782197e+00
5.770642598470051787e+00
5.598480979601542451e+00
6.938261826833088897e+00
6.427337249120076201e+00
6.232124725977580049e+00
5.803435007731120088e+00
5.715568463007609346e+00
6.496060530344645478e+00
6.331243991851806641e+00
5.603468378384907744e+00
7.499868472417195342e+00
6.917824904123942353e+00
6.277168512344360352e+00
6.254634698232014678e+00
5.578003366788228057e+00
6.866330941518147490e+00
6.935882091522216797e+00
6.418068726857502959e+00
5.811929066975911162e+00
5.604281544685363770e+00
5.504821260770161651e+00
6.207186698913574219e+00
5.541234453519185088e+00
5.790826042493184111e+00
5.571581323941548369e+00
5.837338209152221680e+00
5.596706748008728027e+00
7.391406377156575225e+00
5.770860274632771514e+00
8.276366551717122988e+00
6.527557055155436494e+00
6.221015612284342744e+00
5.717090527216593721e+00
6.235719045003254912e+00
5.604780793190002441e+00
6.282148838043212891e+00
5.550473650296528838e+00
6.326280752817790010e+00
7.131025234858195283e+00
6.054875453313191436e+00
6.971188704172770478e+00
8.327974319458007812e+00
8.881898204485574766e+00
5.559349934260050752e+00
7.422754764556884766e+00
5.660292784372965791e+00
7.473874886830647490e+00
7.130705992380778291e+00
7.346165021260579131e+00
6.345528920491536162e+00
7.628790696461995147e+00
6.269538879394531250e+00
7.385337511698405244e+00
5.563836534818013213e+00
5.557779590288798310e+00
6.093078295389811494e+00
5.630361040433247588e+00
6.023842573165893555e+00
5.894895156224568389e+00
6.497844537099202178e+00
7.449589729309082031e+00
6.150265693664550781e+00
7.034920215606689453e+00
5.578885157903035186e+00
5.789664427439372041e+00
7.248066743214924834e+00
8.263680696487426758e+00
8.018547932306924864e+00
6.689639727274577119e+00
6.304254372914631865e+00
7.386250098546345733e+00
6.344181696573893525e+00
7.416873931884765625e+00
7.297376473744709990e+00
6.161947250366210938e+00
6.346183458964030244e+00
5.658471544583638213e+00
5.561827858289082549e+00
5.759888172149658203e+00
6.461417357126872041e+00
8.069105466206869082e+00
5.826730251312255859e+00
5.545289635658264160e+00
7.335069974263508819e+00
7.199659983317057588e+00
6.419310013453165986e+00
7.463594317436218262e+00
6.699487686157226562e+00
5.579064806302388213e+00
5.769608894983927705e+00
7.375516057014465332e+00
6.770707607269287109e+00
6.264890352884928681e+00
6.957116285959879853e+00
6.144781907399495147e+00
6.453818321228027344e+00
7.067701657613118194e+00
5.793154716491699219e+00
6.896730264027913115e+00
6.215300639470417998e+00
5.581868648529052734e+00
5.796550750732421875e+00
5.562856753667195342e+00
7.342074553171793916e+00
6.155933539072672822e+00
5.563997387886047363e+00
6.785884618759155273e+00
6.302694479624430635e+00
5.815471728642781279e+00
6.827890872955322266e+00
6.742309490839640596e+00
5.855613708496093750e+00
5.565031488736470244e+00
6.907363017400105498e+00
7.275866429011027314e+00
6.325244585673014619e+00
5.846308946609497070e+00
6.890229701995849609e+00
5.566670695940653779e+00
6.287093957265217803e+00
6.669431050618489287e+00
6.430872599283854463e+00
6.784687360127766631e+00
6.510653575261433623e+00
5.826720635096232392e+00
5.609339316685994170e+00
6.741963942845662139e+00
7.558239857355753877e+00
6.746970733006794951e+00
6.219490051269531250e+00
7.133533795674641631e+00
5.804800828297932647e+00
6.496001720428466797e+00
7.361227671305338838e+00
6.206714312235514619e+00
5.617501854896545410e+00
6.033274173736572266e+00
7.306554079055786133e+00
6.955906629562377930e+00
7.145236015319824219e+00
6.493175029754638672e+00
6.496728738149006865e+00
6.209123452504475615e+00
7.492271343866984346e+00
6.888340314229329131e+00
6.329960823059082031e+00
6.561016877492268584e+00
7.097412586212158203e+00
8.058202902475992246e+00
6.204403718312581084e+00
6.588133970896403291e+00
6.024068514506022431e+00
6.236632982889811494e+00
5.596094171206156709e+00
6.955936272939045928e+00
6.256770610809326172e+00
6.271871248881022431e+00
5.565005262692769072e+00
6.678690910339355469e+00
5.613661567370097139e+00
6.866069475809733369e+00
6.804160515467326142e+00
6.390118598937988281e+00
7.358039379119873047e+00
5.570739587148030303e+00
5.550690293312072754e+00
5.570916056632995605e+00
7.303815841674804688e+00
6.175083160400390625e+00
5.806312004725138642e+00
6.268439769744873047e+00
6.565673192342122100e+00
5.571513454119364717e+00
5.835985978444417022e+00
5.582201759020487764e+00
5.777885595957438447e+00
6.741059700647990205e+00
5.802777608235676787e+00
6.860561609268188477e+00
7.131449540456135772e+00
6.369738737742106416e+00
6.500697453816731475e+00
5.554628292719523408e+00
5.834281682968139648e+00
6.751636823018391631e+00
6.263912359873454072e+00
6.979253292083740234e+00
6.331920782725016572e+00
7.130299568176269531e+00
6.224190632502238252e+00
6.486650625864665010e+00
6.744648218154907227e+00
7.018295447031657197e+00
6.421254475911458037e+00
5.806503534317016602e+00
7.060558160146077178e+00
6.932555437088012695e+00
7.882767677307128906e+00
6.068114916483561494e+00
6.942627231280009248e+00
6.946167548497517608e+00
5.790883382161458037e+00
7.185307105382283233e+00
6.203280289967854522e+00
6.586520036061604522e+00
6.328402837117512725e+00
6.898968855539957978e+00
7.583748261133830049e+00
5.555888215700785615e+00
6.592157840728759766e+00
6.993786334991455078e+00
5.591054717699686982e+00
5.759479125340779326e+00
6.342077652613322236e+00
5.553954799969990752e+00
6.893740495045979522e+00
6.232339541117350556e+00
6.422690073649088838e+00
9.061286131540933653e+00
6.546561280886332490e+00
6.224938710530598662e+00
5.851937294006347656e+00
5.598945061365763642e+00
6.032004038492838838e+00
5.982230901718139648e+00
7.463410139083862305e+00
6.925313472747802734e+00
6.394141991933186553e+00
5.817637523015339873e+00
6.666128317515055635e+00
6.245633602142333984e+00
6.713264624277750947e+00
7.594285090764363311e+00
6.894135991732279756e+00
5.606317361195881865e+00
6.230200926462809541e+00
7.047429720560709931e+00
7.330113569895426728e+00
6.641875425974528291e+00
6.056425571441650391e+00
6.390672683715820312e+00
6.229863166809082031e+00
7.858653982480366729e+00
7.296768665313720703e+00
6.214673678080241181e+00
5.568032940228779815e+00
7.124480406443278291e+00
7.149790128072102569e+00
6.709086736043293975e+00
6.268512248992919922e+00
5.803525129954020478e+00
6.286546230316162109e+00
6.811969041824340820e+00
7.527426799138386748e+00
7.406899452209472656e+00
6.942866325378417969e+00
7.396539171536763213e+00
5.563957929611206055e+00
6.313097476959228516e+00
5.582536498705546357e+00
5.730359951655070283e+00
6.006179094314575195e+00
7.534334580103556611e+00
7.474024295806884766e+00
6.960753281911213897e+00
7.023939967155456543e+00
8.477537949879964785e+00
6.165966510772705078e+00
7.357738018035888672e+00
6.308852036794026397e+00
5.749242067337036133e+00
6.463309566179911592e+00
6.551874955495198272e+00
7.458707968393961885e+00
6.494214057922363281e+00
5.768910566965739228e+00
5.818255027135212920e+00
5.835642655690510772e+00
6.916331291198730469e+00
6.421877384185791016e+00
5.581983129183451631e+00
6.147125879923502900e+00
6.232081254323323272e+00
5.603078802426655791e+00
7.020687023798624971e+00
6.262637138366699219e+00
5.836264530817667939e+00
6.815805315971374512e+00
5.587453484535217285e+00
7.151329517364501953e+00
5.834827184677124023e+00
8.926867922147115664e+00
6.226470152537028291e+00
6.519771575927734375e+00
6.821922302246093750e+00
6.283475557963053681e+00
6.295358975728352569e+00
5.821564435958862305e+00
8.458222071329752012e+00
5.814197063446044922e+00
5.796573797861735322e+00
7.066985925038655303e+00
7.309434731801350615e+00
5.579159696896870635e+00
5.827827374140421846e+00
7.195606787999470733e+00
8.154745022455850645e+00
6.712708314259846709e+00
6.984083970387776397e+00
5.568909962972004912e+00
6.893889745076497100e+00
5.748062054316203096e+00
7.143413464228312471e+00
6.495605945587158203e+00
6.456784407297770478e+00
6.265007813771565459e+00
6.694770336151123047e+00
8.660393873850503965e+00
5.811691840489705108e+00
7.458083629608154297e+00
7.094477732976277373e+00
6.532357215881347656e+00
5.983204682668049834e+00
5.571974237759907744e+00
5.598757425944010713e+00
6.162261803944905303e+00
6.000130573908488252e+00
6.011270920435587861e+00
6.214167277018229463e+00
6.230930169423420928e+00
6.848956108093261719e+00
5.552589396635691621e+00
5.619993845621745088e+00
7.439465403556823730e+00
6.391027291615803740e+00
6.224582036336262725e+00
6.370260079701741240e+00
6.438062508900959990e+00
5.566498756408691406e+00
8.198740879694620176e+00
6.711939175923665069e+00
7.349405129750569365e+00
7.416842778523762725e+00
6.229837576548258760e+00
6.728523890177409150e+00
7.389762957890828154e+00
5.574583013852437041e+00
6.570648511250813506e+00
6.305382887522379853e+00
7.937309026718139648e+00
5.823964993158976533e+00
6.486043930053710938e+00
7.667098363240559600e+00
5.783673286437988281e+00
7.025542815526326201e+00
6.330952803293864228e+00
6.187964916229248047e+00
5.834599415461222627e+00
6.078905185063679717e+00
5.573526183764140107e+00
5.612877488136291504e+00
6.226469516754150391e+00
7.014963944753010772e+00
5.571454445521037080e+00
5.567997574806213379e+00
6.339791933695475556e+00
6.354170958201090791e+00
6.247758388519287109e+00
6.271785100301106475e+00
6.395538965861002900e+00
7.218438148498535156e+00
5.579580267270405791e+00
6.731928825378417969e+00
7.137825151284535430e+00
6.731114387512207031e+00
6.499150236447651885e+00
6.440864245096842744e+00
7.515339454015095733e+00
5.815261443456013701e+00
5.822071949640910127e+00
5.802205721537272431e+00
5.826293945312500000e+00
7.964708805084228516e+00
7.647993803024291992e+00
5.781155824661254883e+00
6.236481030782063506e+00
5.802092075347900391e+00
6.300102869669596650e+00
7.180086135864257812e+00
5.585804979006449678e+00
6.538564682006835938e+00
6.291816393534342744e+00
6.229008515675862334e+00
5.572614590326945283e+00
6.488106091817219756e+00
5.557840565840403535e+00
5.829256455103556611e+00
6.558021227518717744e+00
6.175315539042155244e+00
5.801263650258381865e+00
6.941442728042602539e+00
6.559770107269287109e+00
7.315330346425374053e+00
6.413246313730875947e+00
5.783446153004963897e+00
5.780316273371378877e+00
6.818165063858032227e+00
5.972830613454182647e+00
5.574422160784403779e+00
6.719346523284912109e+00
6.241568247477213838e+00
6.525647958119709990e+00
6.034532626469929717e+00
6.158120473225911162e+00
7.155839284261067412e+00
7.134568850199381806e+00
5.753287712732951142e+00
6.171849727630615234e+00
5.577147126197814941e+00
5.578039964040120147e+00
6.271217346191406250e+00
6.468949953715006806e+00
6.253962357838948272e+00
6.503089110056559541e+00
6.729057947794596650e+00
6.438907146453857422e+00
5.791824976603190400e+00
6.517659664154052734e+00
6.509007374445597627e+00
7.206614812215168975e+00
7.110846916834513642e+00
6.503727595011393525e+00
7.150629997253417969e+00
5.566785732905070283e+00
6.327213605244954131e+00
5.579821983973185517e+00
6.750875949859619141e+00
6.999242941538493135e+00
6.221518993377685547e+00
6.230935096740722656e+00
7.409904479980468750e+00
7.169550100962321260e+00
5.583569486935933135e+00
5.985792080561320283e+00
5.767929474512736299e+00
5.766969601313273408e+00
6.911045392354329131e+00
6.787787437438964844e+00
6.203156312306721709e+00
6.063802957534790039e+00
5.818856398264567353e+00
5.778342882792155244e+00
6.044551928838093779e+00
6.286075433095295928e+00
5.586712678273518584e+00
6.472710291544596650e+00
6.140194574991862275e+00
6.031528393427531221e+00
5.839435577392578125e+00
5.781768957773844697e+00
6.737451235453288056e+00
6.902936458587646484e+00
6.502315680185954072e+00
5.774028221766154267e+00
5.818663040796915986e+00
6.348820050557454131e+00
6.049595197041829131e+00
6.572115421295166016e+00
6.157412846883137725e+00
6.271244843800862334e+00
7.267401536305745147e+00
6.418224771817524932e+00
6.495210170745849609e+00
5.821613073348999023e+00
5.580961028734843232e+00
7.451596101125081084e+00
7.947631915410359404e+00
7.700115839640299775e+00
6.014882087707519531e+00
5.764831304550170898e+00
6.972746531168620088e+00
7.268965880076090791e+00
7.017780145009358428e+00
5.987348794937133789e+00
7.708145141601562500e+00
6.176213423411051728e+00
7.109044233957926728e+00
5.581685781478881836e+00
6.845184644063313506e+00
6.174516201019287109e+00
5.774633089701334931e+00
5.974105834960937500e+00
5.580020745595295928e+00
5.762751817703247070e+00
6.308496157328288056e+00
6.335893313090006806e+00
6.255652268727620147e+00
5.812150319417317412e+00
5.739474773406982422e+00
6.221331437428792022e+00
