1.424663877487182706e+00
8.563330709934234841e-01
8.211406648159027544e-01
7.057971715927123801e-01
6.834227979183197244e-01
6.660360366106032881e-01
5.062726408243178877e-01
7.029580473899841309e-01
5.144683927297591941e-01
5.228546231985091719e-01
6.444805413484573364e-01
4.720234334468841331e-01
4.543193817138672097e-01
5.078073233366012795e-01
6.051225692033768144e-01
4.437988072633743397e-01
4.875678092241287342e-01
5.581380635499954002e-01
5.807155221700668335e-01
4.618090540170669556e-01
5.041706889867783037e-01
4.581077903509139793e-01
4.515041470527648704e-01
4.754838436841964944e-01
4.164437800645828247e-01
4.182629168033599742e-01
4.663286358118057251e-01
5.418729186058044434e-01
4.221254318952560314e-01
5.978094488382339478e-01
6.000458300113677979e-01
5.342255741357803123e-01
4.294564276933670044e-01
3.792660862207412609e-01
3.717244118452072144e-01
4.096910804510116577e-01
3.752496421337127575e-01
3.718282639980315940e-01
3.701107084751129039e-01
3.282456457614898460e-01
2.852643430233001709e-01
3.057698920369148476e-01
3.984674856066703907e-01
2.744665428996085899e-01
3.047695264220237621e-01
3.206476315855980030e-01
3.019127443432808033e-01
2.308821588754653986e-01
1.983945682644844000e-01
2.303880766034126226e-01
2.000205859541893116e-01
1.912900313735008129e-01
1.981234103441238403e-01
2.032737046480178889e-01
1.912066072225570568e-01
1.882490277290344294e-01
2.312468364834785461e-01
2.445620566606521717e-01
2.159514203667640686e-01
1.979476720094680842e-01
1.914871096611023005e-01
1.759264588356018177e-01
1.861075326800346319e-01
3.008468672633171082e-01
4.207013770937919617e-01
2.413066089153289850e-01
2.438836455345153864e-01
2.307949736714363098e-01
2.318882673978805431e-01
1.916326403617858998e-01
1.749997675418853704e-01
1.952156051993370056e-01
2.026320263743400518e-01
1.985280185937881581e-01
1.944775149226188604e-01
2.319026097655296215e-01
1.660507395863533020e-01
1.656936645507812444e-01
1.719902217388153132e-01
1.963089451193809620e-01
1.846662238240242004e-01
2.213621601462364141e-01
2.117402851581573486e-01
1.857097536325454656e-01
2.100993871688842662e-01
1.588848076760768779e-01
1.681121774017810822e-01
2.049802318215370178e-01
1.806737840175628718e-01
2.211464278399944416e-01
1.583610050380230005e-01
1.671028062701225281e-01
1.627226740121841542e-01
1.472942911088466755e-01
1.463838838040828760e-01
2.377965092658996527e-01
1.842531919479370173e-01
2.137536585330963024e-01
2.589204877614975087e-01
2.941966339945792930e-01
2.096985623240470997e-01
2.413519859313964788e-01
2.076152406632900127e-01
1.694954127073287908e-01
1.924128621816635076e-01
1.743883371353149303e-01
1.792564898729324396e-01
1.742688193917274475e-01
1.620042651891708263e-01
1.824296191334724426e-01
1.821746930480003246e-01
1.582144126296043396e-01
1.536710321903228815e-01
1.500315107405185699e-01
1.429191745817661174e-01
1.378633305430412292e-01
1.621642731130123194e-01
1.409933499991893879e-01
1.404812157154083363e-01
1.572109952569007985e-01
1.509156450629234314e-01
1.650018535554408916e-01
1.429772578179836218e-01
1.448472961783409119e-01
1.433059751987457164e-01
1.520311713218688854e-01
1.484789207577705272e-01
1.397808991372585241e-01
1.344475694000721033e-01
1.442613497376442067e-01
1.411934360861778204e-01
1.595800630748271942e-01
1.417900010943412836e-01
1.737958475947380121e-01
2.029773101210594066e-01
2.186164900660514943e-01
2.172936290502548162e-01
2.261358037590980585e-01
1.677185244858264979e-01
1.522116430103778728e-01
1.474391825497150532e-01
1.700718812644481659e-01
1.716482579708099310e-01
1.710370630025863647e-01
1.678176186978816986e-01
1.472728453576564733e-01
1.387310117483138983e-01
1.336161620914936010e-01
1.511675164103508107e-01
1.364328838884830419e-01
1.359933905303478130e-01
1.337193213403224945e-01
1.533250302076339666e-01
1.506591476500034332e-01
1.669913068413734492e-01
1.379135906696319636e-01
1.311660252511501201e-01
1.450844340026378743e-01
1.336451523005962316e-01
1.322959654033183940e-01
1.379121251404285542e-01
1.438980199396610316e-01
1.743165664374828339e-01
1.759949333965778462e-01
1.817300915718078613e-01
1.721666894853114971e-01
1.765536122024059240e-01
2.002881512045860402e-01
1.577496901154518127e-01
1.391744621098041645e-01
1.291554927825927790e-01
1.467708453536033519e-01
1.677015863358974346e-01
1.764043457806110382e-01
1.564109660685062408e-01
1.377186976373195593e-01
1.427929908037185724e-01
1.454548075795173701e-01
1.303814381361007579e-01
1.348053142428398132e-01
1.264924682676792089e-01
1.453103318810463063e-01
1.252636857330799158e-01
1.308044016361236683e-01
1.353929601609706879e-01
1.253575764596462361e-01
1.422444462776183971e-01
1.333794809877872356e-01
1.257049083709716741e-01
1.435612335801124684e-01
1.354748658835887853e-01
1.237308457493782043e-01
1.279761359095573370e-01
1.464776910841464885e-01
1.291699029505252727e-01
1.591360524296760448e-01
1.651287905871868245e-01
1.368182152509689331e-01
1.215417750179767636e-01
1.402996622025966533e-01
1.304622255265712738e-01
1.215234227478504125e-01
1.189918354153633173e-01
1.195923313498497009e-01
1.195396050810813848e-01
1.192446522414684351e-01
1.286879844963550457e-01
1.211479954421520178e-01
1.369977943599224035e-01
1.282102152705192621e-01
1.202613584697246607e-01
1.156769365072250338e-01
1.244014166295528412e-01
1.256156831979751698e-01
1.337020896375179235e-01
1.399690382182598170e-01
1.349415510892867931e-01
1.166476219892501887e-01
1.144049905240535764e-01
1.152078464627265958e-01
1.373109221458435059e-01
1.293224565684795435e-01
1.317874409258365520e-01
1.169443391263484955e-01
1.307560451328754481e-01
1.156165838241577093e-01
1.140198387205600683e-01
1.151208572089672116e-01
1.159167140722274780e-01
1.261039778590202221e-01
1.399149276316165869e-01
1.211342506110668210e-01
1.124893076717853602e-01
1.132752127945423071e-01
1.401091173291206249e-01
1.406317412853241022e-01
1.442226231098175104e-01
1.376614592969417628e-01
1.157308027148246793e-01
1.145741358399391119e-01
1.138179153203964233e-01
1.122102402150630951e-01
1.155771650373935699e-01
1.150806188583373968e-01
1.099638424813747378e-01
1.173071160912513705e-01
1.089839622378349360e-01
1.084015972912311526e-01
1.143423348665237455e-01
1.074175596237182673e-01
1.063104681670665741e-01
1.051961675286293002e-01
1.050614506006240789e-01
1.112038701772689875e-01
1.038899295032024439e-01
1.087477222084999029e-01
1.084227018058299963e-01
1.199395060539245605e-01
1.129731200635433197e-01
1.068506702780723516e-01
1.025894366204738589e-01
1.043734937906265203e-01
1.099439673125743866e-01
1.079454451799392728e-01
1.068635150790214483e-01
1.079131938517093603e-01
1.148412466049194280e-01
1.173803403973579379e-01
1.322453692555427551e-01
1.158933661878109034e-01
1.119285747408866882e-01
1.022466100752353613e-01
1.040182530879974337e-01
1.031649738550186185e-01
1.111572846770286505e-01
1.078693032264709528e-01
1.128421552479267065e-01
1.114770084619522150e-01
1.059395074844360352e-01
1.160116158425807953e-01
1.243646159768104498e-01
1.153276212513446863e-01
1.070517405867576627e-01
1.061570197343826294e-01
1.017365477979183253e-01
1.071542054414749146e-01
1.064407460391521426e-01
1.143626794219017029e-01
1.045214846730232183e-01
1.114819608628749847e-01
1.099025748670101194e-01
1.290462993085384480e-01
1.151413686573505429e-01
1.152359671890735571e-01
1.006657712161540957e-01
1.009840808808803586e-01
1.021962858736515101e-01
9.595268070697784979e-02
9.720333442091941278e-02
9.452443793416023810e-02
9.528776407241820734e-02
1.009700521826744080e-01
9.356697797775268000e-02
9.364700317382812500e-02
9.455266967415809631e-02
9.668022319674492160e-02
9.450941979885101041e-02
9.389561414718627930e-02
9.633031338453293402e-02
9.367627575993538180e-02
9.734530523419379633e-02
9.828892946243286688e-02
9.285567849874495905e-02
9.278262034058570862e-02
1.013526454567909296e-01
1.039112105965614291e-01
1.006741851568222074e-01
9.661764055490493219e-02
9.942014515399932861e-02
1.069427110254764501e-01
1.141904182732105255e-01
9.566072449088096341e-02
9.641400724649429321e-02
9.273264408111572821e-02
9.590074196457862299e-02
9.762329533696174899e-02
9.843809008598328192e-02
9.411107003688812256e-02
9.417479112744331360e-02
9.380676522850990573e-02
9.645261019468306940e-02
9.659003987908362787e-02
9.373677745461464483e-02
9.527439177036285678e-02
9.849103838205337802e-02
9.604577049612998685e-02
9.245750755071639737e-02
9.215763732790946405e-02
1.000386014580726679e-01
9.167652502655983249e-02
9.789335131645202082e-02
1.013199664652347509e-01
1.026193454861640958e-01
9.458820968866347989e-02
9.285234138369560797e-02
9.644811376929282587e-02
9.285106956958770474e-02
9.328892827033996582e-02
9.567941576242447455e-02
9.759236909449101049e-02
9.427130334079265872e-02
9.163557812571525296e-02
9.369857236742973328e-02
9.684035554528236389e-02
9.341343566775321683e-02
9.094132632017135065e-02
8.973833918571472168e-02
8.917878717184066217e-02
9.416455104947089871e-02
9.599496424198150635e-02
1.115251213312149076e-01
1.173898853361606542e-01
9.745796546339988153e-02
1.137493118643760626e-01
1.054120592772960635e-01
9.827785044908524115e-02
1.049692161381244604e-01
9.337533786892890375e-02
9.001116603612899225e-02
9.169382564723491114e-02
9.090922363102435511e-02
8.948703408241272250e-02
9.350680112838745395e-02
9.952994734048843661e-02
9.292067810893059332e-02
9.069471508264541348e-02
9.104088395833968839e-02
8.924122229218482694e-02
8.760548382997512817e-02
9.268827587366104681e-02
9.012054428458213251e-02
9.113713726401329041e-02
8.814008533954620361e-02
8.978812023997306824e-02
9.457457214593886774e-02
8.932723812758922022e-02
9.313058182597160062e-02
8.905336782336234491e-02
9.273171201348304193e-02
9.304862469434738159e-02
9.145633392035960874e-02
9.154796525835991183e-02
8.953612223267555514e-02
8.998461440205574036e-02
8.982243984937668402e-02
8.747371397912502566e-02
8.757726475596427917e-02
8.899050951004028320e-02
8.789719939231872836e-02
9.135913103818893433e-02
9.332613162696361264e-02
9.061652570962905329e-02
8.640857115387916287e-02
8.577473126351833899e-02
8.743150457739830295e-02
8.654083833098411005e-02
8.580033928155898770e-02
8.540304005146026611e-02
8.549432009458542148e-02
8.505824133753776828e-02
8.616720810532570163e-02
8.534133695065974912e-02
8.596676290035247525e-02
8.735533207654952448e-02
8.727102950215340216e-02
8.842313922941684445e-02
9.053482562303542813e-02
9.141884893178939264e-02
8.846276625990867615e-02
8.614402711391448697e-02
8.572774678468704501e-02
8.498902022838591974e-02
8.575644493103026789e-02
8.514260798692703525e-02
8.519764505326747617e-02
8.524221852421760837e-02
8.610361143946647366e-02
8.491358719766139984e-02
8.524411395192146856e-02
8.511351421475410461e-02
8.426006287336348932e-02
8.430692628026008328e-02
8.459578156471252164e-02
8.429459035396576205e-02
8.495988100767135065e-02
8.393301367759704867e-02
8.400990366935730258e-02
8.373668044805526733e-02
8.410188928246498108e-02
8.367966711521149237e-02
8.404779061675071716e-02
8.466467484831810553e-02
8.588241077959538061e-02
8.420441597700119296e-02
8.363545909523964483e-02
8.344360440969467163e-02
8.377155512571335394e-02
8.509073704481125155e-02
8.781939484179020206e-02
8.507569357752800543e-02
8.634396381676197330e-02
8.403239622712135870e-02
8.427019752562045496e-02
8.429705277085304538e-02
8.425907269120216925e-02
8.473362922668456476e-02
8.345058336853980463e-02
8.308199457824230749e-02
8.487017899751662930e-02
8.376408219337463934e-02
8.439278453588486273e-02
8.423722237348556241e-02
8.393854498863220770e-02
8.282811716198920649e-02
8.432389609515666962e-02
8.366244956851005832e-02
8.423863574862480719e-02
8.759037926793097895e-02
8.957114592194556635e-02
9.180786013603210727e-02
8.970330543816089353e-02
9.141889065504074652e-02
8.384428583085537512e-02
8.480472639203071039e-02
8.288926146924495419e-02
8.249224945902824957e-02
8.267079144716263372e-02
8.402849435806274137e-02
8.299395702779292783e-02
8.433872237801551264e-02
8.765770569443702420e-02
8.859362900257110318e-02
8.672710657119750421e-02
8.703212291002274115e-02
9.158099703490733823e-02
8.576858341693878451e-02
8.317769095301627558e-02
8.346411734819411676e-02
8.701643869280814569e-02
9.072923660278320312e-02
8.994829468429088593e-02
8.567222245037556250e-02
8.311878293752669733e-02
8.359368816018104831e-02
8.181437775492668429e-02
8.426267132163048346e-02
8.195022307336330414e-02
8.173718750476836881e-02
8.157536722719668787e-02
8.272721506655215939e-02
8.448534607887267511e-02
8.196569569408893030e-02
8.136132806539535245e-02
8.130053728818893710e-02
8.186030834913253507e-02
8.312363103032112399e-02
8.197487480938434046e-02
8.168074712157250006e-02
8.154958151280880529e-02
8.137975893914699277e-02
8.165421783924102506e-02
8.102633431553840637e-02
8.099677190184592646e-02
8.112669587135315497e-02
8.099027425050735196e-02
8.101416751742362976e-02
8.103588186204432886e-02
8.114987537264824191e-02
8.092284202575683594e-02
8.096699342131614963e-02
8.134647458791732788e-02
8.095584362745285312e-02
8.119769953191280365e-02
8.102382495999335688e-02
8.086832910776138583e-02
8.100709654390811365e-02
8.093444630503654480e-02
8.070366829633712769e-02
8.080109879374504367e-02
8.074334338307380399e-02
8.121512942016125003e-02
8.066976666450501043e-02
8.080017678439617435e-02
8.078657314181328375e-02
8.043147623538970947e-02
8.096256814897059839e-02
8.069135136902332028e-02
8.048767670989036283e-02
8.069075196981430331e-02
8.115982674062252600e-02
8.036343865096569339e-02
8.083836548030376434e-02
8.071346506476402560e-02
8.064273521304129999e-02
8.057676628232002258e-02
8.125803619623184204e-02
8.054698258638381958e-02
8.080112598836422522e-02
8.057047761976718347e-02
8.103139474987983149e-02
8.031303882598876676e-02
8.100607767701148432e-02
8.135397210717201788e-02
8.194201290607452948e-02
8.065477795898914892e-02
8.105193451046943665e-02
8.059552982449531833e-02
8.108731471002102176e-02
8.101394176483153742e-02
8.011980764567852575e-02
8.100526295602321347e-02
8.032772466540336054e-02
7.998021431267261783e-02
8.043596670031546991e-02
8.007448986172675809e-02
8.109588958323002417e-02
8.099432587623596469e-02
8.092460371553897303e-02
8.151327110826969702e-02
8.158979229629040320e-02
8.131968490779399594e-02
8.106877058744429987e-02
8.048241063952446539e-02
8.015679828822612485e-02
7.969334758818150122e-02
7.998247332870959958e-02
7.987377829849720556e-02
7.975992187857627869e-02
7.996157370507717133e-02
7.984108552336692533e-02
7.946694232523440760e-02
7.986111640930175504e-02
7.990636304020881653e-02
7.956428676843643744e-02
7.944131083786487579e-02
7.994681335985660831e-02
7.982061542570591250e-02
7.944759950041771490e-02
7.982375845313072205e-02
7.988165654242038172e-02
7.977423779666423242e-02
7.975226044654845636e-02
8.043709360063075464e-02
8.021137528121471960e-02
7.994679734110832214e-02
7.935970500111580450e-02
7.917919792234898169e-02
7.938081324100494662e-02
7.950172536075114649e-02
7.932299561798572540e-02
7.898266017436980646e-02
7.908324636518955508e-02
7.888284660875796717e-02
7.900960184633731842e-02
7.889224290847778043e-02
7.897366210818290710e-02
7.904703989624976834e-02
7.896672673523426333e-02
7.894888520240783691e-02
7.897477596998214722e-02
7.880927622318267822e-02
7.891610898077487668e-02
7.880923822522163669e-02
7.890642359852791110e-02
7.890004552900790891e-02
7.898101657629012784e-02
7.869955077767372409e-02
7.888845577836037237e-02
7.875472530722618658e-02
7.879442796111106595e-02
7.877528741955756864e-02
7.883607335388660708e-02
7.877268791198729914e-02
7.865309379994869787e-02
7.864524275064468939e-02
7.876384183764457980e-02
7.893473245203494471e-02
7.869799248874187469e-02
7.856678888201713840e-02
7.876588217914104462e-02
7.862069196999073306e-02
7.859717197716235837e-02
7.857138179242610654e-02
7.863587923347950537e-02
7.848956510424613675e-02
7.854306139051914215e-02
7.858046069741249362e-02
7.869771979749203006e-02
7.849437966942787726e-02
7.864833772182464044e-02
7.896713651716709415e-02
7.856114022433757782e-02
7.853995859622955877e-02
7.873536869883537848e-02
7.877475246787071783e-02
7.855646945536136350e-02
7.909510582685470859e-02
7.890969440340996066e-02
7.878906913101672849e-02
7.948623076081276495e-02
7.851331122219562531e-02
7.837986424565315802e-02
7.857665680348872861e-02
7.832949087023735601e-02
7.831150554120540341e-02
7.822254262864589136e-02
7.845831029117107669e-02
7.829905450344085138e-02
7.817900702357291620e-02
7.833263464272022247e-02
7.818067334592342099e-02
7.842798009514809210e-02
7.812747135758399408e-02
7.818980589509010037e-02
7.817313000559807101e-02
7.830456756055355350e-02
7.819333039224148074e-02
7.835582196712494174e-02
7.815659008920192163e-02
7.819266878068446835e-02
7.812267579138279516e-02
7.845469117164612094e-02
7.881559059023857117e-02
7.864733710885048190e-02
7.798336297273636419e-02
7.806381806731224615e-02
7.798217609524726868e-02
7.810723856091499051e-02
7.796591594815253934e-02
7.783717289566993713e-02
7.810010574758052826e-02
7.798155285418033322e-02
7.809180542826651972e-02
7.790700383484364111e-02
7.790308967232703607e-02
7.798752225935459692e-02
7.791048213839531222e-02
7.781150154769420069e-02
7.792871519923209866e-02
7.793982215225696286e-02
7.789423242211342135e-02
7.777518630027771551e-02
7.767357490956783295e-02
7.779692187905311307e-02
7.786277271807193201e-02
7.776486948132514676e-02
7.790730148553848267e-02
7.772247418761253634e-02
7.774764783680439273e-02
7.792776897549628934e-02
7.758304327726364691e-02
7.757590673863887232e-02
7.764175608754157742e-02
7.758911810815334598e-02
7.758628912270068567e-02
7.764153741300106049e-02
7.746351361274719793e-02
7.765362337231636325e-02
7.752860523760318756e-02
7.750447951257229129e-02
7.758744768798350733e-02
7.748868279159068506e-02
7.751071043312549036e-02
7.754688300192355555e-02
7.753979973495006561e-02
7.747162207961082181e-02
7.751966752111912051e-02
7.760246098041534424e-02
7.742140032351016443e-02
7.758544944226741791e-02
7.748667858541011255e-02
7.745163142681121826e-02
7.741777487099170407e-02
7.746431268751621801e-02
7.740354277193546573e-02
7.746340483427047174e-02
7.742360904812813083e-02
7.745444141328335086e-02
7.738956660032272894e-02
7.752531915903090876e-02
7.733953185379505157e-02
7.732522785663605014e-02
7.733582220971584043e-02
7.734757214784622470e-02
7.735059335827827731e-02
7.735864482820034582e-02
7.735248766839504519e-02
7.732004858553409576e-02
7.728067710995674411e-02
7.729951255023478907e-02
7.726814709603786746e-02
7.731976583600044806e-02
7.726726382970809659e-02
7.726590670645236414e-02
7.721820734441280087e-02
7.730108685791492462e-02
7.730778641998767298e-02
7.726033218204975128e-02
7.723577059805393497e-02
7.741143442690372189e-02
7.720849961042404452e-02
7.718044966459274014e-02
7.722192369401455203e-02
7.715984694659709653e-02
7.714288011193275174e-02
7.714398615062237341e-02
7.720035985112190524e-02
7.718534655869006833e-02
7.711943387985228937e-02
7.718371674418449124e-02
7.717130444943905154e-02
7.706844806671142578e-02
7.714400626718997955e-02
7.713032327592372894e-02
7.709888778626919348e-02
7.704910412430762690e-02
7.709884494543076117e-02
7.708441801369189661e-02
7.708978243172168177e-02
7.705109640955924710e-02
7.709581479430198392e-02
7.716774158179759424e-02
7.702493369579314908e-02
7.698535285890102664e-02
7.707802429795265753e-02
7.696783468127250949e-02
7.698523513972758969e-02
7.697464078664779941e-02
7.696541808545590002e-02
7.692847959697246552e-02
7.702666819095611850e-02
7.711129188537597934e-02
7.686792798340320865e-02
7.696860618889331263e-02
7.694994434714316767e-02
7.691975273191928308e-02
7.689401954412460050e-02
7.681958898901938837e-02
7.707535251975058954e-02
7.681514248251915256e-02
7.686117403209209720e-02
7.679475024342537204e-02
7.697440311312675476e-02
7.681591697037219724e-02
7.686040624976157865e-02
7.683191262185573578e-02
7.683965340256690424e-02
7.699876204133034030e-02
7.686556801199913302e-02
7.674344442784786224e-02
7.682332322001457492e-02
7.676346600055694580e-02
7.679702602326869687e-02
7.669688314199447909e-02
7.682090997695922852e-02
7.686686627566814700e-02
7.677247673273086825e-02
7.680359259247779291e-02
7.669407501816749573e-02
7.670537121593952457e-02
7.672605998814105432e-02
7.668069973587990362e-02
7.668913826346397677e-02
7.669752128422260840e-02
7.669900096952915469e-02
7.664747461676597873e-02
7.667874880135058802e-02
7.666450738906860352e-02
7.665941603481769839e-02
7.670486867427825373e-02
7.666104510426521856e-02
7.665376849472523013e-02
7.666493579745292664e-02
7.662185691297054846e-02
7.664436995983123224e-02
7.663813643157482702e-02
7.664260491728783209e-02
7.659838199615479071e-02
7.663131728768349249e-02
7.660335600376129428e-02
7.662987187504768927e-02
7.661060951650142115e-02
7.659555077552795965e-02
7.659430094063282568e-02
7.658355757594108304e-02
7.662620469927787503e-02
7.658050283789634427e-02
7.656457833945751190e-02
7.658980898559093753e-02
7.654498405754565915e-02
7.657708153128624240e-02
7.657305821776390353e-02
7.656516209244727811e-02
7.654007077217102328e-02
7.653173059225082397e-02
7.653956189751624783e-02
7.654859870672225952e-02
7.651283890008926669e-02
7.651283480226993283e-02
7.650171592831611633e-02
7.651195675134658813e-02
7.650328278541565497e-02
7.648024223744868955e-02
7.653951756656170169e-02
7.645829096436500272e-02
7.649757377803326208e-02
7.645524740219115933e-02
7.648358978331089297e-02
7.648111395537852963e-02
7.645811773836612424e-02
7.649408951401710788e-02
7.653835751116275232e-02
7.650814540684222620e-02
7.644630447030067999e-02
7.651251517236232202e-02
7.644904293119907102e-02
7.643787860870361606e-02
7.643489539623260498e-02
7.641270235180855352e-02
7.644458450376986902e-02
7.643983699381351471e-02
7.642616443336010257e-02
7.644135095179080408e-02
7.638083696365356723e-02
7.640971764922141474e-02
7.634375840425491888e-02
7.643057927489280146e-02
7.638125978410244266e-02
7.641044035553931635e-02
7.636943086981773376e-02
7.634554095566273291e-02
7.635002769529819489e-02
7.633575163781643191e-02
7.635627277195453089e-02
7.634968720376492102e-02
7.642120458185672205e-02
7.631829567253589630e-02
7.631583660840987604e-02
7.632702924311160486e-02
7.631732597947120389e-02
7.630545757710933963e-02
7.631685398519039154e-02
7.633168809115886688e-02
7.628934867680073340e-02
7.630621641874313354e-02
7.627428136765956879e-02
7.634005099534987848e-02
7.626748979091643732e-02
7.632504254579544622e-02
7.626741901040076654e-02
7.626703381538391113e-02
7.624640651047229212e-02
7.624822780489921847e-02
7.624724879860877991e-02
7.625342160463333130e-02
7.623178362846375067e-02
7.623496241867541712e-02
7.622962668538094122e-02
7.623677290976046961e-02
7.622089125216006955e-02
7.622204795479774198e-02
7.622454389929771146e-02
7.621927857398987094e-02
7.622042223811149875e-02
7.621312662959098261e-02
7.623490020632743558e-02
7.622258700430392664e-02
7.621062621474265775e-02
7.620176933705806455e-02
7.621411159634590426e-02
7.619031593203544339e-02
7.619642056524753015e-02
7.620617263019084653e-02
7.620151452720165530e-02
7.620407268404960632e-02
7.619523406028747003e-02
7.618448734283447821e-02
7.617010809481143674e-02
7.619123309850692194e-02
7.617295272648334781e-02
7.616985477507114133e-02
7.616476491093635004e-02
7.614862509071826380e-02
7.618577107787131986e-02
7.616514749825001318e-02
7.614955678582191467e-02
7.617757618427276056e-02
7.615035884082317630e-02
7.615469545125960749e-02
7.614799179136752527e-02
7.614885345101356229e-02
7.614157348871231079e-02
7.614268586039543707e-02
7.615064606070517939e-02
7.613517232239246091e-02
7.612897790968417566e-02
7.613230496644973755e-02
7.615766264498233240e-02
7.612043283879757483e-02
7.612485513091087064e-02
7.611680403351783752e-02
7.613678015768528262e-02
7.611653804779053289e-02
7.611837722361088077e-02
7.611116841435432157e-02
7.610494829714298248e-02
7.610397115349769315e-02
7.609391100704669675e-02
7.611102983355522156e-02
7.609205432236194888e-02
7.608853206038475314e-02
7.609191946685314734e-02
7.608343176543712338e-02
7.608447521924972812e-02
7.610241472721099298e-02
7.608275264501571100e-02
7.608216814696788788e-02
7.610106989741324823e-02
7.611565813422202509e-02
7.607844881713390905e-02
7.606245316565037051e-02
7.606213204562664587e-02
7.608955428004264554e-02
7.606658786535262784e-02
7.604585438966751654e-02
7.606533579528332312e-02
7.606892921030521115e-02
7.605876475572585782e-02
7.605092041194438934e-02
7.604433670639991483e-02
7.610903419554233829e-02
7.603636831045150479e-02
7.603149786591530124e-02
7.605683207511901300e-02
7.603478617966175079e-02
7.606687620282173712e-02
7.604066953063011447e-02
7.602931447327136716e-02
7.602197937667369565e-02
7.601550668478011807e-02
7.601476497948170263e-02
7.601561248302460272e-02
7.601712271571159363e-02
7.600574009120464325e-02
7.601403519511222562e-02
7.599403858184813898e-02
7.599290348589420041e-02
7.601079344749450684e-02
7.599240429699420651e-02
7.599176168441772183e-02
