1.426087804138660431e-01
7.428530901670456210e-02
6.221537664532661438e-02
5.466591604053974013e-02
4.211061485111713271e-02
3.512932304292917113e-02
2.745847422629594733e-02
2.691367128863930702e-02
2.409444935619831085e-02
2.362036108970642229e-02
2.464440492913127015e-02
2.207416705787181715e-02
2.104146806523203919e-02
2.032851502299308846e-02
2.090164218097925047e-02
2.046100953593850066e-02
2.066202582791447709e-02
2.201515790075063775e-02
2.136323135346174240e-02
2.041887128725648065e-02
1.988443173468112946e-02
1.895086560398340225e-02
1.869881879538297723e-02
1.820715991780161996e-02
1.806161692366003990e-02
1.799993338063359330e-02
1.706464262679219246e-02
1.833267314359545569e-02
1.762134460732340743e-02
1.798162274062633376e-02
1.929565919563174317e-02
1.888028886169195245e-02
1.775801647454500198e-02
1.542587950825691223e-02
1.447395933791995049e-02
1.419336237013340066e-02
1.328086284920573269e-02
1.233620303682982956e-02
1.127907689660787548e-02
9.845943422988057137e-03
8.283301908522843621e-03
6.668627727776765823e-03
6.647045654244720762e-03
5.060421884991228580e-03
4.722348903305828918e-03
4.458323959261179317e-03
4.484705976210534573e-03
4.152569989673793489e-03
3.685419517569244081e-03
3.439036034978926355e-03
3.378339833579957398e-03
3.201574576087295922e-03
2.997201879043132240e-03
3.083185170544311317e-03
2.948297583498060530e-03
2.829568379092961636e-03
2.855594514403492386e-03
2.813319570850581104e-03
2.888756035827100103e-03
2.770365460310131485e-03
2.959250012645498005e-03
2.563301636837422674e-03
2.638527564704418096e-03
3.176462836563587189e-03
4.159731301479041229e-03
3.193438844755292026e-03
2.921901084482669744e-03
3.354634321294724768e-03
3.558866307139396754e-03
2.896019141189754009e-03
2.772487257607281121e-03
2.680662798229605133e-03
2.991303708404302510e-03
2.790097577963024291e-03
2.680720598436892206e-03
2.823912276653572917e-03
2.597972867079079151e-03
2.403246914036572066e-03
2.409005363006144762e-03
2.759287669323384935e-03
2.472222445067018444e-03
2.416078769601881678e-03
2.555062843021005305e-03
2.371764671988785093e-03
2.371384098660200921e-03
2.424473909195512620e-03
2.330589550547301856e-03
2.362023293972015554e-03
2.476638922234997327e-03
2.472468325868248853e-03
2.410595648689195427e-03
2.165842871181667025e-03
2.248265536036342209e-03
2.233465667814016342e-03
2.069456857861951080e-03
2.326565783005207604e-03
2.697329130023717967e-03
2.581483637914061720e-03
2.512587490491568955e-03
2.908592706080526287e-03
2.617161220405250701e-03
2.362461516167968338e-03
3.007242851890623396e-03
2.248765534022823150e-03
2.358807116979733283e-03
2.304429817013442343e-03
2.496423473348841245e-03
2.183321892516687512e-03
2.337534900289028710e-03
2.273569256067275914e-03
2.164175838697701519e-03
2.166739827953278845e-03
2.050192392198368994e-03
2.007813772070221776e-03
2.035854535643011418e-03
2.017980028176680121e-03
2.073764894157648173e-03
2.026044460944831198e-03
1.968434150330722505e-03
2.003830327885225328e-03
1.973721524700522510e-03
2.097605413291603414e-03
1.969059166731312784e-03
1.997928076889365911e-03
1.864493434550240679e-03
1.992898347089067015e-03
1.921653113095089880e-03
1.909461151808500333e-03
1.937518501654267224e-03
1.909120538039133039e-03
1.870842080097645478e-03
1.927732175681740132e-03
1.921216299524530725e-03
2.083452668739482587e-03
2.003235922893509355e-03
2.421889046672731638e-03
2.139457967132329941e-03
2.694655256345867937e-03
2.130153996404260397e-03
1.859152381075546102e-03
1.882286038016900333e-03
1.902943209279328498e-03
1.948951144004240589e-03
1.987645984627306461e-03
1.920771837467327627e-03
1.866129273548722311e-03
1.771994587033987002e-03
1.772348157828673720e-03
1.798694045282900247e-03
1.808957022149115801e-03
1.771743758581578732e-03
1.809525137650780293e-03
1.807057380210608157e-03
1.779831142630428032e-03
1.770734065212309447e-03
1.749698084313422398e-03
1.721715580788440959e-03
1.695245906012132677e-03
1.701272407080978068e-03
1.692888262914493593e-03
1.728503539925441103e-03
1.678028347669169307e-03
1.827497419435530988e-03
1.903206459246575832e-03
1.847563486080616713e-03
1.936141040641814514e-03
2.195652201771736232e-03
2.135047968477010553e-03
2.103265080950223083e-03
1.724750897847116037e-03
1.679688366129994306e-03
1.752362394472584085e-03
1.712732156738638791e-03
1.994673756416887218e-03
1.783932041143998590e-03
1.692869333783164577e-03
1.716998626943677707e-03
1.687850849702954336e-03
1.683765446068719116e-03
1.608315750490874009e-03
1.547372032655403105e-03
1.658898795722052498e-03
1.572091769776307003e-03
1.602698198985308322e-03
1.555687241489067717e-03
1.527300808811560360e-03
1.598925149301066908e-03
1.528246398083865599e-03
1.518227410269901200e-03
1.570323627674952149e-03
1.582690511713735716e-03
1.445262343622744083e-03
1.552491245092824101e-03
1.507870369823649482e-03
1.503928517922759013e-03
1.545392314437776847e-03
1.719587022671476093e-03
1.489857840351760431e-03
1.440695906057953791e-03
1.500180154107511087e-03
1.422892516711726828e-03
1.514949311967939138e-03
1.381579443113878456e-03
1.512316794833168344e-03
1.380605431040748910e-03
1.375866710441187111e-03
1.427377248182892713e-03
1.395180507097393361e-03
1.463696785503998442e-03
1.368959987303242087e-03
1.453596912324428602e-03
1.345874529215507296e-03
1.445654442068189339e-03
1.411418960196897474e-03
1.375170540995895863e-03
1.542260457063093695e-03
1.392634789226576686e-03
1.364316960098221811e-03
1.382993493461981459e-03
1.299855817342176947e-03
1.366120073362253520e-03
1.392612274503335313e-03
1.350577361881732854e-03
1.342994597507640719e-03
1.422971140709705694e-03
1.274893159279599742e-03
1.314532608375884593e-03
1.279705029446631670e-03
1.294651528587564739e-03
1.252958219265565320e-03
1.409446090110577600e-03
1.290541811613366008e-03
1.244960463372990402e-03
1.234982497408054769e-03
1.355900382623076396e-03
1.364990079309791327e-03
1.344496657839044885e-03
1.414554088842123704e-03
1.275075573357753499e-03
1.239534927299246105e-03
1.258897918160073503e-03
1.235836054547689855e-03
1.267630013171583457e-03
1.235709962202236056e-03
1.270823582308366808e-03
1.242098244256340054e-03
1.215514034265652386e-03
1.188099550199695018e-03
1.213957590516656724e-03
1.207117515150457621e-03
1.164237316697835966e-03
1.197125416365452154e-03
1.152456161798909393e-03
1.177829314838163598e-03
1.154016508371569130e-03
1.184057097998447760e-03
1.158107945229858160e-03
1.224494574125856248e-03
1.160908699966967193e-03
1.135808322578668508e-03
1.108771486906334845e-03
1.159407498198561284e-03
1.091927045490592761e-03
1.169803441734984604e-03
1.133185243816114962e-03
1.114848529687151226e-03
1.103913891711272299e-03
1.133650759584270418e-03
1.208407798549160275e-03
1.102005684515461326e-03
1.112037844723090486e-03
1.111927616875618696e-03
1.071660924935713410e-03
1.071459797094575974e-03
1.114242122275754723e-03
1.039159027277491900e-03
1.112154801376163960e-03
1.089359782054089053e-03
1.069639454362913879e-03
1.098627131432294759e-03
1.174535916652530345e-03
1.044736610492691441e-03
1.089756944566033781e-03
1.059906186128500849e-03
1.057678600773215294e-03
1.053476176457479509e-03
1.010732463328167796e-03
1.067517357296310409e-03
1.055597377126105216e-03
9.837013611104338928e-04
1.054203810053877576e-03
1.154488621978089213e-03
1.014101790497079578e-03
1.081510586664080533e-03
1.008699834346771197e-03
1.000076488708145916e-03
1.028354547452181664e-03
9.802929591387510733e-04
9.553487412631511905e-04
9.698920999653637626e-04
9.548196452669799111e-04
9.920638432959095077e-04
9.469026816077529950e-04
9.390712773893028064e-04
9.584023559000342867e-04
9.424622578080743985e-04
9.770423755981027646e-04
9.471034572925418615e-04
9.315901901572942517e-04
9.542420724756084166e-04
9.444009774597361684e-04
9.501392632955685258e-04
9.142320719547569969e-04
9.311392277595587075e-04
9.485751856118440411e-04
9.563660074491054036e-04
9.485871094511821432e-04
9.685021475888788266e-04
9.227230097167193673e-04
9.747530944878235676e-04
9.786473470740019408e-04
9.176252409815788052e-04
9.557391444104723415e-04
8.733920229133218093e-04
9.218034654622897072e-04
9.387942962348460717e-04
8.964692591689526818e-04
9.277171659050509767e-04
8.798227092484012680e-04
9.484675683779641986e-04
8.862488233717158220e-04
9.700186405098065517e-04
8.613737503765150688e-04
9.542930289171636321e-04
8.918534789700060866e-04
9.061645163455977819e-04
8.782076009083538814e-04
8.767148014158010266e-04
9.139641537331044457e-04
8.669885181006975038e-04
9.274016309063881202e-04
8.682950909133068784e-04
9.540223603835329197e-04
8.402143575949594378e-04
9.168756310828030326e-04
8.678653102833777666e-04
8.973333882750011764e-04
8.276881548226810775e-04
8.941103209508582733e-04
8.790529420366511183e-04
8.790039617451838715e-04
8.720001220353879251e-04
8.541465911548584266e-04
8.559059962863102989e-04
8.761137520195916512e-04
8.752401161473243995e-04
8.578083245083690123e-04
8.544060416170396128e-04
8.574109931942075057e-04
8.629051735624670982e-04
8.923046872951090770e-04
9.097257163375616507e-04
8.804441575193777247e-04
9.311575500760227659e-04
8.851106947986408634e-04
8.821817362331784828e-04
8.839804475428536101e-04
8.372663258342071934e-04
8.392906485823914842e-04
8.661752828629687862e-04
8.160470111761242368e-04
8.500677446136251309e-04
8.457351010292768695e-04
8.509615377988666513e-04
8.447402346064336381e-04
8.712151917279698171e-04
8.295413921587168954e-04
8.404858206631615324e-04
8.206510334275663116e-04
8.428071480011567907e-04
8.056708640651777820e-04
8.402582694543525793e-04
8.514159067999571779e-04
8.063514469540677965e-04
8.658589329570531411e-04
8.007533178897574544e-04
8.646649686852470474e-04
7.730932295089588003e-04
8.764237863942980766e-04
7.780634914524853230e-04
8.789309678832069473e-04
7.768511859467253089e-04
8.425138687016442852e-04
7.743140187812969522e-04
8.058329010964370830e-04
8.611535522504709661e-04
7.808631198713555932e-04
8.276799810118973689e-04
7.654738728888332844e-04
8.619845582870766087e-04
7.624392877914942584e-04
8.286258904263377406e-04
7.822929153917356892e-04
7.880138407927006049e-04
7.920748001197352572e-04
7.720001332927495675e-04
8.141369529766961715e-04
7.787095993990079002e-04
7.854558440158143856e-04
7.937006012070924044e-04
7.792691409122199037e-04
7.714882172876969197e-04
7.836589269572868726e-04
7.851395872421562889e-04
7.888444844866171913e-04
8.202273020287975669e-04
7.536371325841173313e-04
8.281042973976582289e-04
7.649873703485354347e-04
7.962497751577757082e-04
7.795702549628913403e-04
7.498253762605600059e-04
7.960871036630124287e-04
7.625835860380902886e-04
7.715107989497482560e-04
7.846762964618392289e-04
7.612779532792046883e-04
7.860407873522490480e-04
7.551820832304656722e-04
7.863961742259562232e-04
7.599697739351541238e-04
7.590483612148091631e-04
7.721164700342341824e-04
7.673718122532591007e-04
7.557260367320850058e-04
7.759052488836460249e-04
7.705089257797226743e-04
7.552154333097860000e-04
7.674413122003897808e-04
7.565519161289557381e-04
7.601265184348449328e-04
7.605036415043286546e-04
7.961359166074544408e-04
7.533866810263134539e-04
7.691610677284188785e-04
7.473638106603175402e-04
7.640537107363343673e-04
7.645735429832711382e-04
7.567319669760763211e-04
7.602385245263576724e-04
7.665846991585567377e-04
7.680988695938139937e-04
7.322448684135452347e-04
7.767646558932029145e-04
7.482373679522424719e-04
7.519693434005602761e-04
7.612954417709260962e-04
7.537110985140315755e-04
7.459255197318270586e-04
7.537332188803702376e-04
7.555338626843877570e-04
7.541427505202591853e-04
7.433983322698622725e-04
7.514484022976830602e-04
7.531059978646226444e-04
7.262194762006401799e-04
7.601478981086983843e-04
7.230091039673424824e-04
7.811692950781435208e-04
7.664331817068160014e-04
7.712318853009492376e-04
7.311644149012863636e-04
7.534350123023613854e-04
7.316367526073008342e-04
7.410143385641277053e-04
7.416210341034456871e-04
7.374084671027958393e-04
7.288380307727493563e-04
7.463679896318354146e-04
7.299670891370624087e-04
7.760367821902036884e-04
7.413087325403467254e-04
7.473781530279666402e-04
7.486410293495282097e-04
7.079827890265732570e-04
7.696399930864572742e-04
7.147898839320987029e-04
7.377167348749935627e-04
7.295375151443294747e-04
7.530944261816330037e-04
7.431308127706870654e-04
7.577772223157808618e-04
7.209413102827966430e-04
7.271625829162076549e-04
7.242617197334766171e-04
7.063820929033681317e-04
7.265494175953790112e-04
7.303653459530323527e-04
7.074185210512951233e-04
7.415393833070993207e-04
7.304600207135081074e-04
7.022001518635079265e-04
7.185103982919827320e-04
7.313026115298270746e-04
6.987803993979468725e-04
7.277949989656917751e-04
7.198513572802767374e-04
7.090044411597773866e-04
7.125312287826091485e-04
7.189397001639008522e-04
7.158160209655761502e-04
7.167664385633543351e-04
7.101613242411986210e-04
7.105941156623884602e-04
7.106486300472170115e-04
7.153550686780363321e-04
7.069630359183065376e-04
7.145179159124381407e-04
7.076154433889314532e-04
7.247843735967762551e-04
7.056823815219104290e-04
7.077302580000832677e-04
7.116334381862543523e-04
7.068935505230910859e-04
7.102693634806200862e-04
7.112601539120078304e-04
7.037082017632201097e-04
7.044603698886930943e-04
7.121552305761724277e-04
7.065795318339951770e-04
7.183074325439519963e-04
7.072743304888717613e-04
7.096657529473305182e-04
7.022421705187298357e-04
7.045733669656329074e-04
7.057172391796484373e-04
7.082647658535279550e-04
6.986444728681817868e-04
7.023668673355132558e-04
7.076776862959377034e-04
7.056748785544186614e-04
6.982921375310979350e-04
6.976363307330757596e-04
7.045449674478732049e-04
7.050220519886352122e-04
6.895456317579373717e-04
7.075361107126809223e-04
7.053031135001219592e-04
6.980560836382209821e-04
6.945873668882995627e-04
7.150991616072133617e-04
6.873709193314425430e-04
7.075777815771288953e-04
7.064684148645028038e-04
7.087899648468010128e-04
6.875440012663602829e-04
7.035806702333502471e-04
7.048890634905547120e-04
6.997966382186859412e-04
6.810862556449137845e-04
7.040449039777740619e-04
6.941548825125209553e-04
6.918502360349521475e-04
6.972635121201165454e-04
6.900363019667566039e-04
6.956884448300115547e-04
6.936262361705303192e-04
6.960310245631262226e-04
6.930991585250012577e-04
7.036533119389787099e-04
7.024579143035225137e-04
6.855756262666545375e-04
7.056456917780451910e-04
6.878447849885561006e-04
6.828136858530343013e-04
6.934692792128771544e-04
6.898425272083841264e-04
6.811713305069133422e-04
6.897788320202380202e-04
6.857431842945515676e-04
6.857821004814468541e-04
7.022277073701843836e-04
6.782599870348348997e-04
6.805995275499298952e-04
6.857781874714419679e-04
6.771762695279903493e-04
6.918086495716124556e-04
6.797640715376473530e-04
6.982582417549565434e-04
6.798241214710287533e-04
6.879054912133142135e-04
6.853559199953452186e-04
6.912815661053173244e-04
6.664419939625077166e-04
6.955049422685988681e-04
6.768366045434958799e-04
6.706188825774006979e-04
6.934584409464151101e-04
6.764536796254105649e-04
6.699548859614879327e-04
6.808322243159637289e-04
6.778293565730564730e-04
6.741796212736516757e-04
6.824145792052149339e-04
6.788701983168720765e-04
6.712468588375486217e-04
6.790405517676844976e-04
6.753245936124586003e-04
6.765364669263362885e-04
6.808780439314432225e-04
6.739924865541979671e-04
6.742430108715779863e-04
6.766750884708017111e-04
6.796626315917819522e-04
6.795029534259810827e-04
6.704928251565434255e-04
6.743573787389323549e-04
6.786431666114367111e-04
6.756885311915538771e-04
6.713560112984850569e-04
6.661168634309432967e-04
6.769125524442642710e-04
6.860849302029236934e-04
6.754081114195287228e-04
6.687340413918718479e-04
6.771594489691779017e-04
6.708599947160109444e-04
6.710616842610761090e-04
6.717104464769363186e-04
6.719001132296398716e-04
6.760527612641453743e-04
6.674296397250145891e-04
6.640645238803699829e-04
6.706562839099205814e-04
6.740428754710592763e-04
6.727259067702106698e-04
6.688362220302224593e-04
6.661173756583593786e-04
6.718430784530937238e-04
6.669713504379615621e-04
6.697421325952745757e-04
6.710920206387527287e-04
6.652134165051392994e-04
6.745544509612954936e-04
6.692298891721292897e-04
6.653300253674388366e-04
6.628582268604077399e-04
6.701243226416408582e-04
6.714660121360793710e-04
6.695636911899782717e-04
6.677171855699271181e-04
6.693164963508024595e-04
6.648880051216110153e-04
6.631988726439885795e-04
6.662448096903972761e-04
6.663151434622704983e-04
6.610032971366309063e-04
6.712969436193816797e-04
6.681659680907614963e-04
6.656894562183879533e-04
6.673724070424214222e-04
6.585145616554655352e-04
6.606227965676225505e-04
6.631156080402434089e-04
6.626944639720022245e-04
6.671980459941551306e-04
6.688813387881964662e-04
6.581299312529154122e-04
6.595477054361254411e-04
6.628022878430783532e-04
6.581559166079387502e-04
6.658896934823132618e-04
6.685956483124755540e-04
6.566761163412593522e-04
6.573522667167707844e-04
6.602445311727934019e-04
6.564509414602071481e-04
6.613865669351070686e-04
6.619027888518757684e-04
6.594372476683929779e-04
6.614046258619054718e-04
6.570088240550831177e-04
6.543289506225846925e-04
6.569685894646682279e-04
6.657825200818478844e-04
6.585928436834365346e-04
6.558916895301081674e-04
6.590763456188142516e-04
6.559688248671591065e-04
6.484697398263961510e-04
6.626592890825122812e-04
6.638505365117453039e-04
6.531243692734278522e-04
6.488481070846318982e-04
6.523937656311318712e-04
6.651279341895133474e-04
6.543093259097076952e-04
6.547783952555619614e-04
6.487909602583385570e-04
6.588202144484966776e-04
6.566853189724497497e-04
6.563140646903775849e-04
6.514958105981350379e-04
6.517474510474130078e-04
6.552725724759511216e-04
6.563703107531182034e-04
6.523315794765948816e-04
6.483186210971325419e-04
6.526236567879096107e-04
6.537402150570414960e-04
6.549027311848476529e-04
6.555431355081964284e-04
6.512542735435999713e-04
6.496361529571004212e-04
6.530448328703642325e-04
6.477446819189936139e-04
6.543203198816627264e-04
6.581329740583896854e-04
6.503648386569693468e-04
6.450055821915157356e-04
6.483329416369087994e-04
6.514550230349413617e-04
6.541915819980204539e-04
6.607930059544742324e-04
6.492466796771623411e-04
6.466674443800002120e-04
6.461445605964400091e-04
6.476492839283309660e-04
6.599874031962826848e-04
6.529426711495034830e-04
6.426771884434856691e-04
6.503793629235588014e-04
6.517699192045256062e-04
6.520763825392350121e-04
6.481991898908745281e-04
6.461868921178393283e-04
6.515604618471115828e-04
6.473375935456715958e-04
6.467696162872016647e-04
6.496049696579575755e-04
6.481119344243779778e-04
6.474265086580998979e-04
6.503712356789037585e-04
6.462700810516252680e-04
6.442111480282619596e-04
6.484511541202664375e-04
6.529810372740030722e-04
6.480707583250477693e-04
6.440087599912658334e-04
6.463267331128008447e-04
6.488509839982725897e-04
6.462377146817743995e-04
6.475306377978995659e-04
6.457727911765686734e-04
6.463916390202939944e-04
6.484043959062546058e-04
6.461863667936995625e-04
6.423798418836668351e-04
6.437078511225991385e-04
6.499786381027661047e-04
6.496469402918591662e-04
6.437279866077005646e-04
6.418187549570575356e-04
6.438198615796864033e-04
6.424434017390012524e-04
6.441926627303474085e-04
6.448157044360413714e-04
6.430503053707070649e-04
6.460418138885870359e-04
6.453920272178947709e-04
6.366189802065492110e-04
6.462414734414778433e-04
6.495433262898586690e-04
6.461682642111554742e-04
6.435256822442170016e-04
6.445097242249175906e-04
6.426463020034134605e-04
6.393649135134182437e-04
6.391731047187931402e-04
6.464884179877116843e-04
6.447004052461124957e-04
6.394994925358332694e-04
6.428602486266754351e-04
6.427243250072933300e-04
6.388334702933206721e-04
6.453579262597486377e-04
6.440656594350002923e-04
6.406016429536976354e-04
6.365530687617137594e-04
6.381083730957470834e-04
6.386757537256926515e-04
6.399017613148317175e-04
6.395625561708584862e-04
6.413939787307754376e-04
6.398557772627100782e-04
6.406611704733222506e-04
6.385161163052543781e-04
6.410522561054676988e-04
6.431614805478602431e-04
6.392737413989380002e-04
6.373858646838925996e-04
6.422236707294360020e-04
6.392105336999520443e-04
6.356342564686201513e-04
6.382196384947747209e-04
6.398540383088402884e-04
6.377372366841882901e-04
6.369702488882467584e-04
6.376361387083306475e-04
6.368235553964041173e-04
6.368186572217382274e-04
6.390611088136211038e-04
6.401136328349821053e-04
6.363923486787826257e-04
6.396993296220899062e-04
6.389705449691973627e-04
6.363093838444910727e-04
6.362303101923316717e-04
6.381958999554626210e-04
6.373075128067284389e-04
6.374182179570197842e-04
6.365429740981199064e-04
6.362384054227731688e-04
6.373470678227022290e-04
6.365599896525963924e-04
6.392440482159145176e-04
6.391536589944735169e-04
6.356571655487641258e-04
6.354839628329500339e-04
6.378540521836840050e-04
6.394889060175046325e-04
6.355262230499647558e-04
6.344889377942308350e-04
6.352126423735171340e-04
6.366346293361857750e-04
6.392806870280764563e-04
6.345228721329476684e-04
6.331405093078501523e-04
6.368606598698533638e-04
6.382775536621920764e-04
6.335495520033874051e-04
6.351684045512228987e-04
6.381112863891758458e-04
6.356788144330494106e-04
6.325386129901744425e-04
6.332104050670750873e-04
6.362589541822671673e-04
6.364557950291783051e-04
6.359889404848218398e-04
6.344372639432549043e-04
6.348602662910706861e-04
6.356332334689796405e-04
6.351918214932084300e-04
6.315675113000906787e-04
6.325778958853334188e-04
6.357151039992458685e-04
6.358719008858315213e-04
6.325250520603731491e-04
6.307416799245402651e-04
6.332925462629645846e-04
6.325936672510578795e-04
6.329841591650620537e-04
6.350481373374350803e-04
6.370919334585777982e-04
6.342405744362622283e-04
6.303048547124489708e-04
6.323890760540962002e-04
6.342703578411601701e-04
6.332331686280667782e-04
6.340813037240877531e-04
6.339110957924276157e-04
6.355737845296971283e-04
6.349042756482959010e-04
6.318206156720407524e-04
6.324479065369815068e-04
6.317145947832613967e-04
6.304815789917484360e-04
6.316008613794111149e-04
6.349435861920937896e-04
6.355486038955859840e-04
6.317307808785699742e-04
6.304322043433785872e-04
6.310310709523037076e-04
6.333362878649495108e-04
6.311576289590448141e-04
6.324152403976768038e-04
6.309815391432494359e-04
6.297423489741050141e-04
6.308405150775797882e-04
6.301804736722260497e-04
6.303220434347167611e-04
6.322240718873217485e-04
6.306805000349414037e-04
6.302386056631803946e-04
6.300290435319766836e-04
6.306314491666853862e-04
6.317804363789036870e-04
6.305089220404625373e-04
6.302700116066261909e-04
6.317626975942403078e-04
6.313835394394118773e-04
6.305959046585485556e-04
6.293310420005582056e-04
6.295294864685274444e-04
6.307619900326244316e-04
6.301266708760522523e-04
6.304300302872433825e-04
6.305017945123836181e-04
6.301080429693683982e-04
6.290663572144694409e-04
6.287040727329440198e-04
6.293052691034972234e-04
6.297028987319209115e-04
6.284541348577476604e-04
6.289560842560604215e-04
6.299245811533183076e-04
6.316574013908393898e-04
6.324157293420284986e-04
6.297382089542225437e-04
6.276343512581661777e-04
6.284344461164436801e-04
6.288973891059868038e-04
6.286575808189809322e-04
6.287157346378080113e-04
6.285404255322646133e-04
6.283718568738550381e-04
6.290346951573156037e-04
6.292803853284567161e-04
6.293233018368482590e-04
6.284599556238390072e-04
6.287995638558641076e-04
6.285924420808442371e-04
6.281071313424035690e-04
6.282983376877382398e-04
6.289118580752983256e-04
6.293202110100537755e-04
6.281019275775178833e-04
6.276752799749373956e-04
6.301775894826278524e-04
6.287080992478877523e-04
6.281713518546894410e-04
6.288969409069978134e-04
6.294629332842305086e-04
6.282682486926205023e-04
6.272041035117581053e-04
6.269852630794048743e-04
6.270847457926720598e-04
6.286522795562632816e-04
6.279268171056173308e-04
6.268768716836348393e-04
6.273406121181324341e-04
6.275816602283156975e-04
6.281744674197398560e-04
6.272608181461692290e-04
6.266834374400786839e-04
6.282606133027002432e-04
6.282411297434010045e-04
6.275269523030146523e-04
6.273154445807449736e-04
6.277858657995239334e-04
6.283537790295667729e-04
6.278569664573297338e-04
6.269554156460799494e-04
6.267515564104542136e-04
6.277381005929782553e-04
6.284198447247035585e-04
6.261554895900190093e-04
6.263266084715723558e-04
6.275856416323222003e-04
6.261480768444017009e-04
6.256312604818959006e-04
6.256969354581087828e-04
6.276469561271369240e-04
6.288994321948848448e-04
6.277720851358026700e-04
6.259219910134561794e-04
6.247487821383401535e-04
6.251183600397780754e-04
6.256957596633583741e-04
6.257542088860645457e-04
6.287963304203003211e-04
6.281319321715273397e-04
6.259542555199004493e-04
6.243015275686047538e-04
6.246125456527806385e-04
6.274027866311371760e-04
6.280514469835906787e-04
6.263067742111160918e-04
6.252711318666115403e-04
6.256966749788262167e-04
6.249184589250944555e-04
6.254316336708143570e-04
6.253034618566744463e-04
6.250680133234709068e-04
6.256755346839782067e-04
6.250352336792275743e-04
6.260187481530010267e-04
6.255859610973857126e-04
6.250833219382911487e-04
6.243581636226735575e-04
