7.485145578781764175e-02
5.816596746444702148e-02
5.208696673313776421e-02
4.281619439522425102e-02
3.468868943552175926e-02
2.764045633375644684e-02
2.200127827624480045e-02
2.326590257386366642e-02
2.065720967948436737e-02
2.819385255376498020e-02
2.207357995212078094e-02
1.844476380695899212e-02
1.843497095008691036e-02
1.770765210191408909e-02
2.074466273188591003e-02
1.918832336862881863e-02
1.691046450287103653e-02
2.056248175601164616e-02
2.120995242148637772e-02
1.848657863835493839e-02
1.723661739379167557e-02
1.729752961546182632e-02
1.689903407047192371e-02
1.767978506783644474e-02
1.662362925708293915e-02
1.681204388538996494e-02
1.996370901664097988e-02
1.539054854462544066e-02
1.475835467378298384e-02
2.003150060772895813e-02
1.813616696745157242e-02
1.819557044655084610e-02
1.447447203099727631e-02
1.440225603679815870e-02
1.298171809564034086e-02
1.351149535427490812e-02
1.161525646845499617e-02
1.193506736308336258e-02
1.111333475758632082e-02
9.065278029690185604e-03
7.394188549369573593e-03
5.889668284604947061e-03
7.350532958904902429e-03
4.257402770842115373e-03
3.657743489990631595e-03
5.939184688031673431e-03
2.567749198836585030e-03
5.372197832912206650e-03
2.766518387943506241e-03
4.041645443066954613e-03
2.624117420054972172e-03
3.761246024320522800e-03
3.971647781630356817e-03
3.342683194205164909e-03
3.511783201247453690e-03
3.827904894327124104e-03
3.866785904392600060e-03
2.950803454344471440e-03
3.185317618772387505e-03
2.934008914356430516e-03
3.244817567368348584e-03
3.003165979559222713e-03
3.169202090551455960e-03
3.861306933686137199e-03
4.671408561989665031e-03
2.849908778443932533e-03
3.691103775054216385e-03
2.580259849006930842e-03
3.999684316416581183e-03
3.481415100395679474e-03
3.481295852301021562e-03
2.860273971843222632e-03
2.914182996998230472e-03
3.315219966073831067e-03
2.944563437874118342e-03
3.530501698454221234e-03
3.035137041782339559e-03
2.762465543734530463e-03
2.717952399204174533e-03
2.280185542379816518e-03
2.894126228056848049e-03
2.824480567748347774e-03
2.879082341678440571e-03
3.544353724767764554e-03
2.949143837516506658e-03
2.508340403437614441e-03
3.804785199463367462e-03
3.940916464974482565e-03
3.497014908740917697e-03
2.767774897317091479e-03
3.233078168705105782e-03
3.398686336974302783e-03
2.419076743535697460e-03
2.719367582661410317e-03
3.452607663348317146e-03
3.156348519648114696e-03
2.104259949798385158e-03
2.785820863209664822e-03
3.840735570217172160e-03
4.208530144145091086e-03
3.136453451588749886e-03
3.617203483978907123e-03
2.399057305107513919e-03
3.074050337697068706e-03
3.575782252786060319e-03
2.342886989936232567e-03
3.307548778442045197e-03
2.996073570102453232e-03
2.577333245426416397e-03
3.735170389215151324e-03
3.264417561391989245e-03
2.724080036083857074e-03
2.874564457063873753e-03
2.700874232687056065e-03
2.729466029753287778e-03
2.817084081470966339e-03
2.963404947270949826e-03
2.933096916725238309e-03
3.527231359233458981e-03
2.823108884816368565e-03
2.496966083223620906e-03
2.873011166229844093e-03
3.287864072869221225e-03
2.576305298134684563e-03
3.139264804000655665e-03
2.391859772615134716e-03
3.135070825616518512e-03
3.324022361387809262e-03
2.498647508521874890e-03
3.268287749961018562e-03
3.071673602486650004e-03
2.509424385304252162e-03
2.258704742416739464e-03
3.943299797053138704e-03
2.918485552072525024e-03
3.010022609184185519e-03
3.247437610601385579e-03
2.706283897471924767e-03
3.085455973632633686e-03
2.349700351866582885e-03
3.354706102982163429e-03
3.382572050516804204e-03
2.329685414830843463e-03
3.010124123344818606e-03
3.147535879785815730e-03
2.737064457808931813e-03
2.536833713141580567e-03
2.992819684247175708e-03
3.085161016012231364e-03
3.109039350723227010e-03
2.933661686256527901e-03
2.702618949115276337e-03
2.425253313655654445e-03
2.222973135455200925e-03
2.883601894912620530e-03
3.146103350445628166e-03
2.736778464168310165e-03
2.815313326815763965e-03
2.903264675599833474e-03
3.235886843564609542e-03
2.793785805503527179e-03
2.895738231018185616e-03
2.713820664212107658e-03
3.468264825642108917e-03
3.500471124425530434e-03
2.763040635424355521e-03
4.138858445609609575e-03
3.150725659603873744e-03
2.142231600979963794e-03
2.696134266443550587e-03
2.714289003051817417e-03
2.967210990997652068e-03
2.425022112826506152e-03
1.948546055549134738e-03
3.008205831671754375e-03
2.917272931275268540e-03
3.005925876398881421e-03
2.934673645844062314e-03
2.707938430830836296e-03
2.788452043508490071e-03
3.433364676311612129e-03
2.661124298659463868e-03
2.541070629376918077e-03
2.869813237339258194e-03
3.037738769004742160e-03
2.873918041586875916e-03
2.718741966721912370e-03
2.893163512150446429e-03
3.736724921812613950e-03
2.707901177927851677e-03
2.592199326803287015e-03
2.946313004940748215e-03
2.910938734809557452e-03
2.701474120840430260e-03
3.502360894344747066e-03
2.777509236087401853e-03
2.973803086206316948e-03
2.896831642525891318e-03
2.972040170182784543e-03
2.651081653311848640e-03
2.846741971249381557e-03
2.766875821786622062e-03
2.597821100304523959e-03
2.813213737681508064e-03
2.665292937308549881e-03
3.073075010130802646e-03
2.622047206386923790e-03
2.584848514137168870e-03
3.064500478406747327e-03
2.659308180833856120e-03
2.637804330637057767e-03
2.966301088842252746e-03
2.612520707771182060e-03
3.108006203547120094e-03
2.563201085043450341e-03
3.019916048894325748e-03
3.140147930632034793e-03
2.888296032324433327e-03
3.100466642839213357e-03
2.964314849426349149e-03
2.602166961878538132e-03
3.123929724097251892e-03
2.826105337589979172e-03
2.467500977218151093e-03
2.910279824088017001e-03
2.486331815210481629e-03
2.735446129615108028e-03
2.655311992081502929e-03
2.543070702813565731e-03
2.611007580223182693e-03
3.075904833773771777e-03
2.704203128814697266e-03
2.908285707235336304e-03
3.074258333072066307e-03
2.679445392762621388e-03
3.376011814301212773e-03
2.770934137515723705e-03
2.414688157538572803e-03
2.759776970682044969e-03
2.311463778217633710e-03
2.805744685853520885e-03
2.764481779498358712e-03
2.947912551462650299e-03
2.780907476941744342e-03
2.876263461075723171e-03
2.647403627634048462e-03
2.885807305574417114e-03
2.819065741884211555e-03
2.662469865754246712e-03
2.772330810936788573e-03
3.100974097227056966e-03
2.427552826702594757e-03
2.550641229997078433e-03
2.929686917923390865e-03
3.134878119453787804e-03
3.040052484720945358e-03
3.161061632757385716e-03
2.208272965314487472e-03
3.094823836969832435e-03
3.055450661728779330e-03
2.909892781948050008e-03
2.541466266848146915e-03
3.290525559956828609e-03
2.714275925730665669e-03
2.871072773511210933e-03
2.990625721092025294e-03
2.969636581838130951e-03
2.533284481614828110e-03
3.050561528652906418e-03
2.858455292880535126e-03
2.497879050982495294e-03
2.748899937917788968e-03
3.238328810160358891e-03
2.603771785895029559e-03
2.998925900707642093e-03
2.830108782897392764e-03
2.393811669511099801e-03
3.169520835702618108e-03
3.012590886404117093e-03
2.406196397108336434e-03
2.753458335064351559e-03
3.347383424018820271e-03
2.341859818746646390e-03
2.981492007772127643e-03
2.419632393866777420e-03
2.408791682682931423e-03
2.931648942952354894e-03
2.415119670331478119e-03
2.979899058118462563e-03
2.683494162435332790e-03
2.899040157596270099e-03
2.875376298713187232e-03
2.575820699955026164e-03
2.612445813914140210e-03
3.127627462769547954e-03
2.546587881321708217e-03
2.539080334827303886e-03
2.736382108802596583e-03
2.998022828251123428e-03
2.652975070911149039e-03
3.119229183842738614e-03
2.652068273164331913e-03
2.999655281503995404e-03
2.830070598671833530e-03
2.404963791680832848e-03
2.989883534610271454e-03
3.003501100465655327e-03
2.800798897321025386e-03
2.722923023005326734e-03
2.701556310057640076e-03
2.865805911521116748e-03
2.971799500907460704e-03
2.537557467197378621e-03
2.707012385750810161e-03
2.638872091968854413e-03
2.885672729462385178e-03
2.506084041669964790e-03
2.887582949673136220e-03
2.575365981707970157e-03
2.932127177094419942e-03
2.572393200049797549e-03
3.015765609840551868e-03
2.534152668279906259e-03
3.016188818340500340e-03
2.319196976410845771e-03
2.880294652034839139e-03
2.549878011147181048e-03
2.837391880651315198e-03
2.371681815323730454e-03
2.812264176706472888e-03
2.771826849008599773e-03
2.640654643376668439e-03
2.442799236935873971e-03
2.513164809594551578e-03
2.754683451106151090e-03
2.779281310116251454e-03
2.548317735393842206e-03
2.553302988720437035e-03
2.659063941488663211e-03
2.406056582306822286e-03
2.495699329301714897e-03
2.635989997846384988e-03
2.661597061281403050e-03
3.020544808047513023e-03
2.357697463594377041e-03
2.865178976207971573e-03
2.478953683748841286e-03
2.655319675492743507e-03
2.681733264277378573e-03
2.688062765325109019e-03
2.909630614643295751e-03
2.780515234917402267e-03
2.844351421420773015e-03
2.387995870473484054e-03
3.022275709857543454e-03
2.279468035946289554e-03
2.523903346930941091e-03
2.716699227069815144e-03
2.446219441480934620e-03
2.847787768890460477e-03
2.717894657204548373e-03
3.239219076931476593e-03
2.164129788676897540e-03
2.900260500609874725e-03
2.260768941293159976e-03
3.339833812788128853e-03
2.271679462864995003e-03
2.969663202141722188e-03
2.416964503936469555e-03
2.530943253077566624e-03
2.549490309320390224e-03
2.487141755409538746e-03
2.809147738541165843e-03
2.730668134366472707e-03
2.388226722056666865e-03
2.748666331171989441e-03
2.464128968616326795e-03
2.832400146871805191e-03
2.674989091853300586e-03
2.553352659257749572e-03
2.700250285367170825e-03
2.670974781115849957e-03
3.108310086342195525e-03
2.753055344025293841e-03
2.586833278958996282e-03
2.552459365688264370e-03
2.795769910638531194e-03
2.650200738571584225e-03
2.459739102050662041e-03
2.684391724566618457e-03
2.463385191125174508e-03
2.815547399222850800e-03
2.438770917554696546e-03
3.002624648312727466e-03
2.293444510238865867e-03
2.668124545986453548e-03
2.821457261840502277e-03
2.428612361351648822e-03
2.666257283029457078e-03
2.245222567580640316e-03
2.896343202640613065e-03
3.021907138948639378e-03
2.620716268817583575e-03
2.673425556470950589e-03
2.408346277661621571e-03
2.431802606830994144e-03
2.561248101604481683e-03
2.853969694115221500e-03
2.679063666922350869e-03
2.807356844035287843e-03
2.584842188904682651e-03
2.958914148621261120e-03
2.772193557272354617e-03
2.814137376844882965e-03
3.062594216316938400e-03
2.559760973478356853e-03
2.716947967807451739e-03
2.835275372490286827e-03
2.373892154234150901e-03
2.990453659246365085e-03
2.513938816264271736e-03
2.622500294819474220e-03
2.499027953793605313e-03
2.636767186534901605e-03
2.563061891123652458e-03
2.448036645849545941e-03
2.582417218945920467e-03
2.787263637098173156e-03
2.689453307539224625e-03
2.937838241147498145e-03
2.734530949965119362e-03
2.996551416193445668e-03
2.887196179168919578e-03
2.702597916747132793e-03
2.843143651261925697e-03
2.587933714191118732e-03
2.712923567742109299e-03
2.643439297874768720e-03
2.659802635510762677e-03
2.650243462994694710e-03
2.664536625767747417e-03
2.442311611957848072e-03
2.553880796767771244e-03
2.659832127392292023e-03
2.838003759582837567e-03
2.562756882980465889e-03
2.501172168801228061e-03
2.710210081810752406e-03
2.624657005071640015e-03
2.680881996639072895e-03
3.054570833531518922e-03
2.720089086020986095e-03
3.039910031172136321e-03
2.631978209440906987e-03
2.576134284026920795e-03
2.593380010997255788e-03
2.795626021300753102e-03
2.570153757308920369e-03
2.844115874419609561e-03
2.529093646444380283e-03
2.623356102655331149e-03
2.690855336065093532e-03
2.836879963676134601e-03
2.473775336208442702e-03
2.383386716246604919e-03
2.689606199661890521e-03
2.570184413343667984e-03
2.710071702798207745e-03
2.779578091576695442e-03
2.939174960677822575e-03
2.636948600411415100e-03
2.876216700921455875e-03
2.651695394888520241e-03
2.945440355688333511e-03
2.385805710218846798e-03
2.636257636671265111e-03
2.568887546658515930e-03
2.720676750565568461e-03
2.616460241066912665e-03
2.424190402962267399e-03
3.108189906924962997e-03
2.463371609337627888e-03
2.877005531142155185e-03
2.480385398181776061e-03
2.626605836364130035e-03
2.876228652894496918e-03
3.030555477986732974e-03
2.502784598618745804e-03
3.090463345870375633e-03
2.403314419401188836e-03
2.969972168405850873e-03
2.406638775331278787e-03
2.661685381705562129e-03
2.635822709028919682e-03
2.889385951372484222e-03
2.851147747909029469e-03
2.884669811464846134e-03
2.659201233958204732e-03
2.876282281552752004e-03
2.652688184753060341e-03
2.659184935813148961e-03
2.508477695907155528e-03
2.757072448730468750e-03
2.516496111638844013e-03
2.555029466748237610e-03
2.671263103062907710e-03
2.766419085673987865e-03
2.469363932808240399e-03
2.360176780105879054e-03
2.649122693886359677e-03
2.725017101814349637e-03
2.576172041396299853e-03
2.699202663886050239e-03
2.492140435303250804e-03
2.628379346181949124e-03
2.680004031086961284e-03
2.465882493803898349e-03
2.526919706724584103e-03
2.845466214542587743e-03
2.875466986248890414e-03
2.509755974945922837e-03
3.023541454846660152e-03
2.455420598077277198e-03
2.534810958119730010e-03
2.675714902579784393e-03
2.671848749741911888e-03
2.580127057929833875e-03
2.839472571698328004e-03
2.741231505448619380e-03
2.696333142618338122e-03
2.936802261198560252e-03
2.388188945284734025e-03
2.565117009604970470e-03
2.629079933588703618e-03
2.670710518335302815e-03
2.661503773803512111e-03
2.630435395985841751e-03
2.869205316528677940e-03
2.877227651576200976e-03
2.934504921237627521e-03
2.743870330353578076e-03
2.724114106968045235e-03
2.624722508092721448e-03
2.761457658683260426e-03
2.770153883223732457e-03
2.566349226981401443e-03
2.729515467459956660e-03
2.813949521320561423e-03
2.988464199006557465e-03
2.595504590620597348e-03
2.582662700054546342e-03
2.446096972562372684e-03
2.633310233553250775e-03
2.617001611118515477e-03
2.663579614212115750e-03
2.965273451991379261e-03
2.692147701357801900e-03
2.511497082499166474e-03
2.729594319437941060e-03
2.796025015413761139e-03
2.835536453252037511e-03
2.715179851899544253e-03
2.428344722526768699e-03
2.687326787660519137e-03
2.571397150556246295e-03
2.837994523967305675e-03
2.623950131237506866e-03
2.566421753726899624e-03
2.817025330538550868e-03
2.778945645938316836e-03
2.704057920103271947e-03
2.477884059771895409e-03
2.506757349086304650e-03
2.973351317147413745e-03
2.728753024712204933e-03
2.903890834810832992e-03
2.705243571350971713e-03
2.549303695559501648e-03
2.690961506838599696e-03
2.711654252683123097e-03
2.717886508132020488e-03
2.698563970625400543e-03
2.755660796537995338e-03
2.742808622618516431e-03
2.726535856102903829e-03
2.974534795309106364e-03
2.654209500178694725e-03
2.574260812252759933e-03
2.755088886866966739e-03
2.660642067591349139e-03
2.564147696830332279e-03
2.739931223914027214e-03
2.598765539005398750e-03
2.668549151470263944e-03
2.570752015647788987e-03
2.584291777263084903e-03
2.683733745167652621e-03
2.626505214720964432e-03
2.635200973600149155e-03
2.956880217728515611e-03
2.943045382077495112e-03
2.898059242094556346e-03
2.657555897409717097e-03
2.970827122529347882e-03
2.536929134900371089e-03
2.637634829928477750e-03
2.659267047420144081e-03
2.804198147108157620e-03
2.504556362206737056e-03
2.650772609437505260e-03
2.644330961629748344e-03
2.709708409383893013e-03
2.999602739388743892e-03
2.720176630342999950e-03
2.717862914626797185e-03
2.707365551032125950e-03
2.747370240588983045e-03
2.680990534524122729e-03
2.620758023113012314e-03
2.628344576805830002e-03
2.657946742450197682e-03
2.757182732845345988e-03
2.960633176068464770e-03
2.520051435567438602e-03
2.720439496139685168e-03
2.556753849300245299e-03
2.836518067245682225e-03
2.553182770498096943e-03
2.516285322296122565e-03
2.822260605171322823e-03
2.588606517141064153e-03
2.491518195408085837e-03
2.487868342238167777e-03
2.761606670295198903e-03
2.833376250540216908e-03
2.627252135425806046e-03
2.779266680590808392e-03
2.659089087198177829e-03
2.562359635097285256e-03
2.796284621581435204e-03
2.472648513503372669e-03
2.402121220560123668e-03
2.664580320318540082e-03
2.596686671798428044e-03
2.535194624215364456e-03
2.801617452253898129e-03
2.540871656189362063e-03
2.941846304262677684e-03
2.681560736770431056e-03
2.822373217592636600e-03
2.895129766936103358e-03
2.797464684893687711e-03
2.521729872872432218e-03
2.702203967298070445e-03
3.036062892836829171e-03
2.882920127982894435e-03
2.437649411149322987e-03
2.931397641077637672e-03
2.644506360714634404e-03
3.050137776881456375e-03
2.591885703926285252e-03
2.711841021664440632e-03
2.897277474403381348e-03
2.617412324373920903e-03
2.539274593194325910e-03
2.733697261040409551e-03
2.681556041352450848e-03
2.430825843475759029e-03
2.451118469859162822e-03
3.005269138763348117e-03
2.928458852693438530e-03
2.658653926725188747e-03
2.430340934855242715e-03
2.801296029550333962e-03
2.877978685622414098e-03
2.733922253052393451e-03
2.838600892573595047e-03
2.732718829065561295e-03
2.675691968761384487e-03
2.683670648063222423e-03
2.737332756320635333e-03
2.570819420119126782e-03
2.729121518010894313e-03
2.847908724409838662e-03
2.491882109704116836e-03
2.663082365567485347e-03
2.791000724149247155e-03
2.739581357066830144e-03
2.640606913094719396e-03
2.743629816298683629e-03
2.883099485188722610e-03
2.822547685354948044e-03
2.430200111120939255e-03
2.515745388033489242e-03
2.877839957363903522e-03
2.731710206717252731e-03
2.538568573072552681e-03
2.557877606401840701e-03
2.549451465408007159e-03
2.756969537585973740e-03
2.741189052661260114e-03
2.834311143184701457e-03
2.787173415223757281e-03
2.647516007224718585e-03
2.679126259560386195e-03
2.897821444397171483e-03
2.519897689732412353e-03
2.674892001474896922e-03
2.679392229765653610e-03
2.623589981036881461e-03
2.781927896042664990e-03
2.906451312204202161e-03
2.873662083099285617e-03
2.704490286608537183e-03
2.796961615482965961e-03
2.630103689928849683e-03
2.737092707927028194e-03
2.613304648548364639e-03
2.874912694096565247e-03
2.676463918760418892e-03
2.515034750103950500e-03
2.767510324095686421e-03
2.916473196819424629e-03
2.572103519923985004e-03
2.969904453493654728e-03
2.482087700627744198e-03
2.664654826124509320e-03
2.777856076136231422e-03
2.682957720632354274e-03
2.964435610920190811e-03
2.754625088224808230e-03
2.811635844409465790e-03
2.630766481161117554e-03
2.533612695212165370e-03
2.523237451290091023e-03
2.631524732957283511e-03
2.558387117460370064e-03
2.778486891960104451e-03
2.660388515020410075e-03
2.738650034492214665e-03
2.572835578272739902e-03
2.500622184015810490e-03
2.732621195415655627e-03
2.648431264484921947e-03
2.523035354291399465e-03
2.593995459998647227e-03
2.680052615081270680e-03
2.576997426028052821e-03
2.479663157525161758e-03
2.854138535136977687e-03
2.815597302590807424e-03
2.623302939658363805e-03
2.773830589527884975e-03
3.042823790262142673e-03
2.673246509705980763e-03
2.489587951761980996e-03
2.459963511986037240e-03
2.796740309956172958e-03
2.735440114823480592e-03
2.570523919227222457e-03
2.664003831644853101e-03
2.667798039813836560e-03
2.494103158824145794e-03
2.629645944883426175e-03
2.505472434374193206e-03
2.817721338942646980e-03
2.727404469624161720e-03
2.629331390683849797e-03
2.788553557669123158e-03
2.710490409905711665e-03
2.796993358060717583e-03
2.589368339007099614e-03
2.867101148391763225e-03
2.714822728497286782e-03
2.531379926949739456e-03
2.506642951630055904e-03
2.583622156331936374e-03
2.520132848682502761e-03
2.634438220411539078e-03
2.835352090187370777e-03
2.948866109363734722e-03
2.648222182566920772e-03
2.451969116615752235e-03
2.903154042238990321e-03
2.911727953081329808e-03
2.554513203601042285e-03
2.949009610650440202e-03
2.440645747507611766e-03
2.602495408306519046e-03
2.579532020414868846e-03
2.642790166040261731e-03
2.689506082485119357e-03
2.831012709066271782e-03
2.771940858413775906e-03
2.965310860114792838e-03
2.684616522553066268e-03
2.535180188715457916e-03
2.791331692909201131e-03
2.412646814870337501e-03
2.631386353944738851e-03
2.572307130321860313e-03
2.874799305573105812e-03
2.772287620852390781e-03
3.077551450890799508e-03
3.020644575978318706e-03
2.573563329254587636e-03
2.772999306519826398e-03
2.932420233264565468e-03
2.471566627112527833e-03
2.870925314103563771e-03
2.902573595444361224e-03
2.471851340184608951e-03
2.580417475352684512e-03
2.655208304834862695e-03
2.586617212121685491e-03
2.745526144281029701e-03
2.887885629509886250e-03
2.730336156673729420e-03
2.765633903133372321e-03
2.962375602995356069e-03
2.879977847139040485e-03
2.497722821620603547e-03
2.707616581271091952e-03
2.897279104217886925e-03
2.927842045513292298e-03
2.684938876579205051e-03
2.630378430088361249e-03
2.712040363500515475e-03
2.573705666388074412e-03
2.579770516604185104e-03
2.741258513803283229e-03
2.756320017700394139e-03
2.970486413687467575e-03
2.505349810235202312e-03
2.501372403154770389e-03
2.627675305120646954e-03
2.718112586687008395e-03
2.564032329246401787e-03
2.841948686788479343e-03
2.377791116790225253e-03
2.618710510432720184e-03
2.466059600313504682e-03
2.848349278792738914e-03
2.785731339827179909e-03
2.656782783257464423e-03
2.911008195951581001e-03
2.770847485711177335e-03
2.766285091638565063e-03
2.875754609704017639e-03
2.506336779333651066e-03
2.786228472056488051e-03
2.529204202195008740e-03
2.791776011387506976e-03
2.620664658024907112e-03
2.858102632065614209e-03
2.766964181015888705e-03
2.751629333943128586e-03
2.599584249158700452e-03
2.717913904537757382e-03
2.788825659081339836e-03
2.773941998990873351e-03
2.670767406622568622e-03
2.774229506030678749e-03
2.676714910194277763e-03
2.556816247912744536e-03
2.657344875236352429e-03
2.635015718018015370e-03
2.985169296152889729e-03
2.548380289226770401e-03
2.608820485572020068e-03
2.780669135972857475e-03
2.562021215756734357e-03
2.583355060778558254e-03
2.592397077629963412e-03
2.506375662051141262e-03
2.638223503405848994e-03
2.729228697717189789e-03
2.924112176212171569e-03
2.725976984947919846e-03
2.742278079191843524e-03
2.652146775896350398e-03
2.575477662806709752e-03
2.652000480641921506e-03
2.585404242078463092e-03
2.725041549031933293e-03
2.811045230676730618e-03
2.916704940920074925e-03
2.615455072373151779e-03
2.766476129181683064e-03
2.786250552162528038e-03
2.507422080573936448e-03
2.659992547705769539e-03
2.770287139962116733e-03
2.640029570708672061e-03
2.848646991575757518e-03
2.953477902337908745e-03
2.550961410937210069e-03
2.830925125939150796e-03
2.767768378059069171e-03
2.580318211888273702e-03
2.766606087485949054e-03
2.499199627588192477e-03
2.662836263577143207e-03
2.461365152460833535e-03
2.537191573840876565e-03
2.541771003355582700e-03
2.732584951445460320e-03
2.610928922270735249e-03
3.200359099234143748e-03
2.487953014982243524e-03
2.781556375945607677e-03
2.653273598601420865e-03
2.641836802164713397e-03
2.731374930590391159e-03
2.496220404282212257e-03
2.914289478212594986e-03
2.712210562701026454e-03
2.873015279571215167e-03
3.091465254935125365e-03
2.715220830092827334e-03
2.573290296519795909e-03
2.813579553427795425e-03
2.432850693973402038e-03
2.576619697113831983e-03
2.700811251997947693e-03
2.619465347379446030e-03
3.008464816957712173e-03
2.506156335584819317e-03
2.942836688210566983e-03
2.690450598796208844e-03
2.747283317148685455e-03
2.599756854275862231e-03
2.474941274461647019e-03
2.577705347600082412e-03
2.675964341809352384e-03
2.702531986869871616e-03
2.477507184570034490e-03
2.680605355029304967e-03
2.595683016503850474e-03
2.743690662706891551e-03
2.736756888528665051e-03
2.757044431443015590e-03
2.614455530419945717e-03
2.674272051081061363e-03
2.573331662764152036e-03
2.489594859071075916e-03
2.657688688486814499e-03
2.894822469291587815e-03
2.911067722986141696e-03
2.582846364627281680e-03
2.496695301185051456e-03
2.518230699934065342e-03
2.536570808539787784e-03
2.555770450271666050e-03
2.746521184841791644e-03
2.825375956793626294e-03
2.545114063347379222e-03
2.468565828166902065e-03
2.626152786736687169e-03
2.511320519261062145e-03
2.589846340318521008e-03
2.778452743465701594e-03
2.460281558645268426e-03
2.726153781016667828e-03
2.639854637285073743e-03
2.683188688630858913e-03
2.551518962718546391e-03
2.519333114226659284e-03
2.799260895699262619e-03
2.717520537165304170e-03
2.600336835409204021e-03
2.632065365711847797e-03
2.897401534331341729e-03
2.906956244260072708e-03
2.812844080229600415e-03
2.506867361565431104e-03
2.623312485714753613e-03
2.545364162263771043e-03
2.499444604230423913e-03
2.578527666628360748e-03
2.805661798144380107e-03
2.892790827900171280e-03
2.478376380167901516e-03
2.904654635737339511e-03
2.747698764627178655e-03
2.576111194988091931e-03
2.894174579220513358e-03
2.963384147733449936e-03
2.591168895984689250e-03
3.100492487040658936e-03
2.430467478310068593e-03
2.434479577156404510e-03
2.414899373737474427e-03
2.668159004921714320e-03
2.941333688795566559e-03
2.676458874096473203e-03
2.959632237131396785e-03
2.779594932993253217e-03
2.631140329564610972e-03
2.531801350414752960e-03
