1.005688269933064705e+00
8.323656916618347168e-01
7.883229653040567664e-01
9.050523241360982629e-01
7.625104387601217004e-01
7.010693351427713660e-01
6.415586769580841064e-01
6.881866653760274621e-01
5.963446696599324914e-01
9.978993733723958703e-01
6.635160048802694055e-01
5.853577653566995886e-01
6.613212029139200476e-01
7.130131324132283899e-01
5.993875563144683838e-01
6.155847311019897461e-01
5.711837013562520715e-01
7.177000443140665320e-01
6.151251494884490967e-01
5.776800016562143592e-01
5.623930195967355994e-01
6.665559808413187293e-01
5.626051028569539758e-01
5.729638536771138879e-01
5.522112548351287842e-01
5.481889744599660608e-01
6.952577034632364539e-01
5.531530479590097693e-01
6.784829795360565186e-01
7.380096912384033203e-01
6.387857794761657715e-01
5.940375030040740967e-01
5.279777348041534424e-01
5.010046660900115967e-01
5.547571579615274695e-01
5.049751003583272668e-01
4.946676294008890973e-01
4.991398056348164691e-01
5.125782390435537073e-01
4.061025281747182025e-01
3.757918576399485455e-01
3.885827163855234967e-01
4.051390190919240131e-01
3.277092774709065570e-01
3.022139668464660645e-01
3.349299033482869281e-01
2.740434606870015277e-01
2.883844673633575439e-01
2.327168484528859549e-01
3.220029224952061786e-01
2.329602986574172974e-01
2.861201514800389423e-01
2.722028394540150775e-01
2.608594944079716815e-01
2.784371525049209595e-01
2.893152435620625629e-01
2.715088675419489728e-01
2.376523911952972412e-01
2.493178198734919138e-01
2.562804023424784527e-01
2.363510976235071726e-01
2.426614115635553903e-01
2.669749955336253033e-01
6.721976449092229577e-01
4.072069724400838031e-01
2.548954685529072894e-01
3.114867359399795532e-01
2.654511680205662860e-01
3.043760408957799091e-01
2.483230332533518381e-01
2.407852460940679007e-01
2.928778231143951416e-01
2.438367406527201242e-01
2.507017403841018677e-01
2.411767443021138602e-01
2.253605326016744070e-01
2.187289992968241281e-01
2.625282903512318744e-01
2.228204508622487479e-01
2.054270605246225900e-01
2.533804972966511859e-01
2.512291272481282367e-01
3.393621643384297504e-01
2.727141032616297589e-01
2.076425254344940186e-01
2.036650429169336862e-01
3.019565741221110211e-01
2.605164696772893085e-01
3.176321734984715595e-01
2.331404089927673340e-01
2.230192522207895822e-01
2.641424089670181274e-01
1.991126586993535452e-01
1.978268374999364310e-01
2.577448884646098004e-01
2.314597666263580322e-01
2.082136472066243582e-01
2.282850692669550485e-01
4.515543530384699689e-01
2.671730220317840576e-01
2.754801064729690552e-01
2.860609690348307477e-01
2.493232140938440866e-01
2.335478663444519043e-01
2.747811228036880493e-01
2.741503318150838031e-01
2.203738490740458078e-01
2.255626718203226633e-01
2.270656277736028128e-01
2.473521629969278879e-01
2.386882603168487549e-01
2.016015251477559500e-01
2.515275180339813232e-01
2.192110866308212280e-01
2.066138982772827148e-01
2.027910798788070679e-01
2.189529538154602051e-01
2.183634142080942697e-01
2.250227183103561401e-01
2.046173264582951956e-01
2.308249274889628000e-01
2.168681671222051077e-01
2.279092719157536917e-01
2.059331685304641724e-01
2.235246598720550537e-01
2.053281366825103760e-01
2.071926891803741455e-01
2.031168589989344186e-01
2.171070724725723267e-01
2.213301857312520438e-01
2.211909244457880563e-01
2.053333421548207693e-01
2.177933851877848215e-01
2.899665534496307373e-01
2.152431011199951172e-01
3.568841814994812012e-01
2.791973153750101910e-01
2.215779672066370554e-01
2.351297885179519653e-01
2.179796993732452393e-01
2.757477015256881714e-01
2.380693306525548392e-01
2.166629085938135690e-01
2.307399908701578684e-01
2.690001626809437885e-01
2.183151791493097849e-01
2.020093550284703665e-01
2.186365177234013968e-01
2.260451118151346750e-01
2.139835258324941092e-01
2.110339651505152292e-01
2.064339568217595511e-01
1.990582942962646484e-01
2.103441903988520212e-01
2.301966647307077951e-01
2.161315580209096365e-01
2.232798337936401367e-01
1.930554260810216360e-01
2.101389517386754446e-01
2.146583994229634695e-01
2.148151596387227469e-01
2.019914736350377493e-01
2.347940454880396433e-01
2.403899828592936105e-01
2.473573038975397653e-01
2.106344153483708792e-01
2.907909403244654523e-01
2.372629046440124512e-01
2.325672109921773367e-01
2.122022161881128854e-01
2.056751946608225412e-01
2.626018126805623187e-01
2.194835245609283447e-01
2.047919581333796091e-01
2.126445323228836060e-01
2.018057852983474731e-01
2.263295501470565796e-01
2.060337315003077097e-01
2.140686064958572388e-01
2.160657942295074463e-01
2.253720909357070923e-01
1.961123396952947073e-01
2.329743554194768362e-01
2.219425638516744070e-01
2.070313543081283569e-01
2.042720218499501639e-01
2.468696137269338065e-01
2.093879083792368478e-01
2.317266861597696848e-01
1.992936134338378906e-01
2.045713315407435007e-01
2.329069226980209351e-01
2.328071097532908029e-01
2.221891283988952637e-01
2.155981212854385376e-01
2.113351821899414062e-01
1.930022190014521188e-01
2.083642631769180298e-01
2.079913367827733450e-01
2.326224545637766428e-01
1.956791778405507498e-01
1.813256740570068359e-01
2.198629180590311594e-01
2.006322195132573538e-01
2.007201562325159616e-01
2.102538893620173044e-01
1.867934862772623605e-01
1.876288702090581351e-01
2.295185377200444632e-01
1.865784674882888794e-01
2.028080175320307321e-01
1.854169716437657767e-01
1.847710212071736746e-01
2.158013085524241037e-01
2.022312134504318237e-01
2.419062902530034476e-01
2.174800982077916556e-01
1.940819770097732544e-01
1.999036471048990793e-01
2.030385484298070364e-01
1.801983366409937448e-01
2.485328217347463065e-01
1.993968288103739328e-01
1.833538462718327933e-01
2.008984039227167673e-01
1.987271606922149658e-01
1.939960718154907227e-01
1.897258659203847342e-01
1.991082330544789725e-01
1.846667925516764230e-01
2.011619955301284790e-01
1.917177587747573853e-01
1.992905835310617990e-01
2.076824158430099487e-01
2.156441460053125925e-01
2.503362745046615601e-01
1.820064485073089600e-01
1.805019527673721313e-01
1.995647847652435303e-01
2.279267708460489816e-01
1.899700661500295096e-01
1.990731358528137207e-01
1.919280538956324167e-01
1.887662212053934641e-01
1.967683484156926566e-01
1.976899653673171997e-01
2.004644821087519235e-01
2.268803864717483521e-01
1.731989532709121704e-01
1.894291788339614868e-01
2.072712232669194632e-01
1.781491736570993967e-01
2.054384102423985892e-01
1.881666680177052908e-01
1.842344850301742554e-01
1.971038530270258493e-01
2.041957875092824393e-01
1.752014954884847098e-01
1.863943288723627634e-01
2.164183557033538818e-01
1.912365754445393973e-01
1.850956330696741647e-01
1.942833612362543649e-01
1.834930876890818185e-01
1.973703900973002023e-01
2.109219978253046579e-01
2.119610806306203299e-01
2.008942166964212961e-01
2.034755448500315256e-01
1.903430074453353882e-01
2.029665311177571707e-01
1.785549670457839966e-01
2.049560894568761282e-01
1.833151181538899832e-01
1.980898032585779733e-01
1.822230170170466013e-01
1.996366083621978760e-01
2.071391493082046509e-01
2.153692940870920725e-01
2.181022961934407645e-01
2.043259938557942801e-01
1.952244242032369070e-01
1.895795712868372507e-01
1.895966281493504935e-01
2.159255295991897583e-01
2.158569792906443185e-01
1.881832530101140433e-01
1.726514399051666260e-01
1.861273050308227539e-01
1.917273302872975760e-01
1.988892704248428345e-01
2.378225028514862061e-01
2.022827416658401489e-01
1.805843363205591745e-01
2.027487556139628000e-01
1.745044936736424857e-01
1.699982484181722098e-01
1.919719527165094919e-01
1.880518347024917603e-01
1.918370872735977173e-01
2.045787672201792307e-01
1.857510606447855539e-01
1.972693502902984619e-01
1.918404301007588797e-01
1.981181800365447998e-01
1.996056089798609323e-01
1.735320786635080881e-01
1.943552096684773856e-01
1.780835141738255911e-01
1.869104802608489990e-01
1.733132551113764352e-01
1.941192299127578735e-01
2.038397590319315500e-01
1.922685950994491577e-01
2.013805955648422241e-01
2.018280724684397287e-01
1.870193680127461844e-01
2.081231623888015747e-01
1.766566485166549683e-01
1.956428984800974435e-01
1.832016458113988333e-01
2.191040863593419485e-01
1.803446660439173288e-01
1.898195246855417795e-01
1.737185021241506033e-01
1.921315193176269531e-01
1.749791353940963745e-01
1.991587529579798288e-01
1.921112736066182547e-01
1.852620045344034738e-01
1.819288680950800485e-01
1.805127710103988647e-01
1.825060546398162842e-01
1.852992276350657053e-01
1.906468669573465891e-01
1.791794399420420236e-01
1.776057084401448660e-01
2.047373155752817697e-01
1.811505357424418039e-01
2.039964596430460519e-01
1.893554925918579102e-01
1.816759506861368723e-01
1.945251226425170898e-01
1.832508345444997244e-01
1.888879140218099051e-01
2.055630882581075125e-01
1.725878516832987375e-01
2.008322030305862427e-01
1.733153015375137329e-01
1.919165998697280884e-01
1.897193888823191232e-01
1.939022888739903860e-01
1.805725047985712595e-01
1.957347095012664795e-01
2.001081903775533133e-01
1.761720130840937204e-01
2.075543502966562814e-01
1.860434661308924265e-01
1.830662687619527274e-01
2.017419735590616769e-01
1.772615561882654733e-01
1.952451119820276804e-01
1.917026738325754709e-01
2.126924047867456979e-01
1.751217494408289499e-01
1.970536857843399048e-01
1.718371709187825613e-01
1.881722211837768555e-01
1.865712006886800223e-01
1.814229190349578857e-01
1.881851106882095337e-01
1.737603296836217337e-01
1.862788548072179251e-01
1.946677664915720529e-01
1.753377964099248343e-01
1.806746174891789847e-01
1.895517706871032715e-01
1.832753419876098633e-01
1.939413646856943674e-01
1.914156476656595773e-01
1.791602671146392822e-01
1.863708198070526123e-01
1.883104244867960519e-01
1.803359488646189279e-01
2.152896970510482788e-01
1.777964780728022165e-01
1.823569883902867728e-01
1.911986817916234427e-01
1.838320493698120117e-01
1.961503277222315378e-01
1.883242279291152954e-01
1.845588982105255127e-01
1.719294687112172537e-01
1.886103252569834299e-01
1.829768121242523193e-01
1.776762108008066721e-01
1.846997439861297607e-01
1.882370412349700928e-01
1.842100421587626047e-01
1.801614512999852591e-01
1.978645076354344778e-01
1.782605350017547607e-01
1.841942866643269949e-01
1.813103705644607544e-01
1.899571865797042847e-01
1.885672708352406912e-01
1.928129047155380249e-01
1.760595043500264578e-01
1.895084679126739502e-01
1.896088172992070608e-01
1.872650533914566040e-01
1.781813551982243948e-01
1.929632127285003662e-01
1.770777702331542969e-01
1.910861829916636057e-01
2.010287543137868338e-01
1.755842715501785278e-01
1.879182010889053345e-01
1.729558110237121582e-01
1.836795161167780466e-01
1.979897717634836740e-01
1.829566160837809152e-01
2.176463504632314139e-01
1.836785028378168649e-01
1.810281276702880859e-01
1.880243718624114990e-01
1.909311463435491019e-01
1.762182364861170358e-01
1.969513446092605591e-01
1.769393086433410645e-01
1.748418460289637155e-01
1.790531625350316458e-01
1.768518934647242136e-01
2.061635156472524100e-01
1.741019239028294974e-01
1.802094330390294485e-01
1.844571431477864676e-01
1.770795087019602365e-01
1.850155095259348459e-01
1.879613796869913644e-01
1.916096409161885672e-01
2.093410144249598093e-01
1.864512662092844553e-01
1.870805919170379639e-01
1.779381980498631888e-01
1.877776831388473511e-01
2.055015216271082468e-01
1.892287482817967825e-01
1.786758651336034232e-01
1.949327091375986643e-01
1.927331288655599051e-01
1.823561191558837891e-01
1.797930896282196045e-01
1.876332958539327078e-01
1.911789923906326294e-01
1.782387147347132272e-01
1.810071816047032767e-01
1.944618870814641409e-01
1.902923633654912405e-01
1.975005169709523611e-01
1.821018308401107788e-01
1.908814807732900076e-01
1.871714442968368530e-01
1.969506790240605765e-01
1.759820779164632254e-01
1.786711364984512329e-01
1.762108306090036935e-01
1.841654032468795776e-01
1.824507166941960745e-01
1.948962807655334473e-01
1.843824336926142282e-01
1.811322569847106934e-01
1.772945721944173270e-01
1.786519090334574289e-01
1.899578919013341360e-01
1.800571978092193604e-01
1.754588385423024588e-01
1.950002610683441162e-01
1.812236805756886893e-01
1.772356182336807251e-01
1.991065541903177805e-01
1.802227993806203299e-01
1.860991666714350290e-01
1.821302125851313181e-01
1.832629541556040353e-01
1.736078659693399973e-01
1.807932754357655936e-01
1.752938131491343088e-01
1.812679668267568045e-01
1.857418020566304617e-01
2.074705511331558228e-01
1.752645075321197510e-01
1.785087287425994873e-01
1.920731166998545236e-01
1.744535962740580148e-01
1.919229576985041208e-01
1.838684876759847098e-01
1.772368053595224924e-01
1.754621167977651053e-01
1.817314426104227609e-01
1.760221918423970633e-01
1.748525599638620920e-01
1.902746409177780151e-01
1.773182799418767386e-01
1.819926003615061350e-01
1.846654017766316824e-01
1.738149821758270264e-01
1.803138256072998047e-01
1.955460955699284964e-01
1.895037392775217600e-01
1.779106805721918649e-01
1.789429287115732736e-01
1.885202129681905203e-01
1.833705256382624216e-01
1.960118611653645926e-01
1.880934238433837891e-01
1.894901792208353586e-01
1.907132615645726614e-01
1.759615043799082346e-01
1.768400718768437796e-01
1.749199132124582834e-01
1.840213487545649118e-01
1.872992465893427438e-01
1.777087450027465820e-01
1.785816798607508249e-01
1.762559115886688232e-01
1.764396230379740305e-01
1.780596077442169189e-01
1.772120296955108643e-01
1.830469518899917603e-01
1.958111425240834647e-01
1.947406530380249023e-01
1.837979902823766165e-01
1.869070132573445731e-01
1.941365301609039307e-01
1.802980105082193918e-01
1.780842393636703491e-01
1.736193150281906128e-01
1.893450866142908640e-01
1.831550101439158029e-01
1.754271338383356638e-01
1.761042128006617136e-01
1.851037293672561646e-01
1.962862362464269095e-01
1.754892170429229736e-01
1.889373858769734793e-01
1.784903357426325388e-01
1.757513632376988821e-01
1.742830375830332346e-01
1.910257885853449411e-01
1.798382153113683157e-01
1.772952775160471506e-01
1.797707031170527048e-01
1.791735390822092600e-01
1.846858014663060599e-01
1.754930963118871146e-01
1.913941353559494019e-01
1.901258677244186401e-01
1.766835500796636038e-01
1.756139894326528006e-01
1.918847660223642893e-01
1.905340502659479684e-01
1.895792335271835327e-01
1.777384479840596609e-01
1.879711598157882690e-01
1.782515545686086111e-01
1.757108718156814575e-01
1.970299830039342337e-01
1.781178067127863474e-01
1.851184070110321045e-01
1.874784181515375681e-01
1.756508946418762207e-01
1.870465328296025687e-01
1.742145766814549857e-01
1.790121495723724365e-01
1.817725201447804861e-01
1.846566498279571533e-01
1.767132977644602365e-01
1.791939735412597656e-01
1.863726178805033273e-01
1.874373853206634521e-01
1.858347952365875244e-01
1.753971477349599295e-01
1.968947549661000662e-01
1.766789605220158987e-01
1.921077718337377005e-01
1.792186945676803589e-01
1.877349168062210083e-01
1.875518709421157837e-01
1.889584163824717111e-01
1.779714524745941162e-01
1.768835186958312988e-01
1.854506731033325195e-01
1.813860138257344656e-01
1.922306517759958810e-01
1.963087220986684256e-01
1.986269801855087280e-01
1.836783885955810547e-01
1.936256190141042166e-01
1.771338333686192923e-01
1.838781783978144235e-01
1.747309168179830008e-01
1.771244953076044626e-01
1.773426930109659738e-01
1.743904302517572946e-01
1.870825886726379395e-01
1.756408313910166330e-01
1.753503084182739258e-01
1.762438217798868723e-01
1.767904708782831735e-01
1.754788160324096680e-01
1.751376340786615915e-01
1.774594485759735107e-01
1.823270122210184641e-01
1.969513893127441406e-01
1.926287114620208740e-01
2.053770770629247122e-01
1.767485737800598145e-01
1.761603355407714844e-01
1.868600547313690186e-01
1.762724121411641531e-01
1.945844739675521851e-01
1.847175012032190866e-01
1.756583899259567261e-01
1.862608939409255981e-01
1.764864871899286813e-01
1.736873239278793335e-01
1.871704757213592529e-01
1.867793947458267212e-01
1.756405234336853027e-01
1.759540488322575980e-01
1.874391039212544852e-01
1.780880739291509085e-01
1.836078117291132517e-01
1.843215326468149728e-01
1.785025745630264282e-01
1.732767721017201834e-01
1.752547621726989746e-01
1.764716058969497681e-01
1.855672150850296021e-01
1.766054083903630667e-01
1.916104455788930350e-01
1.769467145204544067e-01
1.767426629861195975e-01
1.750336984793345041e-01
1.758067607879638672e-01
1.870410492022832327e-01
1.767389923334121704e-01
1.857958833376566476e-01
1.935127675533294678e-01
1.777723332246144705e-01
1.755219201246897287e-01
1.778076787789662772e-01
1.770734488964080811e-01
1.777110497156778879e-01
1.751731832822163992e-01
1.831803470849990845e-01
1.776607185602188110e-01
1.943363199631372995e-01
1.882231086492538452e-01
1.854680677254994803e-01
1.929130256175994873e-01
1.855767220258712769e-01
1.881251186132431030e-01
1.762275745471318655e-01
1.912588675816853934e-01
1.875989139080047607e-01
1.758371293544769287e-01
1.867885589599609375e-01
1.816145777702331543e-01
1.762529561916987009e-01
1.796647161245346069e-01
1.907268166542053223e-01
1.745337744553883963e-01
1.926866720120112009e-01
1.827561507622400827e-01
1.759331027666727609e-01
1.758678952852884836e-01
1.745585451523462839e-01
1.770444413026174002e-01
1.758003135522206717e-01
1.758752117554346628e-01
1.759941577911376953e-01
1.758929640054702759e-01
1.894261687994003296e-01
1.919602950414021902e-01
1.849605937798818045e-01
1.756814668575922556e-01
1.869904696941375732e-01
1.733787208795547485e-01
1.775566041469573975e-01
1.746768852074941092e-01
1.768702963987986154e-01
1.862626075744628906e-01
1.774823218584060669e-01
1.756729185581207275e-01
1.755141019821166992e-01
1.769201954205830984e-01
1.754116068283716745e-01
1.774435093005498343e-01
1.848372568686803274e-01
1.839978446563085013e-01
1.751448462406794138e-01
1.871339529752731323e-01
1.856378366549809866e-01
1.889337748289108276e-01
1.866720765829086304e-01
1.857839127381642752e-01
1.852391362190246582e-01
1.930448114871978760e-01
1.768820335467656546e-01
1.850258956352869577e-01
1.863928635915120535e-01
1.770195762316385812e-01
1.850617627302805490e-01
1.809489677349726267e-01
1.773557166258493967e-01
1.778475890556971140e-01
1.844651401042938232e-01
1.751218090454737253e-01
1.757620076338450021e-01
1.879994819561640329e-01
1.757891476154327393e-01
1.779782623052597046e-01
1.763332684834798270e-01
1.761880069971084595e-01
1.872366219758987427e-01
1.918460627396901541e-01
1.770979712406794138e-01
1.747609724601109915e-01
1.924827198187510080e-01
1.841592490673065186e-01
1.761022210121154785e-01
1.781427164872487479e-01
1.816464861234029227e-01
1.770332157611846924e-01
1.880632887283960886e-01
1.864194323619206839e-01
1.768174469470977783e-01
1.769867787758509226e-01
1.927748570839563913e-01
1.780863751967748099e-01
1.939025570948918753e-01
1.811016549666722708e-01
1.762311855951944894e-01
1.764700363079706735e-01
1.822016437848409109e-01
1.785953243573506766e-01
1.870041042566299438e-01
1.752288639545440674e-01
1.761259337266286307e-01
1.881535947322845459e-01
1.748625536759694510e-01
1.857122182846069336e-01
1.752832730611165457e-01
1.768864442904790335e-01
1.900656074285507202e-01
1.800441592931747437e-01
1.758918364842732840e-01
1.882707128922144479e-01
1.748932699362436838e-01
1.742740968863169260e-01
1.968158831199010306e-01
1.798843046029408865e-01
1.771538505951563425e-01
1.878710587819417410e-01
1.750792860984802246e-01
1.762085457642873221e-01
1.778331498305002756e-01
1.750430315732955933e-01
1.852180312077204294e-01
1.888516992330551147e-01
1.770682682593663626e-01
1.840105454126993723e-01
1.768701225519180298e-01
1.782372643550237112e-01
1.872693548599878854e-01
1.748302032550176077e-01
1.840725342432657785e-01
1.864157666762669974e-01
1.816913684209187918e-01
1.860255797704060965e-01
1.884761403004328317e-01
1.767526070276896066e-01
1.772596885760625296e-01
1.876279264688491821e-01
1.770724852879842215e-01
1.976033101479212351e-01
1.760549396276473999e-01
1.823462992906570435e-01
1.777616143226623535e-01
1.759467323621114188e-01
1.867285370826721191e-01
1.767215679089228220e-01
1.756488283475240164e-01
1.756612261136372977e-01
1.866767952839533395e-01
1.856907804807027274e-01
2.039802273114522391e-01
1.759505669275919504e-01
1.760300099849700928e-01
1.766395717859268188e-01
1.831932167212168283e-01
1.739461869001388550e-01
1.747628649075826102e-01
1.764392207066217966e-01
1.845962107181549072e-01
1.758638521035512381e-01
1.969122240940729684e-01
1.760504196087519235e-01
1.760703126589457101e-01
1.800994724035263062e-01
1.859691441059112549e-01
1.755616515874862671e-01
1.828540960947672434e-01
1.767946481704711914e-01
1.760661949714024954e-01
1.934251040220260620e-01
1.863817622264226370e-01
1.742923806111017770e-01
1.770499596993128366e-01
1.754517505566279001e-01
1.868682056665420532e-01
1.752299070358276367e-01
1.762021780014038086e-01
1.889008531967798776e-01
1.880976657072702951e-01
1.763240247964859009e-01
1.766321112712224417e-01
1.767051766316095895e-01
1.881060202916463309e-01
1.753552307685216360e-01
1.950194239616394043e-01
1.768742203712463379e-01
1.851612379153569632e-01
1.769970556100209647e-01
1.870990494887034006e-01
1.874828586975733347e-01
1.874101459980010986e-01
1.850204070409139090e-01
1.854487657546997070e-01
1.773644288380940848e-01
1.754467189311981201e-01
1.762254238128662109e-01
1.848552276690801077e-01
1.852228790521621704e-01
1.835624426603317261e-01
1.756899406512578421e-01
1.774954348802566528e-01
1.923271566629409790e-01
1.757201254367828369e-01
1.870087683200836182e-01
1.759478648503621512e-01
1.819797505935033255e-01
1.755379041035970145e-01
1.773815453052520752e-01
1.812772601842880249e-01
1.758785396814346313e-01
1.753872136274973459e-01
1.872074355681737357e-01
1.824249227841695242e-01
1.782647023598352976e-01
1.832072834173838205e-01
1.870396782954533987e-01
1.972327083349227905e-01
1.937647561232248850e-01
1.851899872223536081e-01
1.763035506010055542e-01
1.764532725016275949e-01
1.782620201508204050e-01
1.867208083470662527e-01
1.764470686515172415e-01
1.868363271156946726e-01
1.751161366701126099e-01
1.934548268715540476e-01
1.780712008476257324e-01
1.755675971508026123e-01
1.864191095034281320e-01
1.772907078266143799e-01
1.878512750069300241e-01
1.757971048355102539e-01
1.818985591332117624e-01
1.807034611701965332e-01
1.848012804985046387e-01
1.873556176821390695e-01
1.881325046221415109e-01
1.860410620768865042e-01
1.749504804611206055e-01
1.860214918851852417e-01
1.840125521024068289e-01
1.853989859422048025e-01
1.814878980318705148e-01
1.769286741813023978e-01
1.853848695755004883e-01
1.917051126559575491e-01
1.877510646979013986e-01
1.758299767971038818e-01
1.756473431984583444e-01
1.762074232101440430e-01
1.776509781678517752e-01
1.863651971022287912e-01
1.853525737921396799e-01
1.752741138140360422e-01
1.821517844994862967e-01
1.862650016943613596e-01
1.762444078922271729e-01
1.778928985198338919e-01
1.850258062283197946e-01
1.752450118462244577e-01
1.876545846462249756e-01
1.752500931421915598e-01
1.764186620712280273e-01
1.764451215664545602e-01
1.891497323910395212e-01
1.851603289445241385e-01
1.817994068066279001e-01
1.757542341947555542e-01
1.767105460166931152e-01
1.749156713485717773e-01
1.831128001213073730e-01
1.746364285548528128e-01
1.820589800675710135e-01
1.765838017066319876e-01
1.773737867673238211e-01
1.772339443365732736e-01
1.756658504406611032e-01
1.757723788420359201e-01
1.840293953816095895e-01
1.764140476783116751e-01
1.867647717396418161e-01
1.769430885712305612e-01
1.751261750857035226e-01
1.767881065607070923e-01
1.857343812783559256e-01
1.764327734708786011e-01
1.914216528336206979e-01
1.756706088781356812e-01
1.779684623082478934e-01
1.947455753882726126e-01
1.758364041646321707e-01
1.885828226804733276e-01
1.756638437509536743e-01
1.895940502484639578e-01
1.872773319482803345e-01
1.766123920679092407e-01
1.769215563933054514e-01
1.838392466306686401e-01
1.961111078659693308e-01
1.879672954479853220e-01
1.828771680593490601e-01
1.765017807483673096e-01
1.762293130159378052e-01
1.862810800472895212e-01
1.855780432621637888e-01
1.758780628442764282e-01
1.768244753281275339e-01
1.828814546267191476e-01
1.777166922887166434e-01
1.816754490137100220e-01
1.767159054676691599e-01
1.764889806509017944e-01
1.854782799879709787e-01
1.831896702448526926e-01
1.861303349335988455e-01
1.831443359454472952e-01
1.865946203470230103e-01
1.849103172620137625e-01
1.855062792698542184e-01
1.766312817732492990e-01
1.753920565048853464e-01
1.763207713762919016e-01
1.864855736494064331e-01
1.756564776102701730e-01
1.842004756132761545e-01
1.863142152627309256e-01
1.817713926235834665e-01
1.751502354939778738e-01
1.928158750136693411e-01
1.762022922436396188e-01
1.876780639092127390e-01
1.766193062067031860e-01
1.845651666323343820e-01
1.768390238285064697e-01
1.960811416308085031e-01
1.916454633076985770e-01
1.858650247255961008e-01
1.762260546286900931e-01
1.816688627004623413e-01
1.758454789717992239e-01
1.860043058792749948e-01
1.860208610693613596e-01
1.770561238129933768e-01
1.866903901100158691e-01
1.839433858791987009e-01
1.768878996372222900e-01
1.777319262425104684e-01
1.811279555161794119e-01
1.812024116516113281e-01
1.763178954521814890e-01
1.945637812217076712e-01
