4.798460006713867188e-02
3.073039054870605608e-02
1.899099349975585938e-02
1.914798378944396889e-02
1.300626516342163162e-02
1.201889514923095738e-02
1.073321938514709521e-02
1.040380835533142104e-02
9.426629543304443706e-03
9.910646677017211775e-03
8.580421805381774694e-03
7.888484597206115584e-03
7.602485418319701767e-03
7.294625043869018555e-03
7.357470989227295199e-03
6.632072329521179581e-03
7.245458364486694058e-03
5.839718580245971749e-03
6.954665780067443431e-03
6.035255193710327079e-03
5.697084069252014542e-03
5.097641348838805909e-03
5.192122459411621128e-03
7.082316875457763533e-03
6.752679944038391009e-03
6.607785224914551094e-03
6.308910846710205460e-03
6.048047542572021137e-03
4.816077351570129117e-03
4.825788140296935654e-03
4.716619849205017090e-03
4.436476230621337960e-03
4.291963279247284352e-03
4.209731221199036061e-03
5.235947370529174527e-03
4.656442701816559081e-03
4.297054409980773960e-03
4.200752675533294539e-03
4.402304589748382187e-03
6.279410719871520927e-03
4.435625672340392893e-03
6.250150799751282016e-03
3.979141116142273157e-03
3.676970601081848249e-03
3.934233188629150148e-03
3.487446904182434169e-03
5.019688010215759243e-03
4.484108686447143589e-03
3.330769836902618304e-03
3.771891891956329415e-03
3.196125626564025671e-03
3.991820216178894321e-03
4.004505872726440811e-03
3.652688562870025617e-03
4.913230538368225202e-03
4.641528129577636615e-03
5.098938941955566406e-03
5.072290897369384662e-03
4.754417240619659112e-03
3.614558279514312657e-03
5.167053341865539794e-03
4.545935988426208149e-03
5.061056613922119279e-03
4.411056935787201205e-03
4.423801004886627336e-03
3.968767821788787842e-03
3.579282164573669399e-03
3.785211443901061873e-03
3.627880513668060337e-03
3.836729526519775356e-03
3.526847362518310564e-03
3.983044326305389647e-03
3.806021213531494279e-03
3.143128156661987443e-03
4.856569766998291085e-03
3.568217754364013793e-03
4.686797261238098353e-03
3.804421424865722570e-03
3.760573863983154245e-03
3.351275920867920026e-03
3.058233857154846278e-03
3.174661695957183873e-03
3.096805810928344657e-03
2.790101766586303676e-03
4.021051526069641287e-03
3.550294637680053572e-03
4.061964750289917374e-03
3.228205144405364886e-03
4.860273003578186382e-03
4.585215747356414726e-03
2.728615403175353987e-03
3.928435742855071813e-03
3.221531808376312204e-03
2.755475044250488108e-03
2.922246754169464163e-03
3.983769416809081892e-03
3.236256837844848477e-03
3.833104372024536115e-03
3.134272992610931396e-03
3.469457924365997384e-03
2.871076464653015033e-03
2.842293381690978813e-03
2.787536382675170812e-03
3.057806193828582677e-03
3.201495707035064558e-03
2.459105551242828352e-03
2.376421838998794573e-03
2.307542264461517455e-03
2.212208360433578613e-03
2.349785268306732369e-03
2.226105779409408465e-03
2.321582138538360457e-03
2.280150204896927001e-03
2.293145954608917427e-03
2.338690161705017038e-03
2.695404291152953945e-03
2.276755869388580322e-03
2.236432135105133247e-03
2.290632724761963029e-03
2.116616815328598022e-03
2.249396443367004429e-03
2.161653339862823573e-03
2.219465374946594065e-03
2.262638360261917062e-03
2.156228423118591430e-03
2.127703875303268554e-03
2.185371667146682705e-03
2.131808996200561506e-03
2.132847905158996582e-03
2.350379228591918928e-03
2.231256365776061821e-03
2.232452332973480173e-03
2.139597237110137974e-03
2.164638638496398960e-03
2.307480871677398872e-03
2.111976444721221872e-03
2.549297511577606080e-03
3.061354160308837891e-03
3.125897049903869542e-03
3.528014421463012817e-03
2.404373586177825910e-03
2.222715467214584403e-03
2.598309218883514213e-03
2.166300565004348772e-03
2.411791682243347255e-03
2.297033965587615915e-03
2.188090384006500383e-03
2.387379705905914255e-03
2.201378047466278232e-03
2.134163379669189436e-03
1.960147470235824429e-03
2.652403116226196428e-03
2.096515744924545410e-03
2.076447606086731078e-03
2.060911059379577550e-03
2.568151950836181779e-03
2.818518280982971157e-03
2.697070837020873815e-03
2.348069101572036743e-03
2.690909504890441964e-03
3.105109930038452062e-03
2.194988280534744454e-03
2.651650011539459246e-03
2.504540085792541452e-03
2.066776454448699795e-03
2.060318142175674230e-03
1.999752819538116663e-03
2.010887563228607247e-03
2.182900607585907139e-03
1.995979547500610542e-03
2.205711156129836880e-03
2.073604464530944685e-03
2.258074432611465419e-03
1.998239308595657453e-03
2.123930752277374077e-03
2.402924150228500505e-03
2.270804941654205530e-03
2.727603614330291817e-03
2.102139145135879707e-03
1.956310868263244455e-03
2.064893543720245413e-03
2.506170868873596174e-03
1.919894516468048130e-03
2.062806189060210991e-03
2.011920511722564871e-03
2.028179168701171702e-03
1.960626989603042776e-03
2.198236286640167444e-03
1.936493813991546544e-03
2.282735407352447492e-03
2.030830532312393345e-03
2.671486139297485265e-03
2.561368346214294277e-03
2.726644277572631836e-03
2.135698795318603620e-03
2.265735268592834663e-03
1.953986436128616298e-03
2.335355877876281547e-03
2.659440040588378906e-03
2.151685059070587366e-03
1.969361007213592338e-03
1.848956942558288487e-03
1.774668544530868608e-03
1.792383193969726606e-03
1.773377358913421579e-03
1.751726269721984872e-03
1.761098802089691110e-03
1.739311069250106846e-03
1.713293194770813040e-03
1.741444468498229989e-03
1.732359528541564837e-03
1.719840764999389614e-03
1.725743114948272757e-03
1.771833598613739092e-03
1.822589933872222935e-03
1.719569116830825832e-03
1.729842722415924055e-03
1.770154386758804365e-03
1.709999889135360631e-03
1.779021620750427177e-03
1.686759293079376221e-03
1.748710721731185991e-03
1.807765662670135585e-03
1.712536662817001334e-03
1.732615083456039455e-03
1.675075441598892264e-03
1.720796376466751133e-03
1.729250252246856750e-03
1.707655936479568568e-03
1.702758371829986468e-03
1.825716197490692217e-03
1.698520481586456281e-03
1.722129583358764700e-03
1.704402416944503706e-03
1.725978404283523516e-03
1.763572990894317696e-03
1.688507497310638532e-03
1.844870746135711566e-03
1.884282082319259626e-03
1.756500601768493574e-03
1.710574924945831377e-03
1.734433472156524667e-03
1.654307097196578953e-03
2.060463875532150477e-03
2.130864560604095372e-03
1.977452933788299491e-03
1.821453571319579974e-03
1.777936518192291303e-03
1.639753431081771929e-03
1.658188998699188128e-03
1.638967394828796465e-03
1.642956137657165501e-03
1.647789478302001936e-03
1.619333177804946908e-03
1.707916259765625104e-03
1.664520800113678065e-03
1.787575185298919669e-03
1.713436543941497785e-03
1.701173484325409040e-03
1.693005561828613177e-03
1.652461588382721051e-03
1.604980528354644749e-03
1.625716239213943499e-03
1.643550843000412013e-03
1.617588400840759338e-03
1.718228757381439278e-03
1.647864282131195112e-03
1.682552397251129046e-03
1.670609116554260150e-03
1.660919189453124913e-03
1.592332124710083095e-03
1.634407341480255144e-03
1.618432253599166783e-03
1.875282078981399580e-03
1.622534394264221226e-03
1.565996408462524492e-03
1.546733081340789795e-03
1.690225005149841335e-03
1.687114536762237497e-03
1.692739874124527064e-03
1.703101098537444964e-03
2.000124603509902902e-03
1.893895864486694293e-03
1.793585270643234270e-03
1.542091071605682312e-03
1.601542234420776263e-03
1.563709974288940473e-03
1.558216214179992606e-03
1.763125360012054391e-03
1.583715081214904889e-03
1.695028543472290074e-03
1.600696742534637486e-03
1.523274034261703526e-03
1.610860526561737121e-03
1.886519640684127842e-03
1.815457791090011562e-03
1.662351638078689558e-03
1.743598282337188634e-03
1.594681441783904951e-03
1.616078317165374652e-03
