1.854221343994140736e-01
1.115437889099121088e-01
6.674293041229248380e-02
7.744182586669921819e-02
4.728099822998046986e-02
4.536110877990722628e-02
4.210996150970459234e-02
3.919736862182617021e-02
3.799921035766601340e-02
4.342770576477050781e-02
3.391341209411621177e-02
3.297402381896972351e-02
3.322772741317749079e-02
3.173850774765014926e-02
3.363428115844726424e-02
2.887930870056152483e-02
3.279029846191406500e-02
3.171527862548827875e-02
2.934077739715576158e-02
3.219488382339477650e-02
3.254749298095702820e-02
2.836626291275024317e-02
3.302719593048095842e-02
2.954888105392456180e-02
3.504844188690185713e-02
3.990128993988037442e-02
3.086277008056640542e-02
2.697060346603393638e-02
2.832379102706909096e-02
2.662852287292480358e-02
2.989929676055908328e-02
2.939121723175048759e-02
2.923719406127929521e-02
2.866233825683593694e-02
2.861899852752685519e-02
2.962182760238647392e-02
2.805253505706787123e-02
3.072552680969238212e-02
2.842230558395385590e-02
3.876338481903076477e-02
2.762264728546142550e-02
3.251122713088989286e-02
3.106576919555664035e-02
2.843791007995605594e-02
2.738978862762451311e-02
2.631670475006103391e-02
3.406118154525757113e-02
2.755881071090698214e-02
2.655497550964355455e-02
2.960034847259521498e-02
2.611995220184326269e-02
3.046022653579711845e-02
2.811528205871581879e-02
2.642730236053466783e-02
3.256527185440063338e-02
2.428302049636840709e-02
3.406965732574462891e-02
3.183454275131225586e-02
3.374500751495361495e-02
3.068408012390136733e-02
3.153118610382080189e-02
3.186332702636719000e-02
3.161812067031860574e-02
3.203920841217040849e-02
3.165701150894165150e-02
3.059320688247680817e-02
2.320157051086425837e-02
2.478405475616455092e-02
2.533051967620849471e-02
2.570445060729980441e-02
2.587692260742187333e-02
2.794270515441894462e-02
2.394626855850219560e-02
2.634131908416748047e-02
3.061049938201904422e-02
3.007578849792480469e-02
3.056913375854492312e-02
2.558011531829833957e-02
2.644266605377197307e-02
2.373339653015136760e-02
2.716231822967529394e-02
2.610607624053955245e-02
2.611091613769531139e-02
2.783288240432739424e-02
2.796625375747680692e-02
2.435167312622070479e-02
2.705396175384521332e-02
2.491097211837768610e-02
3.270748615264892911e-02
2.825956344604492118e-02
2.622572898864745927e-02
3.077538251876830999e-02
2.718359708786010839e-02
2.417333602905273604e-02
2.762399911880493095e-02
2.696234464645385839e-02
2.396637916564941378e-02
2.602624416351318262e-02
2.404386758804321136e-02
2.495119333267211900e-02
2.585055589675903237e-02
2.636567115783691392e-02
2.581977844238281250e-02
2.698880434036254883e-02
2.655075311660766435e-02
2.581665992736816365e-02
2.517532348632812653e-02
2.669064521789550615e-02
2.545305490493774553e-02
2.440468311309814536e-02
2.654416561126709054e-02
2.727392673492431627e-02
2.472512722015380790e-02
2.733572959899902358e-02
2.687310695648193262e-02
2.892723083496093889e-02
2.677401542663574233e-02
2.710366010665893680e-02
2.601313352584838992e-02
2.635886192321777385e-02
2.767362594604492326e-02
2.716357231140136691e-02
2.638730525970459095e-02
2.492885112762451005e-02
2.717147350311279255e-02
2.762433528900146498e-02
2.641304969787597670e-02
2.560004711151123158e-02
2.721555948257446331e-02
2.817431688308715682e-02
2.854925155639648562e-02
2.671771526336669950e-02
2.709936618804931543e-02
2.633854627609252819e-02
2.658779382705688324e-02
2.663149833679199358e-02
2.468677520751953042e-02
2.573966264724731473e-02
2.518583297729492035e-02
2.870213747024536258e-02
2.664153099060058427e-02
2.684223413467407351e-02
2.839976072311401270e-02
2.688297748565673939e-02
2.795565605163574316e-02
2.876900196075439509e-02
2.664312601089477428e-02
2.933697223663329912e-02
2.758209705352783134e-02
2.712760925292968806e-02
2.747851610183715820e-02
2.893016099929809556e-02
2.736289262771606293e-02
2.788315296173095661e-02
2.784529685974121080e-02
2.821394205093383928e-02
2.714629411697387640e-02
2.506215095520019503e-02
2.742285251617431613e-02
2.587591171264648493e-02
2.578463077545166057e-02
2.855439186096191476e-02
2.835360050201415905e-02
2.980637550354003906e-02
2.733799219131469865e-02
2.728014707565307520e-02
2.731251955032348508e-02
2.707248210906982450e-02
2.807436466217040974e-02
2.702310562133788951e-02
2.833367109298706027e-02
2.566705703735351618e-02
2.785677194595337011e-02
2.704525709152221652e-02
2.777216196060180650e-02
2.797150135040283106e-02
2.748378038406372112e-02
3.044145107269287040e-02
2.538465976715087793e-02
2.620722055435180733e-02
2.841260910034179576e-02
2.556849956512451116e-02
2.678288459777831976e-02
2.697284698486328292e-02
2.645025730133056599e-02
2.726061344146728585e-02
2.628664255142211872e-02
2.910585641860961859e-02
2.714903593063354437e-02
2.805197954177856418e-02
2.728242397308349582e-02
2.661487817764282213e-02
2.601385593414306738e-02
2.906828403472900418e-02
2.742421150207519434e-02
2.587958574295044084e-02
2.709029912948608329e-02
2.612053632736206082e-02
2.853951930999755818e-02
2.623984813690185408e-02
2.666461706161498899e-02
2.649966239929199205e-02
2.697658777236938352e-02
2.660282611846923745e-02
2.736484766006469851e-02
2.695986747741699330e-02
2.804114341735839885e-02
2.681257486343383706e-02
2.728831768035888672e-02
2.779045343399047865e-02
2.730461597442626967e-02
2.681869506835937375e-02
2.774805068969726438e-02
2.748965740203857325e-02
2.827352046966552859e-02
2.755401611328124958e-02
2.730857372283935700e-02
2.798417329788208119e-02
2.804190874099731293e-02
2.807173728942870955e-02
2.785768032073974651e-02
2.847103595733642412e-02
2.928002834320068276e-02
2.808275222778320451e-02
2.825001716613769615e-02
2.809721469879150266e-02
2.850090265274047782e-02
2.764034748077392675e-02
2.824823141098022419e-02
2.835245609283447432e-02
2.821023941040039229e-02
2.806998729705810491e-02
2.924620628356933497e-02
2.881936311721801716e-02
2.839961051940918108e-02
2.762282848358154144e-02
2.861119270324706879e-02
2.888980865478515611e-02
2.785099029541015722e-02
2.905739545822143624e-02
2.735600233078002916e-02
2.894462823867798018e-02
2.905688047409057603e-02
2.972584486007690333e-02
2.893982172012329185e-02
3.035088539123535073e-02
2.988143444061279463e-02
2.873328208923339733e-02
2.910383462905883831e-02
2.862138986587524359e-02
2.902959346771240290e-02
2.871221542358398313e-02
2.954121589660644448e-02
2.961440086364746163e-02
2.950744628906249931e-02
3.016844272613525280e-02
2.881347179412841950e-02
2.844629049301147447e-02
2.895019054412841658e-02
2.863814830780029436e-02
2.970191955566406361e-02
2.978462696075439425e-02
2.978502273559570368e-02
3.024440526962280176e-02
2.964831352233886566e-02
3.114498138427734472e-02
3.020657062530517425e-02
3.074841260910034235e-02
3.039181232452392578e-02
3.059710502624511663e-02
3.132313728332519753e-02
3.015599250793456892e-02
3.071227550506591686e-02
2.990655899047851493e-02
2.990985393524170019e-02
3.062551975250244266e-02
3.055693864822387612e-02
3.120472192764282143e-02
3.188201427459716464e-02
3.189497947692870872e-02
3.135232925415039340e-02
3.108852148056030426e-02
3.182660818099975614e-02
3.076113700866699163e-02
3.143496990203857588e-02
3.131499290466308733e-02
3.056604862213134835e-02
3.124688625335693415e-02
3.243229627609253013e-02
3.168586015701294056e-02
3.221320629119873297e-02
3.164222240447998186e-02
3.126356124877929799e-02
3.232131004333495955e-02
3.155578136444091991e-02
3.272157907485961914e-02
3.096138238906860282e-02
3.084946632385253754e-02
3.173299074172973577e-02
3.128483533859252597e-02
