5.234813561197370291e+00
1.664866579696536064e+00
2.559034572914242744e-01
5.915603158064186573e-01
1.690860378090292215e+00
2.783358907327055931e-01
6.092995922081172466e-01
1.473750150296837091e+00
2.749168560840189457e-01
6.455019470304250717e-01
1.702759947162121534e+00
2.507848390378057957e-01
5.065442561171948910e-01
2.554486971348524094e-01
1.618941370397806168e+00
5.862253480590879917e-01
8.778492691926658154e-01
1.023109446745365858e+00
5.813995199277997017e-01
2.555276658385992050e-01
1.520167860668152571e+00
5.253228642977774143e-01
3.066768138669431210e-01
1.643199746962636709e+00
5.693780318833887577e-01
2.691121581010520458e-01
1.714387383777648211e+00
2.907032901421189308e-01
6.247294950298964977e-01
1.079363164026290178e+00
9.851207002066075802e-01
5.617443998344242573e-01
5.587609261274337769e-01
1.283921082969754934e+00
6.654951260425150394e-01
2.491540568880736828e-01
1.690993159078061581e+00
5.163360722362995148e-01
3.219514568336308002e-01
1.682740596123039722e+00
2.665981031022965908e-01
6.514498461037874222e-01
1.672876700758934021e+00
2.711437097750604153e-01
6.454238067381083965e-01
2.568408288061618805e-01
1.676856918260455132e+00
2.497449382208287716e-01
6.194506571628153324e-01
1.277268692851066589e+00
6.275232401676476002e-01
5.690461909398436546e-01
5.007795281708240509e-01
1.455501501914113760e+00
2.509318902157247066e-01
6.757341530174016953e-01
5.342282690107822418e-01
1.272520724684000015e+00
5.648812549188733101e-01
2.449195510707795620e-01
1.521862644236534834e+00
5.813483996316790581e-01
2.500635283067822456e-01
1.616561585105955601e+00
2.393844225443899632e-01
4.882755093276500702e-01
1.099072244018316269e+00
7.992856591008603573e-01
5.997028169222176075e-01
2.399090933613479137e-01
1.674949924927204847e+00
2.407806348055601120e-01
5.760854012332856655e-01
1.509526805020868778e+00
2.496545780450105667e-01
5.827543619088828564e-01
6.417130907066166401e-01
1.339745946694165468e+00
6.216673012822866440e-01
2.624389277771115303e-01
1.690850689075887203e+00
5.657362551428377628e-01
2.443766198121011257e-01
1.570352235808968544e+00
2.466986631043255329e-01
6.301747038960456848e-01
4.124480430036783218e-01
1.562981244642287493e+00
5.636686338111758232e-01
2.458621622063219547e-01
1.758420660160481930e+00
2.480980250984430313e-01
5.260172761045396328e-01
2.467282828874886036e-01
1.687298674136400223e+00
5.752249099314212799e-01
2.473091939464211464e-01
1.705928852315992117e+00
2.542790737934410572e-01
6.352875512093305588e-01
9.439893877133727074e-01
9.338688841089606285e-01
5.815253700129687786e-01
2.399309729225933552e-01
1.484741647262126207e+00
5.902210129424929619e-01
2.409896650351583958e-01
1.612934690900146961e+00
5.191984451375901699e-01
2.624320066533982754e-01
1.545556597877293825e+00
2.474625450558960438e-01
7.109865061938762665e-01
2.535084038972854614e-01
1.575175372883677483e+00
5.937853893265128136e-01
2.497224779799580574e-01
1.366961579769849777e+00
7.158454130403697491e-01
6.122490358538925648e-01
2.628843579441308975e-01
1.531632198952138424e+00
2.545976149849593639e-01
5.871341591700911522e-01
9.348602942191064358e-01
9.676725752651691437e-01
5.623590908944606781e-01
1.167732127942144871e+00
6.711297249421477318e-01
5.858956160955131054e-01
8.294871351681649685e-01
1.254028479102998972e+00
6.251983358524739742e-01
1.718136989977210760e+00
2.743077450431883335e-01
6.260657380335032940e-01
1.634678333066403866e+00
2.517527411691844463e-01
6.032639527693390846e-01
1.711330880876630545e+00
2.482924559153616428e-01
5.392617247998714447e-01
2.430984182283282280e-01
1.675733236130326986e+00
7.039839746430516243e-01
6.105629629455506802e-01
1.371959157288074493e+00
6.791031281463801861e-01
1.642703676130622625e+00
2.863168129697442055e-01
6.375800347886979580e-01
1.541063652839511633e+00
2.499723481014370918e-01
6.311345752328634262e-01
2.417962546460330486e-01
1.718552181031554937e+00
2.412442849017679691e-01
5.686870701611042023e-01
1.576652965042740107e+00
2.491476773284375668e-01
5.673916391097009182e-01
2.468455042690038681e-01
1.658886800985783339e+00
2.576522389426827431e-01
6.244717347435653210e-01
1.693349533248692751e+00
2.584279412403702736e-01
6.393567682243883610e-01
6.012172591872513294e-01
1.317294544074684381e+00
2.505696290172636509e-01
5.612659002654254436e-01
1.681140762753784657e+00
2.615386550314724445e-01
6.952272420749068260e-01
2.580245700664818287e-01
1.630771387834101915e+00
2.445436189882457256e-01
5.546993496827781200e-01
7.405862309969961643e-01
1.107709167059510946e+00
5.968383229337632656e-01
2.787353321909904480e-01
1.730318787042051554e+00
3.020608769729733467e-01
6.151948813349008560e-01
1.620668361894786358e+00
3.105036504566669464e-01
6.463987780734896660e-01
1.609507346060127020e+00
6.136111179366707802e-01
2.778534311801195145e-01
1.636308096814900637e+00
6.573723950423300266e-01
2.803384936414659023e-01
1.630318826995790005e+00
6.027268818579614162e-01
3.006932949647307396e-01
1.629906807094812393e+00
5.951713798567652702e-01
2.629897277802228928e-01
1.577836607582867146e+00
6.690483032725751400e-01
2.560679577291011810e-01
1.602291174232959747e+00
6.007321593351662159e-01
2.778190709650516510e-01
1.603005025070160627e+00
3.375665210187435150e-01
5.485300198197364807e-01
2.425266169011592865e-01
1.634261734317988157e+00
5.398423769511282444e-01
2.510929489508271217e-01
1.361733370926231146e+00
6.194014470092952251e-01
5.700028128921985626e-01
2.410555449314415455e-01
1.668518764898180962e+00
2.860524933785200119e-01
5.350401899777352810e-01
1.579682240728288889e+00
2.425595158711075783e-01
5.905930339358747005e-01
2.462564832530915737e-01
1.578219128772616386e+00
2.680634758435189724e-01
5.887983208522200584e-01
1.271241093054413795e+00
5.809352286159992218e-01
5.097263013012707233e-01
2.495680968277156353e-01
1.762181417085230350e+00
2.401780229993164539e-01
5.705186440609395504e-01
1.527005841024219990e+00
2.686275271698832512e-01
4.964969214051961899e-01
2.441083188168704510e-01
1.596189816016703844e+00
4.548198985867202282e-01
3.526010341010987759e-01
1.658011449035257101e+00
2.492613666690886021e-01
5.400808979757130146e-01
2.501779575832188129e-01
1.726484381593763828e+00
2.467944929376244545e-01
5.800995477475225925e-01
1.608494573738425970e+00
2.483260659500956535e-01
6.099112825468182564e-01
5.552944098599255085e-01
1.370247414335608482e+00
2.434974987991154194e-01
5.863329679705202579e-01
1.579030558932572603e+00
2.631799578666687012e-01
6.336607290431857109e-01
2.534296140074729919e-01
1.566714630927890539e+00
2.478831950575113297e-01
6.105161029845476151e-01
2.424769471399486065e-01
1.621674954891204834e+00
2.495739478617906570e-01
6.100364332087337971e-01
9.890817156992852688e-01
8.736020731739699841e-01
4.938783673569560051e-01
2.734079342335462570e-01
1.653407342266291380e+00
2.739882245659828186e-01
5.673197181895375252e-01
1.468796723056584597e+00
3.549914569593966007e-01
5.937118278816342354e-01
2.449294109828770161e-01
1.672474261373281479e+00
5.457279761321842670e-01
2.487442055717110634e-01
1.666869842447340488e+00
2.540547749958932400e-01
5.503649730235338211e-01
2.591236820444464684e-01
1.725441810674965382e+00
2.405581641942262650e-01
5.571815040893852711e-01
1.184072211850434542e+00
7.351380027830600739e-01
5.362200518138706684e-01
2.530994219705462456e-01
1.661391574889421463e+00
2.508158292621374130e-01
5.063805459067225456e-01
1.694750303868204355e+00
2.468558242544531822e-01
6.344496901147067547e-01
2.490685870870947838e-01
1.572406710125505924e+00
4.540996756404638290e-01
3.512608218006789684e-01
1.617559807840734720e+00
2.590134921483695507e-01
5.594266359694302082e-01
2.497557089664041996e-01
1.670150467194616795e+00
2.410581447184085846e-01
5.509370430372655392e-01
1.413702968973666430e+00
2.955260658636689186e-01
5.578024238348007202e-01
2.305885092355310917e-01
1.702994877938181162e+00
2.590335919521749020e-01
5.785610158927738667e-01
9.606784330680966377e-01
8.438003077171742916e-01
5.808711689896881580e-01
5.870356587693095207e-01
1.295568520203232765e+00
6.455728868022561073e-01
2.466145236976444721e-01
1.539037148933857679e+00
2.539570447988808155e-01
5.885429801419377327e-01
1.118667282629758120e+00
7.324408688582479954e-01
5.374463731423020363e-01
2.411513249389827251e-01
1.676586935762315989e+00
2.569430689327418804e-01
5.656714071519672871e-01
8.029397451318800449e-01
1.004338448867201805e+00
5.465764869004487991e-01
2.387761212885379791e-01
1.573739272076636553e+00
2.517145308665931225e-01
5.548448790796101093e-01
2.447776300832629204e-01
1.274350937921553850e+00
5.392092256806790829e-01
5.900285029783844948e-01
2.430946379899978638e-01
1.426368358079344034e+00
4.174423119984567165e-01
6.281780409626662731e-01
2.802867940627038479e-01
1.670205957721918821e+00
2.497530472464859486e-01
5.694477609358727932e-01
4.831545506604015827e-01
1.551577239297330379e+00
5.483313398435711861e-01
2.531607029959559441e-01
1.661327254027128220e+00
2.602837942540645599e-01
5.577134736813604832e-01
2.695439779199659824e-01
1.656517936848104000e+00
5.466223969124257565e-01
2.558633182197809219e-01
1.557701118290424347e+00
2.544685248285531998e-01
5.234294510446488857e-01
2.475118250586092472e-01
1.578730170149356127e+00
2.473658239468932152e-01
5.474886191077530384e-01
6.067504878155887127e-01
1.344893193803727627e+00
5.606310190632939339e-01
2.510648402385413647e-01
1.553783230949193239e+00
2.433188981376588345e-01
5.223995409905910492e-01
3.978206934407353401e-01
1.581881904043257236e+00
6.321112560108304024e-01
2.514838199131190777e-01
1.580802343320101500e+00
2.476251451298594475e-01
6.296868128702044487e-01
2.419359860941767693e-01
1.579117760062217712e+00
6.371182939037680626e-01
2.446884410455822945e-01
1.616931296885013580e+00
2.508600088767707348e-01
4.584359237924218178e-01
2.427639667876064777e-01
1.765702321659773588e+00
2.405199441127479076e-01
5.516262450255453587e-01
1.340649559162557125e+00
5.287964297458529472e-01
6.109605948440730572e-01
2.464990532025694847e-01
1.672386000864207745e+00
2.435763180255889893e-01
5.861751479096710682e-01
9.331020517274737358e-01
1.085548333358019590e+00
5.930580771528184414e-01
6.308724153786897659e-01
1.357436114922165871e+00
6.264847782440483570e-01
2.590293921530246735e-01
1.839497383683919907e+00
6.048242049291729927e-01
3.630875800736248493e-01
1.853979485109448433e+00
5.941269290633499622e-01
2.995081427507102489e-01
1.841045196633785963e+00
6.499226922169327736e-01
4.838846321217715740e-01
1.516357874963432550e+00
6.830032831057906151e-01
1.774556454736739397e+00
2.548194462433457375e-01
5.999363684095442295e-01
1.584228127263486385e+00
2.562672169879078865e-01
5.795074980705976486e-01
4.456229242496192455e-01
1.497542327269911766e+00
5.487370700575411320e-01
3.005102747119963169e-01
1.726599663030356169e+00
2.571841399185359478e-01
6.241179639473557472e-01
1.584897906985133886e+00
2.432291582226753235e-01
5.638404632918536663e-01
5.764478920027613640e-01
1.368505191057920456e+00
5.105130719020962715e-01
2.414202750660479069e-01
1.695984347257763147e+00
2.414667364209890366e-01
6.239599040709435940e-01
2.375904186628758907e-01
1.608812045305967331e+00
5.650109751150012016e-01
2.507378491573035717e-01
1.577187036164104939e+00
2.469677226617932320e-01
5.731787583790719509e-01
6.441100849770009518e-01
1.270288452971726656e+00
5.424412596039474010e-01
2.426141779869794846e-01
1.611848439089953899e+00
2.664146637544035912e-01
5.431037219241261482e-01
4.183424729853868484e-01
1.482367632910609245e+00
5.616902601905167103e-01
2.903113099746406078e-01
1.662628774996846914e+00
2.400150331668555737e-01
4.705774621106684208e-01
2.443512999452650547e-01
1.546141360886394978e+00
2.479167953133583069e-01
5.846486547961831093e-01
2.677753637544810772e-01
1.476562393829226494e+00
5.379357947967946529e-01
2.395995231345295906e-01
1.681279442738741636e+00
2.622780972160398960e-01
6.173406536690890789e-01
2.595279226079583168e-01
1.728984836954623461e+00
2.517921002581715584e-01
5.995879983529448509e-01
1.354771169833838940e+00
6.361008728854358196e-01
5.075427177362143993e-01
2.510441401973366737e-01
1.389561621937900782e+00
4.180062618106603622e-01
5.610503400675952435e-01
2.491756067611277103e-01
1.434993740636855364e+00
2.465190030634403229e-01
5.064935968257486820e-01
1.297896685078740120e+00
6.299393130466341972e-01
6.154144611209630966e-01
2.450293409638106823e-01
1.510476695839315653e+00
2.577258800156414509e-01
5.678689591586589813e-01
2.559163677506148815e-01
1.555476982612162828e+00
5.553899700753390789e-01
2.445888998918235302e-01
1.605016347020864487e+00
2.442728588357567787e-01
5.646964437328279018e-01
2.521982910111546516e-01
1.719296812079846859e+00
5.826895409263670444e-01
2.543359640985727310e-01
1.611178267281502485e+00
2.534839138388633728e-01
5.694989417679607868e-01
6.117325257509946823e-01
1.282079938799142838e+00
6.029687230475246906e-01
2.471351539716124535e-01
1.522851664107292891e+00
2.437901683151721954e-01
5.424291701056063175e-01
5.608182880096137524e-01
1.390673415269702673e+00
5.580800850875675678e-01
2.432484282180666924e-01
1.478175716008991003e+00
2.534352838993072510e-01
6.900911438278853893e-01
1.615058294963091612e+00
2.536052842624485493e-01
5.335607258602976799e-01
8.593472507782280445e-01
1.056818500161170959e+00
5.903405528515577316e-01
2.470344430766999722e-01
1.600582312326878309e+00
2.450264305807650089e-01
5.617366898804903030e-01
2.586007616482675076e-01
1.570908966008573771e+00
2.549313963390886784e-01
5.774604342877864838e-01
9.425821369513869286e-01
9.089384260587394238e-01
5.680702598765492439e-01
2.511274288408458233e-01
1.701867775991559029e+00
6.047452148050069809e-01
2.425828767009079456e-01
1.628259743098169565e+00
2.461308031342923641e-01
5.547759900800883770e-01
6.851382069289684296e-01
1.297632663045078516e+00
5.742490990087389946e-01
2.492026169784367085e-01
1.652019180823117495e+00
2.501403689384460449e-01
4.931247360073029995e-01
1.490610715001821518e+00
2.403219826519489288e-01
5.766514521092176437e-01
2.376697589643299580e-01
1.746705832891166210e+00
3.918539229780435562e-01
4.262209953740239143e-01
1.591676728334277868e+00
3.162324689328670502e-01
6.290957112796604633e-01
2.475202949717640877e-01
1.676124156918376684e+00
2.571964287199079990e-01
6.142641101032495499e-01
2.491684169508516788e-01
1.717045917641371489e+00
4.879054380580782890e-01
2.625600080937147141e-01
1.587596822064369917e+00
2.636030591093003750e-01
5.914668650366365910e-01
2.411401849240064621e-01
1.666439453139901161e+00
2.406399738974869251e-01
5.654794150032103062e-01
9.691202170215547085e-01
9.118994502350687981e-01
6.335766492411494255e-01
2.484564268961548805e-01
1.794203664176166058e+00
2.402046243660151958e-01
6.302083237096667290e-01
2.371711186133325100e-01
1.707455674186348915e+00
2.490159268490970135e-01
5.572512331418693066e-01
1.497161455918103456e+00
2.522501023486256599e-01
5.617403099313378334e-01
2.364194258116185665e-01
1.514778332784771919e+00
2.574591003358364105e-01
6.446006959304213524e-01
2.452148813754320145e-01
1.561575482133775949e+00
2.380915507674217224e-01
5.572535530664026737e-01
8.336562709882855415e-01
8.018734129145741463e-01
5.947784199379384518e-01
5.850387746468186378e-01
1.305134505033493042e+00
5.583600546233355999e-01
2.507306500338017941e-01
1.595162643119692802e+00
2.422598670236766338e-01
5.408073188737034798e-01
2.471553538925945759e-01
1.638606818858534098e+00
6.121787871234118938e-01
2.481505461037158966e-01
1.672517081256955862e+00
2.451826119795441628e-01
6.640972751192748547e-01
6.871301489882171154e-01
1.389934503939002752e+00
2.525242520496249199e-01
5.562098319642245770e-01
6.020307722501456738e-01
1.277465342078357935e+00
2.503851600922644138e-01
5.212932890281081200e-01
1.560009480919688940e+00
2.401914931833744049e-01
5.354601303115487099e-01
2.389337420463562012e-01
1.564254878088831902e+00
4.048976833000779152e-01
4.371126010082662106e-01
1.583890265785157681e+00
2.439166991971433163e-01
2.443459993228316307e-01
4.733034167438745499e-01
2.353902761824429035e-01
1.712276141159236431e+00
2.416451363824307919e-01
2.434366182424128056e-01
6.777587160468101501e-01
2.526638628914952278e-01
1.577719807159155607e+00
6.076423591002821922e-01
2.589826919138431549e-01
1.553286711219698191e+00
2.457918818108737469e-01
5.655070757493376732e-01
2.475319448858499527e-01
1.544467255938798189e+00
2.422503461129963398e-01
6.011698199436068535e-01
9.280661353841423988e-01
9.794401009567081928e-01
5.690939608030021191e-01
2.433781479485332966e-01
1.664229698013514280e+00
3.309276201762259007e-01
5.364173897542059422e-01
1.511587188113480806e+00
2.823064369149506092e-01
6.133745778352022171e-01
3.525809831917285919e-01
1.553055389784276485e+00
5.582208749838173389e-01
2.469560438767075539e-01
1.560933093074709177e+00
2.345292642712593079e-01
5.734346378594636917e-01
2.405257038772106171e-01
1.632239950820803642e+00
6.032978631556034088e-01
2.433650279417634010e-01
1.350896423682570457e+00
4.262381149455904961e-01
5.758450506255030632e-01
2.484464664012193680e-01
1.621906542684882879e+00
3.286140072159469128e-01
5.338910780847072601e-01
1.582867266144603491e+00
2.474821852520108223e-01
5.824957611039280891e-01
3.580780620686709881e-01
1.461260571144521236e+00
2.448348701000213623e-01
5.497462619096040726e-01
3.361686179414391518e-01
1.651660158764570951e+00
5.958296316675841808e-01
2.400578032247722149e-01
1.659864760935306549e+00
2.841773601248860359e-01
6.146162799559533596e-01
2.458421420305967331e-01
1.647216273006051779e+00
2.502882890403270721e-01
6.400875276885926723e-01
2.423699772916734219e-01
1.744357409887015820e+00
2.398534328676760197e-01
5.777958850376307964e-01
5.837385719642043114e-01
1.280574428848922253e+00
6.147754499688744545e-01
2.469951938837766647e-01
1.654443162959069014e+00
2.565162582322955132e-01
6.234338642098009586e-01
2.492367168888449669e-01
1.662936447188258171e+00
2.513607307337224483e-01
7.158580329269170761e-01
1.335094779729843140e+00
6.261478769592940807e-01
6.283955122344195843e-01
2.654342311434447765e-01
1.513384689111262560e+00
2.883894862607121468e-01
6.239634738303720951e-01
2.483810260891914368e-01
1.646305661182850599e+00
5.583375450223684311e-01
2.476606848649680614e-01
1.629742706660181284e+00
2.486438257619738579e-01
5.718168350867927074e-01
1.393142407760024071e+00
4.311084719374775887e-01
5.705735241062939167e-01
5.915245348587632179e-01
1.359638227149844170e+00
5.540921990759670734e-01
2.463234825991094112e-01
1.538845979142934084e+00
2.476481837220489979e-01
6.096903118304908276e-01
1.142894899938255548e+00
7.173482361249625683e-01
6.151072010397911072e-01
2.481568451039493084e-01
1.575916863977909088e+00
2.403536029160022736e-01
5.636153831146657467e-01
5.591137763112783432e-01
1.173272634856402874e+00
6.450024261139333248e-01
2.534097428433597088e-01
1.569633026141673326e+00
3.405785858631134033e-01
4.383885529823601246e-01
5.619339291006326675e-01
1.370238653849810362e+00
5.939026991836726665e-01
2.541258851997554302e-01
1.739822403062134981e+00
2.353309160098433495e-01
5.812419499270617962e-01
1.139586064964532852e+00
6.185720856301486492e-01
5.048989532515406609e-01
2.432827288284897804e-01
1.483681105077266693e+00
2.459596530534327030e-01
6.155901323072612286e-01
2.621078770607709885e-01
1.559515749104321003e+00
4.992626863531768322e-01
2.605823040939867496e-01
1.623729027342051268e+00
2.967526689171791077e-01
5.487548499368131161e-01
5.431422926485538483e-01
1.270217362325638533e+00
6.269010491669178009e-01
2.482514856383204460e-01
1.691910980269312859e+00
2.499090391211211681e-01
6.344281197525560856e-01
2.471282738260924816e-01
1.713231042027473450e+00
2.448521903716027737e-01
5.331022571772336960e-01
5.208425591699779034e-01
1.356177961919456720e+00
5.552150192670524120e-01
3.311373908072710037e-01
1.590178106911480427e+00
2.496053380891680717e-01
6.454055472277104855e-01
4.826964898966252804e-01
1.299402417149394751e+00
2.506566899828612804e-01
5.751655502244830132e-01
1.575167512986809015e+00
2.577812401577830315e-01
5.821366407908499241e-01
2.532616043463349342e-01
1.616831026971340179e+00
4.857319849543273449e-01
2.686474258080124855e-01
1.471172507386654615e+00
2.481659860350191593e-01
5.906057441607117653e-01
6.308729951269924641e-01
1.403066782280802727e+00
5.862030871212482452e-01
5.938538191840052605e-01
1.293543017935007811e+00
5.486078192479908466e-01
2.586862323805689812e-01
1.807562666013836861e+00
2.542113349772989750e-01
6.182346860878169537e-01
5.135510959662497044e-01
1.463968105148524046e+00
5.722853960469365120e-01
2.412541252560913563e-01
1.562682273797690868e+00
2.658045217394828796e-01
6.079500098712742329e-01
6.013151402585208416e-01
1.273979038000106812e+00
6.083852802403271198e-01
2.492534671910107136e-01
1.493309619836509228e+00
2.941750651225447655e-01
5.642707138322293758e-01
5.239303633570671082e-01
1.324721103999763727e+00
5.359529610723257065e-01
1.229811801109462976e+00
5.473401979543268681e-01
6.918269968591630459e-01
1.767276864033192396e+00
3.423695978708565235e-01
6.631179237738251686e-01
9.807184529490768909e-01
9.088502260856330395e-01
5.874289888888597488e-01
5.155806010589003563e-01
1.392828507348895073e+00
5.885495608672499657e-01
3.976214420981705189e-01
1.597211508080363274e+00
6.676564901135861874e-01
2.640864788554608822e-01
1.666576982010155916e+00
6.175373052246868610e-01
2.482368061318993568e-01
1.498889768030494452e+00
2.487525157630443573e-01
6.321723870933055878e-01
5.552769112400710583e-01
1.281619909219443798e+00
5.543042290955781937e-01
2.362827081233263016e-01
1.508332382887601852e+00
2.469924143515527248e-01
6.120915762148797512e-01
2.501039588823914528e-01
1.643528006970882416e+00
2.545922650024294853e-01
6.153537421487271786e-01
5.946402000263333321e-01
1.299920937046408653e+00
5.936735183931887150e-01
2.682828158140182495e-01
1.675258154980838299e+00
6.615644712001085281e-01
2.472952040843665600e-01
1.655648295767605305e+00
2.467993437312543392e-01
6.211488097906112671e-01
2.408335250802338123e-01
1.648616054095327854e+00
2.467315038666129112e-01
6.936693899333477020e-01
2.400351730175316334e-01
1.591643057763576508e+00
2.434012778103351593e-01
6.118558859452605247e-01
5.366811030544340611e-01
1.261790649965405464e+00
5.680762492120265961e-01
2.507042586803436279e-01
1.731777410954236984e+00
2.506384588778018951e-01
6.594789978116750717e-01
2.539363652467727661e-01
1.576840505935251713e+00
5.628215023316442966e-01
2.515656710602343082e-01
1.598722898866981268e+00
2.522108210250735283e-01
5.776134049519896507e-01
1.607602242846041918e+00
2.590751219540834427e-01
5.831620218232274055e-01
2.477298052981495857e-01
1.674702035263180733e+00
2.436888790689408779e-01
5.938178091309964657e-01
1.613231760915368795e+00
3.043323811143636703e-01
6.277507399208843708e-01
2.447103401646018028e-01
1.674207743257284164e+00
2.475821636617183685e-01
6.318064769729971886e-01
2.469703136011958122e-01
1.534480981994420290e+00
5.614187689498066902e-01
2.630551587790250778e-01
1.608959403820335865e+00
2.962058680132031441e-01
6.773223858326673508e-01
1.572856190148741007e+00
2.949025561101734638e-01
6.040331539697945118e-01
1.702491476200520992e+00
2.960395179688930511e-01
5.706861829385161400e-01
1.512945199850946665e+00
2.611099150963127613e-01
5.960817229934036732e-01
9.274512617848813534e-01
1.016388657968491316e+00
6.407352201640605927e-01
2.574446899816393852e-01
1.684545198921114206e+00
2.591319722123444080e-01
5.437508230097591877e-01
2.460816721431910992e-01
1.662248625885695219e+00
2.595113529823720455e-01
5.658738161437213421e-01
1.522158593870699406e+00
2.402166230604052544e-01
5.775605347007513046e-01
9.260436012409627438e-01
9.346613129600882530e-01
5.754723809659481049e-01
2.384447199292480946e-01
1.566997890826314688e+00
2.418584958650171757e-01
6.256805458106100559e-01
5.342314280569553375e-01
1.267048446927219629e+00
5.216499399393796921e-01
3.298831088468432426e-01
7.544375108554959297e-01
1.098298451863229275e+00
6.106944652274250984e-01
2.492988468147814274e-01
1.546602500136941671e+00
3.456783238798379898e-01
2.585790506564080715e-01
5.940009690821170807e-01
5.010185986757278442e-01
1.384471244644373655e+00
6.152532100677490234e-01
2.551560360006988049e-01
1.564435768406838179e+00
2.559412182308733463e-01
6.234497139230370522e-01
6.120612253434956074e-01
1.271878544706851244e+00
2.552501270547509193e-01
6.117196958512067795e-01
2.488642968237400055e-01
1.596038583666086197e+00
2.525757616385817528e-01
5.512910741381347179e-01
1.607518764212727547e+00
2.506479187868535519e-01
5.778241939842700958e-01
5.839881440624594688e-01
1.272281995974481106e+00
5.444821841083467007e-01
2.499686176888644695e-01
1.746725761797279119e+00
4.808260770514607430e-01
2.890198370441794395e-01
1.614106232766062021e+00
2.972338888794183731e-01
6.662360089831054211e-01
2.494063870981335640e-01
1.607979768421500921e+00
5.714548812247812748e-01
2.454058849252760410e-01
1.515799830202013254e+00
2.683411086909472942e-01
6.474485672079026699e-01
2.379619432613253593e-01
1.689280265010893345e+00
2.771579618565738201e-01
