7.832283191382884979e-01
6.727247558534145133e-01
6.711210578680038008e-01
6.645264923572540283e-01
6.557799398899077925e-01
6.518315047025680098e-01
6.486208520829677138e-01
6.478379458189010842e-01
6.460731454193592294e-01
6.427882768213748488e-01
6.450299575924873796e-01
6.374680526554584725e-01
6.339720442891121355e-01
6.348615907132625358e-01
6.361425131559371726e-01
6.327179118990897688e-01
6.343782559037208779e-01
6.334656819701194319e-01
6.260841399431228416e-01
6.255388848483562914e-01
6.263662524521350639e-01
6.233577258884906991e-01
6.224238619208335432e-01
6.220450423657893912e-01
6.221913024783134460e-01
6.214389361441134962e-01
6.182164050638675468e-01
6.215209230780601724e-01
6.217762872576713118e-01
6.227486275136471239e-01
6.236731655895709769e-01
6.187400043010711226e-01
6.168576113879680189e-01
6.187185131013392958e-01
6.179636679589748383e-01
6.206799298524856567e-01
6.167845100164413008e-01
6.163622140884399414e-01
6.153807528316974640e-01
6.143630288541317430e-01
6.182490810751914978e-01
6.125629328191279921e-01
6.132544443011284097e-01
6.115064896643161996e-01
6.125245265662669913e-01
6.132130771875381470e-01
6.134121507406234963e-01
6.151801228523254839e-01
6.149693317711353302e-01
6.177709251642227173e-01
6.089072354137897713e-01
6.125870525836945024e-01
6.130301833152771440e-01
6.094684965908527818e-01
6.085538364946841972e-01
6.061858184635638969e-01
6.064808517694473267e-01
6.075165554881095664e-01
6.096627958118915336e-01
6.139115676283836143e-01
6.159888446331024392e-01
6.113601543009281603e-01
6.083839431405067000e-01
6.153255619108677354e-01
6.090030059218406455e-01
6.081199102103710397e-01
6.077041938900947793e-01
6.084892734885215537e-01
6.169631473720074144e-01
6.105277560651302116e-01
6.081588916480541451e-01
6.093180164694785850e-01
6.087686650454997572e-01
6.063159257173538208e-01
6.062056645750999451e-01
6.063548713922500832e-01
6.093990005552768485e-01
6.085077948868274911e-01
6.056482993066311105e-01
6.057528339326381239e-01
6.073105275630951150e-01
6.077272497117519601e-01
6.086392015218734519e-01
6.125139698386192766e-01
6.082659773528575897e-01
6.061875186860561371e-01
6.027352251112461090e-01
6.035800106823444588e-01
6.071135513484477997e-01
6.059551790356636491e-01
6.053763173520565477e-01
6.055449344217777030e-01
6.061982676386833413e-01
6.051481962203979492e-01
6.088921658694743666e-01
6.045531198382377847e-01
6.090848736464977708e-01
6.062563642859458701e-01
6.053301408886909707e-01
6.061412610113621202e-01
6.007736153900623544e-01
6.009361706674098969e-01
5.992330819368362205e-01
5.985403373837471230e-01
5.998780176043509993e-01
6.003829821944236533e-01
6.000929348170757072e-01
5.995233483612537606e-01
5.978453099727630837e-01
5.993886686861514823e-01
5.996929556131362915e-01
5.980541691184043662e-01
5.978862740099429862e-01
5.985761545598506927e-01
5.986756950616836104e-01
5.993772551417351213e-01
5.981726787984371629e-01
6.030357152223586592e-01
5.966828785836696403e-01
5.972001083195209725e-01
5.992333874106406943e-01
6.001317530870438066e-01
5.970400884747505410e-01
5.967105492949486001e-01
5.975360989570617232e-01
5.988966278731823190e-01
5.978649690747260825e-01
5.996859751641749892e-01
5.990523144602775130e-01
6.000871583819389343e-01
5.975203566253185494e-01
5.988407604396343009e-01
5.986552700400352700e-01
5.994285054504870924e-01
5.966626964509487152e-01
5.967901207506656203e-01
5.968983493745326774e-01
5.968109831213951333e-01
5.950181812047958818e-01
5.973262920975684898e-01
5.954189494252204451e-01
5.999881565570831521e-01
5.978655278682708518e-01
5.954753734171390755e-01
5.968099698424339516e-01
5.999362178146838698e-01
5.962618432939053026e-01
5.953312978148460610e-01
5.989914290606975777e-01
5.970513038337230682e-01
5.961375750601292101e-01
5.979065962135792223e-01
5.968417480587959734e-01
5.973637662827968597e-01
6.014303535223006758e-01
5.945185333490371482e-01
5.958702430129051431e-01
5.942972287535667197e-01
5.964422695338725822e-01
5.956274233758449554e-01
5.945911057293414848e-01
5.941934071481227431e-01
5.963551968336104903e-01
5.935434222221374068e-01
5.947080150246619734e-01
5.965511225163936393e-01
5.941835470497608407e-01
5.967285387217998727e-01
5.968232907354831251e-01
5.959659576416015403e-01
5.988612130284309831e-01
5.946158915758132935e-01
5.938447773456573264e-01
5.947545789182185905e-01
5.981653705239295959e-01
5.931665398180484550e-01
5.961923852562904802e-01
5.964016579091548920e-01
5.940303184092045052e-01
5.947141505777835402e-01
5.943688757717608961e-01
5.940684415400028229e-01
5.959691315889358298e-01
5.979486122727394326e-01
5.952483333647251573e-01
5.951417848467827065e-01
5.937407076358794944e-01
5.934614911675453186e-01
5.940435007214546204e-01
5.948527716100215912e-01
5.966561876237392870e-01
5.960342667996882948e-01
5.969869147986173186e-01
5.929180502891540083e-01
5.953687876462936401e-01
5.919902037829161134e-01
5.944057390093803184e-01
5.927478574216366036e-01
5.947080023586750475e-01
5.944192089140415414e-01
5.924951657652854919e-01
5.888335257768630981e-01
5.888439558446407762e-01
5.888789087533951028e-01
5.895935989916324393e-01
5.890799596905708091e-01
5.892221696674824205e-01
5.891319349408149497e-01
5.893619991838932037e-01
5.907440364360809770e-01
5.893507659435271995e-01
5.898734413087367567e-01
5.886221572756766829e-01
5.884604036808014360e-01
5.908168889582157135e-01
5.880414865911006705e-01
5.898658670485019684e-01
5.894234821200370344e-01
5.880105629563331382e-01
5.884625390172004700e-01
5.880536772310733795e-01
5.881634443998337014e-01
5.883732907474040763e-01
5.882486984133720176e-01
5.870968006551265939e-01
5.872862659394740836e-01
5.881357401609420554e-01
5.882433578372001648e-01
5.877034112811088118e-01
5.891051024198532549e-01
5.872886590659618378e-01
5.870524175465107186e-01
5.875259689986706002e-01
5.887962624430655989e-01
5.869688771665095839e-01
5.888705432415008989e-01
5.883983623236417326e-01
5.877410937100648880e-01
5.875056490302086321e-01
5.867605693638324738e-01
5.864767730236053467e-01
5.866920784115791099e-01
5.863033041357994524e-01
5.864961929619312286e-01
5.870631553232670274e-01
5.875470377504825592e-01
5.869360014796256575e-01
5.865082718431949838e-01
5.862535223364829795e-01
5.860498100519180298e-01
5.858269356191158073e-01
5.857251532375812308e-01
5.883746661245823351e-01
5.862375259399413840e-01
5.867845937609672546e-01
5.892080515623092651e-01
5.864688381552696228e-01
5.876006249338387999e-01
5.872421942651271376e-01
5.861228071153163910e-01
5.866456925868988037e-01
5.859751023352146593e-01
5.882234901189804521e-01
5.853403180837630781e-01
5.874626003205776215e-01
5.855376876890658888e-01
5.862973846495151964e-01
5.860726635903119597e-01
5.855290934443473372e-01
5.860983267426490562e-01
5.868379272520541923e-01
5.864536389708518982e-01
5.868800066411494765e-01
5.858056001365185006e-01
5.867473483085632324e-01
5.866676524281502214e-01
5.857944548130035178e-01
5.863932974636554274e-01
5.850646540522574934e-01
5.859762802720069885e-01
5.852594323456287162e-01
5.851986728608608024e-01
5.847721703350543532e-01
5.862198762595653978e-01
5.860699176788329856e-01
5.842694863677024841e-01
5.838397420942783578e-01
5.850826218724251016e-01
5.863034211099147353e-01
5.860764995217323525e-01
5.852395430207252280e-01
5.843428403139114824e-01
5.869837328791618347e-01
5.862617433071136697e-01
5.852825984358787093e-01
5.847026050090790017e-01
5.860666297376155853e-01
5.851165987551212311e-01
5.842573590576648490e-01
5.837787810713053194e-01
5.817652985453605208e-01
5.811819851398467573e-01
5.817454718053340912e-01
5.821850650012493356e-01
5.816297776997089164e-01
5.827567636966705100e-01
5.826005287468433158e-01
5.818799734115600586e-01
5.810753464698791282e-01
5.817032791674137115e-01
5.820171982049942017e-01
5.811235532164573669e-01
5.819318935275077376e-01
5.820601642131805198e-01
5.818879730999469979e-01
5.819573201239108817e-01
5.806616164743900743e-01
5.811645433306693587e-01
5.820627160370349662e-01
5.811966203153133836e-01
5.811646267771720664e-01
5.816454004496336427e-01
5.822896488010883553e-01
5.826243504881858382e-01
5.817954696714877638e-01
5.819169528782367484e-01
5.811499230563640372e-01
5.811357975006103960e-01
5.815795481204986128e-01
5.819637618958950487e-01
5.814460791647434457e-01
5.808539573103189690e-01
5.808664120733737501e-01
5.821723241358995882e-01
5.817066088318825212e-01
5.817072398960589918e-01
5.821527309715748277e-01
5.816501174122095108e-01
5.811534278094768746e-01
5.820112068206071410e-01
5.813756659626960754e-01
5.809557266533375008e-01
5.807260029017925484e-01
5.804514691233635393e-01
5.809301003813743813e-01
5.814574949443340746e-01
5.807474359869957414e-01
5.811718717217445596e-01
5.810001201927661452e-01
5.807970590889454110e-01
5.806414116173982398e-01
5.803826086223125014e-01
5.812901180237531884e-01
5.810547564178705215e-01
5.815645664930343406e-01
5.831619806587695631e-01
5.806514948606491533e-01
5.812052927911282030e-01
5.809961214661598650e-01
5.803159795701503532e-01
5.802465129643679109e-01
5.805677272379398124e-01
5.805616393685341103e-01
5.816102430224419084e-01
5.813332241028547065e-01
5.815109394490718397e-01
5.808599568903446420e-01
5.804324939846992049e-01
5.805061705410480277e-01
5.806952208280563577e-01
5.811519905924796836e-01
5.807487674057483229e-01
5.804118130356072935e-01
5.802082382142543793e-01
5.802650935947895050e-01
5.801939371973275916e-01
5.801979102194309013e-01
5.813443154096603616e-01
5.803925119340419547e-01
5.800622448325156721e-01
5.806080937385559304e-01
5.806788809597491774e-01
5.804856367409229057e-01
5.805245064198970573e-01
5.801513709127903429e-01
5.811330266296863556e-01
5.817863509058952554e-01
5.804775796830654588e-01
5.811345182359218819e-01
5.807785779237747414e-01
5.807795606553554091e-01
5.810016423463821855e-01
5.816520854830742326e-01
5.799632236361503823e-01
5.804925113916397095e-01
5.805363334715366586e-01
5.797482818365097268e-01
5.796136990189552085e-01
5.808391980826854706e-01
5.806041285395622253e-01
5.792202286422252211e-01
5.787780970335006936e-01
5.788379289209842904e-01
5.786332249641418235e-01
5.787513010203838570e-01
5.789671413600444572e-01
5.786476492881774680e-01
5.786576539278029951e-01
5.779374271631241289e-01
5.785501502454281075e-01
5.787889596074820009e-01
5.794650856405496597e-01
5.786473058164119943e-01
5.793429657816886458e-01
5.789885655045509116e-01
5.782872196286916733e-01
5.783369738608599153e-01
5.784502953290939775e-01
5.784172110259533373e-01
5.786348558962345345e-01
5.782133534550666365e-01
5.782447613775729689e-01
5.781543690711259398e-01
5.789665468037128448e-01
5.787013612687588182e-01
5.787137873470783456e-01
5.787434946745634301e-01
5.787911288440227287e-01
5.782905854284763336e-01
5.787619352340698242e-01
5.786937393248081651e-01
5.784179590642452018e-01
5.788430489599705187e-01
5.783033937215804610e-01
5.779186375439167023e-01
5.786999396979808363e-01
5.788348779082298501e-01
5.787110980600118637e-01
5.782989613711834176e-01
5.787379205226897971e-01
5.787515260279179063e-01
5.782506182789802773e-01
5.787183068692683952e-01
5.793270058929920197e-01
5.780527956783771959e-01
5.783424288034438865e-01
5.783192869275808334e-01
5.786499924957752006e-01
5.782446585595607536e-01
5.784372955560683760e-01
5.783162593841553178e-01
5.781739357858896033e-01
5.783693231642246246e-01
5.790842417627573013e-01
5.789219535887241141e-01
5.787951789796352831e-01
5.787616632878780365e-01
5.787009730935096519e-01
5.782140400260686874e-01
5.779300048947334512e-01
5.778507404029369354e-01
5.773347258567810281e-01
5.783750936388969421e-01
5.781407848000525984e-01
5.783744677901268005e-01
5.778869338333606498e-01
5.780052438378333601e-01
5.784385342150926146e-01
5.786708138883114305e-01
5.777805887162685838e-01
5.782377392053603682e-01
5.782024092972278817e-01
5.789340630173682722e-01
5.782465860247612000e-01
5.781644880771636963e-01
5.780458770692348258e-01
5.779777355492115021e-01
5.783852931112051232e-01
5.779935449361801592e-01
5.776700675487518311e-01
5.784905970096587691e-01
5.782640043646096739e-01
5.780365183949470742e-01
5.777719751000404136e-01
5.778351098299026045e-01
5.781779658049345239e-01
5.779570989310741647e-01
5.776282839477062669e-01
5.777955710887908714e-01
5.778729721903801408e-01
5.779492221772670746e-01
5.780367366969585419e-01
5.785089954733848572e-01
5.781386040151119676e-01
5.785857781767844710e-01
5.781142253428697142e-01
5.779735080897807631e-01
5.780062288045882957e-01
5.777513541281222853e-01
5.781401142477988753e-01
5.773785214871167693e-01
5.767588555812835915e-01
5.770091310143470320e-01
5.774541079998016802e-01
5.768726471811532752e-01
5.770396776497364044e-01
5.769383475184440835e-01
5.768644846975803375e-01
5.768359124660491499e-01
5.768741294741630554e-01
5.768596176058053970e-01
5.768676288425922394e-01
5.771080121397972329e-01
5.772299662232398543e-01
5.771676786243915558e-01
5.767871763557195219e-01
5.769692845642566681e-01
5.769798174500465615e-01
5.768440868705511093e-01
5.767961453646421877e-01
5.773845002055167930e-01
5.765513539314269797e-01
5.770673193037509918e-01
5.769891466945409331e-01
5.772030174732207808e-01
5.771392449736595376e-01
5.767543576657772064e-01
5.767886176705360191e-01
5.767987571656704171e-01
5.770621046423911604e-01
5.767507590353488922e-01
5.767108537256717682e-01
5.769205145537853463e-01
5.769747838377952132e-01
5.769663289189338462e-01
5.770802795886993408e-01
5.764833308756351915e-01
5.767740078270435777e-01
5.767215840518474801e-01
5.769834868609905465e-01
5.765742316842079607e-01
5.766871128231286781e-01
5.770811725407838377e-01
5.766257330775260703e-01
5.766005147248506324e-01
5.768442396074533463e-01
5.767395593225955741e-01
5.764921694993973000e-01
5.771779760718345198e-01
5.766083013266325441e-01
5.766197323799133745e-01
5.768373288214206918e-01
5.770426955074071662e-01
5.766242824494838271e-01
5.771097052842378838e-01
5.767619460821151733e-01
5.766927942633628401e-01
5.769805558025836723e-01
5.769610822200774702e-01
5.768800076097250207e-01
5.769848480820656267e-01
5.770717456936835799e-01
5.768302232027053833e-01
5.765585727989673837e-01
5.769438505172729270e-01
5.770163197070360406e-01
5.765917629003525224e-01
5.768071189522743225e-01
5.769832476973533186e-01
5.768309593200683372e-01
5.766198478639126268e-01
5.770582690834998862e-01
5.765945173799991164e-01
5.764049176126718743e-01
5.767546437680721727e-01
5.766632229089736494e-01
5.763934224843978438e-01
5.766996540129184501e-01
5.766051366925240007e-01
5.766749732196331246e-01
5.767681851983070818e-01
5.769461859017610550e-01
5.765106674283743127e-01
5.766413792967796104e-01
5.765109501779079881e-01
5.768726989626884460e-01
5.770655535161495209e-01
5.764727115631103072e-01
5.765540324151515739e-01
5.765359945595264213e-01
5.767694313079119173e-01
5.767938934266567674e-01
5.768651247024536577e-01
5.763854444026946799e-01
5.768768943846225294e-01
5.764126501977443473e-01
5.766491726040839927e-01
5.764064446091652361e-01
5.767335243523120658e-01
5.767733536660670790e-01
5.759330213069915327e-01
5.759657688438892809e-01
5.760553322732449022e-01
5.759507481008767638e-01
5.760074153542518172e-01
5.758623637259006056e-01
5.758608609437942949e-01
5.760392650961876360e-01
5.760337129235267861e-01
5.760084167122840881e-01
5.760594993829727395e-01
5.761194556951523271e-01
5.761873736977577432e-01
5.759877674281597137e-01
5.759877797216177431e-01
5.758562177419662698e-01
5.757916793227195740e-01
5.759362641721963438e-01
5.760309018194675890e-01
5.760487303137779014e-01
5.760358668863773124e-01
5.759239736944437027e-01
5.759536035358905348e-01
5.760500587522983107e-01
5.761813610792160256e-01
5.758797481656074968e-01
5.758130535483360068e-01
5.758331328630447166e-01
5.762017287313938585e-01
5.757818873971700668e-01
5.760972693562507185e-01
5.758832491934299247e-01
5.758687276393175125e-01
5.758805833756923676e-01
5.758590951561928239e-01
5.756810422986745612e-01
5.758417993783950806e-01
5.759677849709987640e-01
5.760649718344211800e-01
5.759962677955627885e-01
5.759154435247182402e-01
5.761338509619235992e-01
5.759510077536106332e-01
5.759501159191131592e-01
5.758952990174293074e-01
5.760122880339622053e-01
5.758036471903323905e-01
5.761842459440231767e-01
5.759398899972438812e-01
5.758308835327625719e-01
5.759192317724227683e-01
5.761046126484871133e-01
5.759210765361786333e-01
5.759989760816097704e-01
5.761797562241554038e-01
5.758020497858524767e-01
5.758377589285373910e-01
5.758695457130670325e-01
5.758724309504031913e-01
5.757814787328243700e-01
5.758377365767956002e-01
5.758120801299810854e-01
5.761816978454590288e-01
5.757825411856174469e-01
5.757342286407947096e-01
5.761742893606424110e-01
5.757165718823671341e-01
5.758724987506866899e-01
5.757495507597922835e-01
5.757287949323653953e-01
5.758292965590954271e-01
5.760615240782499535e-01
5.758209779858589616e-01
5.757860038429498672e-01
5.759042464196681976e-01
5.757842343300580978e-01
5.757146343588829263e-01
5.756540380418300185e-01
5.756414987146853957e-01
5.757810462266206297e-01
5.757196165621281114e-01
5.758436221629381624e-01
5.757149875164031538e-01
5.757276065647601859e-01
5.758572638034820113e-01
5.758341126143932120e-01
5.758023798465728982e-01
5.757468029856681602e-01
5.759017020463943481e-01
5.761574864387511985e-01
5.757985472679137962e-01
5.757276084274053352e-01
5.756156172603368315e-01
5.759848643094300780e-01
5.756927844136953132e-01
5.759272396564483198e-01
5.756985258311033693e-01
5.757575351744890213e-01
5.760494329035281691e-01
5.758568949997424635e-01
5.754880856722592863e-01
5.754214562475681305e-01
5.755509033799171004e-01
5.754751451313495636e-01
5.755146652460098045e-01
5.753598093986511675e-01
5.754224911332130876e-01
5.754421599209308402e-01
5.754802308976649794e-01
5.754024855792522208e-01
5.753720007836818917e-01
5.754612214863300546e-01
5.754778705537318961e-01
5.753398135304450545e-01
5.754223942756653276e-01
5.755217373371124268e-01
5.753910254687071291e-01
5.754156861454248206e-01
5.754697650671005693e-01
5.754005007445812669e-01
5.755361840128898621e-01
5.755305215716362000e-01
5.755088701844215393e-01
5.755309306085110155e-01
5.753939844667911307e-01
5.753845471888781038e-01
5.753697570413350837e-01
5.754803501069545302e-01
5.755008142441511154e-01
5.755437605082989183e-01
5.753697991371155007e-01
5.753901559859514458e-01
5.753958627581596819e-01
5.755804006010294405e-01
5.754540808498859183e-01
5.754647836089133994e-01
5.754594616591930389e-01
5.755188200622797234e-01
5.754094094038009199e-01
5.753524415194988251e-01
5.754798516631126626e-01
5.753885783255100472e-01
5.753146998584270921e-01
5.754319239407778008e-01
5.753378607332706451e-01
5.755239985883235931e-01
5.754526834934949875e-01
5.753961078822612540e-01
5.754912540316581282e-01
5.753137566149234550e-01
5.754354994744061980e-01
5.753757566213607566e-01
5.753516852855682373e-01
5.753421649336815102e-01
5.753882713615894318e-01
5.753776699304580244e-01
5.753282435238361581e-01
5.753719158470630424e-01
5.753767844289541245e-01
5.754612818360328452e-01
5.753004245460033861e-01
5.752668976783752441e-01
5.753053322434424910e-01
5.753907546401023643e-01
5.752986963838339074e-01
5.753398299217223899e-01
5.755719017237425073e-01
5.754636678844690101e-01
5.753931336104869398e-01
5.753929696977138075e-01
5.753472886979580370e-01
5.754318762570619361e-01
5.754792120307683501e-01
5.754160251468419807e-01
5.753771871328353660e-01
5.752509690821170363e-01
5.754170533269643562e-01
5.752574659883975539e-01
5.753923751413821952e-01
5.753384567797183990e-01
5.753994431346655114e-01
5.753554984927177207e-01
5.754317030310630576e-01
5.753196202218532340e-01
5.753734454512595686e-01
5.753475859761237876e-01
5.752876169979572740e-01
5.754714973270893541e-01
5.752538651227950828e-01
5.754853509366512077e-01
5.752876780927180800e-01
5.754107043147087541e-01
5.754009854048490746e-01
5.753525286912918313e-01
5.752866163849830183e-01
5.752758551388978958e-01
5.753199227154255357e-01
5.753768354654311690e-01
5.752472858875989914e-01
5.752815667539834532e-01
5.751462258398533089e-01
5.752313390374184099e-01
5.751773364841937797e-01
5.751815881580114587e-01
5.752242505550384521e-01
5.752064302563667519e-01
5.751121114939451440e-01
5.751623377203941567e-01
5.751478284597396629e-01
5.751619644463061842e-01
5.751129753887653795e-01
5.751300584524869919e-01
5.751675687730312125e-01
5.751414373517036438e-01
5.751434605568647163e-01
5.751078464090824127e-01
5.751506097614764723e-01
5.751805864274501801e-01
5.751146286725997703e-01
5.751430172473191993e-01
5.751510359346866386e-01
5.750824175775051117e-01
5.752114232629537138e-01
5.751190211623906645e-01
5.751301661133766396e-01
5.751230977475643158e-01
5.751437269151210563e-01
5.751374214887619019e-01
5.751309841871261597e-01
5.751133397221565025e-01
5.751943588256835938e-01
5.751530233770608680e-01
5.750572122633457184e-01
5.751416478306055069e-01
5.750835672020911948e-01
5.751575857400894609e-01
5.751165963709354845e-01
5.751874249428510222e-01
5.751211240887641463e-01
5.751348916441202386e-01
5.752721004188060538e-01
5.751148104667663796e-01
5.751592941582203133e-01
5.751206718385220018e-01
5.750913634896278603e-01
5.752044774591922316e-01
5.750966794788837655e-01
5.751291856169700178e-01
5.750886190682649168e-01
5.751442030072212441e-01
5.751462403684854952e-01
5.751225441694259866e-01
5.751095548272132651e-01
5.750960759818554147e-01
5.750594280660152879e-01
5.751773118972778320e-01
5.751521155238151772e-01
5.751051157712936401e-01
5.751287352293730226e-01
5.750925168395042419e-01
5.750824674963951333e-01
5.751080445945262465e-01
5.751147709786892381e-01
5.751858994364738020e-01
5.751207545399665833e-01
5.751522526144980940e-01
5.751149684190750566e-01
5.751429554075002670e-01
5.751094371080398560e-01
5.751046329736709817e-01
5.751515634357928786e-01
5.751581855118275133e-01
5.751501463353634325e-01
5.751648675650358200e-01
5.751622989773750305e-01
5.750922217965126482e-01
5.751442767679690871e-01
5.750984031707048194e-01
5.751506980508566125e-01
5.750584796071052107e-01
5.751505155116319878e-01
5.750626150518656221e-01
5.751088432967662589e-01
5.751037597656250000e-01
5.751078903675079790e-01
5.751260079443454298e-01
5.750867366790771706e-01
5.750724196434020552e-01
5.751085553318262544e-01
5.751261644065379652e-01
5.750901155173778756e-01
5.751079298555851205e-01
5.751268863677978516e-01
5.750695504248142242e-01
5.750975668430328147e-01
5.751142941415310350e-01
5.750623501837253126e-01
5.750586763024330139e-01
5.751080196350812912e-01
5.750633832067251205e-01
5.750061403959989548e-01
5.749662876129150169e-01
5.749928291887045351e-01
5.750085122883319411e-01
5.750218495726585610e-01
5.750313781201839003e-01
5.750030092895030975e-01
5.749908261001109855e-01
5.749552406370639357e-01
5.750053770840167777e-01
5.750204794108867423e-01
5.749984785914421526e-01
5.750241994857787642e-01
5.750203765928745270e-01
5.749781802296638489e-01
5.750221248716116396e-01
5.749877844005822913e-01
5.749935239553451982e-01
5.749847136437893358e-01
5.750102795660495536e-01
5.749762210994958656e-01
5.750000428408383879e-01
5.749774653464555518e-01
5.749867096543311851e-01
5.750012632459402528e-01
5.749839596450329049e-01
5.749933823943138567e-01
5.749828919768333879e-01
5.749966502189636230e-01
5.749999344348907249e-01
5.749720916152000205e-01
5.750342983752488868e-01
5.749906316399574502e-01
5.749710932374000327e-01
5.749916870146989378e-01
5.749846611171960387e-01
5.750014044344424757e-01
5.749602846801280531e-01
5.749768011271954027e-01
5.749787252396345583e-01
5.749729748815297636e-01
5.749910734593868256e-01
5.749761603772640672e-01
5.749723650515079498e-01
5.749528437852859941e-01
5.749899379909038100e-01
5.750070750713348611e-01
5.749658435583114846e-01
5.749916587024926917e-01
5.749532401561736616e-01
5.749862380325794220e-01
5.749661020934582201e-01
5.749595273286104424e-01
5.749853085726499557e-01
5.749906957149505393e-01
5.749845407903194650e-01
5.749521069228649139e-01
5.749948538839817491e-01
5.749765947461128457e-01
5.749746374785900116e-01
5.749951206147670968e-01
5.749576620757579359e-01
5.749686174094676971e-01
5.749800443649292214e-01
5.749823227524757385e-01
5.749831162393093109e-01
5.749817833304404768e-01
5.749690145254134910e-01
5.749909147620201333e-01
5.749523729085922463e-01
5.749716669321059959e-01
5.749713305383921114e-01
5.749657820910215600e-01
5.749808128923177275e-01
5.749685216695070711e-01
5.749764129519462363e-01
5.749814189970493539e-01
5.750018738210200819e-01
5.749778099358081596e-01
5.749778240919113381e-01
5.749501250684261322e-01
5.749928168952465057e-01
5.750093996524811013e-01
5.749525293707847817e-01
5.749815210700035539e-01
5.750324975699185881e-01
5.749655779451131599e-01
5.749500967562198861e-01
5.749696008861064911e-01
5.749365925788879617e-01
5.749555177986621635e-01
5.749625280499458535e-01
5.749580275267363039e-01
5.749750919640064240e-01
5.749589286744594130e-01
5.749606445431709734e-01
5.749985046684742418e-01
5.749529466032982095e-01
5.749780833721160889e-01
5.749609299004078133e-01
