3.182953823124989867e-02
2.479485438670963118e-02
2.453306246316060493e-02
2.409031121060252120e-02
2.350788790499791503e-02
2.322031134972348670e-02
2.300801824312657257e-02
2.292420417070388863e-02
2.274221717379987240e-02
2.238480974920093944e-02
2.258092580595984916e-02
2.213146751746535371e-02
2.194243707926944037e-02
2.196088010678067665e-02
2.192746670916676660e-02
2.172521816100925207e-02
2.184999799355864455e-02
2.178269727155566354e-02
2.135745100677013258e-02
2.129059220897033811e-02
2.125260517932474683e-02
2.112389504909515520e-02
2.096260557882487913e-02
2.098550072405487230e-02
2.093052481068298151e-02
2.092947167111560564e-02
2.076816351618617634e-02
2.084179691737517853e-02
2.092256051255390187e-02
2.094805369852110674e-02
2.092376685468479852e-02
2.074696682393550873e-02
2.060922188684344292e-02
2.078745381440967252e-02
2.062956445151940127e-02
2.074729078449309011e-02
2.053847740171477199e-02
2.058742688968777726e-02
2.045781764900311828e-02
2.039812179282307625e-02
2.055008038878440926e-02
2.037381745176389952e-02
2.041171204764396022e-02
2.020594157511368394e-02
2.027603045571595500e-02
2.026022558566182782e-02
2.029480801429599593e-02
2.032148189609870453e-02
2.038365143816918065e-02
2.056294113863259623e-02
2.010993672301992705e-02
2.024530610069632391e-02
2.025386469904333353e-02
2.007920744363218477e-02
2.011802536435425282e-02
1.992383283795788954e-02
1.996915604686364670e-02
1.998709139879793067e-02
2.014562834519893070e-02
2.028751927427947452e-02
2.043039394193328986e-02
2.023629392497241358e-02
2.005360641051083873e-02
2.029576956992968848e-02
2.011312131071463227e-02
1.997545938938856055e-02
1.996149108745157857e-02
2.005859855562448432e-02
2.039393212180584669e-02
2.014433240983635326e-02
2.004447475774213602e-02
2.001148028066381673e-02
2.002029233844950656e-02
1.997996849240735173e-02
1.995695860823616316e-02
1.993491892353631625e-02
2.004374614916741917e-02
2.000193523708731005e-02
1.984768018592148950e-02
1.988967000506818364e-02
1.997584281489252905e-02
1.996005967957898905e-02
1.998445090139284661e-02
2.015609872760251026e-02
1.999611189821735163e-02
1.985688650747761269e-02
1.968561742687597801e-02
1.975738893961533765e-02
1.986671652412042022e-02
1.988186481175944348e-02
1.980502667138352851e-02
1.979998589958995719e-02
1.984007820719852974e-02
1.984900170937180588e-02
2.001010110834613304e-02
1.982042093295604060e-02
1.998193393228575587e-02
1.987136038951575756e-02
1.982005875324830552e-02
1.989559277426451375e-02
1.956781661137938638e-02
1.957795982016250630e-02
1.946998303756117960e-02
1.944247239734977345e-02
1.948591326363384793e-02
1.949128868291154573e-02
1.948914375388994744e-02
1.948981466703116755e-02
1.939497292041778703e-02
1.944728870876133442e-02
1.949921101331710677e-02
1.937653677305206656e-02
1.935591595247387886e-02
1.941108578466810286e-02
1.944191090296953917e-02
1.945489913923665812e-02
1.939602122874930362e-02
1.962662047008052399e-02
1.925937099149450590e-02
1.929383908864110847e-02
1.941072988556697895e-02
1.942996884463354945e-02
1.931059596827253838e-02
1.929757390171289375e-02
1.929469436872750451e-02
1.941418016795069118e-02
1.935944976285099844e-02
1.943036377197131584e-02
1.940934924641624093e-02
1.940260611008852790e-02
1.931147861178033123e-02
1.936110786627977948e-02
1.936778247472830186e-02
1.939928603242151509e-02
1.932011623866856237e-02
1.926780735375359724e-02
1.930053671821951866e-02
1.924475367413833876e-02
1.915945535292849083e-02
1.929382189409807255e-02
1.918380649294704199e-02
1.940975523320958088e-02
1.934071361320093344e-02
1.921725537395104627e-02
1.924184631789103289e-02
1.941921248799189856e-02
1.922106399433687329e-02
1.920593879185616970e-02
1.933834744268097053e-02
1.924373706569895009e-02
1.921018927823752234e-02
1.925136134959757467e-02
1.924456808483228018e-02
1.930724325357004861e-02
1.943679912947118144e-02
1.918815077515318920e-02
1.918769467156380276e-02
1.914529193891212344e-02
1.920025864383205841e-02
1.921484624617732923e-02
1.911396131617948413e-02
1.916313559049740572e-02
1.918191931908950348e-02
1.907038023928180406e-02
1.910443216329440336e-02
1.920953752123750677e-02
1.911766880657523801e-02
1.923241872573271463e-02
1.923366609262302379e-02
1.921459120931103687e-02
1.929562102304771543e-02
1.915236642817035387e-02
1.914599081501364847e-02
1.915393538074567845e-02
1.931112678721547127e-02
1.908520411234349012e-02
1.919989077141508529e-02
1.918875935953110595e-02
1.914444869617000153e-02
1.910922870738431673e-02
1.914277602918446064e-02
1.906784736784174900e-02
1.914903520373627613e-02
1.923584789037704329e-02
1.918555049924179981e-02
1.914533575763925979e-02
1.903266893932595988e-02
1.911076866090297838e-02
1.906146170804277201e-02
1.909282174892723560e-02
1.918681683018803527e-02
1.918241142993792892e-02
1.918884130427613716e-02
1.902640940388664742e-02
1.913756817812100122e-02
1.899308039573952694e-02
1.909804682945832541e-02
1.902768940199166606e-02
1.907486644340678980e-02
1.910073105245828698e-02
1.898580094566568871e-02
1.883089338662102818e-02
1.883493688656017254e-02
1.883573416853323579e-02
1.885592022445052932e-02
1.883015668718144436e-02
1.881541069597005705e-02
1.880818345816805820e-02
1.883124641608446836e-02
1.887171061243862052e-02
1.880143613088875940e-02
1.882890431443229318e-02
1.878583438228815725e-02
1.879870000411756198e-02
1.886373247252777149e-02
1.877095082309097190e-02
1.882363373879343202e-02
1.878684615949168663e-02
1.872618732741102715e-02
1.874085988383740117e-02
1.872570163104683022e-02
1.876923275995068252e-02
1.875588927650824120e-02
1.875114043941721390e-02
1.868251421255990793e-02
1.869576037279330194e-02
1.875606941757723689e-02
1.872323818970471690e-02
1.871056962991133471e-02
1.874202536419034004e-02
1.869115448789671063e-02
1.869387641781940917e-02
1.869022119790315559e-02
1.875657496275380184e-02
1.869098909664899250e-02
1.873216357780620525e-02
1.873082572128623863e-02
1.868423371342942119e-02
1.867143675917759538e-02
1.866704460699111084e-02
1.863619058858603100e-02
1.865699042100459407e-02
1.862250037956982712e-02
1.864014094462618232e-02
1.865864313440397312e-02
1.869520986219868133e-02
1.861002509249374409e-02
1.863128569675609469e-02
1.863356067333370517e-02
1.866487998049706082e-02
1.861685822950676084e-02
1.859197245212271948e-02
1.867678065318614106e-02
1.860086625674739480e-02
1.863851877860724787e-02
1.875424629542976618e-02
1.862187230726703932e-02
1.868398542283102731e-02
1.863804819877259294e-02
1.858776368899271031e-02
1.862176955910399556e-02
1.861907469574362178e-02
1.865115095861256261e-02
1.856850410113111000e-02
1.866110181435942650e-02
1.856777357170358300e-02
1.859199828468263010e-02
1.863056092988699813e-02
1.856760193477384815e-02
1.855925449635833363e-02
1.861469926079735090e-02
1.859977626008912921e-02
1.859946056501939754e-02
1.857719778781756828e-02
1.859846407314762542e-02
1.860889892559498479e-02
1.857420716551132570e-02
1.862173479748889873e-02
1.849033773178234558e-02
1.857205896521918476e-02
1.852583370055072010e-02
1.851863865740597387e-02
1.854256512597203185e-02
1.859056885587051511e-02
1.857161662774160435e-02
1.848466264782473376e-02
1.849340415792539646e-02
1.853395899524912238e-02
1.856718363706022501e-02
1.856952150119468500e-02
1.854666551225818763e-02
1.849210768705233932e-02
1.858049519360065530e-02
1.857824582839384675e-02
1.855266005732119153e-02
1.852155999513343046e-02
1.856573931290768018e-02
1.852775756269693305e-02
1.849537965608760715e-02
1.848240216495469074e-02
1.836529017891734908e-02
1.835165056400001049e-02
1.836111930897459457e-02
1.842253445647656918e-02
1.838229600107297440e-02
1.839818756561726470e-02
1.839960692450404167e-02
1.834637155989184837e-02
1.833950523287057946e-02
1.835226536495611002e-02
1.835289729060605307e-02
1.831745272502303262e-02
1.834984718589112093e-02
1.836784537881612847e-02
1.833567074500024388e-02
1.836401843465864520e-02
1.827811374096199870e-02
1.833538846112787654e-02
1.833319494035095046e-02
1.830952876480296254e-02
1.830709764035418768e-02
1.834289774997159908e-02
1.835522295441478421e-02
1.836902262875810335e-02
1.834179038414731483e-02
1.835623629158362677e-02
1.830253602238372107e-02
1.831222061300650378e-02
1.833876577438786626e-02
1.834968623006716371e-02
1.832472489913925667e-02
1.830246188910678029e-02
1.829543943749740650e-02
1.834374596364796162e-02
1.832614230224862556e-02
1.832348763709888001e-02
1.834372763987630536e-02
1.834390414878726144e-02
1.831434763735160370e-02
1.832360597327351709e-02
1.830903262598439912e-02
1.831246947403997183e-02
1.826229389989748528e-02
1.825743352528661628e-02
1.829990952974185417e-02
1.832237602211534908e-02
1.826101609622128238e-02
1.829087280202656984e-02
1.829385671298950841e-02
1.828160391305573215e-02
1.826704530976712773e-02
1.826768867904320429e-02
1.829172218567691813e-02
1.831228035734966397e-02
1.829689773730933805e-02
1.836653226055205007e-02
1.824842845671810140e-02
1.829192603472620110e-02
1.827992466278374056e-02
1.825928544858470420e-02
1.826164278900250723e-02
1.827329043298959663e-02
1.825437964871525626e-02
1.831423114053904941e-02
1.831668299855664442e-02
1.831414167536422541e-02
1.827577505027875443e-02
1.825445691356435488e-02
1.827053469605743885e-02
1.826358378748409519e-02
1.824661636492237379e-02
1.828459268435835700e-02
1.825942755676806042e-02
1.822636708384379675e-02
1.826750114560127258e-02
1.825143715832382510e-02
1.825533910887315939e-02
1.827117762295529108e-02
1.825498358812183142e-02
1.822287769755348563e-02
1.825195236597210169e-02
1.826112734852358699e-02
1.823867544298991492e-02
1.826264841947704623e-02
1.823984617367386749e-02
1.826949977548792889e-02
1.829470837255939980e-02
1.826597460312768748e-02
1.828780237119644742e-02
1.826626792317256193e-02
1.823992592981085042e-02
1.829022455494850805e-02
1.829515817225910862e-02
1.823275595670565893e-02
1.825365200638771196e-02
1.827135767089203139e-02
1.818771988619118790e-02
1.823431695811450481e-02
1.826798167312517623e-02
1.824779296875931461e-02
1.817344898590817978e-02
1.817882305476814508e-02
1.818762375041842530e-02
1.815929267322644730e-02
1.818734090775251527e-02
1.818707936909049611e-02
1.815675478428602219e-02
1.814705402357503702e-02
1.813565506599843641e-02
1.815599809633567860e-02
1.817948243115097284e-02
1.817720789695158670e-02
1.817766702733934064e-02
1.821012296713888506e-02
1.817577870097011189e-02
1.815037715714424779e-02
1.815835459856316586e-02
1.814952620770782232e-02
1.814331888454034925e-02
1.815995156066492131e-02
1.814906443469226430e-02
1.814445394556969335e-02
1.813365062698722024e-02
1.817066476214677234e-02
1.816016818629577825e-02
1.814728494500741224e-02
1.815278070280328462e-02
1.816980284638702869e-02
1.814528065733611584e-02
1.817465078784152865e-02
1.817837124690413475e-02
1.813685621600598027e-02
1.817399401916191051e-02
1.813365499256178875e-02
1.813436923548579147e-02
1.814360190182924201e-02
1.817612112499773433e-02
1.816005000146105747e-02
1.813904670998454233e-02
1.815659274579957058e-02
1.816485956078395247e-02
1.813263826770707826e-02
1.814270069589838524e-02
1.819275715970434387e-02
1.813089197385124932e-02
1.813499588752165437e-02
1.816415799548849394e-02
1.815072060562670370e-02
1.812762782210484286e-02
1.814892335096374154e-02
1.813762561650946598e-02
1.813382828840985964e-02
1.815323402406647871e-02
1.816368973813951154e-02
1.815863013034686377e-02
1.814715405926108430e-02
1.816556566627696226e-02
1.815082699758931856e-02
1.812835220480337600e-02
1.812418937915936251e-02
1.812847355613484909e-02
1.809784661745652418e-02
1.813989019719883938e-02
1.812866331310942700e-02
1.814392765518278022e-02
1.811613325262442092e-02
1.811848209472373059e-02
1.814019825542345643e-02
1.814959106268361141e-02
1.808721362613141537e-02
1.811744405422359774e-02
1.814509530086070438e-02
1.815713163232430746e-02
1.812657471746206145e-02
1.812903750105760922e-02
1.811085059307515621e-02
1.812417714390903573e-02
1.814560890197753837e-02
1.810908922343514721e-02
1.810859859688207507e-02
1.815309643279761076e-02
1.812997655943036218e-02
1.813060789136216114e-02
1.811914349673315883e-02
1.811496454756706884e-02
1.811059474712237854e-02
1.812889421707950671e-02
1.809838095214217832e-02
1.810016196686774562e-02
1.809022321831434826e-02
1.811595390900038252e-02
1.810882322024554014e-02
1.813670068513601949e-02
1.810400335816666345e-02
1.815138732781633804e-02
1.811191124143078993e-02
1.812115415232256124e-02
1.811456970754079382e-02
1.809875241597182910e-02
1.812984812422655662e-02
1.809578670654445748e-02
1.806546032894402673e-02
1.807050758507102589e-02
1.809631286887452076e-02
1.807048599002882699e-02
1.807588202063925564e-02
1.806669958168640594e-02
1.806973142083734274e-02
1.805791519582271645e-02
1.806106561562046547e-02
1.806745929643511703e-02
1.808138272026553819e-02
1.806869074935093383e-02
1.808482287451624801e-02
1.808065758086740971e-02
1.807512005325406790e-02
1.806771785486489465e-02
1.807182185584679107e-02
1.807316493941470842e-02
1.805237272055819700e-02
1.807486313628032734e-02
1.805624848930165172e-02
1.807750425068661501e-02
1.806317596929147770e-02
1.807683557271957259e-02
1.807352633913978865e-02
1.805549673736095428e-02
1.806283154292032123e-02
1.806936396751552751e-02
1.807871100027114153e-02
1.805597919737920304e-02
1.806180711137130718e-02
1.806432609446346690e-02
1.806903318502008776e-02
1.805845543858595331e-02
1.806881614029407640e-02
1.804381285328417878e-02
1.805556952022015910e-02
1.807356325443833928e-02
1.806899989023804526e-02
1.804764058906584839e-02
1.806044935947283964e-02
1.806099205277860234e-02
1.803868038114160230e-02
1.804350137244909932e-02
1.805993480375036458e-02
1.806291075190529297e-02
1.804039471317082574e-02
1.807103155879303744e-02
1.805005461210384965e-02
1.805130261927843233e-02
1.805681488476693769e-02
1.807956320699304412e-02
1.805917589226737480e-02
1.807981772581115226e-02
1.804428343893960118e-02
1.805471513653173973e-02
1.805691323243081500e-02
1.805459227180108289e-02
1.805129629210568826e-02
1.805149844149127672e-02
1.806459190556779573e-02
1.805070722475647996e-02
1.805022995686158399e-02
1.806316490983590414e-02
1.806067181751131942e-02
1.804848246974870632e-02
1.804665934760123561e-02
1.806429430143907666e-02
1.804997839499265094e-02
1.804200023179873894e-02
1.805818969151005288e-02
1.804532213136553903e-02
1.803536515217274427e-02
1.804416456725448439e-02
1.803952014306560089e-02
1.803817015606910129e-02
1.805197156500071287e-02
1.803743503987789015e-02
1.805949526606127550e-02
1.805815935367718200e-02
1.805722758872434566e-02
1.804275392787530949e-02
1.804141440661623935e-02
1.804204944055527379e-02
1.805368260247632722e-02
1.806981431436725100e-02
1.803595324745401601e-02
1.804579730960540612e-02
1.803701267344877054e-02
1.805119948694482515e-02
1.805315088713541766e-02
1.805454555433243582e-02
1.802946556126698921e-02
1.804859867552295258e-02
1.804006433812901239e-02
1.804579851450398634e-02
1.804539185250177841e-02
1.804273382294923136e-02
1.804755030898377161e-02
1.802307991310954025e-02
1.801108374493196745e-02
1.801539065781980822e-02
1.801784130511805554e-02
1.801918561104685207e-02
1.800933069316670160e-02
1.800949529861100087e-02
1.801952042151242633e-02
1.801743770483881305e-02
1.802039636531844666e-02
1.801923161838203669e-02
1.802615096094086627e-02
1.802490928675979515e-02
1.801958444411866367e-02
1.801461570430546930e-02
1.802007080405019362e-02
1.801028022309765150e-02
1.801721155061386526e-02
1.801275050966068964e-02
1.802037766901776195e-02
1.802229621680453281e-02
1.801833456847816775e-02
1.801548397634178400e-02
1.803067612927406957e-02
1.801632407587021659e-02
1.800996777601539950e-02
1.800883522955700616e-02
1.800931456964462857e-02
1.801814023638144066e-02
1.800900276284665008e-02
1.802315224194899271e-02
1.801144399214536090e-02
1.801179258618503670e-02
1.800733143463730673e-02
1.799568745773285489e-02
1.799758234992623190e-02
1.800334048457443575e-02
1.802000000607222388e-02
1.801668478874489734e-02
1.801842404529452324e-02
1.801371009787544608e-02
1.801032860530540208e-02
1.801052555674687028e-02
1.801082888850942185e-02
1.800575347151607206e-02
1.801683988887816529e-02
1.801057152333669295e-02
1.801906304899603128e-02
1.801636653253808548e-02
1.800478108925744961e-02
1.800583652220666409e-02
1.801208267570473393e-02
1.800959072425030102e-02
1.801653248257934978e-02
1.801852987846359541e-02
1.801309539005160193e-02
1.800959667889401317e-02
1.800548424944281578e-02
1.800489799352362683e-02
1.800311225233599405e-02
1.800671296659856965e-02
1.800990590127184848e-02
1.802804723847657373e-02
1.800283947959542205e-02
1.799906531814485927e-02
1.801687739789486001e-02
1.799838324077427526e-02
1.801471578655764599e-02
1.799386972561478615e-02
1.800818755291402201e-02
1.800405835965648155e-02
1.801040588179603219e-02
1.800391171709634502e-02
1.800933938939124415e-02
1.800116051454097102e-02
1.800197587581351538e-02
1.799415235873311897e-02
1.799637534422799875e-02
1.800007588462904096e-02
1.800665664486587186e-02
1.799890937982127209e-02
1.800699691521003704e-02
1.800415784236975014e-02
1.799568465212359955e-02
1.800415116595104406e-02
1.800709841772913863e-02
1.801004793378524482e-02
1.801134668639860908e-02
1.800115962978452583e-02
1.802333507221192191e-02
1.800692593678832054e-02
1.799868006492033601e-02
1.799497384345159073e-02
1.800785340019501676e-02
1.800447513815015693e-02
1.800463874824344973e-02
1.799943802179768820e-02
1.800130675546824863e-02
1.801217555766925285e-02
1.800876590423285822e-02
1.798714819597080350e-02
1.798568484373390744e-02
1.799206124851480265e-02
1.798804886639118056e-02
1.799479036126285653e-02
1.798362199915572862e-02
1.799062275094911317e-02
1.798553317785262992e-02
1.798915604013018310e-02
1.798201116034760932e-02
1.798436025856062909e-02
1.798527595819905331e-02
1.799253122881054948e-02
1.798513764515519142e-02
1.798365863505750964e-02
1.799119612551294128e-02
1.798207238316535880e-02
1.799010761315002899e-02
1.798387651215307276e-02
1.798244880046695471e-02
1.799693125067278882e-02
1.798871128121391078e-02
1.799127864651382108e-02
1.798830720363184948e-02
1.798702458036132226e-02
1.798427728936076095e-02
1.798175016883760829e-02
1.798456853721290896e-02
1.799090260174125364e-02
1.799001456238329480e-02
1.798089446965605090e-02
1.798707498237490585e-02
1.798555712448433180e-02
1.799017904559150477e-02
1.798633536091074486e-02
1.798888655612245271e-02
1.798524552723392705e-02
1.799064457882195572e-02
1.799023767234757612e-02
1.797979876864701579e-02
1.799075987073592980e-02
1.799152627354487846e-02
1.798068968346342583e-02
1.798759471857920220e-02
1.798770398600026826e-02
1.798699020873755286e-02
1.799000022001564364e-02
1.798572124680504133e-02
1.799171209568157723e-02
1.798476728145033052e-02
1.798668683040887187e-02
1.798520250013098051e-02
1.798473928938619862e-02
1.798408414470031857e-02
1.798591370461508770e-02
1.798120429739356180e-02
1.797476144274696638e-02
1.798630170524120192e-02
1.798519763397053023e-02
1.798853812506422470e-02
1.797884037951007555e-02
1.797818832565099140e-02
1.797812066506594350e-02
1.797732390696182847e-02
1.797978782560676406e-02
1.798353345366194775e-02
1.798819220857694745e-02
1.798619866603985359e-02
1.798214038717560470e-02
1.798593905987217953e-02
1.798805466387420893e-02
1.798464313615113358e-02
1.798267824342474411e-02
1.798546889331191848e-02
1.798092944081872840e-02
1.798015841050073366e-02
1.797902416437864234e-02
1.797772962599992683e-02
1.798089253716170927e-02
1.798432545037940283e-02
1.798541796160861919e-02
1.797976939706131747e-02
1.797948913299478660e-02
1.798019211273640255e-02
1.797948120511137088e-02
1.797832096926867823e-02
1.797835179604589939e-02
1.798710724106058340e-02
1.797692789696157117e-02
1.798817260423675110e-02
1.797886911081150035e-02
1.798173654824495454e-02
1.798602698836475680e-02
1.797815958270803163e-02
1.797268295194953680e-02
1.797845407854765584e-02
1.797973501961678405e-02
1.798717962228692929e-02
1.797116268426179886e-02
1.797755139414220979e-02
1.797110809129662951e-02
1.797372298315167566e-02
1.797561994753777911e-02
1.797421296359971027e-02
1.797394965542480419e-02
1.797489575110376020e-02
1.797276965808123489e-02
1.797251364914700250e-02
1.796998818172141840e-02
1.797185738687403361e-02
1.797246324131265144e-02
1.796821760945022106e-02
1.797260446473956247e-02
1.797243986511603067e-02
1.797169966157525708e-02
1.797293104464188149e-02
1.797243735054507990e-02
1.796907052630558610e-02
1.796968557173386077e-02
1.797251537209376693e-02
1.796977083431556751e-02
1.796973258024081588e-02
1.797089973697438975e-02
1.796950638527050614e-02
1.797207035124302049e-02
1.797252107644453645e-02
1.797004354884847860e-02
1.797189570497721364e-02
1.797081410186365108e-02
1.796968507114797900e-02
1.797021256061270833e-02
1.797174054081551731e-02
1.796849695383571227e-02
1.797160143032670160e-02
1.796721357386559317e-02
1.797226559137925575e-02
1.797155512031167746e-02
1.797276729485020041e-02
1.796894721919670840e-02
1.797165531897917251e-02
1.797752525890245964e-02
1.797020802041515708e-02
1.796789608197286656e-02
1.796972149750217934e-02
1.796682212734595011e-02
1.797412247397005627e-02
1.797062596306204726e-02
1.797166469041257958e-02
1.796791070373728733e-02
1.797215578844770650e-02
1.797118531540036271e-02
1.797145718010142307e-02
1.797128152102232118e-02
1.796770100481808255e-02
1.797043128171935816e-02
1.797145726159215043e-02
1.796891526319086690e-02
1.796994734322652360e-02
1.796825893688946962e-02
1.796897725434973975e-02
1.796668858733028312e-02
1.796907298266887595e-02
1.796706372406333546e-02
1.797576043754816125e-02
1.797328793909400840e-02
1.797045713756233523e-02
1.796919702319428255e-02
1.796993411844596128e-02
1.796794158872216940e-02
1.797182133886963268e-02
1.796964876120910048e-02
1.797047972213476966e-02
1.797071504406631132e-02
1.796740341233089497e-02
1.797213678946718574e-02
1.796853085979819437e-02
1.796958631603047182e-02
1.796670631738379528e-02
1.797144172014668653e-02
1.796642072149552335e-02
1.797166789183392982e-02
1.796684069558978150e-02
1.796735472744330833e-02
1.796484650112688611e-02
1.796669875038787653e-02
1.797296729637309909e-02
1.796663394197821687e-02
1.797025813721120358e-02
1.796883002389222314e-02
1.796854103449731926e-02
1.796730957576073845e-02
1.796855418942868571e-02
1.796747155021876166e-02
1.796774328686296870e-02
1.796791864326223800e-02
1.796825553756207366e-02
1.796664438443258335e-02
1.796668060123920302e-02
1.797060864046216150e-02
1.796523574739694595e-02
1.796430264948867261e-02
1.796463695354759763e-02
1.796309489291161160e-02
1.796360829612240334e-02
1.796639235690235953e-02
1.796447971719317138e-02
1.796515835449099402e-02
1.796303935116156866e-02
1.796338764252141187e-02
1.796579619403928380e-02
1.796315273968502810e-02
1.796353538520634174e-02
1.796572089660912822e-02
1.796297464752569933e-02
1.796283734729513595e-02
1.796288243494927744e-02
1.796241728588938644e-02
1.796471757115796278e-02
1.796266734017990668e-02
1.796555914916098118e-02
1.796297318069264154e-02
1.796331149525940557e-02
1.796278337715193768e-02
1.796362439636140992e-02
1.796291384380310774e-02
1.796298089320771257e-02
1.796289606718346615e-02
1.796555978944525123e-02
1.796334185637533595e-02
1.796381516614928980e-02
1.796275812084786525e-02
1.796667961752973497e-02
1.796338218264281750e-02
1.796264819568023016e-02
1.796135082840919633e-02
1.796604630071669748e-02
1.796263832366094132e-02
1.796137702185660739e-02
1.796299436828121404e-02
1.796516659669578075e-02
1.796240416006185045e-02
1.796277315006591241e-02
1.796389513183384995e-02
1.796202550176530938e-02
1.796309739584103088e-02
1.796118322527036001e-02
1.796575870830565552e-02
1.796206358121708174e-02
1.796482997015118668e-02
1.796131595037877421e-02
1.796334211248904605e-02
1.796160244848579030e-02
1.796441914048045943e-02
1.795970610692165792e-02
1.796540359500795742e-02
1.796383650507777860e-02
1.796109958086162736e-02
1.796493127476423909e-02
1.796339320717379312e-02
1.796185997081920643e-02
1.796337101841345360e-02
1.796249677427113126e-02
1.796359473373741050e-02
1.796165518462657790e-02
1.796211915789171915e-02
1.796042553614824941e-02
1.796316116815432906e-02
1.796207461738958885e-02
1.796135810436681052e-02
1.796148928115144303e-02
1.796226907754316926e-02
1.796061364002525876e-02
1.796361784217879315e-02
1.796088436385616730e-02
1.796132348245009849e-02
1.796189412707462768e-02
1.796428561210632394e-02
1.796082601649686555e-02
1.796296719694510241e-02
1.796303584706038237e-02
1.795922396704554419e-02
1.796266156015917728e-02
1.796258247923105886e-02
1.796085144160315325e-02
1.796390675590373714e-02
1.796380863524973254e-02
1.795991224935278296e-02
1.796169820008799295e-02
1.796103119850158553e-02
1.795986266806721618e-02
1.796152688330039313e-02
1.796250776387751241e-02
1.796229858882725239e-02
1.796205511782318284e-02
1.796161412494257092e-02
1.796095487661659648e-02
1.796262721181847086e-02
1.796072933357208828e-02
1.796298457775264909e-02
1.796186567516997595e-02
