2.536699762567877839e-02
2.430767351761460235e-02
2.458637915551662584e-02
2.356104888021946092e-02
2.285550627857446671e-02
2.305357530713081360e-02
2.250348478555679391e-02
2.301784884184598923e-02
2.177433334290981154e-02
2.308045495301485131e-02
2.203276399523019721e-02
2.152797617018222670e-02
2.142747035250067850e-02
2.138368906453251908e-02
2.135349093005061219e-02
2.138662785291671822e-02
2.108541904017329285e-02
2.106117410585284233e-02
2.118372134864330431e-02
2.104684002697467665e-02
2.078479938209056715e-02
2.057882342487573485e-02
2.072192607447504928e-02
2.040445823222398689e-02
2.035305360332131247e-02
2.019216222688555856e-02
2.050744323059916496e-02
2.050477545708417892e-02
2.028704173862934043e-02
2.057794556021690438e-02
2.119767386466264725e-02
2.001367919147014479e-02
2.010992132127285142e-02
2.002724567428231309e-02
2.025129506364464760e-02
2.009080285206437180e-02
2.008296428248286178e-02
2.051343983039259980e-02
1.989550357684493134e-02
1.973789092153310776e-02
2.027885755524039268e-02
1.943242652341723581e-02
1.944830305874347548e-02
2.006721999496221404e-02
1.998764192685485025e-02
2.009406927973032136e-02
1.995342876762151718e-02
1.961921788752079079e-02
1.987658655270934174e-02
1.988784186542034288e-02
1.989977145567536215e-02
2.018024334684014390e-02
2.009752262383699556e-02
1.948280753567814896e-02
1.956814397126436372e-02
1.948729213327169557e-02
1.928446227684616973e-02
1.962119620293378830e-02
1.974469721317291190e-02
2.127896789461374352e-02
1.964319339022040437e-02
1.967978738248348305e-02
1.945483656600117614e-02
2.066813418641686578e-02
1.986976377665996413e-02
1.937536569312214851e-02
1.989214420318603446e-02
1.971740210428834031e-02
2.010897127911448479e-02
1.968800313770770888e-02
2.006139792501926422e-02
1.962015563622116973e-02
1.970733786001801352e-02
1.954090222716331482e-02
1.981244673952460220e-02
1.942191850394010474e-02
1.954687545076012542e-02
1.996689969673752854e-02
1.937086498364806036e-02
1.992760831490159035e-02
1.921721762046217988e-02
1.946695903316140314e-02
1.966226696968078475e-02
1.987203061580657820e-02
1.940106237307191034e-02
1.928995046764612337e-02
1.915654176846146722e-02
1.920913960784673830e-02
1.935872109606862068e-02
1.954747219569981029e-02
1.959977056831121306e-02
1.918518925085663934e-02
1.961420616135001183e-02
1.933454237878322671e-02
1.970656346529722075e-02
1.937960116192698548e-02
1.953206248581409316e-02
1.955367056652903418e-02
1.984966518357396056e-02
1.946235345676541190e-02
1.892458312213420729e-02
1.901096357032656600e-02
1.902173301205039094e-02
1.896725716069340775e-02
1.908366046845912795e-02
1.934001459740102360e-02
1.895053349435329298e-02
1.906518191099166801e-02
1.885398495942354133e-02
1.897550495341420243e-02
1.888126600533723831e-02
1.888995310291647842e-02
1.924125431105494499e-02
1.895700925961136749e-02
1.930290348827838967e-02
1.904065189883112977e-02
1.895743785426020483e-02
1.887760823592543602e-02
1.883113067597150941e-02
1.895713033154606750e-02
1.927660191431641509e-02
1.915388070046901772e-02
1.887555299326777389e-02
1.894737081602215767e-02
1.897271908819675446e-02
1.965903900563716750e-02
1.897378163412213187e-02
1.904837386682629516e-02
1.895421836525201797e-02
1.925315596163272927e-02
1.893347511067986627e-02
1.887802463024854799e-02
1.902070734649896622e-02
1.892389934509992530e-02
1.896090134978294442e-02
1.883232491090893607e-02
1.899323286488652229e-02
1.873198645189404557e-02
1.893567806109786034e-02
1.896895943209529062e-02
1.869884077459573607e-02
1.915819346904754777e-02
1.875368254259228776e-02
1.889238934963941713e-02
1.911984411999583314e-02
1.919377502053976059e-02
1.882087541744113107e-02
1.900108112022280693e-02
1.892601149156689783e-02
1.895379368215799332e-02
1.875688191503286500e-02
1.909145731478929450e-02
1.880896966904401640e-02
1.901424033567309518e-02
1.878162827342748711e-02
1.874107560142874648e-02
1.870602210983634064e-02
1.895553329959511618e-02
1.872130278497934411e-02
1.895775245502591064e-02
1.869347393512725899e-02
1.854902449995279173e-02
1.858360441401600907e-02
1.883707996457815309e-02
1.906776316463947366e-02
1.856039706617593904e-02
1.860991911962628365e-02
1.865821862593293121e-02
1.867348728701472352e-02
1.862235944718122413e-02
1.877917442470788956e-02
1.865730034187436034e-02
1.863361662253737450e-02
1.877426663413643906e-02
1.869637332856655121e-02
1.862280946224927763e-02
1.894761035218834808e-02
1.863675955682992866e-02
1.851538876071572373e-02
1.883813217282295088e-02
1.882680794224143167e-02
1.855306727811694215e-02
1.902592601254582405e-02
1.863082023337483267e-02
1.859692847356200079e-02
1.889623338356614252e-02
1.873755129054188728e-02
1.868043001741170883e-02
1.863288423046469827e-02
1.856962293386459420e-02
1.846416592597961356e-02
1.865016594529151847e-02
1.874553319066762924e-02
1.847159862518310547e-02
1.845804089680314064e-02
1.846014084294438432e-02
1.846720213070511887e-02
1.846597548574209144e-02
1.868169074878096511e-02
1.859953757375478606e-02
1.856893356889486452e-02
1.848089126870035986e-02
1.829730980098247597e-02
1.834952682256698470e-02
1.830018665641546319e-02
1.837119674310088227e-02
1.858743503689765791e-02
1.827924055978655954e-02
1.843064660206437250e-02
1.838272307068109651e-02
1.861444870010018487e-02
1.837021885439753602e-02
1.845527868717908998e-02
1.873266464099287987e-02
1.842376040294766565e-02
1.843411643058061669e-02
1.842431072145700455e-02
1.820793934166431427e-02
1.839265776798128943e-02
1.837304858490824630e-02
1.817078832536935667e-02
1.845645075663924356e-02
1.881731767207384109e-02
1.817226316779851913e-02
1.820740243420004845e-02
1.824912484735250612e-02
1.829244960099458625e-02
1.832213094457984040e-02
1.841308008879423072e-02
1.810510167852043967e-02
1.820180276408791403e-02
1.841385671868920465e-02
1.823492711409926276e-02
1.828925274312496324e-02
1.828418355435133119e-02
1.839509839192032814e-02
1.830506743863224983e-02
1.808815728873014450e-02
1.818061023950576921e-02
1.811544289812445571e-02
1.825700141489505768e-02
1.823569498956203322e-02
1.806562356650829454e-02
1.827492900192737718e-02
1.819080840796232293e-02
1.816101251170039108e-02
1.816557180136442115e-02
1.808216841891407967e-02
1.807894809171557357e-02
1.807713294401764800e-02
1.804416226223111083e-02
1.849587624892592291e-02
1.798698706552386353e-02
1.809673234820365767e-02
1.823811046779155731e-02
1.806842330843210290e-02
1.801180262118578027e-02
1.816406352445483138e-02
1.815369939431548188e-02
1.801901524886488984e-02
1.813331199809908867e-02
1.824058908969163756e-02
1.819550469517707686e-02
1.830991860479116301e-02
1.805176418274640968e-02
1.813513319939374924e-02
1.822871975600719521e-02
1.806772612035274436e-02
1.795151475816965034e-02
1.808031089603900909e-02
1.813013190403580527e-02
1.802762337028980186e-02
1.852308250963687758e-02
1.816618954762816429e-02
1.805451391264796188e-02
1.811386253684759209e-02
1.801089094951748709e-02
1.802098127081990311e-02
1.815806804224848886e-02
1.806724723428487778e-02
1.807238925248384406e-02
1.810554051771760126e-02
1.844580192118883133e-02
1.812736131250858307e-02
1.801296984776854654e-02
1.794887511059641699e-02
1.795181799679994653e-02
1.840157341212034225e-02
1.817680560052394728e-02
1.805371828377246718e-02
1.809945693239569525e-02
1.843154588714241912e-02
1.818908127024769852e-02
1.806566147133708070e-02
1.819278234615922044e-02
1.796377496793866158e-02
1.822018427774309973e-02
1.790466234087944100e-02
1.797731500118970871e-02
1.802854929119348387e-02
1.786496723070740700e-02
1.789308683946728637e-02
1.792619442567229202e-02
1.784982262179255624e-02
1.793608572334050993e-02
1.780752949416637351e-02
1.784752300009131293e-02
1.795681230723857741e-02
1.786217829212546210e-02
1.790467873215675215e-02
1.779256574809551239e-02
1.784535348415374617e-02
1.792905814945697923e-02
1.779987635090947082e-02
1.796506317332386901e-02
1.780817937105894089e-02
1.779687618836760590e-02
1.802760912105440955e-02
1.789965536445379396e-02
1.784923067316412926e-02
1.784526696428656578e-02
1.779321907088160515e-02
1.788261774927377840e-02
1.789651596918702056e-02
1.783743314445018768e-02
1.772528095170855522e-02
1.795337833464145591e-02
1.772661907598376343e-02
1.784742213785648485e-02
1.782109457999467989e-02
1.797188334167003701e-02
1.777643896639347076e-02
1.779539985582232614e-02
1.779167335480451653e-02
1.780605483800172875e-02
1.774005368351936479e-02
1.788158994168043137e-02
1.791638843715191026e-02
1.777170868590473990e-02
1.773077724501490732e-02
1.774244839325547080e-02
1.784431776031851838e-02
1.775169046595692635e-02
1.778570264577865670e-02
1.774598369374871115e-02
1.779158869758248190e-02
1.786412419751286576e-02
1.781738838180899759e-02
1.774726063013076782e-02
1.776361325755715370e-02
1.771953804418444772e-02
1.781823979690671036e-02
1.771722612902522018e-02
1.773517681285739084e-02
1.782178869470953803e-02
1.782552376389503340e-02
1.774422479793429444e-02
1.771482685580849648e-02
1.768827629275620053e-02
1.777038760483264784e-02
1.784028606489300797e-02
1.781122740358114312e-02
1.778824715875089099e-02
1.772903744131326675e-02
1.796492999419569900e-02
1.771427150815725257e-02
1.776467887684702804e-02
1.770938895642757555e-02
1.783193601295351982e-02
1.779850609600543837e-02
1.775426641106605391e-02
1.785273076966404845e-02
1.773175476118922164e-02
1.785681201145052771e-02
1.771747693419456482e-02
1.776565108448267122e-02
1.783908754587173323e-02
1.766273146495223045e-02
1.769602587446570535e-02
1.783483261242508819e-02
1.802104562520980696e-02
1.767463302239775588e-02
1.775830835103988509e-02
1.771722836419940134e-02
1.787468018010258605e-02
1.778682824224233489e-02
1.774630043655633926e-02
1.776254773139953475e-02
1.785400630906224320e-02
1.769658857956528733e-02
1.778963617980480055e-02
1.778555540367960860e-02
1.791242798790335794e-02
1.773369237780570914e-02
1.768254144117236207e-02
1.774307386949658394e-02
1.770344711840152879e-02
1.770953079685568671e-02
1.778176538646221091e-02
1.773602748289704323e-02
1.768048731610178878e-02
1.768525168299674849e-02
1.769662955775857041e-02
1.760967802256345818e-02
1.768906023353338311e-02
1.762373978272080421e-02
1.765864258632064004e-02
1.764175621792674065e-02
1.769464248791336944e-02
1.766122328117489954e-02
1.763884127140045305e-02
1.769407121464610169e-02
1.762812109664082388e-02
1.781233968213200708e-02
1.759577030315995216e-02
1.762181632220745017e-02
1.765229739248752594e-02
1.765445871278643539e-02
1.759237013757228990e-02
1.765344813466072221e-02
1.774250427260994772e-02
1.761676585301756928e-02
1.766817346215248177e-02
1.774528715759515762e-02
1.780401738360524316e-02
1.769279036670923233e-02
1.762248165905475755e-02
1.767040779814123969e-02
1.765454765409231117e-02
1.767876818776130746e-02
1.762679805979132722e-02
1.768100513145327499e-02
1.785906134173274179e-02
1.766979498788714270e-02
1.765009080991148879e-02
1.764713907614350388e-02
1.766565535217523575e-02
1.766920909285545419e-02
1.769778765738010476e-02
1.777024129405617783e-02
1.766048185527324677e-02
1.762691279873251915e-02
1.761598419398069382e-02
1.763826683163642953e-02
1.759781138971448083e-02
1.775161335244774749e-02
1.767138391733169556e-02
1.764944633468985488e-02
1.764909941703081062e-02
1.764410361647605896e-02
1.771888239309191843e-02
1.781123373657465120e-02
1.769893299788236757e-02
1.769692618399858544e-02
1.757604647427797248e-02
1.772946976125240257e-02
1.762397550046444078e-02
1.765867816284298966e-02
1.763895088806748460e-02
1.758289868012070586e-02
1.760932998731732507e-02
1.756907049566507409e-02
1.770997792482376099e-02
1.759842792525887628e-02
1.757017401978373458e-02
1.763768969103694101e-02
1.768539687618613312e-02
1.767293810844421456e-02
1.764384638518095086e-02
1.758972452953457694e-02
1.775968316942453523e-02
1.761741498485207627e-02
1.760360915213823180e-02
1.763940118253231118e-02
1.759788226336240699e-02
1.759131904691457748e-02
1.763937063515186310e-02
1.770322062075137953e-02
1.761612677946686883e-02
1.758855348452925682e-02
1.767066866159439087e-02
1.763121765106916497e-02
1.759210899472236564e-02
1.754529504105448862e-02
1.759570110589265754e-02
1.761112818494438986e-02
1.760463109239935806e-02
1.762818088755011697e-02
1.758519392460584571e-02
1.761017814278602669e-02
1.756568551063537528e-02
1.765559967607259820e-02
1.771644791588187356e-02
1.767441257834434509e-02
1.758527946658432553e-02
1.759632313624024530e-02
1.767183691263198714e-02
1.757961241528391977e-02
1.756650414317846229e-02
1.778635801747441292e-02
1.759983999654650758e-02
1.754690166562795570e-02
1.757397195324301650e-02
1.760570956394076278e-02
1.761335441842675278e-02
1.761356797069311281e-02
1.763818366453051567e-02
1.757542220875620703e-02
1.755382576957344870e-02
1.760378433391451836e-02
1.755236145108938356e-02
1.762023512274026732e-02
1.761802537366747787e-02
1.754542877897620132e-02
1.754033956676721503e-02
1.753611881285905769e-02
1.758240619674324851e-02
1.757060717791318963e-02
1.756006898358464241e-02
1.755430279299616952e-02
1.757627632468938828e-02
1.763038709759712219e-02
1.752527523785829544e-02
1.754561392590403557e-02
1.757603725418448518e-02
1.756033888086676667e-02
1.760691916570067406e-02
1.752922944724559853e-02
1.758640147745609353e-02
1.759593812748789718e-02
1.755258264020085474e-02
1.756538748741149833e-02
1.752864876762032578e-02
1.754738725721836229e-02
1.759880203753709862e-02
1.753406692296266556e-02
1.756238685920834611e-02
1.756748380139470239e-02
1.755444975569844107e-02
1.757221966981887748e-02
1.758933933451771806e-02
1.754764281213283539e-02
1.754299337044358184e-02
1.752592520788311820e-02
1.754099624231457780e-02
1.755454549565911224e-02
1.755640460178255896e-02
1.760095497593283653e-02
1.753356885164976051e-02
1.755292648449540208e-02
1.753744585439562936e-02
1.753072282299399445e-02
1.759847905486822128e-02
1.754116928204894205e-02
1.757575981318950514e-02
1.751991128548979759e-02
1.757428571581840654e-02
1.755940448492765427e-02
1.765711521729827066e-02
1.761908028274774413e-02
1.754313716664910455e-02
1.752623161301016669e-02
1.757657648995518754e-02
1.757458709180355003e-02
1.754147764295339515e-02
1.753946347162127495e-02
1.754064382985234122e-02
1.756173903122544219e-02
1.753560807555913995e-02
1.754940208047628403e-02
1.759992530569434027e-02
1.759790917858481546e-02
1.761256922036409309e-02
1.757373195141553879e-02
1.753887869417667528e-02
1.755715310573578020e-02
1.759163020178675790e-02
1.755359750241041253e-02
1.756391767412424088e-02
1.752283414825796942e-02
1.755332397297024866e-02
1.755412779748439719e-02
1.755609046667814394e-02
1.761881662532687257e-02
1.757280761376023293e-02
1.757038040086627076e-02
1.756634088233113150e-02
1.763079166412353377e-02
1.757409973070025305e-02
1.760916560888290544e-02
1.754181757569312980e-02
1.754654664546251297e-02
1.753258667886257310e-02
1.752523509785532813e-02
1.754093961790204048e-02
1.756023829802870820e-02
1.757864328101277351e-02
1.751742847263813158e-02
1.751375831663608620e-02
1.756432354450225899e-02
1.752672065049409866e-02
1.753172809258103301e-02
1.752997096627950668e-02
1.752950120717287202e-02
1.751112956553697517e-02
1.751000666990876198e-02
1.751307360827922960e-02
1.751847555860876898e-02
1.751358546316623618e-02
1.752960286103188992e-02
1.753867948427796294e-02
1.754821315407752852e-02
1.755648013204336166e-02
1.756319776177406311e-02
1.751571139320731024e-02
1.753752101212740014e-02
1.753867464140057564e-02
1.750083714723587106e-02
1.758245201781392236e-02
1.749981557950377326e-02
1.751206908375024796e-02
1.751932017505168984e-02
1.753986058756708960e-02
1.758965039625763963e-02
1.751970229670405527e-02
1.753045795485377173e-02
1.754480497911572318e-02
1.750883767381310532e-02
1.753162443637847762e-02
1.756089851260185172e-02
1.752790836617350648e-02
1.754154879599809785e-02
1.751956269145011832e-02
1.751125361770391325e-02
1.751248855143785338e-02
1.755378171801567216e-02
1.750201079994440079e-02
1.751080835238099168e-02
1.750393509864807060e-02
1.754076881334185739e-02
1.749950097873807092e-02
1.753811836242675712e-02
1.753633264452219079e-02
1.752705425024032523e-02
1.752082742750644614e-02
1.753491703420877526e-02
1.750611811876296928e-02
1.752421716228127341e-02
1.752384323626756529e-02
1.758433282375335832e-02
1.752214692533016205e-02
1.749910833314061165e-02
1.755428276956081529e-02
1.760963834822177818e-02
1.751546589657664368e-02
1.750652957707643509e-02
1.750030172988772253e-02
1.749946065247058938e-02
1.750745596364140441e-02
1.754123046994209359e-02
1.749987108632922173e-02
1.749935625120997360e-02
1.752257859334349632e-02
1.754116779193282127e-02
1.753176227211952071e-02
1.753004277125001092e-02
1.752437101677060266e-02
1.753361998125910898e-02
1.749640665948391099e-02
1.753149107098579337e-02
1.752691315487027099e-02
1.753137419000267913e-02
1.749820290133357117e-02
1.751292031258344650e-02
1.749228648841381212e-02
1.754647409543395181e-02
1.750302603468299051e-02
1.750939888879656653e-02
1.749338377267122338e-02
1.751433750614523818e-02
1.749403504654765268e-02
1.750948084518313269e-02
1.754946298897266249e-02
1.752487970516085694e-02
1.751654706895351341e-02
1.749392747879028459e-02
1.751015400514006545e-02
1.752853943035006384e-02
1.751956911757588525e-02
1.755674527958035400e-02
1.751474803313612938e-02
1.753201540559530189e-02
1.757680578157305717e-02
1.751108067110180785e-02
1.751903928816318443e-02
1.749976687133312364e-02
1.754898261278867860e-02
1.748557118698954721e-02
1.749157151207327704e-02
1.749179111793637206e-02
1.750071421265602181e-02
1.752065820619463921e-02
1.752612022683024476e-02
1.750130858272314072e-02
1.750498590990900993e-02
1.749792983755469461e-02
1.750002950429916521e-02
1.749615948647260597e-02
1.752421027049422264e-02
1.749444017186761041e-02
1.751648662611842225e-02
1.751830652356147627e-02
1.747968373820185661e-02
1.750999176874756813e-02
1.748814657330512862e-02
1.750096306204795837e-02
1.748933875933289528e-02
1.749862274155020853e-02
1.749209724366664748e-02
1.749128550291061471e-02
1.750444481149315834e-02
1.748923491686582565e-02
1.750061865895986488e-02
1.750012440606951714e-02
1.749075520783662657e-02
1.750543424859642844e-02
1.750345472246408324e-02
1.748623186722397804e-02
1.750010205432772636e-02
1.749556101858616014e-02
1.748987808823585649e-02
1.751395994797349046e-02
1.749246232211589674e-02
1.749851815402507851e-02
1.748037124052643707e-02
1.750771896913647790e-02
1.748366234824061394e-02
1.752686332911252906e-02
1.750487126410007338e-02
1.749753607437014649e-02
1.750127738341689110e-02
1.748816575855016708e-02
1.751647898927331110e-02
1.750575220212340424e-02
1.751903854310512404e-02
1.748016579076647897e-02
1.750429598614573409e-02
1.748252464458346228e-02
1.749118771404028008e-02
1.751750186085700850e-02
1.750709936022758553e-02
1.748925885185599258e-02
1.749500762671232085e-02
1.750294659286737511e-02
1.747728306800127099e-02
1.749895289540290971e-02
1.748503595590591292e-02
1.749566830694675515e-02
1.749730408191680839e-02
1.752701913937926292e-02
1.748235477134585381e-02
1.749119432643055777e-02
1.748047070577740669e-02
1.749032456427812576e-02
1.753217997029423575e-02
1.749806534498930116e-02
1.753465328365564485e-02
1.750138569623231957e-02
1.752164745703339507e-02
1.749300556257367065e-02
1.754256179556250642e-02
1.748602846637368341e-02
1.750730611383915017e-02
1.749068452045321465e-02
1.751892212778329710e-02
1.749642975628375868e-02
1.751265246421098570e-02
1.748723350465297699e-02
1.748997606337070534e-02
1.749669555574655602e-02
1.750821871683001449e-02
1.748163630254566739e-02
1.749588586390018324e-02
1.748371515423059394e-02
1.749756075441837380e-02
1.748039759695529938e-02
1.751839816570282052e-02
1.751479431986808707e-02
1.751010688021779199e-02
1.748847588896751404e-02
1.747703794389963289e-02
1.747992467135190894e-02
1.748707015067339082e-02
1.748777311295270781e-02
1.748348176479339738e-02
1.747433170676231454e-02
1.749702030792832375e-02
1.749797565862536500e-02
1.749964617192745209e-02
1.748640183359384537e-02
1.748588783666491647e-02
1.750436471775174141e-02
1.747270571067929129e-02
1.747821196913719108e-02
1.747909169644117425e-02
1.749594807624816825e-02
1.749628605321049829e-02
1.749293869361281256e-02
1.749232998117804597e-02
1.747993025928735664e-02
1.748589500784874032e-02
1.749238930642604828e-02
1.747892694547772269e-02
1.748967152088880608e-02
1.747833387926221033e-02
1.749502848833799432e-02
1.748956115916371415e-02
1.748965904116630415e-02
1.749960957095026901e-02
1.748383790254592896e-02
1.747644748538732667e-02
1.748460531234741211e-02
1.749074188992381235e-02
1.747332736849784712e-02
1.749912472441792627e-02
1.750603783875703812e-02
1.748530715703964372e-02
1.748373657464981010e-02
1.748435609042644362e-02
1.749206837266683440e-02
1.749172490090131898e-02
1.747652618214488168e-02
1.748574068769812723e-02
1.748956050723791261e-02
1.749108787626028200e-02
1.747468598186969688e-02
1.749779637902975152e-02
1.748707131482660909e-02
1.748786401003599167e-02
1.748353596776723931e-02
1.749098105356097083e-02
1.750023867934942176e-02
1.748589295893907686e-02
1.748078223317861557e-02
1.747839879244566033e-02
1.748064132407307555e-02
1.747233588248491357e-02
1.748082246631383826e-02
1.748202750459313531e-02
1.749419923871755461e-02
1.749616302549839020e-02
1.748785423114895821e-02
1.748639456927776267e-02
1.748409224674105783e-02
1.749561121687293053e-02
1.748317331075668196e-02
1.748326746746897697e-02
1.747838184237480302e-02
1.747738514095544676e-02
1.748190242797136376e-02
1.748036649078130861e-02
1.749123046174645355e-02
1.748804850503802438e-02
1.748672164976596693e-02
1.747551430016756197e-02
1.749072019010782311e-02
1.747679533436894556e-02
1.748625421896576881e-02
1.748051708564162324e-02
1.747091216966509958e-02
1.748313177376985619e-02
1.747594280168414047e-02
1.749575175344943861e-02
1.750551536679267883e-02
1.748702628538012505e-02
1.748323924839496543e-02
1.747939959168434004e-02
1.750266477465629508e-02
1.747735571116209100e-02
1.747022075578570297e-02
1.747286831960082054e-02
1.749895475804805894e-02
1.747786486521363258e-02
1.748886704444885254e-02
1.748989783227443764e-02
1.747800251469016145e-02
1.749426322057843347e-02
1.748411320149898668e-02
1.749363448470830917e-02
1.747628003358841012e-02
1.747837234288453917e-02
1.748466975986957481e-02
1.750085735693573952e-02
1.747692311182618211e-02
1.749408077448606422e-02
1.748990667983889649e-02
1.747046839445829530e-02
1.747186053544282774e-02
1.747955647297203680e-02
1.747956359758973122e-02
1.748387208208441665e-02
1.748978765681385994e-02
1.748337410390377045e-02
1.748737329617142816e-02
1.748146470636129449e-02
1.748365573585033278e-02
1.748316874727606773e-02
1.748221842572093149e-02
1.747183445841073851e-02
1.747614126652479241e-02
1.748467180877923827e-02
1.747736269608140061e-02
1.748505244031548639e-02
1.748367920517921587e-02
1.748572569340467453e-02
1.747828219085931917e-02
1.749053923413157463e-02
1.747678415849805017e-02
1.749196993187069823e-02
1.748639736324548652e-02
1.748376078903675010e-02
1.748560378327965875e-02
1.747898384928703308e-02
1.748399119824171205e-02
1.747930180281400542e-02
1.748052844777703285e-02
1.748346304520964622e-02
1.748163169249892374e-02
1.747703850269317558e-02
1.747534163296222617e-02
1.749076750129461427e-02
1.748525565490126679e-02
1.748434267938137054e-02
1.748116444796323637e-02
1.748479986563324790e-02
1.748162060976028373e-02
1.748640388250350883e-02
1.748378956690430780e-02
1.747551355510950158e-02
1.747735096141695907e-02
1.748696509748697350e-02
1.748159006237983565e-02
1.748637240380048613e-02
1.748663494363427232e-02
1.749186478555202554e-02
1.747634611092507839e-02
1.748200152069330146e-02
1.747813867405056953e-02
1.748911882750690122e-02
1.747534265741705964e-02
1.747139021754264693e-02
1.747294100932776997e-02
1.748284213244915078e-02
1.747771212831139565e-02
1.747532160952687194e-02
1.747410288080573221e-02
1.748088467866182327e-02
1.747528901323676040e-02
1.748065240681171556e-02
1.748239295557141304e-02
1.747759925201535294e-02
1.748454822227358749e-02
1.748715182766318391e-02
1.748572345823049684e-02
1.748182112351059914e-02
1.747641004621982436e-02
1.748735914006829123e-02
1.747834179550409456e-02
1.748535083606839180e-02
1.748185465112328529e-02
1.747660832479596207e-02
1.747888661921024461e-02
1.747628720477223396e-02
1.747544063255190849e-02
1.748739937320351739e-02
1.747910603880882194e-02
1.747796721756458144e-02
1.747833369299769263e-02
1.748144915327429910e-02
1.748098172247409751e-02
1.747789336368441721e-02
1.747858151793479919e-02
1.748049492016434669e-02
1.748449904844164710e-02
1.747750611975789140e-02
1.747850533574819495e-02
1.748456181958317826e-02
1.748238671571016381e-02
1.748364167287945817e-02
1.747954506427049776e-02
1.748167080804705759e-02
1.748767793178558280e-02
1.747966492548585007e-02
1.747908638790249963e-02
1.748071564361453056e-02
1.747417682781815529e-02
1.748286252841353347e-02
1.748348092660307815e-02
1.748904390260577063e-02
1.748715387657284737e-02
