6.713947176933288130e-01
6.596825718879699707e-01
6.756563782691955566e-01
6.546830236911773682e-01
6.413014650344848189e-01
6.432841718196868896e-01
6.392277598381042036e-01
6.543835759162902610e-01
6.267472863197326438e-01
6.604583740234375444e-01
6.329290390014647993e-01
6.265519917011260764e-01
6.296801328659057395e-01
6.265523731708526611e-01
6.233496606349945290e-01
6.242949664592742920e-01
6.195715427398681419e-01
6.194498360157012495e-01
6.283481538295745406e-01
6.218977034091949241e-01
6.221639990806580034e-01
6.164869427680969016e-01
6.228534519672394021e-01
6.170595109462737593e-01
6.111078083515166792e-01
6.072842657566071001e-01
6.117068707942963091e-01
6.203287184238434060e-01
6.093225061893463579e-01
6.242305397987365501e-01
6.241011261940002663e-01
6.039672791957855225e-01
6.084515035152435747e-01
6.090756535530090776e-01
6.129787564277648926e-01
6.075043022632599099e-01
6.053415358066558394e-01
6.184179008007049116e-01
6.076139688491821733e-01
6.054101169109344927e-01
6.147395551204681841e-01
5.984077632427216020e-01
5.987699806690216509e-01
6.118120372295379195e-01
6.093010663986205833e-01
6.114544451236725298e-01
6.076433122158050315e-01
6.023974359035492165e-01
6.044769346714019553e-01
6.042954981327056663e-01
6.171394586563110352e-01
6.090976178646088091e-01
6.125155925750732644e-01
5.986279308795928733e-01
5.996939659118651900e-01
5.962860703468322310e-01
5.946234762668609619e-01
6.023805379867553933e-01
6.012551069259643999e-01
6.384598612785339355e-01
5.993346571922302246e-01
5.993527233600616233e-01
5.988049447536468728e-01
6.174766063690185769e-01
6.088969111442565918e-01
5.969684660434723122e-01
6.099177777767181841e-01
6.032082200050353782e-01
6.066754758358001709e-01
5.994101166725158691e-01
6.130489170551299827e-01
6.032802283763885054e-01
6.007465600967407671e-01
5.997867166996002641e-01
6.102107882499694380e-01
5.971258878707885742e-01
6.005306363105773482e-01
6.055032789707184282e-01
5.962188541889190674e-01
6.047798573970795122e-01
5.941227674484252930e-01
5.970025837421417680e-01
6.059765160083770974e-01
6.077206671237945779e-01
5.962121903896331343e-01
5.945071756839752641e-01
5.938116252422332986e-01
5.964473187923431396e-01
5.959633588790893555e-01
5.986691415309906006e-01
6.077026546001433882e-01
5.932069301605225053e-01
6.011528670787811279e-01
5.948621273040771706e-01
6.041252017021179199e-01
5.982230603694915771e-01
6.012374460697174072e-01
6.060724258422851562e-01
6.045265316963195357e-01
6.030152082443237527e-01
5.896180093288421187e-01
5.917285084724426270e-01
5.925831317901610884e-01
5.910539627075195312e-01
5.930177688598632368e-01
6.020045638084411399e-01
5.901429235935211626e-01
5.928543031215667281e-01
5.883073687553406206e-01
5.910690665245056374e-01
5.887187540531158003e-01
5.894519627094269021e-01
5.954054474830627885e-01
5.891495645046234131e-01
5.992026567459106667e-01
5.928472757339477983e-01
5.912078976631164329e-01
5.893993437290191428e-01
5.897427439689636453e-01
5.914747476577758567e-01
6.001086592674255149e-01
5.944910168647765669e-01
5.902680099010467751e-01
5.894477486610412154e-01
5.899836182594299094e-01
6.024145781993865967e-01
5.911174595355987993e-01
5.948999464511871560e-01
5.929006993770599143e-01
5.968804836273193803e-01
5.939825356006622759e-01
5.912269890308380349e-01
5.921633422374725786e-01
5.916276156902313677e-01
5.931030511856079102e-01
5.888290882110596147e-01
5.927105903625488059e-01
5.865125477313994917e-01
5.953098297119140403e-01
5.937292516231537087e-01
5.874004244804382768e-01
5.928299009799957719e-01
5.877748906612396684e-01
5.925760328769683616e-01
5.940430343151092973e-01
5.946228921413421187e-01
5.899612069129943626e-01
5.920997083187102827e-01
5.947493314743041992e-01
5.903998017311096191e-01
5.878101527690887673e-01
5.963713407516479936e-01
5.916049659252167192e-01
5.904863715171814187e-01
5.877418160438537820e-01
5.876570403575896995e-01
5.895806729793549028e-01
5.924739539623260498e-01
5.901565790176391824e-01
5.955598354339599609e-01
5.855525016784668413e-01
5.868846535682678001e-01
5.850777566432953103e-01
5.891060292720794456e-01
5.923707306385039839e-01
5.856735050678253396e-01
5.863856494426726851e-01
5.874547779560088667e-01
5.879642784595489058e-01
5.851305663585663064e-01
5.876340746879578081e-01
5.869906604290008323e-01
5.866782367229461670e-01
5.934571146965026411e-01
5.862425982952117476e-01
5.872471094131469505e-01
5.939744889736175981e-01
5.858117938041687012e-01
5.842700541019439919e-01
5.894652187824249712e-01
5.892064690589904341e-01
5.852169513702392134e-01
6.034342169761657271e-01
5.862860798835753950e-01
5.851847887039184348e-01
5.934174478054046187e-01
5.884182214736938255e-01
5.896594166755676492e-01
5.892863333225250022e-01
5.849787116050719771e-01
5.835771262645721436e-01
5.874612152576446089e-01
5.887326955795287864e-01
5.841259419918060081e-01
5.840583205223083274e-01
5.833658158779144731e-01
5.843062460422515647e-01
5.851296603679656538e-01
5.857415676116943803e-01
5.883657932281494141e-01
5.851937532424926758e-01
5.860936701297759788e-01
5.799179852008820024e-01
5.818184018135070801e-01
5.820064425468445268e-01
5.817701160907745583e-01
5.855801224708556685e-01
5.799184381961822732e-01
5.819925010204315408e-01
5.809521615505218728e-01
5.875611245632171853e-01
5.836138188838958518e-01
5.827567219734192117e-01
5.951580047607422097e-01
5.818477213382721169e-01
5.840592324733734353e-01
5.848596036434173806e-01
5.791029870510101540e-01
5.825610995292663796e-01
5.823619961738586426e-01
5.792020559310913086e-01
5.874310314655304399e-01
5.907463014125824419e-01
5.784196257591247559e-01
5.810674190521240012e-01
5.800459742546081321e-01
5.798665046691894309e-01
5.850124061107635498e-01
5.821116507053375466e-01
5.779862940311432107e-01
5.794209361076354536e-01
5.835653424263000932e-01
5.808424115180969016e-01
5.796479940414428489e-01
5.809706628322601762e-01
5.858694791793823686e-01
5.839489340782165749e-01
5.775558173656463179e-01
5.787001311779021995e-01
5.775028288364409956e-01
5.857798099517822488e-01
5.796128392219543901e-01
5.764413833618163840e-01
5.811968684196472390e-01
5.811074018478393777e-01
5.795436918735503706e-01
5.804463148117064986e-01
5.785870075225829634e-01
5.794869959354400635e-01
5.775281727313995583e-01
5.758664965629577415e-01
5.840590715408324751e-01
5.762247085571289285e-01
5.790564298629761186e-01
5.777034521102905051e-01
5.766763567924499956e-01
5.761881649494171587e-01
5.791330099105834739e-01
5.808379828929901567e-01
5.773448646068572998e-01
5.781824469566345659e-01
5.829494953155517356e-01
5.811497807502746804e-01
5.812345921993256059e-01
5.786525130271911177e-01
5.779798269271850808e-01
5.786377727985382302e-01
5.770594477653503418e-01
5.753821253776549849e-01
5.768090844154357688e-01
5.781251072883606401e-01
5.759065747261047363e-01
5.839194893836975320e-01
5.816699802875519021e-01
5.762644290924072710e-01
5.786151945590972678e-01
5.768143713474274126e-01
5.764064073562622514e-01
5.805411338806152344e-01
5.802130103111267090e-01
5.791449666023253950e-01
5.805148422718048318e-01
5.883949100971221924e-01
5.788153469562530296e-01
5.770301461219787820e-01
5.743814349174499734e-01
5.747913658618927224e-01
5.882185757160186546e-01
5.845390737056732622e-01
5.790158927440642866e-01
5.772257387638092263e-01
5.899117052555084006e-01
5.792023539543151855e-01
5.809354543685912864e-01
5.785814404487610307e-01
5.764348208904266357e-01
5.781364977359771951e-01
5.771897554397582564e-01
5.777479708194732666e-01
5.772651791572570579e-01
5.731422960758209006e-01
5.750345408916472945e-01
5.759785413742065652e-01
5.737797260284424050e-01
5.752991497516631858e-01
5.730465233325958696e-01
5.753604352474213091e-01
5.758349657058715598e-01
5.743473589420318159e-01
5.769547283649444358e-01
5.732617437839507835e-01
5.746147930622100830e-01
5.758543431758880171e-01
5.728517413139343484e-01
5.772632062435150146e-01
5.733048319816589355e-01
5.722337484359740767e-01
5.761679828166961226e-01
5.749228775501251665e-01
5.738295584917068037e-01
5.748512625694275346e-01
5.732677161693573442e-01
5.748654723167418990e-01
5.755019962787628618e-01
5.760373413562774880e-01
5.716375082731246504e-01
5.755939841270446555e-01
5.719474375247954878e-01
5.738352715969086137e-01
5.743543863296508567e-01
5.750262737274169922e-01
5.732443094253539817e-01
5.742339491844177246e-01
5.744828760623932329e-01
5.735520720481872559e-01
5.718507081270217673e-01
5.749903380870818870e-01
5.748185336589812788e-01
5.719834268093109131e-01
5.728109657764435259e-01
5.727815628051757812e-01
5.742203295230865479e-01
5.724741160869598611e-01
5.721869111061096413e-01
5.719555407762527688e-01
5.730817198753357378e-01
5.729232311248779741e-01
5.727985203266143799e-01
5.747363805770874245e-01
5.729285955429077593e-01
5.718926489353179932e-01
5.736200630664824995e-01
5.728648811578750388e-01
5.732796370983124223e-01
5.724071025848388450e-01
5.751433193683623823e-01
5.721635878086089866e-01
5.720359146595000999e-01
5.716201186180114302e-01
5.729527175426483154e-01
5.762730181217193826e-01
5.732294321060180664e-01
5.730889976024627908e-01
5.716082572937011275e-01
5.757672786712646484e-01
5.720033228397369829e-01
5.721583247184753862e-01
5.721530795097351518e-01
5.739009737968444602e-01
5.732008695602417436e-01
5.721580028533935769e-01
5.730014443397521973e-01
5.732131123542785200e-01
5.749724566936492698e-01
5.728851616382598655e-01
5.719456851482391802e-01
5.744667053222656250e-01
5.705854415893554243e-01
5.713037252426147461e-01
5.752445340156555620e-01
5.801724135875702126e-01
5.708012580871582031e-01
5.720678746700287309e-01
5.734376251697540505e-01
5.761944234371185747e-01
5.727588891983032005e-01
5.722125887870788130e-01
5.742504537105560525e-01
5.742110013961791992e-01
5.712326884269713911e-01
5.759542524814605935e-01
5.745177567005157471e-01
5.751631557941436768e-01
5.726647019386291726e-01
5.719694912433623823e-01
5.734139084815979004e-01
5.724591314792633057e-01
5.714700579643249290e-01
5.730557739734649658e-01
5.724633574485779031e-01
5.706421792507171409e-01
5.710855245590209517e-01
5.717219054698944314e-01
5.700079500675201416e-01
5.712078750133514626e-01
5.701260507106781228e-01
5.712419092655182107e-01
5.706711471080779807e-01
5.713358879089355247e-01
5.711991310119628462e-01
5.708218097686768022e-01
5.718801796436310259e-01
5.709074854850768599e-01
5.751846313476562944e-01
5.697974979877471480e-01
5.702839612960814986e-01
5.707186281681060347e-01
5.702221870422363725e-01
5.698803365230560303e-01
5.714842796325683150e-01
5.710906565189362016e-01
5.703456521034240279e-01
5.707942664623260054e-01
5.716717123985290971e-01
5.734734684228897095e-01
5.719569772481918335e-01
5.705257594585418923e-01
5.726705968379974809e-01
5.714287817478179710e-01
5.703277826309204324e-01
5.702460885047913042e-01
5.714853942394256814e-01
5.749692142009734663e-01
5.712010025978088157e-01
5.703621506690979004e-01
5.697290301322937012e-01
5.721180498600005881e-01
5.709325015544891579e-01
5.719330549240112527e-01
5.729867517948150635e-01
5.712765455245971680e-01
5.703728079795837846e-01
5.713247776031493697e-01
5.698454558849335161e-01
5.705233395099640337e-01
5.714957892894745317e-01
5.723918437957763450e-01
5.702456235885620117e-01
5.702064573764801247e-01
5.703475177288055420e-01
5.736761391162872314e-01
5.766727626323699951e-01
5.729367315769196001e-01
5.727243721485137939e-01
5.692387789487838301e-01
5.734240293502808061e-01
5.703347086906432883e-01
5.702623724937438965e-01
5.705542683601378950e-01
5.702416002750396729e-01
5.696866095066071001e-01
5.697317361831665261e-01
5.711274266242980513e-01
5.693745553493499978e-01
5.695238649845123513e-01
5.707447469234466775e-01
5.721388518810271995e-01
5.720577359199523482e-01
5.706075489521026389e-01
5.692293226718903032e-01
5.743621706962585005e-01
5.700655221939087136e-01
5.698121368885040727e-01
5.709688723087310569e-01
5.702250778675079790e-01
5.695904850959777610e-01
5.716707229614257368e-01
5.728086173534393533e-01
5.709202408790587935e-01
5.702924728393554688e-01
5.716720521450042725e-01
5.695785105228423628e-01
5.696994185447692427e-01
5.698131024837493896e-01
5.694180727005004883e-01
5.706126391887664795e-01
5.698262631893158403e-01
5.696353375911712424e-01
5.699099183082581010e-01
5.713922679424285889e-01
5.700177550315856934e-01
5.706632852554320845e-01
5.725535392761230691e-01
5.705951035022736040e-01
5.693891763687133345e-01
5.697563588619232178e-01
5.715573787689208762e-01
5.701919674873352495e-01
5.699669003486633745e-01
5.744870543479919656e-01
5.701116204261780229e-01
5.693153262138366255e-01
5.691596984863280806e-01
5.693096876144408958e-01
5.697882950305939165e-01
5.708081126213073730e-01
5.708157002925873247e-01
5.694650113582611084e-01
5.692638695240020974e-01
5.696718454360961692e-01
5.693857848644257036e-01
5.705170214176178423e-01
5.699944138526916726e-01
5.687574952840804832e-01
5.689084172248840554e-01
5.693154811859131303e-01
5.691703259944915771e-01
5.693508982658386230e-01
5.689353883266449197e-01
5.689754128456115945e-01
5.694664359092712624e-01
5.715101242065430132e-01
5.685681015253066795e-01
5.685884714126586692e-01
5.698165357112884299e-01
5.691959738731384721e-01
5.695461869239807351e-01
5.683570086956024614e-01
5.692920267581940141e-01
5.700387835502624956e-01
5.686232149600982666e-01
5.689023673534393533e-01
5.687505960464477317e-01
5.686293363571166548e-01
5.700090408325195757e-01
5.689239442348480447e-01
5.695850074291228804e-01
5.686769068241119829e-01
5.691247344017028587e-01
5.692794919013977051e-01
5.698789417743682639e-01
5.683335900306701882e-01
5.689140915870666282e-01
5.686418354511261208e-01
5.686143636703491211e-01
5.695797502994537354e-01
5.692796349525451882e-01
5.707688212394714800e-01
5.686930835247039351e-01
5.690565288066864458e-01
5.688750803470611350e-01
5.684492707252501997e-01
5.697475135326385276e-01
5.689944684505462424e-01
5.694605708122253418e-01
5.683624446392059326e-01
5.700334131717681441e-01
5.693070530891418679e-01
5.708156883716583030e-01
5.710730552673339844e-01
5.683599114418029785e-01
5.685099005699157937e-01
5.690588712692260520e-01
5.696953684091567993e-01
5.681950092315674050e-01
5.686814308166503462e-01
5.693440735340118408e-01
5.692026197910309282e-01
5.680951178073883057e-01
5.686099708080292192e-01
5.694021284580230713e-01
5.700665414333343506e-01
5.702444672584533469e-01
5.689553201198578325e-01
5.687115788459777832e-01
5.695970833301544634e-01
5.705045938491821733e-01
5.699145734310150369e-01
5.695666968822479248e-01
5.687607973814010620e-01
5.689703285694122092e-01
5.689178526401519331e-01
5.689355254173278365e-01
5.703436553478240523e-01
5.703264594078063521e-01
5.687949657440185547e-01
5.690474003553390725e-01
5.715147793292999490e-01
5.691685080528259277e-01
5.693887889385222945e-01
5.696649253368377686e-01
5.693647801876068337e-01
5.682538568973540816e-01
5.684983611106873003e-01
5.684359550476074663e-01
5.696296036243438943e-01
5.692342162132263406e-01
5.679926633834838645e-01
5.685488879680633545e-01
5.694707989692687766e-01
5.683033764362335205e-01
5.685205101966858132e-01
5.689168334007262962e-01
5.692718923091888428e-01
5.683242321014404519e-01
5.684562265872955544e-01
5.683428108692168967e-01
5.684456020593643411e-01
5.680812239646911843e-01
5.684705615043640359e-01
5.684412002563477007e-01
5.687750279903411865e-01
5.692654609680175559e-01
5.690656960010528342e-01
5.686818122863769309e-01
5.683152198791503462e-01
5.686052739620208740e-01
5.679364442825317605e-01
5.691454946994781716e-01
5.684507250785827415e-01
5.684266090393066406e-01
5.682589888572693315e-01
5.685933172702789529e-01
5.700377523899078369e-01
5.682741254568099976e-01
5.684996187686920388e-01
5.687885880470275879e-01
5.681125879287719505e-01
5.683777332305908203e-01
5.701509535312652144e-01
5.682091474533080833e-01
5.685573220252990723e-01
5.681352078914642112e-01
5.680424213409424050e-01
5.684389531612396018e-01
5.691641211509704812e-01
5.684715211391448975e-01
5.684098303318023682e-01
5.680592238903046098e-01
5.688008904457092507e-01
5.679702937602997270e-01
5.682240068912506326e-01
5.684681862592697588e-01
5.683940887451172097e-01
5.684786915779114214e-01
5.688062846660614236e-01
5.683544635772704856e-01
5.684666872024536355e-01
5.681743502616882768e-01
5.699238121509552224e-01
5.681753396987915261e-01
5.682515740394592507e-01
5.692917346954345925e-01
5.705583095550537109e-01
5.682854354381561279e-01
5.681104898452759011e-01
5.681139171123504861e-01
5.680327415466308594e-01
5.680696606636047585e-01
5.694748997688293679e-01
5.679554939270019531e-01
5.680700480937957986e-01
5.682778775691985640e-01
5.686194241046905740e-01
5.681676566600799561e-01
5.680732488632201926e-01
5.680991590023041216e-01
5.688432216644286887e-01
5.679574787616730180e-01
5.682639539241790549e-01
5.680022299289703147e-01
5.685894548892974631e-01
5.684166133403778520e-01
5.689288198947906050e-01
5.677249312400818315e-01
5.686788618564605491e-01
5.681669473648071067e-01
5.677733540534972700e-01
5.683133900165557861e-01
5.679160535335541216e-01
5.676217973232269287e-01
5.678248226642608198e-01
5.690391004085540994e-01
5.682194292545318381e-01
5.685056984424591286e-01
5.684801161289214644e-01
5.682025909423827903e-01
5.686348676681518555e-01
5.682191848754882812e-01
5.688567757606506348e-01
5.682429105043411699e-01
5.683770835399627464e-01
5.695784509181975874e-01
5.680154800415039285e-01
5.681213498115539329e-01
5.682813763618469460e-01
5.683379769325256348e-01
5.678412854671478494e-01
5.677824079990386741e-01
5.678663551807403564e-01
5.679233074188232422e-01
5.679782748222350630e-01
5.685753643512725386e-01
5.680923879146575484e-01
5.679990142583847268e-01
5.679309546947479692e-01
5.676106095314026323e-01
5.676114618778228538e-01
5.687424600124358909e-01
5.676394402980804443e-01
5.689308762550353560e-01
5.682367861270904985e-01
5.676407188177108321e-01
5.679289460182189719e-01
5.676102280616760476e-01
5.678431630134582742e-01
5.677864730358124223e-01
5.686071634292602095e-01
5.680931806564331055e-01
5.679914772510528120e-01
5.678903698921203835e-01
5.678832769393921120e-01
5.679675996303558128e-01
5.683026909828186035e-01
5.677016437053680198e-01
5.680766582489014116e-01
5.676105022430419922e-01
5.675570607185363992e-01
5.679152607917785645e-01
5.678481280803679976e-01
5.676768124103546143e-01
5.682440996170043945e-01
5.677997887134551558e-01
5.682345509529114214e-01
5.677242636680602805e-01
5.678015530109405962e-01
5.676266372203826460e-01
5.688395082950592485e-01
5.680000424385071023e-01
5.680997490882873091e-01
5.685718417167663352e-01
5.679062366485595481e-01
5.686555683612823930e-01
5.685188353061676469e-01
5.682231247425079124e-01
5.676246106624602827e-01
5.681249797344207764e-01
5.677741885185241255e-01
5.679088115692139116e-01
5.684664875268936601e-01
5.681907951831817183e-01
5.676609933376312034e-01
5.677536725997924805e-01
5.680169403553009255e-01
5.676823019981384055e-01
5.683942139148712158e-01
5.678784489631653054e-01
5.678289651870727095e-01
5.679074108600616899e-01
5.684504985809326616e-01
5.675285398960113747e-01
5.676349759101867454e-01
5.676259994506835938e-01
5.676604747772217019e-01
5.687938272953033669e-01
5.676088571548462136e-01
5.685127496719359907e-01
5.681437373161315474e-01
5.684477388858795166e-01
5.679954379796982034e-01
5.693192631006240845e-01
5.677592635154724565e-01
5.685052096843719038e-01
5.678551256656646506e-01
5.685253977775573953e-01
5.677785515785217507e-01
5.681689143180846946e-01
5.677555441856384499e-01
5.676243364810943381e-01
5.677628576755523460e-01
5.681806862354278342e-01
5.677138090133666548e-01
5.680701375007629617e-01
5.677200198173523171e-01
5.678986072540282981e-01
5.676053494215012041e-01
5.686835169792174849e-01
5.683139622211456077e-01
5.682738840579986128e-01
5.674702435731887595e-01
5.676457703113555464e-01
5.675066173076629417e-01
5.679979622364044189e-01
5.676966369152068870e-01
5.676542043685912642e-01
5.674822926521301270e-01
5.682826697826385276e-01
5.678472161293030007e-01
5.682569563388824019e-01
5.679833322763443437e-01
5.677658796310425249e-01
5.680794656276703103e-01
5.674861967563629150e-01
5.676489949226379839e-01
5.675229370594024880e-01
5.678606510162353960e-01
5.680199742317200151e-01
5.679664641618729082e-01
5.677507400512695757e-01
5.676169097423553467e-01
5.677302122116089089e-01
5.680592775344848189e-01
5.675582110881804976e-01
5.677384853363036665e-01
5.675115287303924561e-01
5.678450942039490190e-01
5.677729249000549316e-01
5.677296578884124534e-01
5.682430028915405051e-01
5.676933526992797852e-01
5.676255166530609353e-01
5.675620198249816672e-01
5.677901566028594749e-01
5.674578011035918967e-01
5.678826332092284934e-01
5.679318845272064431e-01
5.677039146423339400e-01
5.676925122737884744e-01
5.675431370735168901e-01
5.679519355297089067e-01
5.678508758544922319e-01
5.675010532140731812e-01
5.678043007850647195e-01
5.677993893623352051e-01
5.680360257625579612e-01
5.675233125686645064e-01
5.680958271026611550e-01
5.676405251026153120e-01
5.676839321851729903e-01
5.676165282726287620e-01
5.679056644439697266e-01
5.681123256683349165e-01
5.678038239479065163e-01
5.678198933601379395e-01
5.676038146018982378e-01
5.675974726676941140e-01
5.674920499324798140e-01
5.677288413047790749e-01
5.675102710723877175e-01
5.678828656673431396e-01
5.676316022872924805e-01
5.676602065563202126e-01
5.676819026470184548e-01
5.676792025566100852e-01
5.678711712360382524e-01
5.676244914531707320e-01
5.678199172019958718e-01
5.674718379974365012e-01
5.673947632312774658e-01
5.676205337047577348e-01
5.675492882728576660e-01
5.678304672241211160e-01
5.676411569118500200e-01
5.676170468330383745e-01
5.675584673881530762e-01
5.677908122539520042e-01
5.676111102104186568e-01
5.676211237907409224e-01
5.676325023174285667e-01
5.673973560333251953e-01
5.675784051418304443e-01
5.674499750137329546e-01
5.680428028106689897e-01
5.682466566562652810e-01
5.677819728851318803e-01
5.676165223121643066e-01
5.675671219825744185e-01
5.680151224136352761e-01
5.675998508930206743e-01
5.673937678337097612e-01
5.673820078372955322e-01
5.679897993803024736e-01
5.676002144813537820e-01
5.678606986999511497e-01
5.680017113685608132e-01
5.674603044986724631e-01
5.677456259727478027e-01
5.675661861896514893e-01
5.679062068462371604e-01
5.675993740558624712e-01
5.675410270690918191e-01
5.678168535232543945e-01
5.682779073715209517e-01
5.676145970821380171e-01
5.678111314773559570e-01
5.676423668861388938e-01
5.673309266567230225e-01
5.673983454704284446e-01
5.675377130508423296e-01
5.676519036293029563e-01
5.676433742046356201e-01
5.678171038627624068e-01
5.676996529102324995e-01
5.678106248378753662e-01
5.676342904567718284e-01
5.676905572414397971e-01
5.676382184028625488e-01
5.676410675048828569e-01
5.674510061740875022e-01
5.675671637058258279e-01
5.677525699138641357e-01
5.675338506698608398e-01
5.677600145339966042e-01
5.677554607391357422e-01
5.677670240402221680e-01
5.675513744354248047e-01
5.678788006305695024e-01
5.675210952758789062e-01
5.679010093212127908e-01
5.676410675048828569e-01
5.677630901336669922e-01
5.677824378013610618e-01
5.676050722599029763e-01
5.677588284015655518e-01
5.676059544086455855e-01
5.676164329051971436e-01
5.676971197128295454e-01
5.676089912652969582e-01
5.675347149372100830e-01
5.674839168787002563e-01
5.678959786891937256e-01
5.677115142345428023e-01
5.676988661289215088e-01
5.676628351211547852e-01
5.677269935607910378e-01
5.676232397556304488e-01
5.676899909973144309e-01
5.676628232002258745e-01
5.675844669342040572e-01
5.675002932548522949e-01
5.677565157413482222e-01
5.675985336303710493e-01
5.677052974700927956e-01
5.678370833396911843e-01
5.679139792919158936e-01
5.676162779331207497e-01
5.676653802394866499e-01
5.676465809345245805e-01
5.677574515342712624e-01
5.675117969512939453e-01
5.674385964870453103e-01
5.674563109874725120e-01
5.676687896251678689e-01
5.675076842308044434e-01
5.675394117832184282e-01
5.675061285495758279e-01
5.676538586616516335e-01
5.675005733966826948e-01
5.676410615444182906e-01
5.677409946918487993e-01
5.676150500774383989e-01
5.677606761455535889e-01
5.678241044282913430e-01
5.677656114101410356e-01
5.676480710506439653e-01
5.674805045127868652e-01
5.677426815032958762e-01
5.675773382186889426e-01
5.677230477333068404e-01
5.677156805992126243e-01
5.675303936004638672e-01
5.675950765609740767e-01
5.675386130809784158e-01
5.675485193729400413e-01
5.678346455097198486e-01
5.676383316516876443e-01
5.676607549190521018e-01
5.676565825939178245e-01
5.676561117172240767e-01
5.676673024892806563e-01
5.676066935062408225e-01
5.675809144973754661e-01
5.676718652248382568e-01
5.676853179931640181e-01
5.676291465759277788e-01
5.676293909549713357e-01
5.677267253398895486e-01
5.677173852920531782e-01
5.677528023719787820e-01
5.676054120063781516e-01
5.677242934703826682e-01
5.678290128707885742e-01
5.676026999950408714e-01
5.676292121410370095e-01
5.676585048437118308e-01
5.674945712089538574e-01
5.676996350288391335e-01
5.677069544792174849e-01
5.679692149162292036e-01
5.678179174661636130e-01
