8.892792072147130966e-01
1.087814280763268471e-01
1.015304578468203545e-01
1.013656170107424259e-01
1.051618019118905067e-01
1.254825913347303867e-01
1.231428170576691628e-01
1.007951768115162849e-01
1.025357078760862350e-01
1.019857386127114296e-01
1.008337568491697311e-01
1.126096933148801327e-01
1.152302259579300880e-01
9.764064289629459381e-02
9.890243364498019218e-02
9.795369300991296768e-02
9.774787304922938347e-02
9.618955105543136597e-02
1.066746949218213558e-01
1.106306398287415504e-01
1.113607413135468960e-01
1.094357692636549473e-01
1.119744819588959217e-01
1.122925230301916599e-01
1.130044730380177498e-01
1.031128601171076298e-01
1.141477446071803570e-01
1.020488790236413479e-01
1.410638112574815750e-01
1.218065964058041573e-01
1.227453569881618023e-01
1.330787297338247299e-01
1.281756036914885044e-01
1.170220677740871906e-01
1.161725269630551338e-01
1.232962375506758690e-01
1.114812712185084820e-01
1.148373261094093323e-01
1.454284880310297012e-01
1.309112161397933960e-01
1.096846880391240120e-01
1.123482519760727882e-01
1.078263567760586739e-01
1.191071309149265289e-01
1.236342582851648331e-01
1.070752856321632862e-01
1.159934271126985550e-01
1.080012572929263115e-01
1.093248580582439899e-01
1.245005587115883827e-01
1.084313369356095791e-01
1.130564529448747635e-01
1.114628319628536701e-01
1.136871436610817909e-01
1.245314790867269039e-01
1.030840398743748665e-01
1.242508287541568279e-01
1.099374690093100071e-01
1.070916750468313694e-01
1.262400411069393158e-01
1.202109241858124733e-01
1.097300089895725250e-01
1.038133511319756508e-01
1.090174880810081959e-01
1.293845959007740021e-01
1.430121739394962788e-01
1.185459112748503685e-01
1.034144200384616852e-01
9.982038568705320358e-02
1.009771670214831829e-01
1.111685312353074551e-01
1.302725258283317089e-01
1.183718908578157425e-01
1.150845559313893318e-01
1.156612173654139042e-01
1.180250500328838825e-01
1.250578900799155235e-01
1.226151171140372753e-01
1.210518437437713146e-01
1.221642359159886837e-01
1.125611532479524612e-01
1.208689743652939796e-01
1.172302598133683205e-01
1.153873261064291000e-01
1.095618191175162792e-01
1.082754670642316341e-01
1.147586661390960217e-01
1.144993458874523640e-01
1.105919498950242996e-01
1.049113622866570950e-01
1.037823301739990711e-01
1.027606390416622162e-01
9.986129635944962502e-02
1.237948779016733170e-01
1.584178451448678970e-01
1.112310509197413921e-01
1.043261219747364521e-01
1.019468680024147034e-01
1.024245382286608219e-01
9.766911203041672707e-02
9.794541308656334877e-02
9.949044464156031609e-02
1.004943749867379665e-01
1.203550528734922409e-01
1.018007281236350536e-01
1.064262236468493938e-01
1.004753569141030312e-01
9.768321225419640541e-02
9.953533485531806946e-02
9.817066276445984840e-02
9.804519312456250191e-02
9.938798518851399422e-02
9.814359340816736221e-02
9.770264197140932083e-02
1.036778013221919537e-01
1.050379229709506035e-01
9.820467280223965645e-02
9.567371010780334473e-02
9.621927095577120781e-02
9.401941811665892601e-02
9.972968464717268944e-02
9.374349704012274742e-02
9.316365700215101242e-02
9.462780784815549850e-02
9.588926006108522415e-02
9.517192887142300606e-02
9.503533923998475075e-02
9.420806774869561195e-02
9.427817817777395248e-02
9.411523817107081413e-02
1.007010168395936489e-01
9.800584334880113602e-02
9.902043407782912254e-02
9.845805261284112930e-02
9.739128220826387405e-02
9.857746306806802750e-02
1.000770162791013718e-01
9.895561495795845985e-02
9.815175319090485573e-02
9.907864406704902649e-02
1.039674407802522182e-01
9.886806365102529526e-02
9.942239476367831230e-02
9.794613299891352654e-02
9.754781285300850868e-02
9.814158314839005470e-02
9.817649330943822861e-02
9.655938111245632172e-02
9.799552289769053459e-02
1.019172077067196369e-01
1.011002571322023869e-01
1.008726358413696289e-01
1.024044188670814037e-01
1.046146922744810581e-01
1.027318486012518406e-01
1.122505329549312592e-01
1.254161996766924858e-01
1.206277743913233280e-01
1.238572681322693825e-01
1.237019277177751064e-01
1.024021790362894535e-01
1.008993270806968212e-01
9.971229638904333115e-02
9.604012966156005859e-02
9.856477379798889160e-02
9.790277341380715370e-02
9.721081191673874855e-02
9.690639190375804901e-02
9.983136504888534546e-02
9.810156282037496567e-02
9.970678482204675674e-02
9.996628575026988983e-02
1.097781690768897533e-01
1.009518257342278957e-01
1.009893068112432957e-01
9.667901135981082916e-02
1.009597568772733212e-01
1.162130478769540787e-01
9.876287402585148811e-02
1.002357760444283485e-01
1.010716874152421951e-01
1.006999961100518703e-01
9.789486322551965714e-02
1.005225172266364098e-01
9.421133808791637421e-02
9.725241223350167274e-02
9.642874123528599739e-02
9.767717169597744942e-02
9.915159363299608231e-02
9.737961180508136749e-02
9.938426408916711807e-02
9.788753185421228409e-02
9.924582391977310181e-02
1.054194327443838120e-01
1.085246466100215912e-01
1.316686486825346947e-01
1.278232033364474773e-01
1.301205069757997990e-01
1.337025817483663559e-01
1.277104532346129417e-01
1.282091443426907063e-01
1.347609129734337330e-01
1.325690601952373981e-01
1.142288548871874809e-01
1.079348358325660229e-01
1.176916100084781647e-01
1.230196156539022923e-01
1.293422561138868332e-01
1.146401348523795605e-01
9.794002166017889977e-02
1.008735173381865025e-01
1.167805781587958336e-01
1.252126698382198811e-01
1.240922780707478523e-01
1.177187501452863216e-01
1.213676850311458111e-01
1.281635742634534836e-01
1.582497451454401016e-01
9.901814395561814308e-02
9.292220603674650192e-02
1.055904626846313477e-01
1.052075130864977837e-01
1.150704761967062950e-01
1.002618158236145973e-01
1.044915723614394665e-01
1.128846732899546623e-01
1.204890226945281029e-01
1.598359867930412292e-01
1.032778308726847172e-01
9.683988103643059731e-02
9.803210292011499405e-02
9.984150575473904610e-02
9.685603063553571701e-02
1.011667577549815178e-01
9.615579992532730103e-02
9.897225489839911461e-02
1.019241381436586380e-01
9.979451494291424751e-02
1.014783270657062531e-01
9.890102362260222435e-02
9.796080319210886955e-02
1.026619100011885166e-01
1.066308841109275818e-01
1.092761782929301262e-01
9.705027192831039429e-02
1.002671360038220882e-01
9.765411214902997017e-02
9.673729073256254196e-02
1.272047031670808792e-01
1.194061618298292160e-01
1.205982337705790997e-01
1.116187009029090405e-01
1.028887201100587845e-01
1.008890969678759575e-01
1.032735900953412056e-01
1.006634272634983063e-01
1.166873075999319553e-01
1.028185691684484482e-01
9.897897532209753990e-02
1.150539256632328033e-01
1.117084920406341553e-01
1.244636792689561844e-01
1.198377222754061222e-01
1.224353061988949776e-01
1.197433820925652981e-01
9.518619999289512634e-02
1.048453021794557571e-01
1.020974088460206985e-01
9.497583890333771706e-02
1.001401860266923904e-01
9.938925504684448242e-02
9.902174398303031921e-02
9.876607311889529228e-02
1.021842979826033115e-01
9.944718517363071442e-02
9.698808100074529648e-02
1.044003218412399292e-01
1.035632612183690071e-01
1.044647521339356899e-01
1.011496568098664284e-01
1.046293121762573719e-01
9.881001384928822517e-02
1.022805776447057724e-01
1.021194979548454285e-01
1.010812269523739815e-01
1.012990772724151611e-01
1.008234270848333836e-01
1.013490580953657627e-01
1.028823303058743477e-01
1.010982473380863667e-01
9.945897525176405907e-02
1.017346479929983616e-01
1.005043471232056618e-01
1.012632865458726883e-01
9.982534544542431831e-02
9.895798424258828163e-02
9.681961080059409142e-02
9.841049369424581528e-02
9.864279394969344139e-02
1.098648486658930779e-01
9.638838097453117371e-02
9.918923489749431610e-02
1.088914270512759686e-01
1.012364467605948448e-01
9.962566476315259933e-02
1.030269390903413296e-01
9.725616173818707466e-02
1.091049667447805405e-01
1.103656399063766003e-01
1.019405480474233627e-01
9.686303185299038887e-02
1.490760119631886482e-01
1.360723148100078106e-01
1.025126492604613304e-01
1.099035488441586494e-01
1.012555370107293129e-01
9.948152536526322365e-02
9.906591475009918213e-02
9.785784315317869186e-02
9.904681425541639328e-02
9.963778592646121979e-02
1.132122431881725788e-01
1.002486068755388260e-01
1.060055540874600410e-01
1.064250543713569641e-01
1.022899788804352283e-01
1.058316337876021862e-01
1.227842569351196289e-01
1.086611277423799038e-01
9.868746390566229820e-02
1.094447681680321693e-01
9.820180386304855347e-02
9.785305289551615715e-02
9.673961112275719643e-02
9.807845298200845718e-02
9.689552197232842445e-02
1.077648662030696869e-01
1.167750791646540165e-01
1.107452497817575932e-01
1.087388182058930397e-01
1.086241877637803555e-01
1.093759671784937382e-01
1.113880509510636330e-01
1.095014577731490135e-01
1.096681593917310238e-01
1.088615683838725090e-01
1.037635509856045246e-01
1.078592869453132153e-01
9.781698277220129967e-02
9.517990937456488609e-02
1.046061217784881592e-01
1.122901127673685551e-01
1.126777930185198784e-01
1.131862327456474304e-01
1.119885421358048916e-01
1.116087208501994610e-01
1.114121307618916035e-01
1.096111983060836792e-01
9.670217102393507957e-02
1.017346680164337158e-01
1.089036283083260059e-01
1.079589766450226307e-01
1.124108419753611088e-01
1.101366998627781868e-01
1.052236128598451614e-01
1.100861090235412121e-01
1.101870387792587280e-01
1.116907820105552673e-01
9.695704095065593719e-02
1.115755708888173103e-01
1.213597548194229603e-01
1.196688129566609859e-01
1.189518412575125694e-01
1.197095718234777451e-01
1.198121719062328339e-01
1.196699021384119987e-01
1.286513749510049820e-01
1.309913583099842072e-01
9.598599979653954506e-02
9.752503316849470139e-02
9.764261217787861824e-02
9.915643464773893356e-02
9.468393912538886070e-02
1.224765856750309467e-01
1.091368682682514191e-01
9.784055314958095551e-02
1.050819028168916702e-01
1.073256460949778557e-01
1.060428237542510033e-01
1.264820112846791744e-01
1.007678862661123276e-01
9.634363092482089996e-02
1.011593379080295563e-01
1.011469671502709389e-01
9.525347873568534851e-02
9.544748906046152115e-02
9.608617099002003670e-02
9.573510987684130669e-02
1.026632688008248806e-01
1.056405040435492992e-01
1.047298521734774113e-01
9.234736487269401550e-02
9.232020471245050430e-02
9.261707589030265808e-02
9.234933461993932724e-02
9.772730339318513870e-02
1.072301357053220272e-01
9.638127125799655914e-02
1.012664060108363628e-01
1.016050879843533039e-01
1.041701519861817360e-01
1.051630531437695026e-01
1.071321945637464523e-01
1.056736726313829422e-01
9.821117296814918518e-02
1.095536081120371819e-01
1.137741347774863243e-01
1.181050501763820648e-01
1.103201797232031822e-01
1.217663250863552094e-01
1.150770857930183411e-01
1.214094050228595734e-01
1.133561842143535614e-01
1.173210390843451023e-01
1.235530977137386799e-01
1.223538257181644440e-01
1.541936388239264488e-01
1.222858061082661152e-01
1.128671029582619667e-01
9.605396026745438576e-02
9.287008596584200859e-02
9.224365511909127235e-02
9.444791777059435844e-02
9.403382753953337669e-02
1.064114547334611416e-01
1.003697561100125313e-01
9.797904314473271370e-02
9.799936274066567421e-02
1.011336781084537506e-01
9.948946489021182060e-02
1.059405338019132614e-01
9.856550209224224091e-02
9.714988060295581818e-02
1.005939659662544727e-01
1.019978187978267670e-01
9.613193990662693977e-02
9.968299604952335358e-02
9.742306172847747803e-02
9.162949491292238235e-02
9.200569381937384605e-02
1.036694603972136974e-01
1.011352371424436569e-01
1.060081142932176590e-01
1.008787769824266434e-01
9.645765135064721107e-02
1.048983917571604252e-01
1.037619798444211483e-01
9.974220581352710724e-02
9.991404600441455841e-02
9.778334200382232666e-02
9.793308191001415253e-02
1.001319158822298050e-01
1.046855719760060310e-01
1.039917510934174061e-01
1.066745249554514885e-01
1.061254637315869331e-01
9.810935286805033684e-02
1.160863866098225117e-01
1.090240478515625000e-01
1.048222533427178860e-01
1.042582811787724495e-01
1.013771169818937778e-01
9.848971385508775711e-02
9.616109076887369156e-02
9.578974964097142220e-02
9.655408095568418503e-02
9.588269889354705811e-02
1.022113091312348843e-01
1.019084779545664787e-01
1.041052909567952156e-01
1.172526590526103973e-01
1.181940510869026184e-01
1.192028820514678955e-01
1.205481728538870811e-01
1.208297652192413807e-01
1.223022858612239361e-01
1.120002618990838528e-01
9.884522389620542526e-02
1.109993611462414265e-01
1.003679861314594746e-01
1.021811189129948616e-01
1.100091189146041870e-01
1.035583000630140305e-01
9.954778477549552917e-02
1.031983401626348495e-01
1.030361996963620186e-01
9.974524518474936485e-02
9.717036224901676178e-02
9.627633122727274895e-02
1.078178863972425461e-01
1.084739170037209988e-01
1.045217821374535561e-01
9.589495975524187088e-02
9.834841405972838402e-02
9.746046178042888641e-02
9.563442971557378769e-02
9.403541777282953262e-02
9.439793787896633148e-02
9.446034813299775124e-02
9.415002726018428802e-02
9.445839887484908104e-02
1.073643346317112446e-01
1.038763811811804771e-01
9.604655997827649117e-02
1.082608872093260288e-01
1.153741469606757164e-01
1.047920919954776764e-01
1.015764977782964706e-01
1.016516475938260555e-01
1.016316870227456093e-01
1.134419441223144531e-01
9.662805078551173210e-02
1.047929120250046253e-01
1.228660168126225471e-01
1.380380778573453426e-01
1.479624006897211075e-01
1.385500277392566204e-01
1.366969761438667774e-01
1.385232182219624519e-01
9.992323629558086395e-02
1.000781357288360596e-01
1.025870693847537041e-01
1.071983356960117817e-01
1.321481191553175449e-01
1.030572601594030857e-01
1.178902797400951385e-01
1.176571887917816639e-01
1.156219071708619595e-01
1.017697090283036232e-01
1.018383079208433628e-01
1.070898748002946377e-01
1.100135091692209244e-01
9.751708107069134712e-02
1.019729990512132645e-01
9.891342371702194214e-02
1.021661791019141674e-01
1.025800388306379318e-01
1.071037459187209606e-01
1.062429542653262615e-01
9.844012372195720673e-02
9.890481410548090935e-02
1.065997849218547344e-01
1.064702547155320644e-01
1.194176720455288887e-01
1.184974410571157932e-01
1.275331126525998116e-01
1.089096679352223873e-01
1.057260627858340740e-01
1.027170890010893345e-01
1.025516390800476074e-01
9.797521308064460754e-02
1.065326137468218803e-01
1.038493909873068333e-01
1.000399556942284107e-01
9.950915491208434105e-02
1.008822559379041195e-01
9.859166294336318970e-02
9.978284593671560287e-02
1.010822770185768604e-01
1.012151283212006092e-01
1.113314512185752392e-01
1.016287580132484436e-01
9.527537878602743149e-02
9.313668590039014816e-02
9.356256714090704918e-02
9.596700081601738930e-02
9.327449603006243706e-02
9.165327390655875206e-02
9.137036371976137161e-02
9.199514472857117653e-02
1.026753988116979599e-01
1.064780438318848610e-01
1.162323481403291225e-01
1.211271346546709538e-01
1.209556641988456249e-01
1.204832429066300392e-01
1.118675610050559044e-01
9.729557204991579056e-02
9.777840226888656616e-02
9.561914904043078423e-02
1.031261198222637177e-01
1.021234584040939808e-01
1.150124459527432919e-01
1.104801590554416180e-01
1.016587479971349239e-01
1.068245852366089821e-01
9.524657903239130974e-02
9.179214481264352798e-02
9.419997781515121460e-02
9.173729410395026207e-02
9.193968400359153748e-02
9.106083307415246964e-02
9.138458408415317535e-02
9.093351429328322411e-02
9.065609332174062729e-02
9.119628416374325752e-02
9.067031322047114372e-02
9.025251260027289391e-02
9.071163320913910866e-02
9.114337386563420296e-02
9.093085303902626038e-02
9.501973772421479225e-02
9.883469389751553535e-02
9.705761075019836426e-02
1.008298168890178204e-01
1.007069661282002926e-01
1.013455470092594624e-01
1.026322888210415840e-01
9.696653112769126892e-02
9.790175314992666245e-02
1.041539120487868786e-01
9.841385297477245331e-02
9.785251179710030556e-02
1.020273491740226746e-01
9.709561197087168694e-02
9.621687093749642372e-02
9.378332691267132759e-02
9.480359870940446854e-02
9.342501685023307800e-02
9.620966017246246338e-02
9.881025413051247597e-02
9.620554000139236450e-02
1.104015689343214035e-01
1.057079136371612549e-01
1.080221268348395824e-01
1.205318327993154526e-01
1.092406180687248707e-01
9.855805430561304092e-02
1.000177757814526558e-01
1.381574668921530247e-01
1.114480919204652309e-01
9.661495126783847809e-02
9.833027422428131104e-02
9.571688016876578331e-02
9.609551029279828072e-02
9.615316102281212807e-02
1.015338175930082798e-01
1.072522252798080444e-01
1.177278179675340652e-01
1.419108118861913681e-01
1.380346678197383881e-01
1.392220091074705124e-01
1.371540562249720097e-01
1.188929420895874500e-01
1.103328196331858635e-01
1.288272649981081486e-01
1.294106352142989635e-01
1.005860362201929092e-01
1.000575660727918148e-01
9.960704529657959938e-02
9.983767475932836533e-02
1.048887330107390881e-01
1.379533768631517887e-01
1.356004942208528519e-01
1.326031601056456566e-01
1.136361653916537762e-01
1.169734881259500980e-01
1.091948980465531349e-01
1.081881672143936157e-01
1.147538758814334869e-01
9.811597270891070366e-02
9.755481174215674400e-02
9.554181899875402451e-02
9.531190013512969017e-02
9.910505404695868492e-02
1.007864857092499733e-01
1.093194079585373402e-01
1.010432671755552292e-01
1.004811273887753487e-01
1.066294042393565178e-01
1.048905909992754459e-01
1.000682958401739597e-01
1.002038358710706234e-01
9.948740480467677116e-02
9.801804320886731148e-02
1.075590359978377819e-01
1.118034222163259983e-01
1.064263647422194481e-01
1.063932450488209724e-01
1.057462636381387711e-01
1.062261140905320644e-01
1.002418561838567257e-01
1.110238912515342236e-01
9.793628286570310593e-02
9.864162420853972435e-02
9.789290279150009155e-02
1.018060790374875069e-01
1.080093570053577423e-01
1.010743267834186554e-01
1.140303448773920536e-01
9.854421392083168030e-02
9.729508310556411743e-02
9.785760333761572838e-02
1.064464650116860867e-01
1.175812687724828720e-01
1.075873472727835178e-01
1.095788790844380856e-01
1.044215429574251175e-01
1.022795489989221096e-01
1.003890661522746086e-01
1.137113547883927822e-01
1.224689460359513760e-01
1.239012479782104492e-01
1.213488439098000526e-01
1.205921927466988564e-01
1.221331250853836536e-01
1.103462399914860725e-01
9.788583312183618546e-02
1.096898186951875687e-01
1.274609630927443504e-01
1.256987703964114189e-01
1.253927499055862427e-01
1.195456231944262981e-01
1.106839901767671108e-01
1.001608562655746937e-01
1.051508728414773941e-01
1.047487622126936913e-01
1.047339923679828644e-01
9.881582437083125114e-02
1.013052570633590221e-01
1.224399963393807411e-01
1.124069020152091980e-01
1.121126930229365826e-01
1.301007959991693497e-01
1.391646391712129116e-01
1.272101332433521748e-01
1.205392237752676010e-01
1.224675662815570831e-01
1.221678461879491806e-01
1.233593481592833996e-01
1.207509040832519531e-01
1.141258948482573032e-01
1.257444508373737335e-01
1.154613257385790348e-01
1.268727108836174011e-01
1.108664600178599358e-01
1.192184807732701302e-01
1.241817688569426537e-01
1.331363208591938019e-01
1.768191000446677208e-01
1.863861330784857273e-01
1.514698648825287819e-01
1.444247863255441189e-01
1.696319798938930035e-01
1.468734089285135269e-01
1.478657298721373081e-01
1.411083419807255268e-01
1.609978890046477318e-01
1.478020995855331421e-01
1.612970689311623573e-01
1.476528099738061428e-01
1.321395891718566418e-01
1.139098140411078930e-01
1.193294618278741837e-01
1.192320915870368481e-01
1.269085220992565155e-01
1.181946410797536373e-01
1.407490009441971779e-01
1.501563242636620998e-01
1.124869529157876968e-01
1.262747999280691147e-01
1.248767999932169914e-01
1.159033281728625298e-01
1.307739173062145710e-01
1.174388597719371319e-01
1.197464922443032265e-01
1.114323521032929420e-01
1.326643098145723343e-01
1.200586729682981968e-01
1.166791575960814953e-01
1.165173477493226528e-01
1.157298670150339603e-01
1.407018210738897324e-01
1.422735927626490593e-01
1.431424049660563469e-01
1.426156228408217430e-01
1.430158647708594799e-01
1.360408039763569832e-01
1.386774280108511448e-01
1.431440841406583786e-01
1.407765219919383526e-01
1.385984378866851330e-01
1.370319356210529804e-01
1.374833267182111740e-01
1.404169201850891113e-01
1.412365310825407505e-01
1.384939379058778286e-01
1.302062748000025749e-01
1.300436169840395451e-01
1.394929089583456516e-01
1.316980579867959023e-01
1.292588757351040840e-01
1.010445668362081051e-01
1.020811181515455246e-01
1.270397519692778587e-01
1.178781697526574135e-01
1.298747267574071884e-01
1.024272488430142403e-01
1.038326211273670197e-01
1.162912677973508835e-01
1.033520000055432320e-01
1.014231983572244644e-01
1.047277520410716534e-01
1.077827257104218006e-01
1.048799320124089718e-01
1.049752430990338326e-01
1.066437149420380592e-01
1.071797749027609825e-01
1.057817130349576473e-01
1.079548769630491734e-01
1.047555119730532169e-01
1.026485590264201164e-01
1.039505009539425373e-01
1.140035339631140232e-01
1.002815058454871178e-01
9.976706514135003090e-02
9.558557998389005661e-02
9.776031272485852242e-02
1.104975203052163124e-01
9.932683408260345459e-02
9.781373292207717896e-02
1.060524438507854939e-01
1.001355657353997231e-01
1.001117960549890995e-01
9.945398522540926933e-02
9.931799490004777908e-02
1.133898836560547352e-01
1.364255049265921116e-01
1.315389792434871197e-01
1.217219652608036995e-01
1.194512723013758659e-01
1.137372553348541260e-01
9.822542313486337662e-02
1.193789718672633171e-01
1.252140100114047527e-01
2.003395818173885345e-01
1.038852911442518234e-01
1.037089009769260883e-01
1.027128798887133598e-01
1.064208839088678360e-01
1.105567011982202530e-01
1.036316398531198502e-01
9.566810913383960724e-02
9.593414096161723137e-02
9.772269194945693016e-02
9.852888295426964760e-02
9.819756308570504189e-02
1.090237479656934738e-01
9.582374012097716331e-02
9.572476986795663834e-02
9.634524118155241013e-02
9.809378301724791527e-02
9.573231870308518410e-02
9.578598989173769951e-02
9.501413907855749130e-02
1.167975882999598980e-01
9.957290487363934517e-02
1.002601659856736660e-01
9.768716292455792427e-02
9.635895071551203728e-02
1.005348358303308487e-01
1.080977069213986397e-01
1.056807339191436768e-01
1.043370617553591728e-01
1.002264660783112049e-01
9.553005872294306755e-02
9.766733227297663689e-02
9.889098536223173141e-02
9.956922475248575211e-02
9.950757538899779320e-02
9.965118533000349998e-02
1.008255272172391415e-01
1.050018826499581337e-01
1.123437928035855293e-01
1.365648549981415272e-01
1.264985222369432449e-01
9.503869945183396339e-02
9.647872112691402435e-02
9.426080808043479919e-02
9.468377893790602684e-02
9.527306910604238510e-02
9.539338992908596992e-02
9.506192896515130997e-02
9.604009985923767090e-02
9.502371866255998611e-02
9.583008009940385818e-02
9.604478999972343445e-02
1.085451268590986729e-01
1.037749913521111012e-01
1.019496480002999306e-01
1.009374568238854408e-01
1.029008198529481888e-01
1.074096555821597576e-01
1.087874681688845158e-01
1.069840951822698116e-01
1.056447629816830158e-01
1.070216549560427666e-01
1.074228356592357159e-01
1.075904862955212593e-01
1.267873020842671394e-01
1.399807902052998543e-01
1.302394974045455456e-01
1.034671110101044178e-01
9.209245489910244942e-02
9.216395486146211624e-02
9.212225489318370819e-02
9.172030491754412651e-02
9.096639323979616165e-02
9.788808180019259453e-02
9.434017771854996681e-02
1.016159378923475742e-01
9.837866295129060745e-02
9.632672090083360672e-02
9.705004189163446426e-02
9.714923193678259850e-02
1.108935913071036339e-01
9.732495201751589775e-02
9.914569463580846786e-02
9.761573188006877899e-02
1.123751932755112648e-01
9.883334394544363022e-02
1.031609899364411831e-01
1.111848801374435425e-01
1.024249289184808731e-01
9.771294193342328072e-02
1.045794622041285038e-01
1.031211512163281441e-01
9.906518412753939629e-02
1.014339383691549301e-01
1.008411371149122715e-01
1.028165090829133987e-01
1.249541193246841431e-01
1.094979890622198582e-01
9.528000885620713234e-02
9.447943931445479393e-02
9.595532016828656197e-02
9.512979863211512566e-02
1.129663940519094467e-01
1.098759891465306282e-01
1.102082999423146248e-01
1.110338610596954823e-01
1.108478200621902943e-01
9.957736497744917870e-02
9.959749504923820496e-02
9.981208480894565582e-02
9.851643256843090057e-02
9.769417159259319305e-02
1.000348757952451706e-01
9.748796280473470688e-02
9.684166079387068748e-02
9.732725238427519798e-02
9.701526211574673653e-02
9.746156213805079460e-02
1.072477949783205986e-01
9.870097413659095764e-02
9.719173237681388855e-02
9.775347216054797173e-02
9.739429224282503128e-02
9.658405091613531113e-02
9.775138320401310921e-02
9.750415198504924774e-02
1.108775511384010315e-01
1.126935631036758423e-01
1.046299920417368412e-01
1.043740021996200085e-01
1.056340131908655167e-01
1.177602000534534454e-01
1.229468868114054203e-01
1.205853442661464214e-01
1.390986787155270576e-01
1.329533201642334461e-01
1.400133711285889149e-01
1.302549457177519798e-01
1.159392972476780415e-01
1.104628699831664562e-01
1.270849029533565044e-01
1.144112152978777885e-01
9.187066508457064629e-02
9.180310508236289024e-02
1.108248899690806866e-01
1.241415292024612427e-01
1.348760728724300861e-01
1.432407051324844360e-01
1.237931577488780022e-01
1.171394386328756809e-01
1.025720187462866306e-01
1.217964957468211651e-01
1.253008102066814899e-01
1.251915693283081055e-01
1.253489702939987183e-01
