2.719610965251922607e+01
1.967922711372375488e+01
1.820726382732391357e+01
1.737364923954010010e+01
1.650596904754638672e+01
1.561709219217300415e+01
1.592556422948837280e+01
1.492075240612030029e+01
1.432540220022201538e+01
1.393135493993759155e+01
1.359100431203842163e+01
1.338381326198577881e+01
1.286397689580917358e+01
1.257487159967422485e+01
1.258155989646911621e+01
1.239818936586380005e+01
1.208864969015121460e+01
1.194555503129959106e+01
1.150560903549194336e+01
1.155087119340896606e+01
1.125325530767440796e+01
1.099982643127441406e+01
1.078778803348541260e+01
1.088460171222686768e+01
1.065403294563293457e+01
1.063691371679306030e+01
1.024457162618637085e+01
1.018032664060592651e+01
1.046211653947830200e+01
1.062373733520507812e+01
1.020383900403976440e+01
9.942596971988677979e+00
9.991879045963287354e+00
9.729546189308166504e+00
9.535274922847747803e+00
9.817702949047088623e+00
1.006537318229675293e+01
9.672528088092803955e+00
1.008378368616104126e+01
1.002977693080902100e+01
9.856160819530487061e+00
9.533495187759399414e+00
9.544423580169677734e+00
9.249176621437072754e+00
9.097986817359924316e+00
8.972532451152801514e+00
8.921101570129394531e+00
9.231596887111663818e+00
9.170768082141876221e+00
8.955437660217285156e+00
8.773044943809509277e+00
9.039997279644012451e+00
9.174336314201354980e+00
8.843484133481979370e+00
9.093496024608612061e+00
9.054370939731597900e+00
8.858063489198684692e+00
8.642838239669799805e+00
8.576932102441787720e+00
8.609484106302261353e+00
8.635670304298400879e+00
8.417503029108047485e+00
8.672427326440811157e+00
8.340217143297195435e+00
8.356023281812667847e+00
8.423715889453887939e+00
8.688947558403015137e+00
8.473801463842391968e+00
8.340922296047210693e+00
8.520981073379516602e+00
8.487551480531692505e+00
8.751826524734497070e+00
8.199281752109527588e+00
8.239818394184112549e+00
8.066457986831665039e+00
8.041747659444808960e+00
7.915243148803710938e+00
7.905451804399490356e+00
8.010161459445953369e+00
8.081677526235580444e+00
7.961544930934906006e+00
7.937799721956253052e+00
8.044260978698730469e+00
7.998713165521621704e+00
7.957105696201324463e+00
7.705016762018203735e+00
7.831055670976638794e+00
7.912727147340774536e+00
8.060997873544692993e+00
7.993278503417968750e+00
7.871623247861862183e+00
8.088698536157608032e+00
8.012093544006347656e+00
7.919917851686477661e+00
7.887013524770736694e+00
7.765092611312866211e+00
7.627950549125671387e+00
7.736498266458511353e+00
7.918826639652252197e+00
7.727785319089889526e+00
7.571426481008529663e+00
7.539182186126708984e+00
7.485847264528274536e+00
7.474552869796752930e+00
7.436012089252471924e+00
7.406394243240356445e+00
7.489311486482620239e+00
7.507550805807113647e+00
7.432054430246353149e+00
7.546804994344711304e+00
7.472508132457733154e+00
7.280114829540252686e+00
7.312133014202117920e+00
7.411958694458007812e+00
7.313983708620071411e+00
7.313284188508987427e+00
7.296053558588027954e+00
7.408375322818756104e+00
7.269906848669052124e+00
7.461749583482742310e+00
7.367307513952255249e+00
7.347422033548355103e+00
7.358913898468017578e+00
7.420701026916503906e+00
7.478473156690597534e+00
7.390862852334976196e+00
7.295927166938781738e+00
7.345917791128158569e+00
7.262715250253677368e+00
7.167684406042098999e+00
7.162464320659637451e+00
7.181268841028213501e+00
7.127898156642913818e+00
7.174870818853378296e+00
7.103677928447723389e+00
7.153913110494613647e+00
7.260180562734603882e+00
7.214387506246566772e+00
7.153588533401489258e+00
7.161844670772552490e+00
7.183151274919509888e+00
7.130561947822570801e+00
7.109549015760421753e+00
7.163973867893218994e+00
7.027906596660614014e+00
7.157552570104598999e+00
7.143115043640136719e+00
7.120389521121978760e+00
7.059025317430496216e+00
7.170759588479995728e+00
7.176224261522293091e+00
7.046100765466690063e+00
7.005130589008331299e+00
7.131099224090576172e+00
7.035346150398254395e+00
6.999734431505203247e+00
7.000950694084167480e+00
7.143253654241561890e+00
7.020510673522949219e+00
6.988855659961700439e+00
7.046594083309173584e+00
7.016172945499420166e+00
7.058739304542541504e+00
7.064353704452514648e+00
7.081915169954299927e+00
7.004417926073074341e+00
6.925846338272094727e+00
6.942685723304748535e+00
7.009311348199844360e+00
7.065119504928588867e+00
6.893350273370742798e+00
6.929163455963134766e+00
6.880122989416122437e+00
6.910865485668182373e+00
6.904020249843597412e+00
6.885055840015411377e+00
6.960437655448913574e+00
6.839214265346527100e+00
6.808105289936065674e+00
6.872790932655334473e+00
6.869527041912078857e+00
6.814782321453094482e+00
6.867974966764450073e+00
6.709657222032546997e+00
6.823254704475402832e+00
6.896139204502105713e+00
6.995455473661422729e+00
6.846637010574340820e+00
6.922090649604797363e+00
6.759116739034652710e+00
6.877298474311828613e+00
6.871957719326019287e+00
6.861165225505828857e+00
6.726244688034057617e+00
6.774064481258392334e+00
6.791905790567398071e+00
6.727321922779083252e+00
6.704350143671035767e+00
6.765149354934692383e+00
6.776323586702346802e+00
6.744561851024627686e+00
6.683632344007492065e+00
6.640192985534667969e+00
6.671375840902328491e+00
6.628589212894439697e+00
6.667405545711517334e+00
6.654350697994232178e+00
6.692920655012130737e+00
6.599951773881912231e+00
6.672348409891128540e+00
6.610889792442321777e+00
6.730826705694198608e+00
6.612193375825881958e+00
6.608360767364501953e+00
6.727117270231246948e+00
6.646427452564239502e+00
6.616528898477554321e+00
6.772710025310516357e+00
6.633718669414520264e+00
6.659483015537261963e+00
6.645641684532165527e+00
6.634363919496536255e+00
6.672780424356460571e+00
6.594249069690704346e+00
6.560773760080337524e+00
6.571219682693481445e+00
6.593590170145034790e+00
6.619429767131805420e+00
6.661379694938659668e+00
6.569447487592697144e+00
6.637053906917572021e+00
6.573696970939636230e+00
6.651659637689590454e+00
6.621711254119873047e+00
6.610370010137557983e+00
6.556171536445617676e+00
6.624131441116333008e+00
6.536386698484420776e+00
6.529547393321990967e+00
6.584421068429946899e+00
6.681127637624740601e+00
6.590343922376632690e+00
6.632474690675735474e+00
6.637448906898498535e+00
6.583116620779037476e+00
6.590213090181350708e+00
6.566571742296218872e+00
6.497750937938690186e+00
6.537067115306854248e+00
6.563347697257995605e+00
6.563055664300918579e+00
6.592446297407150269e+00
6.641133248805999756e+00
6.532535880804061890e+00
6.535455405712127686e+00
6.555955052375793457e+00
6.585347503423690796e+00
6.553602725267410278e+00
6.568975925445556641e+00
6.452241361141204834e+00
6.574728459119796753e+00
6.493197977542877197e+00
6.517766594886779785e+00
6.514275699853897095e+00
6.469872802495956421e+00
6.580446720123291016e+00
6.505952537059783936e+00
6.584412902593612671e+00
6.652756273746490479e+00
6.580537557601928711e+00
6.502554565668106079e+00
6.508382201194763184e+00
6.438113600015640259e+00
6.444055408239364624e+00
6.539300829172134399e+00
6.519827514886856079e+00
6.444132119417190552e+00
6.486139118671417236e+00
6.625169485807418823e+00
6.510919034481048584e+00
6.456797659397125244e+00
6.407247334718704224e+00
6.449188530445098877e+00
6.420778036117553711e+00
6.521635711193084717e+00
6.410864979028701782e+00
6.425787866115570068e+00
6.460499107837677002e+00
6.387400299310684204e+00
6.588389486074447632e+00
6.457663685083389282e+00
6.477166801691055298e+00
6.454432487487792969e+00
6.452962636947631836e+00
6.412264853715896606e+00
6.496543228626251221e+00
6.444877445697784424e+00
6.351545244455337524e+00
6.458203136920928955e+00
6.457856804132461548e+00
6.391197264194488525e+00
6.327734351158142090e+00
6.435702770948410034e+00
6.457288950681686401e+00
6.379328638315200806e+00
6.357224076986312866e+00
6.318261533975601196e+00
6.568715363740921021e+00
6.317833811044692993e+00
6.358431965112686157e+00
6.342043310403823853e+00
6.382962554693222046e+00
6.349043279886245728e+00
6.324240297079086304e+00
6.320786833763122559e+00
6.336715608835220337e+00
6.388219118118286133e+00
6.419288754463195801e+00
6.349410682916641235e+00
6.426666527986526489e+00
6.353289186954498291e+00
6.323515892028808594e+00
6.374345809221267700e+00
6.381118685007095337e+00
6.451337188482284546e+00
6.295383214950561523e+00
6.344205051660537720e+00
6.342448472976684570e+00
6.362186491489410400e+00
6.311272889375686646e+00
6.360235869884490967e+00
6.309902846813201904e+00
6.353366762399673462e+00
6.316762655973434448e+00
6.334172457456588745e+00
6.286671757698059082e+00
6.361511439085006714e+00
6.345167130231857300e+00
6.298833966255187988e+00
6.243856221437454224e+00
6.320414870977401733e+00
6.341287016868591309e+00
6.343562424182891846e+00
6.288475543260574341e+00
6.372099339962005615e+00
6.362547159194946289e+00
6.329699933528900146e+00
6.250176936388015747e+00
6.270210802555084229e+00
6.329326212406158447e+00
6.373961865901947021e+00
6.296920210123062134e+00
6.315199762582778931e+00
6.245537817478179932e+00
6.393208324909210205e+00
6.263498634099960327e+00
6.312998801469802856e+00
6.262060195207595825e+00
6.377916723489761353e+00
6.290089279413223267e+00
6.308137059211730957e+00
6.265705198049545288e+00
6.296527206897735596e+00
6.410669535398483276e+00
6.350231260061264038e+00
6.294017165899276733e+00
6.337887912988662720e+00
6.304481714963912964e+00
6.287215799093246460e+00
6.324761599302291870e+00
6.259912967681884766e+00
6.238432615995407104e+00
6.302132636308670044e+00
6.228083074092864990e+00
6.421217292547225952e+00
6.272580236196517944e+00
6.368066370487213135e+00
6.283515095710754395e+00
6.250222682952880859e+00
6.247743248939514160e+00
6.298600673675537109e+00
6.229019671678543091e+00
6.282393872737884521e+00
6.356447845697402954e+00
6.285649687051773071e+00
6.279920369386672974e+00
6.245331466197967529e+00
6.279142528772354126e+00
6.295463711023330688e+00
6.271584540605545044e+00
6.214266270399093628e+00
6.258939594030380249e+00
6.229939848184585571e+00
6.267177402973175049e+00
6.209082901477813721e+00
6.249642670154571533e+00
6.228261619806289673e+00
6.369486689567565918e+00
6.280884623527526855e+00
6.225432753562927246e+00
6.290108591318130493e+00
6.155466198921203613e+00
6.214622944593429565e+00
6.307241797447204590e+00
6.195612698793411255e+00
6.201530456542968750e+00
6.311639010906219482e+00
6.324230521917343140e+00
6.194476246833801270e+00
6.277516365051269531e+00
6.210105955600738525e+00
6.209882557392120361e+00
6.227962523698806763e+00
6.201223969459533691e+00
6.197283923625946045e+00
6.217458695173263550e+00
6.321262478828430176e+00
6.175681561231613159e+00
6.285949826240539551e+00
6.246339619159698486e+00
6.252355992794036865e+00
6.260182976722717285e+00
6.258589476346969604e+00
6.155950516462326050e+00
6.197252571582794189e+00
6.219587802886962891e+00
6.186902910470962524e+00
6.165818214416503906e+00
6.188627034425735474e+00
6.213989078998565674e+00
6.185780227184295654e+00
6.251638323068618774e+00
6.250148653984069824e+00
6.284693479537963867e+00
6.247684448957443237e+00
6.200538545846939087e+00
6.160171926021575928e+00
6.206437110900878906e+00
6.179282277822494507e+00
6.197986960411071777e+00
6.228844523429870605e+00
6.163817286491394043e+00
6.206449300050735474e+00
6.221653103828430176e+00
6.211319833993911743e+00
6.239732205867767334e+00
6.223440945148468018e+00
6.248748481273651123e+00
6.145517259836196899e+00
6.198359370231628418e+00
6.202075749635696411e+00
6.338958173990249634e+00
6.147072881460189819e+00
6.193260759115219116e+00
6.183117479085922241e+00
6.172885060310363770e+00
6.222892612218856812e+00
6.227065414190292358e+00
6.147680550813674927e+00
6.200317025184631348e+00
6.245817154645919800e+00
6.174915343523025513e+00
6.212790876626968384e+00
6.216599702835083008e+00
6.228738576173782349e+00
6.194973349571228027e+00
6.133904427289962769e+00
6.176185220479965210e+00
6.184265106916427612e+00
6.167545437812805176e+00
6.164176225662231445e+00
6.208682239055633545e+00
6.158652991056442261e+00
6.191350191831588745e+00
6.253242015838623047e+00
6.172209769487380981e+00
6.270642161369323730e+00
6.255357682704925537e+00
6.133883625268936157e+00
6.113970845937728882e+00
6.243184238672256470e+00
6.168765127658843994e+00
6.154653936624526978e+00
6.153071135282516479e+00
6.211880415678024292e+00
6.122786313295364380e+00
6.145340621471405029e+00
6.208035022020339966e+00
6.145212233066558838e+00
6.297152161598205566e+00
6.224026530981063843e+00
6.146876007318496704e+00
6.208327144384384155e+00
6.186245918273925781e+00
6.179815739393234253e+00
6.177173733711242676e+00
6.128389328718185425e+00
6.161576837301254272e+00
6.140792518854141235e+00
6.141240388154983521e+00
6.120825886726379395e+00
6.190586835145950317e+00
6.229204773902893066e+00
6.110340148210525513e+00
6.070683062076568604e+00
6.112282335758209229e+00
6.155181318521499634e+00
6.177245408296585083e+00
6.201293975114822388e+00
6.099420666694641113e+00
6.155001074075698853e+00
6.263547867536544800e+00
6.119683474302291870e+00
6.134407669305801392e+00
6.259255498647689819e+00
6.221415281295776367e+00
6.119673967361450195e+00
6.214595913887023926e+00
6.139822840690612793e+00
6.124512761831283569e+00
6.120649516582489014e+00
6.200375050306320190e+00
6.166606575250625610e+00
6.150664657354354858e+00
6.150523990392684937e+00
6.155188500881195068e+00
6.185579299926757812e+00
6.152894675731658936e+00
6.113331526517868042e+00
6.172883689403533936e+00
6.057354241609573364e+00
6.104327946901321411e+00
6.157721579074859619e+00
6.120487213134765625e+00
6.119879692792892456e+00
6.151135236024856567e+00
6.148809403181076050e+00
6.131382167339324951e+00
6.206410795450210571e+00
6.172489523887634277e+00
6.169054478406906128e+00
6.189377784729003906e+00
6.127770334482192993e+00
6.160309195518493652e+00
6.163857191801071167e+00
6.145581454038619995e+00
6.178438812494277954e+00
6.134439766407012939e+00
6.166334807872772217e+00
6.172042667865753174e+00
6.162653416395187378e+00
6.127819925546646118e+00
6.071731597185134888e+00
6.142898947000503540e+00
6.171293556690216064e+00
6.096988767385482788e+00
6.124012976884841919e+00
6.248420506715774536e+00
6.117506027221679688e+00
6.085187345743179321e+00
6.081955313682556152e+00
6.128420025110244751e+00
6.191874682903289795e+00
6.206394791603088379e+00
6.088392853736877441e+00
6.089951634407043457e+00
6.150241225957870483e+00
6.150314152240753174e+00
6.079064369201660156e+00
6.113295167684555054e+00
6.089331716299057007e+00
6.156849294900894165e+00
6.178154110908508301e+00
6.115891873836517334e+00
6.172030746936798096e+00
6.165407180786132812e+00
6.158534914255142212e+00
6.175651133060455322e+00
6.068852096796035767e+00
6.109085500240325928e+00
6.078935444355010986e+00
6.141724377870559692e+00
6.187300205230712891e+00
6.093374580144882202e+00
6.102304160594940186e+00
6.171659082174301147e+00
6.190010547637939453e+00
6.110975772142410278e+00
6.112096011638641357e+00
6.107353925704956055e+00
6.181214123964309692e+00
6.193289130926132202e+00
6.085239589214324951e+00
6.118074059486389160e+00
6.084333986043930054e+00
6.100501656532287598e+00
6.107466727495193481e+00
6.125268399715423584e+00
6.143405973911285400e+00
6.096903562545776367e+00
6.066085785627365112e+00
6.101134389638900757e+00
6.074965268373489380e+00
6.070770889520645142e+00
6.111538976430892944e+00
6.128902494907379150e+00
6.163808137178421021e+00
6.116659343242645264e+00
6.129698306322097778e+00
6.082281231880187988e+00
6.090601742267608643e+00
6.133973926305770874e+00
6.078332662582397461e+00
6.123798072338104248e+00
6.149785518646240234e+00
6.089436650276184082e+00
6.058534026145935059e+00
6.073224037885665894e+00
6.126001328229904175e+00
6.104104310274124146e+00
6.088224321603775024e+00
6.052233308553695679e+00
6.073462814092636108e+00
6.102703422307968140e+00
6.071683675050735474e+00
6.136576980352401733e+00
6.092758953571319580e+00
6.042234927415847778e+00
6.116479396820068359e+00
6.105088651180267334e+00
6.134047955274581909e+00
6.101739823818206787e+00
6.080783486366271973e+00
6.078577995300292969e+00
6.042283028364181519e+00
6.115073740482330322e+00
6.095111608505249023e+00
6.120969533920288086e+00
6.076285213232040405e+00
6.072022825479507446e+00
6.165541589260101318e+00
6.133522391319274902e+00
6.103538632392883301e+00
6.056291222572326660e+00
6.149482488632202148e+00
6.073742061853408813e+00
6.160040080547332764e+00
6.039758563041687012e+00
6.067899256944656372e+00
6.088079273700714111e+00
6.157600224018096924e+00
6.060235977172851562e+00
6.069219291210174561e+00
6.070464015007019043e+00
6.123684138059616089e+00
6.068251281976699829e+00
6.052932292222976685e+00
6.158989071846008301e+00
6.171830266714096069e+00
6.191224694252014160e+00
6.127908021211624146e+00
6.087669372558593750e+00
6.056614488363265991e+00
6.113985300064086914e+00
6.073989629745483398e+00
6.054276645183563232e+00
6.050060659646987915e+00
6.027954876422882080e+00
6.123154461383819580e+00
6.068632632493972778e+00
6.047629266977310181e+00
6.135442435741424561e+00
6.153601050376892090e+00
6.104206979274749756e+00
6.053880333900451660e+00
6.068149089813232422e+00
6.067874252796173096e+00
6.146366804838180542e+00
6.190009266138076782e+00
6.068536132574081421e+00
6.121728718280792236e+00
6.100330799818038940e+00
6.065330564975738525e+00
6.069148182868957520e+00
6.137231171131134033e+00
6.156190484762191772e+00
6.104816079139709473e+00
6.069136202335357666e+00
6.141032814979553223e+00
6.095467418432235718e+00
6.071507871150970459e+00
6.076094448566436768e+00
6.087570518255233765e+00
6.025371849536895752e+00
6.082720726728439331e+00
6.124567002058029175e+00
6.090867549180984497e+00
6.126021951436996460e+00
6.050006747245788574e+00
6.111169785261154175e+00
6.184233963489532471e+00
6.093844413757324219e+00
6.090839385986328125e+00
6.054863423109054565e+00
6.153918623924255371e+00
6.070359319448471069e+00
6.072919756174087524e+00
6.022534042596817017e+00
6.087936997413635254e+00
6.186882913112640381e+00
6.108948796987533569e+00
6.105551898479461670e+00
6.045978605747222900e+00
6.145502209663391113e+00
6.056466966867446899e+00
6.129129528999328613e+00
6.044276803731918335e+00
6.073884785175323486e+00
6.091937363147735596e+00
6.189844876527786255e+00
6.060839444398880005e+00
6.094618141651153564e+00
6.094541013240814209e+00
6.121491819620132446e+00
6.094857364892959595e+00
6.106514364480972290e+00
6.027448177337646484e+00
6.053395003080368042e+00
6.107149064540863037e+00
6.069108098745346069e+00
6.069579094648361206e+00
6.104447573423385620e+00
6.054239660501480103e+00
6.106473833322525024e+00
6.148849606513977051e+00
6.083916783332824707e+00
6.035301327705383301e+00
6.174039065837860107e+00
6.011872798204421997e+00
6.052972167730331421e+00
6.048081785440444946e+00
6.073186635971069336e+00
6.209335923194885254e+00
6.132170379161834717e+00
6.062579333782196045e+00
6.112021476030349731e+00
6.084662914276123047e+00
6.049656271934509277e+00
6.065837383270263672e+00
6.039995729923248291e+00
6.078931540250778198e+00
6.076534718275070190e+00
6.049922913312911987e+00
6.162575215101242065e+00
6.085237860679626465e+00
6.036086767911911011e+00
6.074657529592514038e+00
6.093604952096939087e+00
6.070205897092819214e+00
6.095939785242080688e+00
6.156420171260833740e+00
6.105915933847427368e+00
6.086477369070053101e+00
6.039198815822601318e+00
6.089970171451568604e+00
6.141686618328094482e+00
6.111720323562622070e+00
6.137531250715255737e+00
6.058355689048767090e+00
6.009696036577224731e+00
6.081483274698257446e+00
6.143884658813476562e+00
6.100648581981658936e+00
6.099822312593460083e+00
5.992855131626129150e+00
6.106192052364349365e+00
6.054173350334167480e+00
6.052496165037155151e+00
6.066828697919845581e+00
6.101224958896636963e+00
6.064841270446777344e+00
6.099919497966766357e+00
6.049475818872451782e+00
6.121572017669677734e+00
6.051273912191390991e+00
6.041757762432098389e+00
6.105012089014053345e+00
6.103760004043579102e+00
6.071441680192947388e+00
6.105386823415756226e+00
6.137958049774169922e+00
6.095984101295471191e+00
6.068875461816787720e+00
6.098068088293075562e+00
6.095286846160888672e+00
6.030144900083541870e+00
6.074688106775283813e+00
6.051633596420288086e+00
6.051322668790817261e+00
6.096460372209548950e+00
6.125393658876419067e+00
6.075718313455581665e+00
6.076540797948837280e+00
6.119133055210113525e+00
6.090215295553207397e+00
6.094495326280593872e+00
6.148832321166992188e+00
6.040941655635833740e+00
6.096771895885467529e+00
6.074445962905883789e+00
6.090108633041381836e+00
6.053192764520645142e+00
6.078237324953079224e+00
6.070047438144683838e+00
6.051455467939376831e+00
6.036250323057174683e+00
6.023833692073822021e+00
6.120717376470565796e+00
6.043863087892532349e+00
6.081859648227691650e+00
6.109196662902832031e+00
6.126026034355163574e+00
6.082340419292449951e+00
6.099715590476989746e+00
6.119107425212860107e+00
6.040156275033950806e+00
6.071257799863815308e+00
6.025324463844299316e+00
6.090971589088439941e+00
6.088682949542999268e+00
6.012343913316726685e+00
6.115484714508056641e+00
6.102886945009231567e+00
6.106788486242294312e+00
6.052976906299591064e+00
6.068903595209121704e+00
6.131242871284484863e+00
6.095427125692367554e+00
6.106778651475906372e+00
6.097833156585693359e+00
6.090508192777633667e+00
6.057397693395614624e+00
6.130581259727478027e+00
6.006306707859039307e+00
6.139969438314437866e+00
6.056108415126800537e+00
6.098120808601379395e+00
6.169312417507171631e+00
6.015218287706375122e+00
6.050708830356597900e+00
6.035387009382247925e+00
6.126448184251785278e+00
6.183493643999099731e+00
6.100414901971817017e+00
6.080549031496047974e+00
6.152206629514694214e+00
6.119479238986968994e+00
6.071265488862991333e+00
6.052184790372848511e+00
6.092596739530563354e+00
6.078761368989944458e+00
6.146502554416656494e+00
6.132124543190002441e+00
6.060203820466995239e+00
6.100981414318084717e+00
6.078389316797256470e+00
6.077745109796524048e+00
6.062428623437881470e+00
6.051022052764892578e+00
6.096774280071258545e+00
6.054829210042953491e+00
6.094215154647827148e+00
6.129933744668960571e+00
6.014908671379089355e+00
6.115040272474288940e+00
6.059746205806732178e+00
6.058977723121643066e+00
6.063123017549514771e+00
6.075713187456130981e+00
6.102400571107864380e+00
6.122521489858627319e+00
6.107548713684082031e+00
6.181559532880783081e+00
6.030123651027679443e+00
6.019577741622924805e+00
6.076885044574737549e+00
6.083950996398925781e+00
6.046488285064697266e+00
6.040988892316818237e+00
6.073087930679321289e+00
6.036109775304794312e+00
6.075676321983337402e+00
6.156900227069854736e+00
6.185479044914245605e+00
6.101173520088195801e+00
6.041656494140625000e+00
6.079475104808807373e+00
6.026018381118774414e+00
6.071582287549972534e+00
6.049133539199829102e+00
6.064911276102066040e+00
6.052119582891464233e+00
6.127924323081970215e+00
6.027435034513473511e+00
6.008821934461593628e+00
6.002877712249755859e+00
6.054835647344589233e+00
6.064439624547958374e+00
6.110661149024963379e+00
6.073899239301681519e+00
6.071586310863494873e+00
6.101112395524978638e+00
6.064249277114868164e+00
6.039938062429428101e+00
6.067433893680572510e+00
6.046030014753341675e+00
6.111626505851745605e+00
5.997309058904647827e+00
6.049031525850296021e+00
6.049170732498168945e+00
6.047954946756362915e+00
6.043060094118118286e+00
6.062062442302703857e+00
6.071528017520904541e+00
6.065233647823333740e+00
6.049084186553955078e+00
6.073238760232925415e+00
6.063781529664993286e+00
6.052160680294036865e+00
6.098236382007598877e+00
6.144875317811965942e+00
6.030818462371826172e+00
6.124928474426269531e+00
6.061150997877120972e+00
6.080140501260757446e+00
6.039589881896972656e+00
6.127330780029296875e+00
6.051451414823532104e+00
6.040269911289215088e+00
6.085674911737442017e+00
6.003930419683456421e+00
6.133719354867935181e+00
6.061571300029754639e+00
6.096765011548995972e+00
6.016598790884017944e+00
6.046608030796051025e+00
6.022409141063690186e+00
6.036160051822662354e+00
6.075780421495437622e+00
6.068516969680786133e+00
6.079220235347747803e+00
6.063019394874572754e+00
6.045921683311462402e+00
6.001889854669570923e+00
6.054627031087875366e+00
6.095361232757568359e+00
6.039599478244781494e+00
6.100226700305938721e+00
6.032915651798248291e+00
6.097694128751754761e+00
6.047282785177230835e+00
6.140849113464355469e+00
6.039542764425277710e+00
6.032659292221069336e+00
6.061876356601715088e+00
6.066151171922683716e+00
6.056255072355270386e+00
6.076024144887924194e+00
6.099309533834457397e+00
6.105280667543411255e+00
6.087267905473709106e+00
6.019559174776077271e+00
6.040695399045944214e+00
6.091011494398117065e+00
6.081877946853637695e+00
6.030830889940261841e+00
6.077516168355941772e+00
6.072748124599456787e+00
6.097306638956069946e+00
6.060811221599578857e+00
6.121647000312805176e+00
6.054179847240447998e+00
6.070504128932952881e+00
6.079924196004867554e+00
6.141406536102294922e+00
6.170081079006195068e+00
6.079498022794723511e+00
6.090752571821212769e+00
6.141236990690231323e+00
6.055001527070999146e+00
6.113934665918350220e+00
6.055338352918624878e+00
6.093317687511444092e+00
6.090758621692657471e+00
5.996855586767196655e+00
5.996585249900817871e+00
6.093189746141433716e+00
6.032319039106369019e+00
6.109010875225067139e+00
6.046150088310241699e+00
