1.736688317032530904e-02
9.018495824420824647e-03
8.001623820746317506e-03
7.443406939273700118e-03
6.813363084802404046e-03
6.163366284454241395e-03
6.371583411237224936e-03
5.659627786371856928e-03
5.273402493912726641e-03
5.014659458538517356e-03
4.834146122448146343e-03
4.691958572948351502e-03
4.386521279229782522e-03
4.238800756866112351e-03
4.195381436147727072e-03
4.090448215720243752e-03
3.936765744583681226e-03
3.862714773276820779e-03
3.629646424087695777e-03
3.638022404629737139e-03
3.494087446597404778e-03
3.353729640366509557e-03
3.240274847485125065e-03
3.283449768787249923e-03
3.147642986732535064e-03
3.127811287413351238e-03
2.942281425930559635e-03
2.906632726080715656e-03
3.029978135600686073e-03
3.075985281611792743e-03
2.870582633477170020e-03
2.760109447990544140e-03
2.802867398713715374e-03
2.662877697730436921e-03
2.574304104200564325e-03
2.713972382480278611e-03
2.779607748379930854e-03
2.581032007583416998e-03
2.820900095684919506e-03
2.746612990449648350e-03
2.646051623742096126e-03
2.498877562175039202e-03
2.524251569411717355e-03
2.391247158811893314e-03
2.362023944442626089e-03
2.290040829393547028e-03
2.278691790706943721e-03
2.368550165556371212e-03
2.338990729185752571e-03
2.250342498882673681e-03
2.184589669923298061e-03
2.271880817716009915e-03
2.331280185899231583e-03
2.181874013331253082e-03
2.289234857016708702e-03
2.279991625982802361e-03
2.205526434408966452e-03
2.111579451593570411e-03
2.062064733763691038e-03
2.101278747431933880e-03
2.106985368300229311e-03
2.012569631915539503e-03
2.136498558684252203e-03
1.997187879169359803e-03
2.001691507757641375e-03
2.015268364630173892e-03
2.093696690280921757e-03
2.020470354182180017e-03
1.958377877599559724e-03
2.037897451373282820e-03
1.997393679630476981e-03
2.134153655788395554e-03
1.908901402202900499e-03
1.935629494255408645e-03
1.858636285760439932e-03
1.839582335378509015e-03
1.825243249186314642e-03
1.805459527531638741e-03
1.835998984461184591e-03
1.837150361097883433e-03
1.831103385484311730e-03
1.791252616385463625e-03
1.834150854847393930e-03
1.818416829337365925e-03
1.797069613530766219e-03
1.722917739243712276e-03
1.750043753418140113e-03
1.776856450305785984e-03
1.810245623346418142e-03
1.798975128622259945e-03
1.736201404128223658e-03
1.811719412216916680e-03
1.776829267328139395e-03
1.757996789820026606e-03
1.739435465424321592e-03
1.697757521469611675e-03
1.674483639362733811e-03
1.693961217824835330e-03
1.728293551423121244e-03
1.689647302555385977e-03
1.645273419853765517e-03
1.630888364161364734e-03
1.602674041350837797e-03
1.609062266652472317e-03
1.592731845448724926e-03
1.582023614901117980e-03
1.603534896275959909e-03
1.614101114682853222e-03
1.602324868144933134e-03
1.620160634047351778e-03
1.588082355738151819e-03
1.549671484099235386e-03
1.557594645419158041e-03
1.576380229380447417e-03
1.557838448206894100e-03
1.545550345326773822e-03
1.550515597045887262e-03
1.581929478561505675e-03
1.541643032396677881e-03
1.574431465996894985e-03
1.551851077238097787e-03
1.551924178784247488e-03
1.540579694847110659e-03
1.584601006470620632e-03
1.580439740791916847e-03
1.544120394100900739e-03
1.538218457426410168e-03
1.545076378533849493e-03
1.513986804638989270e-03
1.485887813032604754e-03
1.500177357229404151e-03
1.478886682889424264e-03
1.486904438934288919e-03
1.485307431721594185e-03
1.464647059037815779e-03
1.483243126131128520e-03
1.520109122793655843e-03
1.494708674727007747e-03
1.479117097915150225e-03
1.472341609769500792e-03
1.484430722484830767e-03
1.457562742871232331e-03
1.460309969843365252e-03
1.467339439841452986e-03
1.438200153643265367e-03
1.476927645853720605e-03
1.466109741159016266e-03
1.469516646466217935e-03
1.433469282346777618e-03
1.460726176446769387e-03
1.474882148613687605e-03
1.432722980098333210e-03
1.419549946149345487e-03
1.461316751374397427e-03
1.428514711733441800e-03
1.409436023095622659e-03
1.417447310814168304e-03
1.453793145628878847e-03
1.407660631230100989e-03
1.405373157467693090e-03
1.424653695721644908e-03
1.412084064213559031e-03
1.430124902981333435e-03
1.422506204107776284e-03
1.419158630596939474e-03
1.394896687997970730e-03
1.384584982588421553e-03
1.389424789522308856e-03
1.402921137923840433e-03
1.418000974808819592e-03
1.376182110107038170e-03
1.386324234772473574e-03
1.370169033179990947e-03
1.370769023196771741e-03
1.368901521345833316e-03
1.363949835649691522e-03
1.375056366669014096e-03
1.351174534647725523e-03
1.342717005172744393e-03
1.356779095658566803e-03
1.356120927084702998e-03
1.341362138191470876e-03
1.350233844277681783e-03
1.315943656663876027e-03
1.341589399089571089e-03
1.360077101708156988e-03
1.385424868203699589e-03
1.337733898253645748e-03
1.355801847239490598e-03
1.319776114542037249e-03
1.340081580565311015e-03
1.349139391095377505e-03
1.344035128568066284e-03
1.308058068389073014e-03
1.321260511758737266e-03
1.322760836046654731e-03
1.305502242757938802e-03
1.303018652833998203e-03
1.310214174736756831e-03
1.314420082053402439e-03
1.303179840761004016e-03
1.288242525333771482e-03
1.280292479350464419e-03
1.286103535676375031e-03
1.276078288356075063e-03
1.289950923819560558e-03
1.276529052120167762e-03
1.285256010305602103e-03
1.269102584046777338e-03
1.283517434785608202e-03
1.270324533834354952e-03
1.291533462790539488e-03
1.270793760340893641e-03
1.267416846530977637e-03
1.296395181270781904e-03
1.271451452339533716e-03
1.266214923816733062e-03
1.298897030210355297e-03
1.269073698495049030e-03
1.276878283533733338e-03
1.264482947590295225e-03
1.261122684809379280e-03
1.271677385375369340e-03
1.254403887287480757e-03
1.249716562597313896e-03
1.251663903531152755e-03
1.259691031009424478e-03
1.258149201021296903e-03
1.273871246667113155e-03
1.253145754162687808e-03
1.260174260096391663e-03
1.249826829734956846e-03
1.263709182239836082e-03
1.253105638170382008e-03
1.254772745596710593e-03
1.250893757969606668e-03
1.263669892068719491e-03
1.234224415384232998e-03
1.236745483765844256e-03
1.248002165084471926e-03
1.268879772396758199e-03
1.245031384314643219e-03
1.258344353118445724e-03
1.252443744306219742e-03
1.244345003215130419e-03
1.240275782038224861e-03
1.237613640114432201e-03
1.226933414727682248e-03
1.230716858117375523e-03
1.236417319887550548e-03
1.240996305568842217e-03
1.241113834112184122e-03
1.260424953215988353e-03
1.224433130118995905e-03
1.234705265233060345e-03
1.234386578289559111e-03
1.235843927133828402e-03
1.230124278663424775e-03
1.234031969943316653e-03
1.211544338730163872e-03
1.235727257153484970e-03
1.214366322528803721e-03
1.218652185343671590e-03
1.218094243085943162e-03
1.210017151606734842e-03
1.228225610248045996e-03
1.218495046487078071e-03
1.239551012986339629e-03
1.239837551111122593e-03
1.226929249241948128e-03
1.216264190588844940e-03
1.214551470184233040e-03
1.200781956868013367e-03
1.200219208840280771e-03
1.219750050950096920e-03
1.214291005453560501e-03
1.197055673401337117e-03
1.215625230543082580e-03
1.224201554578030482e-03
1.211697279359214008e-03
1.197293982841074467e-03
1.188683792861411348e-03
1.195592321892036125e-03
1.196383305796189234e-03
1.210828333569224924e-03
1.189326740131946281e-03
1.188376969366800040e-03
1.202145096613094211e-03
1.180209295853273943e-03
1.219620025949552655e-03
1.202057061163941398e-03
1.193392938148463145e-03
1.198147376271663234e-03
1.196456494653830305e-03
1.185367033031070605e-03
1.196715660626068711e-03
1.183166114060441032e-03
1.169538802059832960e-03
1.189953447465086356e-03
1.186474353744415566e-03
1.176540510641643777e-03
1.160991989308968186e-03
1.182916850666515529e-03
1.185796019854024053e-03
1.170824325527064502e-03
1.162541553640039638e-03
1.161552125267917290e-03
1.210001177241792902e-03
1.157955794042209163e-03
1.166987960459664464e-03
1.163237870059674606e-03
1.172817093902267516e-03
1.165977599157486111e-03
1.154256700829137117e-03
1.156901300419121981e-03
1.163036005891626701e-03
1.175789780972991139e-03
1.173720047518145293e-03
1.164628753031138331e-03
1.178997528768377379e-03
1.162094355095177889e-03
1.157751743448898196e-03
1.164979392342502251e-03
1.171386262285523117e-03
1.176651578134624287e-03
1.154495574155589566e-03
1.161401061835931614e-03
1.158875278633786365e-03
1.163530632766196504e-03
1.153249635535757989e-03
1.166125359304714948e-03
1.149834261013893411e-03
1.158364990260452032e-03
1.151725839008577168e-03
1.156543596152914688e-03
1.146270598837872967e-03
1.160220377641962841e-03
1.157995684479828924e-03
1.151462281995918602e-03
1.139030297053977847e-03
1.156775375420693308e-03
1.157631289970595390e-03
1.153817571321269497e-03
1.141360451583750546e-03
1.160090479970676824e-03
1.157261431217193604e-03
1.151434255007188767e-03
1.138669755164301023e-03
1.143747911555692554e-03
1.151061664131702855e-03
1.155455429397989064e-03
1.144834222941426560e-03
1.151736410974990577e-03
1.131989269197219983e-03
1.163322871434502304e-03
1.138723579060751945e-03
1.147575905633857474e-03
1.137101469794288278e-03
1.166169109637849033e-03
1.141204411396756768e-03
1.139666037488495931e-03
1.131984950916375965e-03
1.138183200964704156e-03
1.164805060398066416e-03
1.146596081525785848e-03
1.138912812166381627e-03
1.151570846559479833e-03
1.147430441051255912e-03
1.137287115852814168e-03
1.146520415204577148e-03
1.133965022745542228e-03
1.128360949223861098e-03
1.136970917286816984e-03
1.126799637859221548e-03
1.159616913355421275e-03
1.131152861489681527e-03
1.153641795099247247e-03
1.136674683948513120e-03
1.131056491431081668e-03
1.126302162447245792e-03
1.137810457294108346e-03
1.123233589169103652e-03
1.135724582127295434e-03
1.150431318819755688e-03
1.135949270974379033e-03
1.136335398769006133e-03
1.124516173149459064e-03
1.131415821873815730e-03
1.135147882450837642e-03
1.126484708947828040e-03
1.118523534387350082e-03
1.130061551521066576e-03
1.122411296819336712e-03
1.128499952756101266e-03
1.118224365200148895e-03
1.125984657846856862e-03
1.121252666052896529e-03
1.143786743341479450e-03
1.132984227297129110e-03
1.118879132263828069e-03
1.131530552811454982e-03
1.104733000829583034e-03
1.115931954700499773e-03
1.136317896452965215e-03
1.113579462980851531e-03
1.111704768845811486e-03
1.133727870183065534e-03
1.132196724938694388e-03
1.113865520892431960e-03
1.129418946220539510e-03
1.115621798817301169e-03
1.113309095671866089e-03
1.124207243265118450e-03
1.109983928472502157e-03
1.112308571464382112e-03
1.113776168494950980e-03
1.132733603299129754e-03
1.105745417589787394e-03
1.125979128119070083e-03
1.119689262850442901e-03
1.125692091591190547e-03
1.119897406169911847e-03
1.120571254432434216e-03
1.102888640161836520e-03
1.109430475480621681e-03
1.116256029490614310e-03
1.108053329517133534e-03
1.104826100345235318e-03
1.109537828597240150e-03
1.114811027946416289e-03
1.108759955968707800e-03
1.115265895350603387e-03
1.123024485423229635e-03
1.126474209740990773e-03
1.125053491705330089e-03
1.105720279156230390e-03
1.102319325582357123e-03
1.111923811549786478e-03
1.105484916479326785e-03
1.106881023588357493e-03
1.114694332500221208e-03
1.102903948776656762e-03
1.108967346226563677e-03
1.111596582632046193e-03
1.111838835640810430e-03
1.113827507651876658e-03
1.113840142352273688e-03
1.113738366257166490e-03
1.098532120522577316e-03
1.110263368900632486e-03
1.107833406422287226e-03
1.136585444328375161e-03
1.099235225410666317e-03
1.109883702156366780e-03
1.105911429476691410e-03
1.105763210944132879e-03
1.108843873225850984e-03
1.110872828576248139e-03
1.100005167245399207e-03
1.109597782487981021e-03
1.116362625907640904e-03
1.101061501685762778e-03
1.115234401368070394e-03
1.107336764107458293e-03
1.109393648221157491e-03
1.103525082726264372e-03
1.090890546038281173e-03
1.098722164897480980e-03
1.106970863474998623e-03
1.100154684536391869e-03
1.096890002372674644e-03
1.107668598706368357e-03
1.100047065847320482e-03
1.102012396586360410e-03
1.117180774599546567e-03
1.098723947507096455e-03
1.117794683523243293e-03
1.112420181016204879e-03
1.093850823963293806e-03
1.088654553313972428e-03
1.110253597289556637e-03
1.096924948797095567e-03
1.096290932764532045e-03
1.098163698770804331e-03
1.104873823351226747e-03
1.087797863874584436e-03
1.093994651455432177e-03
1.099670469557167962e-03
1.092567948944633827e-03
1.125543545640539378e-03
1.107101099478313699e-03
1.093144252081401646e-03
1.103688882722053677e-03
1.100865090847946703e-03
1.096996584237786010e-03
1.096620802854886279e-03
1.085309337213402614e-03
1.092482958483742550e-03
1.092827267711982131e-03
1.090419125830521807e-03
1.084640600311104208e-03
1.097062726330477744e-03
1.107117892388487235e-03
1.086465847038198262e-03
1.076871591067174450e-03
1.085312600480392575e-03
1.095971249014837667e-03
1.094974657462444156e-03
1.099880129913799465e-03
1.083724277123110369e-03
1.090818830562056974e-03
1.114914870413485914e-03
1.085792195226531476e-03
1.086893560568569228e-03
1.109518139855936170e-03
1.101966616261051968e-03
1.088838227587984875e-03
1.099719818739686161e-03
1.089282573957461864e-03
1.083916817151475698e-03
1.086380925698904321e-03
1.098138807719806209e-03
1.095729676308110356e-03
1.091996979084797204e-03
1.089881956431781873e-03
1.090885456505930051e-03
1.098837899917270988e-03
1.088085384253645316e-03
1.082308852346614003e-03
1.094293394999112934e-03
1.071644801413640380e-03
1.082048278476577252e-03
1.089837001927662641e-03
1.086912867322098464e-03
1.083854433090891689e-03
1.089929191948613152e-03
1.088834578695241362e-03
1.083958231902215630e-03
1.102889382309513167e-03
1.090457706595771015e-03
1.092954058549366891e-03
1.093464077712269500e-03
1.083201379515230656e-03
1.090443089196924120e-03
1.088675118808168918e-03
1.087429325707489625e-03
1.090742687665624544e-03
1.086898926587309688e-03
1.091082038328750059e-03
1.090852150809951127e-03
1.090342935640364885e-03
1.085780368157429621e-03
1.074780477210879326e-03
1.085396532289450988e-03
1.092182279535336420e-03
1.079407800716580823e-03
1.082544476957991719e-03
1.104185677831992507e-03
1.082337719708448276e-03
1.074944815627532080e-03
1.072673534508794546e-03
1.083866834960645065e-03
1.092592203349340707e-03
1.099902703572297469e-03
1.078385485016042367e-03
1.076707456377334893e-03
1.086999789549736306e-03
1.088591845473274589e-03
1.077002350939437747e-03
1.080243848264217377e-03
1.078362805856158957e-03
1.087382614059606567e-03
1.091026773792691529e-03
1.080296198779251426e-03
1.096307107218308374e-03
1.088762510335072875e-03
1.088984608941245824e-03
1.090287376428022981e-03
1.069074020051630214e-03
1.078468121704645455e-03
1.071612823579926044e-03
1.085428441001567990e-03
1.089891095034545287e-03
1.075283089448930696e-03
1.078070155926980078e-03
1.089447021513478830e-03
1.091769994673086330e-03
1.079199024388799444e-03
1.078989269444718957e-03
1.081673068256350234e-03
1.088335709937382489e-03
1.096915526431985199e-03
1.073377155989874154e-03
1.081210713891778141e-03
1.073526647815015167e-03
1.077106284355977550e-03
1.075247262633638456e-03
1.081388778402470052e-03
1.084036222891882062e-03
1.076760901923989877e-03
1.072080194717273116e-03
1.076291104254778475e-03
1.071803144441219047e-03
1.069513222319073975e-03
1.080550573533400893e-03
1.078574121493147686e-03
1.089889377908548340e-03
1.081377362424973398e-03
1.080935544450767338e-03
1.072630075213965029e-03
1.077252640243386850e-03
1.081279053323669359e-03
1.071566006430657580e-03
1.080576825188472867e-03
1.086203017621301115e-03
1.071392172889318317e-03
1.067986795533215627e-03
1.070964284735964611e-03
1.082405018678400666e-03
1.074060575774637982e-03
1.072934745025122538e-03
1.065610569639829919e-03
1.069537087460048497e-03
1.074828542186878622e-03
1.069532921974314377e-03
1.080983773135812953e-03
1.076726111932657659e-03
1.065432486939243972e-03
1.078626206435728818e-03
1.078511086234357208e-03
1.081240450730547309e-03
1.075360265531344339e-03
1.071782826329581439e-03
1.069137582817347720e-03
1.063408752088434994e-03
1.076966455002548173e-03
1.073627288860734552e-03
1.078304110706085339e-03
1.071429462172091007e-03
1.067556699126726016e-03
1.087944616301683709e-03
1.078608227544464171e-03
1.075969132216414437e-03
1.067359891749219969e-03
1.083471146557712927e-03
1.068401299562538043e-03
1.089637382392538711e-03
1.064477037289179862e-03
1.069295936758862808e-03
1.072464514436433092e-03
1.085002953914226964e-03
1.070016256562666968e-03
1.071554022928467020e-03
1.068971589120337740e-03
1.076014366844901815e-03
1.070269820047542453e-03
1.064971271262038499e-03
1.084308882127515972e-03
1.086360512999817729e-03
1.093918497645063326e-03
1.079655481589725241e-03
1.071218030119780451e-03
1.066573808202520013e-03
1.079633839253801852e-03
1.068195677362382412e-03
1.069276222551707178e-03
1.066497959982370958e-03
1.061321738234255463e-03
1.078193203284172341e-03
1.068176850822055712e-03
1.064686264726333320e-03
1.083185117749962956e-03
1.081341590179363266e-03
1.071851074812002480e-03
1.067623972630826756e-03
1.067307395715033635e-03
1.066285469278227538e-03
1.082927137758815661e-03
1.083517207007389516e-03
1.068199853762052953e-03
1.083697410649619997e-03
1.072293496690690517e-03
1.066163778887130320e-03
1.068573787051718682e-03
1.078967292414745316e-03
1.079969137208536267e-03
1.073807528882753104e-03
1.068289962859125808e-03
1.082878814486321062e-03
1.072479779395507649e-03
1.071265221980866045e-03
1.067427441739710048e-03
1.068448356818407774e-03
1.060792150383349508e-03
1.068619934812886640e-03
1.075840522389626130e-03
1.071252430847380310e-03
1.077041357348207384e-03
1.063498482835711911e-03
1.072494495019782335e-03
1.086110118194483221e-03
1.070496102329343557e-03
1.069258323695976287e-03
1.062710140104172751e-03
1.083222588931676000e-03
1.064085074176546186e-03
1.066950055246707052e-03
1.057130131812300533e-03
1.068780497007537633e-03
1.087117325369035825e-03
1.074924959539202973e-03
1.070787016942631453e-03
1.064084168319823220e-03
1.081022041034884751e-03
1.064251060597598553e-03
1.076169668522197753e-03
1.066112810804042965e-03
1.069053192622959614e-03
1.067750461515970528e-03
1.088105738745070994e-03
1.065637767169391736e-03
1.070439699105918407e-03
1.068044668500078842e-03
1.075070194929139689e-03
1.070277208782499656e-03
1.073857267329003662e-03
1.058340025338111445e-03
1.062247665686300024e-03
1.071387621777830645e-03
1.065357846528058872e-03
1.069455134711461142e-03
1.069438992999494076e-03
1.066393793735187501e-03
1.073816772986901924e-03
1.076549982826691121e-03
1.067073939339024946e-03
1.060422433511121199e-03
1.082063328794902191e-03
1.056710814737016335e-03
1.061121602106140926e-03
1.060447128111263737e-03
1.064280673745088279e-03
1.089575205696746707e-03
1.079258283425588161e-03
1.063103511114604771e-03
1.075219290214590728e-03
1.067504563252441585e-03
1.062066821759799495e-03
1.065372809534892440e-03
1.060990882251644507e-03
1.068191893864423037e-03
1.066209588316269219e-03
1.061122085957322270e-03
1.083935832866700366e-03
1.070575544872554019e-03
1.061150414898293093e-03
1.068292895070044324e-03
1.071253278496442363e-03
1.067376142600551248e-03
1.070496262400411069e-03
1.080347261449787766e-03
1.075182964996201918e-03
1.067073313606670126e-03
1.062107730831485242e-03
1.069545465725241229e-03
1.073985331458970904e-03
1.075694322935305536e-03
1.078347500879317522e-03
1.064813848643098027e-03
1.056686880474444479e-03
1.066804481524741277e-03
1.076128872227855027e-03
1.070752001396613196e-03
1.067621917172800750e-03
1.051569863193435594e-03
1.073798532161163166e-03
1.062762945366557688e-03
1.064348616637289524e-03
1.066142074705567211e-03
1.075957567081786692e-03
1.061961476807482541e-03
1.072979692253284156e-03
1.061606679286342114e-03
1.079440833564149216e-03
1.063334631908219308e-03
1.058183934219414368e-03
1.070757018169388175e-03
1.071049740858143196e-03
1.064545624103629962e-03
1.073514955351129174e-03
1.074654912372352555e-03
1.069987705704988912e-03
1.070449434337206185e-03
1.069207846740027890e-03
1.069726633431855589e-03
1.059209622326306999e-03
1.066606942913495004e-03
1.061034410668071359e-03
1.061338825820712373e-03
1.067409939423669130e-03
1.080153720977250487e-03
1.067919274646556005e-03
1.063113031705142930e-03
1.071863800461869687e-03
1.066027478373143822e-03
1.066546265064971521e-03
1.077152734069386497e-03
1.057775614754064009e-03
1.067383127519860864e-03
1.064675157977035269e-03
1.074153977242531255e-03
1.063199259078828618e-03
1.070207552402280271e-03
1.068845336703816429e-03
1.061238865077029914e-03
1.060675265762256458e-03
1.056869135936722159e-03
1.074857897037873045e-03
1.059554986568400636e-03
1.066641729266848415e-03
1.074974734365241602e-03
1.076689179171808064e-03
1.065373857272788882e-03
1.067687622708035633e-03
1.074357445759233087e-03
1.059251735568977892e-03
1.069112757249968126e-03
1.056541601428762078e-03
1.067975095793372020e-03
1.066181979695102200e-03
1.056618108123075217e-03
1.074478364898823202e-03
1.067618752131238580e-03
1.070029404218075797e-03
1.061199400282930583e-03
1.064316187694203109e-03
1.070136604539584368e-03
1.067258202965604141e-03
1.067653629434062168e-03
1.066005148459225893e-03
1.068984092853497714e-03
1.062470459146425128e-03
1.075049342034617439e-03
1.053566371410852298e-03
1.074262272595660761e-03
1.065941309207119048e-03
1.069779907993506640e-03
1.084375900973100215e-03
1.054813230439322069e-03
1.060661685187369585e-03
1.054607902915449813e-03
1.077452667232137173e-03
1.080181013094261289e-03
1.068369776476174593e-03
1.066630797140533105e-03
1.078744346159510314e-03
1.073964813258498907e-03
1.066536606231238693e-03
1.061733790265861899e-03
1.067132623575162143e-03
1.067862111085560173e-03
1.073155224730726331e-03
1.078519362636143342e-03
1.064542382664512843e-03
1.069755722710397094e-03
1.064601550751831383e-03
1.062457024090690538e-03
1.061223945725942031e-03
1.063885028997901827e-03
1.067504403181374073e-03
1.061725117324385792e-03
1.070219070243183523e-03
1.071222315658815205e-03
1.056585446349345148e-03
1.074411629815585911e-03
1.062769559212028980e-03
1.066755095962435007e-03
1.065675947756972164e-03
1.063302861439296976e-03
1.070692098437575623e-03
1.075393494829768315e-03
1.076057204045355320e-03
1.079506910173222423e-03
1.058700301655335352e-03
1.054640226357150823e-03
1.066386503225658089e-03
1.066182125214254484e-03
1.059202146279858425e-03
1.059233058185782284e-03
1.066566048393724486e-03
1.058558951626764610e-03
1.065758016920881346e-03
1.077626217011129484e-03
1.086201980797341093e-03
1.071482034603832290e-03
1.057470741216093302e-03
1.062191531673306599e-03
1.057062629115534946e-03
1.064728283381555229e-03
1.060021582816261798e-03
1.063827614416368306e-03
1.063575709849828854e-03
1.076616103091510013e-03
1.057112334819976240e-03
1.054468131769681349e-03
1.051437899150187150e-03
1.060362872522091493e-03
1.063581279595382512e-03
1.071926992153748870e-03
1.065267984813544899e-03
1.069735164492158219e-03
1.074011539458297193e-03
1.059746868122601882e-03
1.060606991813983768e-03
1.063360519765410572e-03
1.059390382579294965e-03
1.072644507075892761e-03
1.050740764185320586e-03
1.062410578015260398e-03
1.060296439391095191e-03
1.058044224919285625e-03
1.060127699020085856e-03
1.061575869243824854e-03
1.065027423464925960e-03
1.060512749972986057e-03
1.062408438883721828e-03
1.063890205841744319e-03
1.064106145349796861e-03
1.064445848896866664e-03
1.068295794539153576e-03
1.077235989214386791e-03
1.057075765857007354e-03
1.074367639375850558e-03
1.061535771441413090e-03
1.062677238223841414e-03
1.058580484823323786e-03
1.069241730874637142e-03
1.059389705915236846e-03
1.057868961652275175e-03
1.069498575816396624e-03
1.051949835527921095e-03
1.074473882908932865e-03
1.060826030879979953e-03
1.065250547981122509e-03
1.056954948580823839e-03
1.059718484611948952e-03
1.056640699971467257e-03
1.056764984241453931e-03
1.064179334207437932e-03
1.065632062818622217e-03
1.065603802999248728e-03
1.061962349922396243e-03
1.059503505530301481e-03
1.052145144058158621e-03
1.059200949384830892e-03
1.068675148417241871e-03
1.056862372934119776e-03
1.065999065758660436e-03
1.059602273016935214e-03
1.068084504368016496e-03
1.058668083715019748e-03
1.074554278602590784e-03
1.058603545970981941e-03
1.056808199791703373e-03
1.063486597558949143e-03
1.061760587617754936e-03
1.064361658791312948e-03
1.059474907378898934e-03
1.067625358700752258e-03
1.070761078153736889e-03
1.066280598024604842e-03
1.053522260917816311e-03
1.059821002854732797e-03
1.064425476215546951e-03
1.066559911123476923e-03
1.057020279404241592e-03
1.066266129782889038e-03
1.066309807356446981e-03
1.071842074452433735e-03
1.064518335624597967e-03
1.074140731361694634e-03
1.059461148543050513e-03
1.060494123521493748e-03
1.067517521732952446e-03
1.078739060176303610e-03
1.077836976037360728e-03
1.066261873347684741e-03
1.068618723365943879e-03
1.074252384569263086e-03
1.058858841133769602e-03
1.068656412826385349e-03
1.062122446455759928e-03
1.065726064553018659e-03
1.062664421624504030e-03
1.051004735927563161e-03
1.051722836564294994e-03
1.068539742846041918e-03
1.060184527887031436e-03
1.067132179741747677e-03
1.061236125678988174e-03
