1.688375975936651230e-02
8.508121594786643982e-03
7.516532670706510544e-03
7.137557491660118103e-03
6.374167976900935173e-03
6.016996689140796661e-03
5.938021466135978699e-03
5.251968279480934143e-03
5.055121844634413719e-03
4.930407740175724030e-03
4.702119622379541397e-03
4.480778938159346581e-03
4.368482157588005066e-03
4.261797526851296425e-03
4.102227278053760529e-03
4.327013390138745308e-03
3.936777124181389809e-03
3.709909622557461262e-03
3.776627359911799431e-03
3.547319676727056503e-03
3.677965258248150349e-03
3.291136352345347404e-03
3.204526263289153576e-03
3.129775170236825943e-03
3.091333317570388317e-03
2.995151909999549389e-03
3.114882041700184345e-03
2.899977145716547966e-03
2.837468637153506279e-03
3.175198798999190331e-03
2.925264881923794746e-03
2.731642918661236763e-03
2.861433313228189945e-03
2.615639008581638336e-03
2.757265814580023289e-03
3.164282767102122307e-03
2.588649746030569077e-03
2.794962376356124878e-03
3.093152190558612347e-03
2.657333971001207829e-03
2.624718123115599155e-03
2.497109235264360905e-03
2.478161943145096302e-03
2.458242815919220448e-03
2.347136090975254774e-03
2.371630398556590080e-03
2.389062196016311646e-03
2.360793645493686199e-03
2.261891379021108150e-03
2.260157489217817783e-03
2.660459140315651894e-03
2.321201842278242111e-03
2.486173179931938648e-03
2.179373230319470167e-03
2.278991043567657471e-03
2.543887356296181679e-03
2.148230792954564095e-03
2.336477511562407017e-03
2.199269598349928856e-03
2.163674973417073488e-03
2.128502761479467154e-03
2.195364562794566154e-03
2.147744526155292988e-03
2.007582923397421837e-03
2.112222719006240368e-03
1.990899967495352030e-03
2.153507666662335396e-03
2.032552612945437431e-03
1.995565718971192837e-03
2.090502472128719091e-03
2.475640154443681240e-03
1.926053198985755444e-03
2.034333301708102226e-03
1.945191062986850739e-03
1.918070600368082523e-03
1.863173267338424921e-03
1.876868947874754667e-03
1.840764191001653671e-03
1.893348584417253733e-03
1.883234188426285982e-03
1.880972180515527725e-03
1.880560303106904030e-03
1.856548129580914974e-03
1.862627337686717510e-03
1.805203501135110855e-03
1.767232723068445921e-03
1.822840014938265085e-03
1.920878188684582710e-03
1.863786950707435608e-03
1.826067513320595026e-03
1.769686583429574966e-03
1.864251564256846905e-03
1.776908757165074348e-03
1.768448972143232822e-03
1.750543888192623854e-03
1.732305448967963457e-03
1.948744233231991529e-03
1.844918588176369667e-03
1.825639104936271906e-03
1.716696191579103470e-03
1.671450561843812466e-03
1.676612475421279669e-03
1.637244480662047863e-03
1.653040933888405561e-03
1.626919431146234274e-03
1.641777984332293272e-03
1.640038448385894299e-03
1.646940596401691437e-03
1.651453087106347084e-03
1.630723359994590282e-03
1.644387608394026756e-03
1.627124496735632420e-03
1.617967500351369381e-03
1.642202376388013363e-03
1.608184596989303827e-03
1.593360502738505602e-03
1.614186272490769625e-03
1.614251406863331795e-03
1.596570073161274195e-03
1.599833136424422264e-03
1.626525423489511013e-03
1.650313322898000479e-03
1.601034367922693491e-03
1.771107956301420927e-03
1.585617952514439821e-03
1.660116598941385746e-03
1.619461399968713522e-03
1.566039281897246838e-03
1.555324939545243979e-03
1.561531331390142441e-03
1.589581603184342384e-03
1.565461221616715193e-03
1.600943855009973049e-03
1.547649619169533253e-03
1.533963542897254229e-03
1.537726726382970810e-03
1.612984226085245609e-03
1.576832786668092012e-03
1.552257570438086987e-03
1.554906542878597975e-03
1.542762562166899443e-03
1.521069323644042015e-03
1.538712356705218554e-03
1.537644071504473686e-03
1.515587617177516222e-03
1.522082835435867310e-03
1.524606894236057997e-03
1.512026938144117594e-03
1.499085687100887299e-03
1.545223174616694450e-03
1.558283867780119181e-03
1.504091720562428236e-03
1.488216104917228222e-03
1.527381653431802988e-03
1.513311697635799646e-03
1.481496321503072977e-03
1.481557497754693031e-03
1.489543879870325327e-03
1.465347828343510628e-03
1.513036666437983513e-03
1.499824807979166508e-03
1.471174706239253283e-03
1.548762840684503317e-03
1.474698423407971859e-03
1.500070444308221340e-03
1.456727390177547932e-03
1.430645817890763283e-03
1.503497420344501734e-03
1.469963346607983112e-03
1.440741820260882378e-03
1.474795804824680090e-03
1.433217432349920273e-03
1.456733094528317451e-03
1.433050201740115881e-03
1.421254361048340797e-03
1.444213092327117920e-03
1.466609246563166380e-03
1.418811501935124397e-03
1.421188586391508579e-03
1.437661121599376202e-03
1.405844232067465782e-03
1.422761124558746815e-03
1.407450006809085608e-03
1.408994314260780811e-03
1.402568595949560404e-03
1.414519618265330791e-03
1.437907572835683823e-03
1.392187899909913540e-03
1.396425359416753054e-03
1.416979357600212097e-03
1.405604009050875902e-03
1.407533418387174606e-03
1.421522232703864574e-03
1.387627329677343369e-03
1.377994543872773647e-03
1.381986541673541069e-03
1.374876534100621939e-03
1.383092661853879690e-03
1.373222272377461195e-03
1.376806350890547037e-03
1.366710988804697990e-03
1.364699390251189470e-03
1.362281036563217640e-03
1.357534201815724373e-03
1.342985196970403194e-03
1.348765217699110508e-03
1.339077018201351166e-03
1.346452161669731140e-03
1.348980469629168510e-03
1.335910521447658539e-03
1.343663316220045090e-03
1.347695244476199150e-03
1.346616540104150772e-03
1.347106124740093946e-03
1.337210589554160833e-03
1.336949178948998451e-03
1.333732157945632935e-03
1.346579927485436201e-03
1.346868404652923346e-03
1.334188622422516346e-03
1.322360942140221596e-03
1.327230129390954971e-03
1.330903498455882072e-03
1.319824950769543648e-03
1.321705814916640520e-03
1.319069939199835062e-03
1.333290594629943371e-03
1.319240254815667868e-03
1.328143698628991842e-03
1.340927614364773035e-03
1.338352041784673929e-03
1.332297106273472309e-03
1.320146140642464161e-03
1.311481057200580835e-03
1.316890120506286621e-03
1.322827127296477556e-03
1.309445709921419621e-03
1.323129981756210327e-03
1.319026458077132702e-03
1.306556572671979666e-03
1.319912611506879330e-03
1.302968361414968967e-03
1.308844017330557108e-03
1.327541074715554714e-03
1.301338314078748226e-03
1.298831310123205185e-03
1.302096527069807053e-03
1.298216695431619883e-03
1.300402975175529718e-03
1.296807778999209404e-03
1.300976611673831940e-03
1.287561142817139626e-03
1.307686732616275549e-03
1.294310030061751604e-03
1.303699333220720291e-03
1.298821298405528069e-03
1.294470566790550947e-03
1.292356930207461119e-03
1.286831509787589312e-03
1.283504418097436428e-03
1.292166067287325859e-03
1.276816590689122677e-03
1.290191605221480131e-03
1.276726601645350456e-03
1.276144525036215782e-03
1.285894657485187054e-03
1.280640426557511091e-03
1.304079662077128887e-03
1.289674779400229454e-03
1.314401277340948582e-03
1.280256255995482206e-03
1.283516292460262775e-03
1.265363360289484262e-03
1.268665655516088009e-03
1.276137714739888906e-03
1.266718027181923389e-03
1.256315619684755802e-03
1.281348697375506163e-03
1.266003469936549664e-03
1.266631938051432371e-03
1.265886938199400902e-03
1.256036164704710245e-03
1.252550922799855471e-03
1.269536209292709827e-03
1.267277344595640898e-03
1.262436097022145987e-03
1.261138182599097490e-03
1.265614293515682220e-03
1.268722815439105034e-03
1.259761163964867592e-03
1.277170493267476559e-03
1.247401116415858269e-03
1.252105517778545618e-03
1.251823618076741695e-03
1.252195739652961493e-03
1.245356688741594553e-03
1.245030260179191828e-03
1.245711813680827618e-03
1.250690314918756485e-03
1.241495716385543346e-03
1.237679971382021904e-03
1.238038530573248863e-03
1.236236013937741518e-03
1.237628515809774399e-03
1.237891847267746925e-03
1.231840928085148335e-03
1.232981536304578185e-03
1.236610347405076027e-03
1.232654321938753128e-03
1.232143375091254711e-03
1.232694718055427074e-03
1.236298296134918928e-03
1.233971037436276674e-03
1.229588349815458059e-03
1.231297268532216549e-03
1.228910521604120731e-03
1.224781852215528488e-03
1.229835906997323036e-03
1.228083565365523100e-03
1.228866050951182842e-03
1.243043283466249704e-03
1.228141045430675149e-03
1.221242186147719622e-03
1.229366345796734095e-03
1.226111489813774824e-03
1.227054104674607515e-03
1.227069325977936387e-03
1.221756509039551020e-03
1.220184436533600092e-03
1.219370111357420683e-03
1.225082378368824720e-03
1.219122437760233879e-03
1.218419609358534217e-03
1.223056693561375141e-03
1.220130361616611481e-03
1.227570115588605404e-03
1.218907622387632728e-03
1.217537850607186556e-03
1.213477749843150377e-03
1.224000938236713409e-03
1.215386262629181147e-03
1.217012235429137945e-03
1.209095527883619070e-03
1.216368051245808601e-03
1.210832357173785567e-03
1.212531409692019224e-03
1.218281860928982496e-03
1.219537749420851469e-03
1.217712473589926958e-03
1.211789436638355255e-03
1.234800554811954498e-03
1.218755438458174467e-03
1.212479372043162584e-03
1.210228336276486516e-03
1.208451867569237947e-03
1.204799220431596041e-03
1.210690359584987164e-03
1.211728347698226571e-03
1.209537498652935028e-03
1.202753337565809488e-03
1.202768529765307903e-03
1.204341650009155273e-03
1.205373380798846483e-03
1.206103304866701365e-03
1.197786186821758747e-03
1.211593742482364178e-03
1.203748455736786127e-03
1.199851511046290398e-03
1.199539314256981015e-03
1.201813167426735163e-03
1.198058977024629712e-03
1.199425198137760162e-03
1.196655153762549162e-03
1.200891449116170406e-03
1.193170784972608089e-03
1.196004566736519337e-03
1.193364325445145369e-03
1.194617681903764606e-03
1.192856521811336279e-03
1.196016179164871573e-03
1.193031377624720335e-03
1.190248585771769285e-03
1.191832241602241993e-03
1.201430917717516422e-03
1.205217617098242044e-03
1.195926684886217117e-03
1.190111041069030762e-03
1.198115351144224405e-03
1.187951944302767515e-03
1.197717501781880856e-03
1.184510998427867889e-03
1.190522511024028063e-03
1.195965218357741833e-03
1.181975996587425470e-03
1.189595088362693787e-03
1.183605694677680731e-03
1.188115857075899839e-03
1.185915374662727118e-03
1.185575383715331554e-03
1.182180218165740371e-03
1.180668099550530314e-03
1.180989231215789914e-03
1.179734303150326014e-03
1.184449298307299614e-03
1.185290340799838305e-03
1.180148508865386248e-03
1.181607134640216827e-03
1.183045969810336828e-03
1.178524282295256853e-03
1.179423183202743530e-03
1.188132329843938351e-03
1.178095175419002771e-03
1.182775245979428291e-03
1.179961313027888536e-03
1.177777652628719807e-03
1.180843682959675789e-03
1.179265673272311687e-03
1.175503712147474289e-03
1.181617990368977189e-03
1.190823037177324295e-03
1.176958496216684580e-03
1.174275646917521954e-03
1.178307691588997841e-03
1.176203659269958735e-03
1.179403159767389297e-03
1.175374258309602737e-03
1.177376805571839213e-03
1.173505035694688559e-03
1.173833152279257774e-03
1.175569486804306507e-03
1.179613173007965088e-03
1.176654826849699020e-03
1.175772718852385879e-03
1.177305675810202956e-03
1.175106095615774393e-03
1.175779150798916817e-03
1.174391829408705235e-03
1.173716562334448099e-03
1.170508388895541430e-03
1.172767166281118989e-03
1.172278251033276320e-03
1.172527670860290527e-03
1.169849943835288286e-03
1.175625890027731657e-03
1.179658924229443073e-03
1.170625735539942980e-03
1.168871647678315639e-03
1.171228243038058281e-03
1.174444565549492836e-03
1.170474919490516186e-03
1.168531365692615509e-03
1.174485718365758657e-03
1.173342810943722725e-03
1.170515490230172873e-03
1.169880270026624203e-03
1.168323971796780825e-03
1.168538525234907866e-03
1.169206982012838125e-03
1.166744041256606579e-03
1.167261420050635934e-03
1.165447582025080919e-03
1.167687849374487996e-03
1.168032118584960699e-03
1.165726513136178255e-03
1.168540737126022577e-03
1.162802567705512047e-03
1.166291011031717062e-03
1.165345660410821438e-03
1.167658105259761214e-03
1.162755652330815792e-03
1.163579523563385010e-03
1.163148612249642611e-03
1.163617562269791961e-03
1.160345680546015501e-03
1.163507637102156878e-03
1.161860884167253971e-03
1.173582219053059816e-03
1.164091343525797129e-03
1.164351619081571698e-03
1.163663109764456749e-03
1.161210733698680997e-03
1.164212444564327598e-03
1.160334184532985091e-03
1.159945502877235413e-03
1.159261504653841257e-03
1.160504092695191503e-03
1.163548033218830824e-03
1.161329710157588124e-03
1.162185333669185638e-03
1.160020532552152872e-03
1.161770487669855356e-03
1.155090809334069490e-03
1.165484020020812750e-03
1.159761275630444288e-03
1.161137945018708706e-03
1.159009523689746857e-03
1.157424732809886336e-03
1.152505399659276009e-03
1.158872415544465184e-03
1.155168603872880340e-03
1.155163627117872238e-03
1.155451667727902532e-03
1.155471894890069962e-03
1.153794029960408807e-03
1.161614520242437720e-03
1.154886616859585047e-03
1.154403318651020527e-03
1.155238540377467871e-03
1.153907564003020525e-03
1.153955236077308655e-03
1.152388402260839939e-03
1.152704469859600067e-03
1.151417905930429697e-03
1.153427409008145332e-03
1.155679696239531040e-03
1.155481091700494289e-03
1.154979399871081114e-03
1.158231170848011971e-03
1.157350838184356689e-03
1.154241384938359261e-03
1.151061413111165166e-03
1.152301148977130651e-03
1.150496565969660878e-03
1.151855394709855318e-03
1.151498057879507542e-03
1.151683158241212368e-03
1.151448523160070181e-03
1.155750942416489124e-03
1.152061973698437214e-03
1.150524825789034367e-03
1.150747004430741072e-03
1.151460397522896528e-03
1.150761614553630352e-03
1.150187017628923059e-03
1.150878088083118200e-03
1.154356636106967926e-03
1.149504096247255802e-03
1.150686235632747412e-03
1.148861425463110209e-03
1.148702285718172789e-03
1.150230469647794962e-03
1.149446237832307816e-03
1.147224073065444827e-03
1.149505114881321788e-03
1.148710551206022501e-03
1.147787203080952168e-03
1.148251176346093416e-03
1.149743795394897461e-03
1.150172611232846975e-03
1.147824747022241354e-03
1.150149677414447069e-03
1.147262693848460913e-03
1.147087314166128635e-03
1.147446630056947470e-03
1.146001508459448814e-03
1.145387708675116301e-03
1.147031493019312620e-03
1.148085342720150948e-03
1.146764261648058891e-03
1.145142654422670603e-03
1.146842434536665678e-03
1.144334324635565281e-03
1.145318383350968361e-03
1.146329974289983511e-03
1.144549984019249678e-03
1.148943207226693630e-03
1.145893475040793419e-03
1.146907015936449170e-03
1.145857328083366156e-03
1.143962435889989138e-03
1.145582005847245455e-03
1.143608591519296169e-03
1.151705218944698572e-03
1.143248344305902719e-03
1.144893991295248270e-03
1.143893576227128506e-03
1.143194269388914108e-03
1.143164292443543673e-03
1.144728623330593109e-03
1.145579153671860695e-03
1.143614645116031170e-03
1.145277346950024366e-03
1.146541559137403965e-03
1.142452703788876534e-03
1.142211549449712038e-03
1.142410968896001577e-03
1.146839233115315437e-03
1.141402928624302149e-03
1.143485715147107840e-03
1.144910638686269522e-03
1.142953929957002401e-03
1.140145293902605772e-03
1.141879038186743855e-03
1.139963162131607533e-03
1.140361360739916563e-03
1.145945308962836862e-03
1.139354775659739971e-03
1.141632063081488013e-03
1.140201115049421787e-03
1.139110652729868889e-03
1.141227374318987131e-03
1.140640932135283947e-03
1.138655061367899179e-03
1.139621133916079998e-03
1.142513036029413342e-03
1.139128464274108410e-03
1.139774103648960590e-03
1.141477841883897781e-03
1.140682055847719312e-03
1.138807099778205156e-03
1.139236730523407459e-03
1.140804553870111704e-03
1.141346234362572432e-03
1.141362881753593683e-03
1.140269450843334198e-03
1.138437946792691946e-03
1.140789827331900597e-03
1.139936968684196472e-03
1.139160944148898125e-03
1.137621700763702393e-03
1.138145220465958118e-03
1.137382991146296263e-03
1.139591651735827327e-03
1.140362175647169352e-03
1.139697094913572073e-03
1.137527578976005316e-03
1.137590967118740082e-03
1.138201449066400528e-03
1.137396553531289101e-03
1.137577812187373638e-03
1.139476429671049118e-03
1.137296960223466158e-03
1.139332889579236507e-03
1.137384155299514532e-03
1.136962935561314225e-03
1.137452258262783289e-03
1.138907799031585455e-03
1.137299928814172745e-03
1.139394706115126610e-03
1.137626793934032321e-03
1.138781226472929120e-03
1.136950682848691940e-03
1.136054663220420480e-03
1.140578824561089277e-03
1.139104715548455715e-03
1.137165294494479895e-03
1.137140439823269844e-03
1.135684084147214890e-03
1.138396328315138817e-03
1.135734259150922298e-03
1.140086387749761343e-03
1.136543491156771779e-03
1.135998754762113094e-03
1.138664782047271729e-03
1.137442945037037134e-03
1.138809951953589916e-03
1.134708989411592484e-03
1.134756428655236959e-03
1.135371625423431396e-03
1.135921716922894120e-03
1.134268299210816622e-03
1.135708502260968089e-03
1.135456812335178256e-03
1.135121827246621251e-03
1.134875754360109568e-03
1.135767379309982061e-03
1.134788617491722107e-03
1.135533559136092663e-03
1.135712082032114267e-03
1.136741309892386198e-03
1.135244558099657297e-03
1.135744183557108045e-03
1.135078549850732088e-03
1.133611018303781748e-03
1.134360063588246703e-03
1.133174868300557137e-03
1.134201476816087961e-03
1.136592734837904572e-03
1.134614809416234493e-03
1.133649842813611031e-03
1.135956088546663523e-03
1.133619865868240595e-03
1.134312711656093597e-03
1.134339050622656941e-03
1.134353835368528962e-03
1.134945312514901161e-03
1.134480349719524384e-03
1.133836660301312804e-03
1.134988793637603521e-03
1.137092069257050753e-03
1.133900659624487162e-03
1.137253653723746538e-03
1.133740646764636040e-03
1.133422309067100286e-03
1.134137972258031368e-03
1.131563214585185051e-03
1.134897669544443488e-03
1.132058823714032769e-03
1.133295620093122125e-03
1.135019992943853140e-03
1.131496450398117304e-03
1.132798875914886594e-03
1.130457851104438305e-03
1.131597207859158516e-03
1.131431432440876961e-03
1.131868048105388880e-03
1.132798148319125175e-03
1.131273107603192329e-03
1.130627410020679235e-03
1.130415708757936954e-03
1.131759781856089830e-03
1.131656754296272993e-03
1.131912402343004942e-03
1.131645811256021261e-03
1.130352728068828583e-03
1.131353055825456977e-03
1.129748648963868618e-03
1.131375669501721859e-03
1.132871315348893404e-03
1.133509736973792315e-03
1.130629738327115774e-03
1.132033939938992262e-03
1.130230084527283907e-03
1.129703305196017027e-03
1.129800832131877542e-03
1.132155244704335928e-03
1.129711221437901258e-03
1.131546450778841972e-03
1.130360062234103680e-03
1.131579541834071279e-03
1.133141311584040523e-03
1.129939628299325705e-03
1.131230092141777277e-03
1.131955039454624057e-03
1.130670541897416115e-03
1.130976103013381362e-03
1.130854710936546326e-03
1.132340403273701668e-03
1.130851451307535172e-03
1.131643948610872030e-03
1.129665295593440533e-03
1.129377284087240696e-03
1.132774807047098875e-03
1.132176548708230257e-03
1.132211647927761078e-03
1.128670643083751202e-03
1.129197888076305389e-03
1.129413838498294353e-03
1.130543183535337448e-03
1.129294978454709053e-03
1.129673415562137961e-03
1.132096687797456980e-03
1.130227494286373258e-03
1.131752156652510166e-03
1.129843061789870262e-03
1.131607976276427507e-03
1.128959498601034284e-03
1.129664015024900436e-03
1.129185722675174475e-03
1.129663432948291302e-03
1.130685210227966309e-03
1.127882278524339199e-03
1.127924479078501463e-03
1.130117801949381828e-03
1.129533979110419750e-03
1.128335949033498764e-03
1.128304284065961838e-03
1.130112854298204184e-03
1.128978037741035223e-03
1.129620213760063052e-03
1.129133044742047787e-03
1.128891424741595984e-03
1.129189098719507456e-03
1.128417614381760359e-03
1.128845266066491604e-03
1.129830023273825645e-03
1.129860465880483389e-03
1.128892414271831512e-03
1.131534925661981106e-03
1.129011856392025948e-03
1.128795265685766935e-03
1.129905576817691326e-03
1.129649521317332983e-03
1.133562240283936262e-03
1.130453369114547968e-03
1.129613869125023484e-03
1.128590723965317011e-03
1.128079835325479507e-03
1.128189265727996826e-03
1.128853939007967710e-03
1.129817450419068336e-03
1.129683339968323708e-03
1.128699863329529762e-03
1.127702358644455671e-03
1.129940617829561234e-03
1.130268967244774103e-03
1.126726507209241390e-03
1.127023395383730531e-03
1.127741066738963127e-03
1.128346601035445929e-03
1.129521406255662441e-03
1.127547147916629910e-03
1.127013878431171179e-03
1.127535244449973106e-03
1.129511161707341671e-03
1.130242599174380302e-03
1.126988267060369253e-03
1.127116789575666189e-03
1.129818556364625692e-03
1.128254691138863564e-03
1.128752424847334623e-03
1.126960851252079010e-03
1.130459364503622055e-03
1.127572206314653158e-03
1.127850875491276383e-03
1.127602183260023594e-03
1.128671050537377596e-03
1.127937779529020190e-03
1.129578304244205356e-03
1.128732692450284958e-03
1.127868192270398140e-03
1.129255688283592463e-03
1.127259340137243271e-03
1.126259478041902184e-03
1.128278148826211691e-03
1.127351599279791117e-03
1.126511429902166128e-03
1.127834955696016550e-03
1.127398572862148285e-03
1.126820745412260294e-03
1.127293042372912169e-03
1.126814226154237986e-03
1.127875584643334150e-03
1.127704279497265816e-03
1.128594245528802276e-03
1.127583731431514025e-03
1.126987277530133724e-03
1.126003917306661606e-03
1.127424999140202999e-03
1.126580813433974981e-03
1.127114344853907824e-03
1.128478732425719500e-03
1.126573246438056231e-03
1.126571558415889740e-03
1.128443429479375482e-03
1.128358650021255016e-03
1.126189483329653740e-03
1.125766197219491005e-03
1.126552757341414690e-03
1.126682618632912636e-03
1.126181305153295398e-03
1.128317962866276503e-03
1.127318013459444046e-03
1.125884009525179863e-03
1.127877243561670184e-03
1.125749316997826099e-03
1.128230360336601734e-03
1.126531220506876707e-03
1.125456066802144051e-03
1.127016032114624977e-03
1.125895068980753422e-03
1.127173134591430426e-03
1.128812727984040976e-03
1.126554619986563921e-03
1.125989016145467758e-03
1.125738781411200762e-03
1.126499468227848411e-03
1.128651347244158387e-03
1.127213297877460718e-03
1.125972601585090160e-03
1.128058967879042029e-03
1.127692637965083122e-03
1.125704031437635422e-03
1.126495830249041319e-03
1.125809998484328389e-03
1.125310081988573074e-03
1.126599207054823637e-03
1.126593560911715031e-03
1.126844901591539383e-03
1.126056420616805553e-03
1.126721646869555116e-03
1.126424525864422321e-03
1.125178969232365489e-03
1.127045426983386278e-03
1.127419411204755306e-03
1.126114337239414454e-03
1.125196286011487246e-03
1.125666487496346235e-03
1.126394316088408232e-03
1.124783477280288935e-03
1.125315844547003508e-03
1.126438495703041553e-03
1.125626789871603251e-03
1.132857141783460975e-03
1.127931813243776560e-03
1.128270756453275681e-03
1.127080991864204407e-03
1.125515205785632133e-03
1.124505070038139820e-03
1.126114075304940343e-03
1.126614050008356571e-03
1.125241076806560159e-03
1.124689122661948204e-03
1.126431452576071024e-03
1.125826092902570963e-03
1.125552516896277666e-03
1.126260845921933651e-03
1.125995826441794634e-03
1.126783463405445218e-03
1.129064417909830809e-03
1.127891795476898551e-03
1.127352355979382992e-03
1.125214388594031334e-03
1.127540715970098972e-03
1.125092472648248076e-03
1.125588198192417622e-03
1.124784350395202637e-03
1.125300826970487833e-03
1.126090530306100845e-03
1.125739596318453550e-03
1.126367424149066210e-03
1.126163639128208160e-03
1.125040580518543720e-03
1.127110939705744386e-03
1.124967413488775492e-03
1.124009315390139818e-03
1.125849725212901831e-03
1.127093448303639889e-03
1.125744398450478911e-03
1.128330535721033812e-03
1.124717935454100370e-03
1.125285343732684851e-03
1.125738170230761170e-03
1.125605194829404354e-03
1.126432267483323812e-03
1.127255614846944809e-03
1.125614653574302793e-03
1.125681621488183737e-03
1.126421731896698475e-03
1.126247079810127616e-03
1.125043956562876701e-03
1.127293799072504044e-03
1.126446004491299391e-03
1.128091651480644941e-03
1.126021961681544781e-03
1.125249866163358092e-03
1.125519920606166124e-03
1.126021612435579300e-03
1.125366863561794162e-03
1.123996567912399769e-03
1.124986854847520590e-03
1.127423951402306557e-03
1.125399488955736160e-03
1.125009905081242323e-03
1.124827249441295862e-03
1.124717411585152149e-03
1.124612172134220600e-03
1.126457646023482084e-03
1.127108000218868256e-03
1.130140852183103561e-03
1.128838193835690618e-03
1.124404545407742262e-03
1.124702859669923782e-03
1.124994538258761168e-03
1.125470444094389677e-03
1.124438713304698467e-03
1.127694529714062810e-03
1.123600581195205450e-03
1.124203496146947145e-03
1.123442110838368535e-03
1.124932721722871065e-03
1.124636444728821516e-03
1.123960944823920727e-03
1.123685477068647742e-03
1.126201183069497347e-03
1.124783535487949848e-03
1.126324757933616638e-03
1.126253861002624035e-03
1.124596223235130310e-03
1.124099420849233866e-03
1.123594935052096844e-03
1.124939677538350224e-03
1.125424925703555346e-03
1.125036709709092975e-03
1.127259747590869665e-03
1.125899725593626499e-03
1.124544098274782300e-03
1.124862988945096731e-03
1.123558671679347754e-03
1.124013215303421021e-03
1.125256734667345881e-03
1.124027592595666647e-03
1.124387723393738270e-03
1.123860740335658193e-03
1.125222683185711503e-03
1.124773989431560040e-03
1.124123431509360671e-03
1.124908332712948322e-03
1.125411479733884335e-03
1.124362752307206392e-03
