2.857844352722167969e+01
1.925700187683105469e+01
1.755711841583251953e+01
1.710479927062988281e+01
1.578636503219604492e+01
1.533862161636352539e+01
1.554162693023681641e+01
1.432529306411743164e+01
1.385037088394165039e+01
1.356458330154418945e+01
1.325874900817871094e+01
1.310131740570068359e+01
1.267923069000244141e+01
1.247186040878295898e+01
1.229067945480346680e+01
1.237016677856445312e+01
1.183928442001342773e+01
1.151060485839843750e+01
1.157503986358642578e+01
1.138038063049316406e+01
1.159522867202758789e+01
1.079893398284912109e+01
1.056870937347412109e+01
1.048898744583129883e+01
1.032721900939941406e+01
1.016320991516113281e+01
1.025312042236328125e+01
9.982782363891601562e+00
9.908831596374511719e+00
1.049158525466918945e+01
1.005163288116455078e+01
9.722447395324707031e+00
9.891491889953613281e+00
9.536093711853027344e+00
9.885078907012939453e+00
1.039400196075439453e+01
9.501961708068847656e+00
1.009749603271484375e+01
1.070418548583984375e+01
9.797533988952636719e+00
9.608343601226806641e+00
9.395956516265869141e+00
9.408625125885009766e+00
9.154738426208496094e+00
8.927144050598144531e+00
9.057438373565673828e+00
9.098783969879150391e+00
8.978509426116943359e+00
8.779037475585937500e+00
8.715603828430175781e+00
9.785859584808349609e+00
8.918562412261962891e+00
9.528529167175292969e+00
8.562521934509277344e+00
8.725387573242187500e+00
9.317709922790527344e+00
8.462686538696289062e+00
9.406946182250976562e+00
8.798609733581542969e+00
8.605000495910644531e+00
8.553874492645263672e+00
8.810885906219482422e+00
8.503683090209960938e+00
8.241440773010253906e+00
8.504055976867675781e+00
8.201754570007324219e+00
8.625380516052246094e+00
8.392662525177001953e+00
8.358943939208984375e+00
8.383059978485107422e+00
9.534875392913818359e+00
8.070993900299072266e+00
8.301988363265991211e+00
8.123807191848754883e+00
8.068293094635009766e+00
7.900429248809814453e+00
7.992117881774902344e+00
7.826452493667602539e+00
7.949494123458862305e+00
8.056898355484008789e+00
8.046428680419921875e+00
8.192866325378417969e+00
7.994110822677612305e+00
8.052255153656005859e+00
7.723738670349121094e+00
7.674010753631591797e+00
7.828091144561767578e+00
8.245732307434082031e+00
8.018171310424804688e+00
8.063403129577636719e+00
7.741987943649291992e+00
8.059203863143920898e+00
7.773386955261230469e+00
7.759527444839477539e+00
7.780872106552124023e+00
7.670484066009521484e+00
8.273819923400878906e+00
7.868271350860595703e+00
7.839323520660400391e+00
7.624448537826538086e+00
7.476934909820556641e+00
7.475956678390502930e+00
7.390439748764038086e+00
7.403360366821289062e+00
7.331694602966308594e+00
7.414682149887084961e+00
7.395259857177734375e+00
7.386324882507324219e+00
7.391149759292602539e+00
7.437794923782348633e+00
7.415298461914062500e+00
7.343876600265502930e+00
7.299784421920776367e+00
7.387444496154785156e+00
7.270874738693237305e+00
7.261778116226196289e+00
7.293166637420654297e+00
7.357929706573486328e+00
7.272631168365478516e+00
7.279032468795776367e+00
7.439263105392456055e+00
7.473580360412597656e+00
7.312202692031860352e+00
7.731112718582153320e+00
7.317549943923950195e+00
7.514427185058593750e+00
7.318641901016235352e+00
7.258671522140502930e+00
7.196600914001464844e+00
7.210452556610107422e+00
7.268241405487060547e+00
7.218342065811157227e+00
7.267285346984863281e+00
7.148728609085083008e+00
7.143504858016967773e+00
7.138219833374023438e+00
7.394825458526611328e+00
7.258306741714477539e+00
7.186854362487792969e+00
7.173200607299804688e+00
7.157489299774169922e+00
7.150648355484008789e+00
7.147948503494262695e+00
7.161370754241943359e+00
7.099668264389038086e+00
7.136218070983886719e+00
7.161807775497436523e+00
7.094217061996459961e+00
7.054313659667968750e+00
7.210751771926879883e+00
7.240545511245727539e+00
7.113637685775756836e+00
7.025665283203125000e+00
7.093564987182617188e+00
7.095767974853515625e+00
6.988206386566162109e+00
7.023413658142089844e+00
7.050872325897216797e+00
6.986428022384643555e+00
7.116789340972900391e+00
7.044759035110473633e+00
6.986495018005371094e+00
7.239694595336914062e+00
7.080034971237182617e+00
7.281165122985839844e+00
6.943198919296264648e+00
6.899842977523803711e+00
7.070202589035034180e+00
7.019318580627441406e+00
6.961304187774658203e+00
7.035971879959106445e+00
6.895640373229980469e+00
6.988772392272949219e+00
6.922086477279663086e+00
6.862973213195800781e+00
6.970496177673339844e+00
6.976405143737792969e+00
6.861222743988037109e+00
6.887592077255249023e+00
6.914221763610839844e+00
6.845521450042724609e+00
6.904822111129760742e+00
6.870960474014282227e+00
6.835138320922851562e+00
6.847001552581787109e+00
6.844382286071777344e+00
6.942399978637695312e+00
6.839744329452514648e+00
6.901808738708496094e+00
6.921853542327880859e+00
6.885606050491333008e+00
6.830997467041015625e+00
6.992884874343872070e+00
6.794836282730102539e+00
6.758895874023437500e+00
6.746098041534423828e+00
6.786828756332397461e+00
6.786609411239624023e+00
6.786574125289916992e+00
6.778956890106201172e+00
6.724775791168212891e+00
6.712698936462402344e+00
6.718563795089721680e+00
6.708212137222290039e+00
6.674401283264160156e+00
6.683074235916137695e+00
6.659170150756835938e+00
6.678410530090332031e+00
6.666465044021606445e+00
6.637406587600708008e+00
6.653438568115234375e+00
6.694968938827514648e+00
6.663792371749877930e+00
6.694252252578735352e+00
6.670431137084960938e+00
6.685982465744018555e+00
6.677692890167236328e+00
6.710252046585083008e+00
6.691622257232666016e+00
6.668597936630249023e+00
6.648148775100708008e+00
6.631265878677368164e+00
6.661991357803344727e+00
6.616643190383911133e+00
6.611073970794677734e+00
6.608987808227539062e+00
6.649203300476074219e+00
6.641366004943847656e+00
6.632257938385009766e+00
6.701822042465209961e+00
6.671981334686279297e+00
6.643368482589721680e+00
6.622131586074829102e+00
6.599193334579467773e+00
6.623514890670776367e+00
6.617664813995361328e+00
6.604075670242309570e+00
6.641354084014892578e+00
6.620626211166381836e+00
6.589566469192504883e+00
6.642241477966308594e+00
6.579012155532836914e+00
6.563744544982910156e+00
6.653773307800292969e+00
6.574834108352661133e+00
6.579082012176513672e+00
6.566571950912475586e+00
6.563124895095825195e+00
6.561481237411499023e+00
6.563366889953613281e+00
6.575858592987060547e+00
6.556094408035278320e+00
6.605904817581176758e+00
6.566448211669921875e+00
6.600460767745971680e+00
6.599390268325805664e+00
6.574090480804443359e+00
6.537547588348388672e+00
6.549974203109741211e+00
6.523719787597656250e+00
6.556860446929931641e+00
6.516160964965820312e+00
6.538185834884643555e+00
6.521233558654785156e+00
6.498229503631591797e+00
6.539625644683837891e+00
6.512703657150268555e+00
6.658971786499023438e+00
6.655368566513061523e+00
6.702267169952392578e+00
6.541427850723266602e+00
6.548051595687866211e+00
6.492234468460083008e+00
6.505370378494262695e+00
6.561395883560180664e+00
6.531534433364868164e+00
6.470636844635009766e+00
6.530021190643310547e+00
6.522444725036621094e+00
6.504437923431396484e+00
6.499123573303222656e+00
6.445104837417602539e+00
6.449139595031738281e+00
6.483136653900146484e+00
6.491691112518310547e+00
6.497149229049682617e+00
6.500902891159057617e+00
6.498808383941650391e+00
6.517837524414062500e+00
6.503528356552124023e+00
6.528712272644042969e+00
6.468612194061279297e+00
6.453815937042236328e+00
6.466727018356323242e+00
6.452777862548828125e+00
6.432348251342773438e+00
6.440902471542358398e+00
6.454047441482543945e+00
6.453686237335205078e+00
6.426393508911132812e+00
6.425832033157348633e+00
6.422009706497192383e+00
6.420753717422485352e+00
6.408929109573364258e+00
6.417617321014404297e+00
6.402745962142944336e+00
6.394604444503784180e+00
6.445594549179077148e+00
6.398874998092651367e+00
6.391668319702148438e+00
6.395503520965576172e+00
6.424113988876342773e+00
6.412642240524291992e+00
6.396853446960449219e+00
6.387706995010375977e+00
6.389785528182983398e+00
6.389405250549316406e+00
6.398895740509033203e+00
6.397121191024780273e+00
6.399230480194091797e+00
6.424097299575805664e+00
6.390613079071044922e+00
6.383194684982299805e+00
6.409077405929565430e+00
6.405760288238525391e+00
6.392697334289550781e+00
6.387773752212524414e+00
6.370400190353393555e+00
6.374976396560668945e+00
6.386393070220947266e+00
6.401893377304077148e+00
6.375098943710327148e+00
6.366833686828613281e+00
6.397654771804809570e+00
6.379773616790771484e+00
6.394911050796508789e+00
6.366842031478881836e+00
6.385984182357788086e+00
6.358295440673828125e+00
6.389306783676147461e+00
6.360180139541625977e+00
6.361058235168457031e+00
6.348607063293457031e+00
6.359109401702880859e+00
6.342657566070556641e+00
6.340720653533935547e+00
6.378149986267089844e+00
6.372666358947753906e+00
6.365182161331176758e+00
6.364729642868041992e+00
6.422135353088378906e+00
6.366051435470581055e+00
6.353072643280029297e+00
6.344079494476318359e+00
6.337400436401367188e+00
6.327555418014526367e+00
6.342967748641967773e+00
6.343908309936523438e+00
6.365048885345458984e+00
6.333208799362182617e+00
6.325076341629028320e+00
6.328116893768310547e+00
6.349777460098266602e+00
6.369240522384643555e+00
6.328400373458862305e+00
6.373671531677246094e+00
6.341840744018554688e+00
6.339570999145507812e+00
6.335158348083496094e+00
6.355601549148559570e+00
6.324970960617065430e+00
6.332228422164916992e+00
6.323402166366577148e+00
6.328543901443481445e+00
6.315516233444213867e+00
6.310312509536743164e+00
6.345607519149780273e+00
6.327677011489868164e+00
6.305067062377929688e+00
6.322667837142944336e+00
6.314219474792480469e+00
6.310402154922485352e+00
6.310256242752075195e+00
6.365785837173461914e+00
6.342356681823730469e+00
6.332082986831665039e+00
6.298579931259155273e+00
6.324800491333007812e+00
6.302439928054809570e+00
6.343431472778320312e+00
6.295068979263305664e+00
6.305602312088012695e+00
6.324307918548583984e+00
6.292741537094116211e+00
6.310024023056030273e+00
6.293127298355102539e+00
6.305469989776611328e+00
6.290012359619140625e+00
6.281770229339599609e+00
6.277837753295898438e+00
6.275735616683959961e+00
6.267648458480834961e+00
6.275108337402343750e+00
6.285244941711425781e+00
6.286693572998046875e+00
6.270098447799682617e+00
6.274316072463989258e+00
6.274426460266113281e+00
6.265957355499267578e+00
6.268333435058593750e+00
6.289386749267578125e+00
6.264807701110839844e+00
6.280405044555664062e+00
6.267324686050415039e+00
6.281347990036010742e+00
6.281864881515502930e+00
6.277620077133178711e+00
6.258718490600585938e+00
6.289371490478515625e+00
6.304399967193603516e+00
6.274994373321533203e+00
6.270354747772216797e+00
6.271482229232788086e+00
6.261016130447387695e+00
6.270288467407226562e+00
6.260217666625976562e+00
6.255139350891113281e+00
6.250084400177001953e+00
6.249407052993774414e+00
6.274801015853881836e+00
6.264390945434570312e+00
6.259137153625488281e+00
6.292719841003417969e+00
6.253489971160888672e+00
6.258265018463134766e+00
6.247779130935668945e+00
6.258918762207031250e+00
6.269785165786743164e+00
6.250348091125488281e+00
6.248237609863281250e+00
6.243824720382690430e+00
6.254058361053466797e+00
6.241794824600219727e+00
6.247829198837280273e+00
6.257775068283081055e+00
6.251478910446166992e+00
6.238492012023925781e+00
6.246166229248046875e+00
6.245541334152221680e+00
6.237660646438598633e+00
6.233822822570800781e+00
6.290020465850830078e+00
6.248828411102294922e+00
6.240058660507202148e+00
6.243967056274414062e+00
6.239435434341430664e+00
6.239515542984008789e+00
6.243382453918457031e+00
6.232319831848144531e+00
6.242902994155883789e+00
6.233576536178588867e+00
6.234779119491577148e+00
6.230144977569580078e+00
6.238178968429565430e+00
6.248879671096801758e+00
6.236592292785644531e+00
6.239900588989257812e+00
6.229313135147094727e+00
6.228759765625000000e+00
6.233095169067382812e+00
6.233783960342407227e+00
6.236716985702514648e+00
6.223586559295654297e+00
6.227701187133789062e+00
6.229055881500244141e+00
6.230881690979003906e+00
6.255310535430908203e+00
6.238616466522216797e+00
6.235244512557983398e+00
6.225214004516601562e+00
6.239676713943481445e+00
6.235797643661499023e+00
6.217846155166625977e+00
6.230265378952026367e+00
6.219093799591064453e+00
6.223628997802734375e+00
6.233216524124145508e+00
6.227569103240966797e+00
6.212347030639648438e+00
6.222244024276733398e+00
6.223926067352294922e+00
6.218609809875488281e+00
6.231818675994873047e+00
6.218163728713989258e+00
6.225621938705444336e+00
6.215351819992065430e+00
6.212415933609008789e+00
6.210815191268920898e+00
6.235295534133911133e+00
6.209153175354003906e+00
6.203503847122192383e+00
6.204349279403686523e+00
6.202301740646362305e+00
6.200868129730224609e+00
6.220504045486450195e+00
6.204553842544555664e+00
6.206429481506347656e+00
6.200927257537841797e+00
6.202764511108398438e+00
6.198173999786376953e+00
6.205319166183471680e+00
6.203849554061889648e+00
6.210602760314941406e+00
6.203137636184692383e+00
6.226267337799072266e+00
6.206874847412109375e+00
6.210843086242675781e+00
6.218583106994628906e+00
6.203953504562377930e+00
6.198629617691040039e+00
6.199497222900390625e+00
6.209250211715698242e+00
6.203060626983642578e+00
6.194825649261474609e+00
6.200898170471191406e+00
6.207525491714477539e+00
6.192043066024780273e+00
6.200986146926879883e+00
6.193169355392456055e+00
6.192125558853149414e+00
6.195092678070068359e+00
6.193141698837280273e+00
6.193260669708251953e+00
6.199472904205322266e+00
6.193408250808715820e+00
6.193442821502685547e+00
6.192444086074829102e+00
6.189162731170654297e+00
6.185849189758300781e+00
6.187199354171752930e+00
6.198754072189331055e+00
6.193477392196655273e+00
6.197663307189941406e+00
6.203772068023681641e+00
6.205960988998413086e+00
6.203263759613037109e+00
6.192646265029907227e+00
6.192045927047729492e+00
6.191118955612182617e+00
6.193323850631713867e+00
6.186304569244384766e+00
6.200755119323730469e+00
6.192641019821166992e+00
6.200532436370849609e+00
6.209870576858520508e+00
6.190793514251708984e+00
6.191246747970581055e+00
6.182731389999389648e+00
6.187801361083984375e+00
6.183291912078857422e+00
6.183858871459960938e+00
6.179604768753051758e+00
6.178616046905517578e+00
6.182114124298095703e+00
6.188131093978881836e+00
6.187075614929199219e+00
6.194393873214721680e+00
6.180259227752685547e+00
6.180048704147338867e+00
6.190927505493164062e+00
6.186784505844116211e+00
6.185958385467529297e+00
6.196550130844116211e+00
6.175770044326782227e+00
6.210776567459106445e+00
6.177811861038208008e+00
6.186358213424682617e+00
6.190300703048706055e+00
6.180490255355834961e+00
6.184269428253173828e+00
6.175514936447143555e+00
6.180656194686889648e+00
6.199958801269531250e+00
6.173689842224121094e+00
6.177166461944580078e+00
6.187970161437988281e+00
6.185265779495239258e+00
6.186340570449829102e+00
6.179041385650634766e+00
6.176288127899169922e+00
6.176424980163574219e+00
6.179133176803588867e+00
6.179446935653686523e+00
6.174711704254150391e+00
6.169462919235229492e+00
6.178413152694702148e+00
6.180958747863769531e+00
6.176274061203002930e+00
6.170736551284790039e+00
6.171112775802612305e+00
6.168070793151855469e+00
6.169139623641967773e+00
6.174506902694702148e+00
6.171137094497680664e+00
6.166254281997680664e+00
6.168055772781372070e+00
6.167398452758789062e+00
6.172152042388916016e+00
6.168313741683959961e+00
6.173294544219970703e+00
6.163090229034423828e+00
6.176667213439941406e+00
6.169505119323730469e+00
6.169806241989135742e+00
6.167191982269287109e+00
6.169160604476928711e+00
6.165308952331542969e+00
6.165061235427856445e+00
6.162816047668457031e+00
6.165923118591308594e+00
6.163850307464599609e+00
6.171222925186157227e+00
6.163141489028930664e+00
6.164036750793457031e+00
6.166110754013061523e+00
6.162151575088500977e+00
6.163547515869140625e+00
6.163785696029663086e+00
6.163248777389526367e+00
6.162075281143188477e+00
6.164714574813842773e+00
6.167326450347900391e+00
6.163568973541259766e+00
6.159677028656005859e+00
6.161614656448364258e+00
6.168173789978027344e+00
6.161012172698974609e+00
6.162529706954956055e+00
6.162759065628051758e+00
6.162515640258789062e+00
6.165475845336914062e+00
6.164293527603149414e+00
6.165077447891235352e+00
6.162273168563842773e+00
6.160270690917968750e+00
6.153729677200317383e+00
6.157386541366577148e+00
6.157050371170043945e+00
6.157274961471557617e+00
6.159249782562255859e+00
6.157227039337158203e+00
6.156072378158569336e+00
6.157654285430908203e+00
6.156576395034790039e+00
6.157205104827880859e+00
6.159686803817749023e+00
6.157397985458374023e+00
6.165573835372924805e+00
6.166032552719116211e+00
6.156230688095092773e+00
6.163630962371826172e+00
6.156079292297363281e+00
6.157970666885375977e+00
6.159158706665039062e+00
6.165879487991333008e+00
6.153364181518554688e+00
6.156461238861083984e+00
6.153158426284790039e+00
6.154862403869628906e+00
6.151414394378662109e+00
6.152917623519897461e+00
6.152849912643432617e+00
6.150512933731079102e+00
6.159200906753540039e+00
6.154739141464233398e+00
6.165188074111938477e+00
6.152151107788085938e+00
6.181869506835937500e+00
6.151814937591552734e+00
6.150192022323608398e+00
6.149585723876953125e+00
6.156872034072875977e+00
6.155644416809082031e+00
6.150755882263183594e+00
6.153981924057006836e+00
6.149396896362304688e+00
6.163536787033081055e+00
6.149756669998168945e+00
6.149271726608276367e+00
6.154147148132324219e+00
6.159012556076049805e+00
6.155614376068115234e+00
6.147850990295410156e+00
6.147466897964477539e+00
6.147704601287841797e+00
6.151295423507690430e+00
6.147995710372924805e+00
6.154255628585815430e+00
6.148454666137695312e+00
6.148118257522583008e+00
6.158415317535400391e+00
6.152963638305664062e+00
6.149226427078247070e+00
6.145452737808227539e+00
6.150268793106079102e+00
6.146453380584716797e+00
6.160178899765014648e+00
6.146967887878417969e+00
6.147231101989746094e+00
6.164593935012817383e+00
6.147847652435302734e+00
6.146207332611083984e+00
6.143581628799438477e+00
6.145546674728393555e+00
6.152802705764770508e+00
6.155291318893432617e+00
6.147026062011718750e+00
6.145517826080322266e+00
6.142164707183837891e+00
6.144592046737670898e+00
6.153640985488891602e+00
6.143267631530761719e+00
6.145885467529296875e+00
6.155716419219970703e+00
6.148290634155273438e+00
6.141782283782958984e+00
6.148361921310424805e+00
6.141963481903076172e+00
6.147863864898681641e+00
6.146131038665771484e+00
6.141983747482299805e+00
6.152116298675537109e+00
6.142540454864501953e+00
6.143091201782226562e+00
6.141103744506835938e+00
6.142806529998779297e+00
6.140057325363159180e+00
6.144486427307128906e+00
6.140663385391235352e+00
6.141166925430297852e+00
6.143574953079223633e+00
6.146782159805297852e+00
6.145300149917602539e+00
6.141832351684570312e+00
6.139410734176635742e+00
6.155310153961181641e+00
6.151609420776367188e+00
6.145820140838623047e+00
6.141890048980712891e+00
6.148515701293945312e+00
6.149134159088134766e+00
6.140539884567260742e+00
6.141225576400756836e+00
6.146796941757202148e+00
6.144483566284179688e+00
6.139225006103515625e+00
6.151072740554809570e+00
6.146309852600097656e+00
6.151873588562011719e+00
6.141062498092651367e+00
6.140799045562744141e+00
6.147906303405761719e+00
6.148747682571411133e+00
6.139338970184326172e+00
6.154291152954101562e+00
6.148139953613281250e+00
6.142647027969360352e+00
6.140497446060180664e+00
6.149716854095458984e+00
6.139348506927490234e+00
6.141741991043090820e+00
6.147682189941406250e+00
6.140969991683959961e+00
6.143208503723144531e+00
6.142111778259277344e+00
6.141769886016845703e+00
6.138042211532592773e+00
6.140233755111694336e+00
6.136439800262451172e+00
6.148993015289306641e+00
6.138452291488647461e+00
6.136573314666748047e+00
6.137110948562622070e+00
6.138422012329101562e+00
6.136131048202514648e+00
6.137265920639038086e+00
6.142993450164794922e+00
6.147006273269653320e+00
6.140494346618652344e+00
6.137699604034423828e+00
6.135005712509155273e+00
6.134326696395874023e+00
6.140269279479980469e+00
6.141986846923828125e+00
6.134593486785888672e+00
6.135325193405151367e+00
6.153126716613769531e+00
6.146857261657714844e+00
6.140120983123779297e+00
6.137472629547119141e+00
6.137317180633544922e+00
6.139430522918701172e+00
6.144152402877807617e+00
6.143740415573120117e+00
6.133837938308715820e+00
6.133735418319702148e+00
6.141864299774169922e+00
6.141946315765380859e+00
6.135327816009521484e+00
6.134358406066894531e+00
6.133064746856689453e+00
6.139220714569091797e+00
6.133470535278320312e+00
6.139261245727539062e+00
6.135055303573608398e+00
6.136074781417846680e+00
6.133526325225830078e+00
6.136730194091796875e+00
6.132746696472167969e+00
6.135303974151611328e+00
6.135546684265136719e+00
6.133594036102294922e+00
6.137196302413940430e+00
6.142274618148803711e+00
6.134789228439331055e+00
6.135585069656372070e+00
6.145794153213500977e+00
6.134350538253784180e+00
6.135843515396118164e+00
6.137398719787597656e+00
6.134505033493041992e+00
6.137512207031250000e+00
6.134868860244750977e+00
6.136965274810791016e+00
6.133213520050048828e+00
6.132694244384765625e+00
6.139297008514404297e+00
6.141767501831054688e+00
6.135663986206054688e+00
6.136261463165283203e+00
6.134404897689819336e+00
6.132436990737915039e+00
6.138404846191406250e+00
6.134480237960815430e+00
6.132919073104858398e+00
6.131348848342895508e+00
6.137330293655395508e+00
6.154211044311523438e+00
6.135753870010375977e+00
6.136066675186157227e+00
6.137251853942871094e+00
6.133868694305419922e+00
6.135826349258422852e+00
6.147815465927124023e+00
6.134029150009155273e+00
6.153851032257080078e+00
6.130697011947631836e+00
6.134953975677490234e+00
6.147120952606201172e+00
6.134321212768554688e+00
6.141270160675048828e+00
6.134748935699462891e+00
6.131449222564697266e+00
6.134527921676635742e+00
6.139289617538452148e+00
6.138580799102783203e+00
6.133647441864013672e+00
6.130171060562133789e+00
6.131731748580932617e+00
6.136180162429809570e+00
6.130919456481933594e+00
6.130765914916992188e+00
6.139983654022216797e+00
6.132358551025390625e+00
6.138792276382446289e+00
6.142708063125610352e+00
6.132396936416625977e+00
6.131285905838012695e+00
6.130835294723510742e+00
6.136690616607666016e+00
6.132366657257080078e+00
6.133212566375732422e+00
6.142420530319213867e+00
6.130800724029541016e+00
6.130935430526733398e+00
6.134857892990112305e+00
6.133772850036621094e+00
6.132890939712524414e+00
6.131348609924316406e+00
6.145209550857543945e+00
6.139999628067016602e+00
6.132784366607666016e+00
6.137632369995117188e+00
6.134984016418457031e+00
6.129846334457397461e+00
6.129090070724487305e+00
6.130114793777465820e+00
6.132971763610839844e+00
6.138363361358642578e+00
6.131960153579711914e+00
6.129862785339355469e+00
6.135961294174194336e+00
6.147243022918701172e+00
6.132287025451660156e+00
6.131383419036865234e+00
6.132636308670043945e+00
6.130717992782592773e+00
6.132812023162841797e+00
6.128733396530151367e+00
6.127421617507934570e+00
6.127678871154785156e+00
6.129796028137207031e+00
6.131366014480590820e+00
6.128611564636230469e+00
6.133386850357055664e+00
6.135766983032226562e+00
6.136003494262695312e+00
6.131736993789672852e+00
6.128864765167236328e+00
6.132997274398803711e+00
6.128725528717041016e+00
6.129803180694580078e+00
6.132477998733520508e+00
6.127431392669677734e+00
6.135565996170043945e+00
6.143585681915283203e+00
6.130344152450561523e+00
6.127627849578857422e+00
6.130245208740234375e+00
6.128724098205566406e+00
6.139599800109863281e+00
6.130995512008666992e+00
6.132481336593627930e+00
6.130817890167236328e+00
6.128009557723999023e+00
6.129035234451293945e+00
6.130892992019653320e+00
6.130413532257080078e+00
6.129901170730590820e+00
6.128543853759765625e+00
6.130615472793579102e+00
6.127866268157958984e+00
6.127704381942749023e+00
6.127745628356933594e+00
6.127987384796142578e+00
6.130594730377197266e+00
6.130526781082153320e+00
6.129226684570312500e+00
6.129783630371093750e+00
6.145854949951171875e+00
6.132286071777343750e+00
6.127385139465332031e+00
6.131039142608642578e+00
6.130296945571899414e+00
6.131545305252075195e+00
6.133219480514526367e+00
6.132267951965332031e+00
6.128081560134887695e+00
6.127600193023681641e+00
6.129581451416015625e+00
6.127967357635498047e+00
6.138655424118041992e+00
6.130460500717163086e+00
6.132961988449096680e+00
6.127644538879394531e+00
6.131575107574462891e+00
6.127489328384399414e+00
6.144026517868041992e+00
6.133003950119018555e+00
6.144318342208862305e+00
6.129952192306518555e+00
6.129647493362426758e+00
6.134143829345703125e+00
6.139453411102294922e+00
6.126848220825195312e+00
6.129492044448852539e+00
6.126800298690795898e+00
6.127919197082519531e+00
6.129553318023681641e+00
6.137738227844238281e+00
6.144057512283325195e+00
6.128487110137939453e+00
6.126397371292114258e+00
6.127899408340454102e+00
6.125803947448730469e+00
6.127400875091552734e+00
6.128629684448242188e+00
6.129346847534179688e+00
6.137980937957763672e+00
6.133667469024658203e+00
6.127907514572143555e+00
6.132488250732421875e+00
6.129914999008178711e+00
6.135366916656494141e+00
6.125750064849853516e+00
6.127887487411499023e+00
6.129350185394287109e+00
6.126566410064697266e+00
6.127210617065429688e+00
6.128919839859008789e+00
