4.095580999273806810e+00
1.473314776085317135e+00
1.466209118254482746e+00
1.484859073068946600e+00
1.504065537825226784e+00
1.813231299631297588e+00
1.950147155672311783e+00
2.359451774042099714e+00
2.093335402198135853e+00
2.355372367892414331e+00
2.374719895888119936e+00
1.951967868022620678e+00
2.163407057058066130e+00
2.157987070269882679e+00
2.296267707832157612e+00
1.880233091302216053e+00
1.746233629062771797e+00
1.584793019108474255e+00
1.781198066193610430e+00
1.710053380113095045e+00
1.922868808731436729e+00
1.904365473892539740e+00
1.366578320972621441e+00
1.536581474356353283e+00
1.618642954155802727e+00
1.737204587087035179e+00
1.475414349231868982e+00
1.460806770250201225e+00
1.341193316970020533e+00
1.558971103280782700e+00
1.651608951389789581e+00
1.877826377283781767e+00
1.962055682670325041e+00
1.914625987876206636e+00
1.863647479098290205e+00
1.712799082975834608e+00
1.551345923915505409e+00
1.464346664026379585e+00
1.542140420991927385e+00
1.394087368622422218e+00
1.360192371997982264e+00
1.585243329871445894e+00
1.678746056277304888e+00
1.492671664338558912e+00
1.312893058173358440e+00
1.492383982986211777e+00
1.506087602116167545e+00
1.238763767294585705e+00
1.304810747969895601e+00
1.311531097162514925e+00
1.408280646894127131e+00
1.332600015681236982e+00
1.352165351156145334e+00
1.386077028699219227e+00
1.432812272105365992e+00
1.567824084777384996e+00
1.716989960055798292e+00
2.027815761975944042e+00
1.716527387965470552e+00
1.409929119050502777e+00
1.527211959939450026e+00
1.530991574749350548e+00
1.563890060875564814e+00
1.532567568123340607e+00
1.574271984398365021e+00
1.505039650946855545e+00
1.535199319943785667e+00
1.437035018112510443e+00
1.348135335836559534e+00
1.380207821261137724e+00
1.365820060949772596e+00
1.384007543791085482e+00
1.219562621787190437e+00
1.261773939244449139e+00
1.275831196922808886e+00
1.418809072114527225e+00
1.244009894318878651e+00
1.289317525923252106e+00
1.287800575140863657e+00
1.379657149314880371e+00
1.112837685737758875e+00
1.361958496272563934e+00
1.408444027882069349e+00
1.327001817990094423e+00
1.409805221017450094e+00
1.412204463034868240e+00
1.565533723216503859e+00
1.358099668752402067e+00
1.454337171744555235e+00
1.353058382868766785e+00
1.392114644870162010e+00
1.465535136871039867e+00
1.509523745626211166e+00
1.424032310023903847e+00
1.513170041143894196e+00
1.533532968722283840e+00
1.538879986852407455e+00
1.372002127580344677e+00
1.258878634776920080e+00
1.182477500755339861e+00
1.338589872233569622e+00
1.161194271873682737e+00
1.261830889154225588e+00
1.308602492325007915e+00
1.263304460793733597e+00
1.247445378918200731e+00
1.285717962309718132e+00
1.261061917990446091e+00
1.380037848837673664e+00
1.447865663096308708e+00
1.439568601083010435e+00
1.311262306291610003e+00
1.238238136749714613e+00
1.456746764015406370e+00
1.295783355366438627e+00
1.356661367695778608e+00
1.350677859038114548e+00
1.104494425002485514e+00
1.097487444989383221e+00
1.166266507934778929e+00
1.250707894098013639e+00
1.329551571048796177e+00
1.313340168911963701e+00
1.301493642851710320e+00
1.380023830104619265e+00
1.317392683587968349e+00
1.119722305797040462e+00
1.199858365114778280e+00
1.314054739195853472e+00
1.438412040006369352e+00
1.492212512064725161e+00
1.369373376015573740e+00
1.372081877663731575e+00
1.193184884730726480e+00
1.474197130184620619e+00
1.360418833326548338e+00
1.503535228315740824e+00
1.466134338174015284e+00
1.265121002215892076e+00
1.475285130087286234e+00
1.349193946924060583e+00
1.507076723035424948e+00
1.440346753224730492e+00
1.568631835747510195e+00
1.488696487620472908e+00
1.610830153804272413e+00
1.493775074835866690e+00
1.325809936970472336e+00
1.224070247262716293e+00
1.379826880060136318e+00
1.604033183772116899e+00
1.477904654107987881e+00
1.586016841232776642e+00
1.316732553299516439e+00
1.679489548318088055e+00
1.639038071967661381e+00
1.399926627986133099e+00
1.414703886024653912e+00
1.375619775149971247e+00
1.224904959090054035e+00
1.314654880203306675e+00
1.265697693917900324e+00
1.198513461742550135e+00
1.255748200230300426e+00
1.485446033999323845e+00
1.347575135994702578e+00
1.341887076850980520e+00
1.299765101168304682e+00
1.264839752111583948e+00
1.319197508040815592e+00
1.221331714186817408e+00
1.226010139100253582e+00
1.307950782123953104e+00
1.379207748919725418e+00
1.387115128803998232e+00
1.396227172110229731e+00
1.225366238038986921e+00
1.265891824848949909e+00
1.451803578063845634e+00
1.387129908893257380e+00
1.355896887369453907e+00
1.361460065003484488e+00
1.387104048859328032e+00
1.267244636081159115e+00
1.471244534011930227e+00
1.311499956063926220e+00
1.260217777919024229e+00
1.404551403131335974e+00
1.353284073062241077e+00
1.202748057898133993e+00
1.279034310951828957e+00
1.243303983937948942e+00
1.233237039763480425e+00
1.497390278615057468e+00
1.447762172203511000e+00
1.466108866967260838e+00
1.499797052703797817e+00
1.402887002099305391e+00
1.335744209121912718e+00
1.459357578307390213e+00
1.533670668024569750e+00
1.433003052137792110e+00
1.534505730029195547e+00
1.851121262181550264e+00
1.529991814401000738e+00
1.441455523017793894e+00
1.544097064062952995e+00
1.421000665053725243e+00
1.256482781842350960e+00
1.299780450761318207e+00
1.253297897055745125e+00
1.557064421009272337e+00
1.544985373970121145e+00
1.363747507799416780e+00
1.325547805987298489e+00
1.360759411938488483e+00
1.500824913848191500e+00
1.366620291024446487e+00
1.370293915737420321e+00
1.655290914699435234e+00
1.620153496041893959e+00
1.500151633750647306e+00
1.508112104143947363e+00
1.523495426401495934e+00
1.808162522036582232e+00
1.799294041004031897e+00
1.763188221026211977e+00
1.313355609774589539e+00
1.273470035288482904e+00
1.278215180151164532e+00
1.420674855355173349e+00
1.231524928007274866e+00
1.360618113074451685e+00
1.575641506817191839e+00
1.346979063935577869e+00
1.321397700347006321e+00
1.308029871899634600e+00
1.223700506146997213e+00
1.165511878207325935e+00
1.318087516352534294e+00
1.225114338099956512e+00
1.303461995907127857e+00
1.346282834187150002e+00
1.288574034348130226e+00
1.591571959201246500e+00
1.399364495184272528e+00
1.184396494179964066e+00
1.258106893859803677e+00
1.363015966024249792e+00
1.716288809198886156e+00
1.428140524774789810e+00
1.372313948813825846e+00
1.442108183633536100e+00
1.322157820686697960e+00
1.272616044152528048e+00
1.366675101220607758e+00
1.483285550959408283e+00
1.519078560173511505e+00
1.463931812904775143e+00
1.478010613936930895e+00
1.503122296649962664e+00
1.377666156738996506e+00
1.331481223925948143e+00
1.396621971856802702e+00
2.022732776124030352e+00
1.980836078058928251e+00
1.434817835222929716e+00
1.545749924611300230e+00
1.474192717578262091e+00
1.230549956671893597e+00
1.400544247124344110e+00
1.451400947757065296e+00
1.486941043753176928e+00
1.619497155770659447e+00
1.446860719937831163e+00
1.213585142977535725e+00
1.273597904946655035e+00
1.306388819124549627e+00
1.525155877694487572e+00
1.558602854143828154e+00
1.504797349218279123e+00
1.257980474270880222e+00
1.267265805974602699e+00
1.224270307924598455e+00
1.392262896988540888e+00
1.398281164001673460e+00
1.533037258777767420e+00
1.629222688730806112e+00
1.600230700336396694e+00
1.704113910906016827e+00
1.665783768985420465e+00
1.314704051706939936e+00
1.639701433014124632e+00
1.376886195968836546e+00
1.436850696336477995e+00
1.593217891175299883e+00
1.458044786937534809e+00
2.965544589329510927e+00
1.735808864235877991e+00
1.470787974074482918e+00
1.471334783826023340e+00
1.267448307015001774e+00
1.373826420865952969e+00
1.382903844118118286e+00
1.401284529361873865e+00
1.461209401022642851e+00
1.384943446144461632e+00
1.324210073798894882e+00
1.396624651737511158e+00
1.330101451836526394e+00
1.775308358017355204e+00
1.594875263050198555e+00
1.577282499056309462e+00
1.345235421787947416e+00
1.596846306230872869e+00
1.383211913052946329e+00
1.377544105984270573e+00
1.242853303905576468e+00
1.380014888942241669e+00
1.380992711987346411e+00
1.265285773668438196e+00
1.401592048350721598e+00
1.259433465078473091e+00
1.394189557991921902e+00
1.235839313827455044e+00
1.211345349904149771e+00
1.261092477012425661e+00
1.362949565984308720e+00
1.403779211919754744e+00
1.225513158831745386e+00
1.388595041818916798e+00
1.570722018834203482e+00
1.614893990103155375e+00
1.485920914914458990e+00
1.499391842167824507e+00
1.471509934868663549e+00
1.866725432220846415e+00
1.633697186131030321e+00
1.649686247110366821e+00
1.552834664937108755e+00
1.685548623092472553e+00
2.005588540807366371e+00
1.839543680660426617e+00
1.771875664126127958e+00
1.461353284306824207e+00
1.493743836879730225e+00
1.499972576275467873e+00
1.463200306054204702e+00
1.623997979331761599e+00
1.359793950337916613e+00
1.379584506619721651e+00
1.527758691925555468e+00
1.509151266887784004e+00
1.463571908418089151e+00
1.426925017964094877e+00
1.535017911810427904e+00
1.505484932102262974e+00
1.299715332221239805e+00
1.400976155418902636e+00
1.333896675612777472e+00
1.340432134922593832e+00
1.310019085183739662e+00
1.478512186091393232e+00
1.465622690971940756e+00
1.388217987027019262e+00
1.887882926966995001e+00
2.103345839306712151e+00
1.526969461236149073e+00
1.495000107679516077e+00
1.348265735898166895e+00
1.268402960617095232e+00
1.481538909953087568e+00
1.574172732885926962e+00
1.359984920825809240e+00
1.264646654948592186e+00
1.370461864862591028e+00
1.316962103825062513e+00
1.528404972981661558e+00
1.471321186982095242e+00
1.538162075914442539e+00
1.549476840998977423e+00
1.355303763877600431e+00
1.210566403809934855e+00
1.387344078160822392e+00
1.475097050890326500e+00
1.408035503700375557e+00
1.482525311876088381e+00
1.386700346134603024e+00
1.593200677074491978e+00
1.849690095987170935e+00
1.522343754768371582e+00
1.412742519751191139e+00
1.469771255273371935e+00
1.395185546018183231e+00
1.259727088734507561e+00
1.690443026833236217e+00
1.356974415946751833e+00
1.256433565169572830e+00
1.431854504626244307e+00
1.445653974078595638e+00
1.622189557179808617e+00
1.452290591318160295e+00
1.744611948262900114e+00
1.649419821798801422e+00
1.487613978795707226e+00
1.432689035777002573e+00
1.637588797137141228e+00
1.711947914212942123e+00
1.708264349959790707e+00
1.489468391984701157e+00
1.614532884676009417e+00
1.461939796339720488e+00
1.371477555017918348e+00
1.359744451008737087e+00
1.369752733968198299e+00
1.442023558076471090e+00
1.488017108757048845e+00
1.246106810867786407e+00
1.291543071158230305e+00
1.234744915738701820e+00
1.265385015867650509e+00
1.427224638871848583e+00
1.647046918049454689e+00
1.462488675955682993e+00
1.497890752740204334e+00
1.754732429981231689e+00
1.676341067999601364e+00
1.775729588232934475e+00
1.747302610892802477e+00
1.554061044938862324e+00
1.375590722076594830e+00
1.528886452782899141e+00
1.640610811300575733e+00
1.665751652792096138e+00
1.422600303310900927e+00
1.327491927891969681e+00
1.595952901057898998e+00
1.468137334100902081e+00
1.407577583100646734e+00
1.340887116268277168e+00
1.341487556695938110e+00
1.271518323104828596e+00
1.170298391953110695e+00
1.482397541869431734e+00
1.421549952123314142e+00
1.273578476626425982e+00
1.477380135096609592e+00
1.331736884079873562e+00
1.261122121009975672e+00
1.488803420215845108e+00
1.224461453035473824e+00
1.465284099802374840e+00
1.203168453183025122e+00
1.266686077695339918e+00
1.353947532828897238e+00
1.336088188923895359e+00
1.450066629797220230e+00
2.352418996859341860e+00
2.338881010189652443e+00
2.235243834089487791e+00
1.783735187724232674e+00
1.512859832961112261e+00
1.674099093768745661e+00
2.017959367018193007e+00
2.275088096037507057e+00
1.642740833107382059e+00
1.312061456963419914e+00
1.425082277040928602e+00
1.352755981031805277e+00
1.532131067011505365e+00
1.375708402134478092e+00
1.285738302860409021e+00
1.200249980669468641e+00
1.386267994996160269e+00
1.297504357993602753e+00
1.413714512251317501e+00
1.397898380644619465e+00
1.302290224004536867e+00
1.447544226888567209e+00
1.256607104092836380e+00
1.293528403155505657e+00
1.396660568658262491e+00
1.418457906693220139e+00
1.392804374918341637e+00
1.868958029896020889e+00
1.937893642578274012e+00
1.677964969072490931e+00
1.400713114999234676e+00
1.644990115892142057e+00
1.309061073232442141e+00
1.441036667209118605e+00
1.372750717215240002e+00
1.264745724853128195e+00
1.320239739026874304e+00
1.364554177038371563e+00
1.333440985996276140e+00
1.185004930943250656e+00
1.240565073210746050e+00
1.275686969980597496e+00
1.352919640950858593e+00
1.475609533023089170e+00
1.525734088849276304e+00
1.449855849146842957e+00
1.264163115061819553e+00
1.511844700202345848e+00
1.442706519737839699e+00
1.199253530241549015e+00
1.356284785084426403e+00
1.570095888338983059e+00
1.820244616828858852e+00
1.345948121976107359e+00
1.480315119959414005e+00
1.869919711723923683e+00
1.315080062020570040e+00
1.346446163021028042e+00
1.334743377752602100e+00
1.394822887144982815e+00
1.449734427966177464e+00
1.366783060133457184e+00
1.379229614976793528e+00
1.277729162946343422e+00
1.200217920821160078e+00
1.283505929168313742e+00
1.249095864593982697e+00
1.422464643139392138e+00
1.428571090567857027e+00
1.406764313112944365e+00
1.253043558914214373e+00
1.227861486840993166e+00
1.332077234983444214e+00
1.477548684924840927e+00
1.349946198053658009e+00
1.424773107282817364e+00
1.352786679752171040e+00
1.305457160342484713e+00
1.325247744098305702e+00
1.474351061973720789e+00
1.349208776839077473e+00
1.421326020732522011e+00
1.437264082953333855e+00
1.519454659894108772e+00
1.582712483592331409e+00
1.569225376937538385e+00
1.441990748047828674e+00
1.370547465048730373e+00
1.389838599134236574e+00
1.390788292046636343e+00
1.518103250302374363e+00
1.600521617103368044e+00
1.344938801135867834e+00
1.325315024703741074e+00
1.539678178261965513e+00
1.757317092735320330e+00
1.421919462736696005e+00
1.336424449924379587e+00
1.543896992690861225e+00
1.648201610893011093e+00
1.821783467661589384e+00
1.640739990863949060e+00
1.539181865751743317e+00
1.362722384743392467e+00
1.513922794256359339e+00
1.781679025851190090e+00
1.301963915117084980e+00
1.529583612922579050e+00
1.824066592846065760e+00
1.605687444098293781e+00
1.618313701357692480e+00
1.602196508552879095e+00
1.482409012038260698e+00
1.521571113727986813e+00
1.531055825762450695e+00
1.393227824941277504e+00
1.545323224272578955e+00
1.353787813335657120e+00
1.360606731846928596e+00
1.608957018237560987e+00
1.398123781662434340e+00
1.174612446222454309e+00
1.417809926904737949e+00
1.464728008955717087e+00
1.597999633289873600e+00
1.338546151760965586e+00
1.388264797162264585e+00
1.362019003834575415e+00
1.410312226973474026e+00
1.367415240034461021e+00
1.260820129886269569e+00
1.531594627071171999e+00
1.516108266077935696e+00
1.544031453318893909e+00
1.319364316761493683e+00
1.314809191972017288e+00
1.271014783997088671e+00
1.278120271861553192e+00
1.284337732009589672e+00
1.418662157841026783e+00
1.495012818835675716e+00
1.249026064760982990e+00
1.256199982948601246e+00
1.231203292030841112e+00
1.409749857150018215e+00
1.470788505859673023e+00
1.632206140086054802e+00
1.510236368048936129e+00
1.437546392902731895e+00
1.324918933678418398e+00
1.295513425953686237e+00
1.348369685932993889e+00
1.431797134689986706e+00
1.291590210981667042e+00
1.366647220216691494e+00
1.352172710001468658e+00
1.516976898070424795e+00
1.619416852016001940e+00
1.615503528155386448e+00
1.496810140088200569e+00
1.464591098949313164e+00
1.452317692805081606e+00
1.440728757064789534e+00
1.611993802711367607e+00
1.577942777425050735e+00
1.387243007775396109e+00
1.371206645853817463e+00
1.368405771441757679e+00
1.341914277058094740e+00
1.369034762959927320e+00
1.418805598281323910e+00
1.347570315003395081e+00
1.199217978864908218e+00
1.274638068862259388e+00
1.318895507138222456e+00
1.541423729155212641e+00
1.524708657991141081e+00
1.448941227979958057e+00
1.465023799333721399e+00
1.425322087947279215e+00
1.660450096242129803e+00
1.652063315268605947e+00
1.367457119747996330e+00
1.289935569278895855e+00
1.327014897018671036e+00
1.394243365153670311e+00
1.298834150191396475e+00
1.357031846418976784e+00
1.415433693677186966e+00
1.396181239280849695e+00
1.401851436123251915e+00
1.363980047404766083e+00
1.466840991750359535e+00
1.374538159929215908e+00
1.413995223119854927e+00
1.423930564895272255e+00
1.235611626878380775e+00
1.150101013947278261e+00
1.333078214898705482e+00
1.441390729043632746e+00
1.273382935672998428e+00
1.607214436866343021e+00
1.503100090194493532e+00
1.370354393962770700e+00
1.627504214178770781e+00
1.690986305940896273e+00
1.634282452054321766e+00
1.499461714178323746e+00
1.446031975094228983e+00
1.272248566150665283e+00
1.285034961067140102e+00
1.171612552832812071e+00
1.237005900125950575e+00
1.262923471629619598e+00
1.305425209924578667e+00
1.235863847192376852e+00
1.396310588810592890e+00
1.459462172351777554e+00
1.252481888979673386e+00
1.370041613932698965e+00
1.292286521755158901e+00
1.291026839986443520e+00
1.387274767272174358e+00
1.586346037685871124e+00
1.429667952936142683e+00
1.422902944032102823e+00
1.287431735079735518e+00
1.629041095729917288e+00
1.400092903058975935e+00
1.357379176653921604e+00
1.301472274120897055e+00
1.517453856766223907e+00
1.498786634299904108e+00
1.468234411906450987e+00
1.383938612882047892e+00
1.769631261005997658e+00
1.655527319759130478e+00
1.482287861872464418e+00
1.435951420105993748e+00
1.536293813958764076e+00
1.413207940291613340e+00
1.539088316727429628e+00
1.401718216948211193e+00
1.723736629355698824e+00
1.385557754896581173e+00
1.347036683000624180e+00
1.447344356682151556e+00
1.505529711954295635e+00
1.304076816421002150e+00
1.383585643023252487e+00
1.419288618024438620e+00
1.274377777706831694e+00
1.244237399194389582e+00
1.259477758314460516e+00
1.248298474121838808e+00
1.375220601912587881e+00
1.256973514333367348e+00
1.644968017004430294e+00
1.363498405087739229e+00
1.525908650364726782e+00
1.551948924083262682e+00
1.500213444698601961e+00
1.240025503095239401e+00
1.444279440678656101e+00
1.367822082247585058e+00
1.194779502693563700e+00
1.352190888952463865e+00
1.271156284026801586e+00
1.319789858069270849e+00
1.175157236866652966e+00
1.317849235609173775e+00
1.524808487389236689e+00
1.279298175126314163e+00
1.208837951999157667e+00
1.386174635030329227e+00
1.303472356870770454e+00
1.604476612992584705e+00
1.304442727006971836e+00
1.285490734037011862e+00
1.333507796283811331e+00
1.268281199969351292e+00
1.405593371018767357e+00
1.503845340106636286e+00
1.714910699054598808e+00
1.805082655977457762e+00
1.810231614857912064e+00
1.578283406794071198e+00
1.278266293928027153e+00
1.263488584198057652e+00
1.250670605804771185e+00
1.257707146927714348e+00
1.300310103222727776e+00
1.453103212174028158e+00
1.362432274036109447e+00
1.458539810031652451e+00
1.377144953701645136e+00
1.235803088173270226e+00
1.481166960205882788e+00
1.238985991105437279e+00
1.149923333898186684e+00
1.233784324023872614e+00
1.180770074948668480e+00
1.482222392689436674e+00
1.341716926079243422e+00
1.261654120869934559e+00
1.372935506980866194e+00
1.344696681015193462e+00
1.508451567031443119e+00
1.510412068106234074e+00
1.354678953997790813e+00
1.370038193184882402e+00
1.406484532169997692e+00
1.723211548756808043e+00
1.723086959216743708e+00
1.717785892076790333e+00
1.376583851873874664e+00
1.362761744763702154e+00
1.240569813176989555e+00
1.523487206082791090e+00
1.409205306321382523e+00
1.374235688708722591e+00
1.569477466866374016e+00
1.472599758766591549e+00
1.587698091287165880e+00
1.335697309114038944e+00
1.400136833079159260e+00
1.506026102695614100e+00
1.699113546870648861e+00
1.422823944129049778e+00
1.275823980104178190e+00
1.248366474173963070e+00
1.487792418804019690e+00
1.302770505193620920e+00
1.320115899201482534e+00
1.287599786184728146e+00
1.514280912932008505e+00
1.579066819045692682e+00
1.534423150122165680e+00
1.901098174042999744e+00
1.461785054765641689e+00
1.308335552923381329e+00
1.409342346247285604e+00
1.287244874984025955e+00
1.338764422573149204e+00
1.760305488947778940e+00
1.607886905781924725e+00
1.611776262987405062e+00
1.382465090136975050e+00
1.304370077792555094e+00
1.298783559817820787e+00
1.471860738005489111e+00
1.200645390897989273e+00
1.273578666150569916e+00
1.288873717654496431e+00
1.280189276207238436e+00
1.231439210940152407e+00
1.345296071842312813e+00
1.467173722106963396e+00
1.528323841746896505e+00
1.361140633001923561e+00
1.517186607234179974e+00
1.311036436818540096e+00
1.593740168958902359e+00
1.588002641219645739e+00
1.778763162903487682e+00
1.469005683902651072e+00
1.772122243884950876e+00
1.436077369842678308e+00
1.305193048901855946e+00
1.199505960103124380e+00
1.255257131997495890e+00
1.189245466142892838e+00
1.223233371041715145e+00
1.233868284150958061e+00
1.184808751102536917e+00
1.243759938050061464e+00
1.323855683207511902e+00
1.266018277034163475e+00
1.265611315611749887e+00
1.206212989054620266e+00
1.303203545976430178e+00
1.258747316896915436e+00
1.269128322135657072e+00
1.355809006374329329e+00
1.382516079116612673e+00
1.280429285950958729e+00
1.287098665256053209e+00
1.502839108929038048e+00
1.318870637100189924e+00
1.349041795823723078e+00
1.274086368270218372e+00
1.148202832322567701e+00
1.234878265764564276e+00
1.296160136815160513e+00
1.470769936684519053e+00
2.567416260950267315e+00
1.479576666839420795e+00
1.603324480820447206e+00
1.461175125092267990e+00
1.496986470185220242e+00
1.362060423009097576e+00
1.276314670220017433e+00
1.312808518763631582e+00
1.400131694041192532e+00
1.242927546147257090e+00
1.522155574988573790e+00
1.471270076930522919e+00
1.493704496882855892e+00
1.391551513224840164e+00
1.355665743816643953e+00
1.373156529385596514e+00
1.460303972940891981e+00
1.476124114356935024e+00
1.751675757113844156e+00
1.351299389265477657e+00
1.478481786791235209e+00
1.532522046938538551e+00
1.393902066163718700e+00
1.284667241852730513e+00
1.458509480115026236e+00
1.487864940427243710e+00
1.203447014093399048e+00
1.238875682000070810e+00
1.464186298195272684e+00
1.490891592111438513e+00
1.334081137087196112e+00
1.233212514314800501e+00
1.463405815884470940e+00
1.405732612125575542e+00
1.487131207250058651e+00
1.383683912921696901e+00
1.554859527852386236e+00
1.878687052987515926e+00
1.754559551365673542e+00
1.603848411235958338e+00
1.422004733234643936e+00
1.483170962892472744e+00
1.567282273899763823e+00
1.805658246856182814e+00
1.574912454932928085e+00
1.259191648103296757e+00
1.515723076183348894e+00
1.396653939038515091e+00
1.415248603094369173e+00
1.294301195070147514e+00
1.337918892037123442e+00
1.487264737952500582e+00
1.760200867895036936e+00
1.295743985101580620e+00
1.240581623744219542e+00
1.357122248038649559e+00
1.246935200877487659e+00
1.371075106319040060e+00
1.406195301096886396e+00
1.360322342254221439e+00
1.673515654169023037e+00
1.805953527335077524e+00
1.701052550226449966e+00
1.444794721901416779e+00
1.384927433915436268e+00
1.282984290271997452e+00
1.295345915015786886e+00
1.382170180324465036e+00
1.268340238835662603e+00
1.392631994094699621e+00
1.410478428006172180e+00
1.521321443375200033e+00
1.318085126113146544e+00
1.308787802699953318e+00
1.153745668940246105e+00
1.297788720112293959e+00
1.191711557563394308e+00
1.221120269037783146e+00
1.143553256057202816e+00
1.290516369044780731e+00
1.272315385285764933e+00
1.711565903853625059e+00
1.507850274909287691e+00
1.293319553136825562e+00
1.696754704229533672e+00
1.492107114754617214e+00
1.288177017122507095e+00
1.271386174019426107e+00
1.264184454921633005e+00
1.271472672931849957e+00
1.242375086992979050e+00
1.294229873921722174e+00
1.537759525235742331e+00
1.386576795950531960e+00
1.644814775791019201e+00
1.590434772893786430e+00
1.277865822892636061e+00
1.524353345856070518e+00
1.583312884904444218e+00
1.816876630764454603e+00
1.568120986223220825e+00
1.564931039698421955e+00
1.420970421284437180e+00
1.502686269115656614e+00
1.804095624946057796e+00
1.704469434916973114e+00
1.620559713337570429e+00
1.425613298080861568e+00
1.677789179142564535e+00
1.325002974830567837e+00
1.293294842820614576e+00
1.210468644276261330e+00
1.475727002602070570e+00
1.689346294384449720e+00
1.566413354128599167e+00
1.445899544283747673e+00
1.545599434990435839e+00
1.856052604038268328e+00
1.509563438128679991e+00
1.296250536572188139e+00
1.208142929710447788e+00
1.444893742911517620e+00
1.410743758082389832e+00
1.379289226140826941e+00
1.280092796310782433e+00
2.064725688192993402e+00
2.354555050842463970e+00
2.065011428203433752e+00
2.145810616202652454e+00
1.671680551022291183e+00
1.572453740984201431e+00
1.357170145958662033e+00
1.370857894886285067e+00
1.351519438903778791e+00
1.624516739975661039e+00
1.425166986882686615e+00
1.436297920998185873e+00
1.303795217070728540e+00
1.309945484157651663e+00
1.415703385137021542e+00
1.689143975265324116e+00
1.445879593025892973e+00
1.325116746127605438e+00
1.531317695043981075e+00
1.655607960186898708e+00
1.655620410107076168e+00
2.355247322004288435e+00
2.077184344641864300e+00
