4.422620207071304432e-01
4.243721544742584117e-01
4.212504297494888417e-01
4.212347358465194924e-01
4.185683175921440236e-01
4.167347326874732971e-01
4.141026467084884533e-01
4.198376625776291116e-01
4.157299727201461681e-01
4.216870486736297718e-01
4.195550322532654031e-01
4.210154622793197410e-01
4.187875151634216087e-01
4.182096630334853904e-01
4.205588132143020519e-01
4.176059454679489358e-01
4.150163441896438377e-01
4.156652122735977062e-01
4.137812197208404763e-01
4.149641215801239125e-01
4.136789858341217152e-01
4.190454751253128163e-01
4.135017663240432850e-01
4.133208394050598145e-01
4.123191565275192150e-01
4.113385587930679099e-01
4.101493537425994762e-01
4.082649111747741477e-01
4.086378008127212746e-01
4.084050714969634788e-01
4.089563757181167714e-01
4.068505167961120605e-01
4.079108476638794167e-01
4.080931752920150535e-01
4.104147985577583091e-01
4.089858293533324973e-01
4.089297533035278209e-01
4.124799847602844127e-01
4.131567448377609364e-01
4.176491856575011985e-01
4.145271122455597146e-01
4.143834829330444447e-01
4.154583871364593284e-01
4.095617711544036754e-01
4.080926775932312012e-01
4.069443464279174916e-01
4.059002697467803955e-01
4.048986941576003806e-01
4.086720913648605458e-01
4.062237411737442128e-01
4.131868839263915794e-01
4.090500950813293346e-01
4.102174997329711692e-01
4.109753727912902610e-01
4.098625361919402965e-01
4.102904334664344566e-01
4.084352210164070018e-01
4.076613754034042469e-01
4.081698715686797874e-01
4.080784052610397228e-01
4.058953553438186534e-01
4.062588348984718101e-01
4.067852109670638816e-01
4.047713786363601463e-01
4.099764466285705788e-01
4.074298411607742421e-01
4.191833227872848733e-01
4.139201104640960471e-01
4.160747438669204490e-01
4.111386969685554282e-01
4.140965104103088157e-01
4.082644015550613292e-01
4.111460775136947521e-01
4.094905167818069236e-01
4.128603577613830788e-01
4.088780939579009788e-01
4.131568878889083640e-01
4.081126227974891663e-01
4.073902726173400657e-01
4.060049116611480491e-01
4.057467848062515370e-01
4.053104519844055176e-01
4.049487531185150258e-01
4.044327139854431152e-01
4.058921724557876809e-01
4.052683889865875133e-01
4.052546560764312966e-01
4.056756585836410745e-01
4.076371073722839244e-01
4.068106174468993919e-01
4.060613363981246948e-01
4.056851983070373646e-01
4.053113907575607300e-01
4.049565151333808788e-01
4.062663853168487771e-01
4.072360292077064625e-01
4.054799377918243408e-01
4.059952586889267190e-01
4.074960276484489441e-01
4.087415814399719127e-01
4.061562031507491843e-01
4.063274145126342662e-01
4.088458836078643910e-01
4.046936631202697754e-01
4.040138632059097068e-01
4.045238077640533336e-01
4.079572692513465659e-01
4.061977535486221424e-01
4.088636517524719127e-01
4.086488619446754234e-01
4.090854674577713013e-01
4.056750267744064220e-01
4.067540347576141246e-01
4.050590604543685691e-01
4.086131155490875244e-01
4.061127573251724354e-01
4.079373657703399547e-01
4.051296591758727916e-01
4.047866851091385110e-01
4.074386745691299661e-01
4.067046061158180459e-01
4.075500458478927834e-01
4.061486020684242360e-01
4.036125421524047741e-01
4.058386981487274170e-01
4.085038319230079873e-01
4.058099329471588357e-01
4.080119758844375499e-01
4.057043731212616189e-01
4.034754246473312156e-01
4.038806170225143211e-01
4.033964827656745800e-01
4.074125647544860618e-01
4.049686387181282154e-01
4.053896933794021717e-01
4.049116402864456066e-01
4.043615758419036865e-01
4.036540895700454490e-01
4.054769486188888328e-01
4.056598752737045066e-01
4.073325663805008046e-01
4.058147698640823253e-01
4.086345195770263450e-01
4.048308789730071799e-01
4.053195506334305032e-01
4.035732179880142101e-01
4.061153411865234264e-01
4.047060817480087058e-01
4.093111336231231578e-01
4.051258981227874867e-01
4.075575098395347595e-01
4.037651479244231956e-01
4.050547003746032826e-01
4.034895688295364602e-01
4.054838314652443043e-01
4.033408433198928944e-01
4.017893046140670887e-01
4.026816725730896218e-01
4.046067684888839944e-01
4.042384088039397971e-01
4.074629664421081654e-01
4.038270175457000510e-01
4.061179101467132790e-01
4.017609834671020397e-01
4.066955775022506603e-01
4.027267068624496571e-01
4.020020425319671409e-01
4.007877260446548462e-01
4.020111262798309326e-01
4.027307942509651406e-01
4.058980673551559337e-01
4.020720571279525757e-01
4.048395559191703685e-01
4.032315015792846680e-01
4.034136384725570679e-01
4.072774410247802512e-01
4.044335991144180076e-01
4.025088578462600597e-01
4.021724700927734597e-01
4.013423621654510498e-01
4.031536936759948508e-01
4.028130829334258811e-01
4.050422251224518044e-01
4.024144053459167703e-01
4.045842409133911244e-01
4.025883525609970093e-01
4.045073047280311473e-01
4.015209555625915416e-01
4.005317866802215465e-01
4.020751744508743175e-01
4.006319195032119751e-01
4.020506203174590842e-01
4.028405278921127208e-01
4.029490023851394764e-01
4.001309841871261708e-01
4.012052595615386852e-01
4.005881369113922230e-01
4.026437044143676980e-01
3.992213845252990945e-01
3.996009886264800803e-01
3.999359130859375111e-01
4.005518555641174316e-01
4.006062746047973633e-01
3.998908072710037342e-01
4.008059233427047618e-01
4.007865428924560769e-01
4.015982061624526755e-01
4.011316746473312378e-01
4.023631677031517251e-01
4.007777273654937744e-01
4.010509341955185159e-01
4.009905055165290944e-01
4.058556467294692771e-01
4.014687597751617210e-01
3.998494505882262962e-01
4.011463910341263039e-01
4.006953120231628307e-01
4.020428150892257912e-01
3.998936355113983376e-01
4.009207934141159058e-01
4.003287285566329845e-01
3.996471703052520974e-01
4.004442870616912731e-01
4.030223891139030346e-01
4.014440000057220570e-01
4.029754176735877991e-01
4.012033849954604880e-01
4.023449242115020863e-01
4.022206515073776245e-01
4.004398763179778942e-01
4.002984315156936646e-01
4.019206613302230835e-01
3.999343425035476463e-01
4.020426362752914651e-01
4.009143620729446189e-01
4.028555899858474731e-01
4.026611059904098289e-01
4.008072286844253651e-01
3.999825417995452881e-01
3.999297678470611350e-01
4.002309277653693931e-01
3.994318574666976818e-01
4.009194225072860718e-01
4.008628964424133523e-01
4.010721117258072010e-01
3.972815096378326527e-01
3.999322950839996338e-01
3.982564747333526833e-01
4.002840310335159524e-01
3.992459356784820446e-01
3.983192205429076926e-01
3.982180565595626609e-01
3.992243006825447194e-01
3.978785306215286144e-01
3.991334050893783347e-01
3.989700302481651306e-01
4.008886605501175149e-01
3.980777412652969360e-01
3.974227398633957131e-01
3.997883588075638039e-01
3.996486455202102883e-01
4.026409894227981345e-01
4.018893823027610557e-01
4.046942800283431785e-01
4.011277616024017112e-01
3.992246150970458762e-01
3.983163177967071755e-01
3.976083606481551902e-01
3.994876310229301675e-01
4.008587419986724965e-01
3.976378977298736794e-01
3.998678773641586304e-01
4.007735639810562356e-01
3.993697792291641124e-01
3.984906524419784546e-01
3.975841730833053478e-01
4.024185791611671337e-01
4.033799469470977783e-01
4.041908189654350170e-01
4.017257690429687500e-01
3.996522158384323009e-01
3.972406566143035778e-01
3.988287091255188210e-01
3.981870114803314209e-01
3.978861242532730214e-01
3.978198766708374023e-01
3.997409924864768760e-01
3.990916430950164906e-01
3.979151815176010243e-01
4.004871532320976035e-01
3.975840657949447632e-01
3.985965073108673207e-01
3.961215913295745850e-01
3.977235078811645619e-01
3.972906291484832875e-01
4.010131299495697244e-01
3.973375141620635875e-01
3.986346691846847645e-01
3.992070466279983298e-01
3.995490625500678905e-01
3.996541321277618519e-01
3.979217052459717019e-01
3.985098659992217796e-01
3.973859101533889771e-01
3.967677474021911732e-01
3.966940134763717873e-01
3.996771246194839589e-01
3.979681819677353127e-01
3.971007794141769298e-01
3.976836994290351979e-01
3.961446821689605935e-01
4.007234066724777444e-01
3.985388919711113087e-01
3.969281136989593617e-01
4.019868165254593118e-01
3.979266911745071300e-01
3.961078256368636974e-01
3.976725727319717629e-01
3.956105440855026134e-01
3.962450206279754528e-01
3.979807466268539540e-01
4.000030755996704102e-01
3.992670178413391113e-01
3.992956161499023326e-01
3.995507925748825184e-01
3.966965168714523537e-01
3.971184551715850608e-01
3.985788956284522788e-01
3.979037880897521862e-01
3.984110891819000466e-01
3.972578167915344349e-01
3.976356938481330761e-01
3.984347313642501720e-01
3.992888242006301658e-01
3.977505579590797646e-01
4.016964003443718179e-01
3.961916238069534413e-01
3.962789565324783547e-01
3.987292885780334695e-01
4.006236985325813404e-01
3.976846307516098133e-01
3.981328219175338523e-01
3.972896456718444935e-01
3.979835003614425881e-01
3.979972749948501587e-01
3.975245296955108865e-01
3.972761005163192860e-01
3.964120984077453835e-01
3.971492856740951316e-01
3.962819069623947366e-01
3.983239054679870716e-01
3.993090391159057617e-01
3.986118778586387745e-01
3.990533560514449851e-01
4.035454660654068104e-01
3.971505135297775380e-01
3.988813564181327709e-01
3.954972833395004050e-01
3.977767050266265980e-01
3.963616132736206277e-01
3.959891051054000854e-01
3.968462333083152549e-01
3.974834263324737438e-01
3.954134076833725198e-01
3.962805926799773948e-01
3.968980640172958263e-01
3.952791094779968262e-01
3.964562952518463357e-01
3.957935512065887673e-01
3.989549905061721691e-01
3.954997777938842884e-01
3.956990897655486839e-01
3.980798214673996194e-01
3.966553002595901711e-01
3.959637373685837014e-01
3.977675631642341725e-01
3.956204682588577159e-01
3.976779252290725819e-01
3.960872411727905384e-01
3.960598647594452126e-01
3.979587063193321117e-01
3.962937563657760731e-01
3.969467282295227051e-01
3.978133380413055309e-01
3.959300398826599010e-01
3.983411267399787903e-01
3.969757020473480003e-01
3.974473133683204540e-01
3.980234533548355214e-01
3.975057989358902200e-01
3.968318074941635243e-01
3.998396277427673229e-01
3.972161769866943137e-01
3.986380845308303833e-01
3.989726990461349709e-01
3.979637116193771584e-01
3.996855735778808705e-01
3.955139815807342529e-01
3.953430503606796265e-01
3.975979641079902538e-01
3.965165525674819724e-01
3.984899163246155007e-01
3.997222945094108804e-01
3.988320678472518921e-01
4.000392794609070046e-01
3.998178333044052346e-01
3.998393476009368674e-01
3.969055652618408425e-01
3.951000481843948142e-01
3.956708401441574319e-01
3.981127053499221580e-01
3.967633262276649697e-01
4.005007967352867126e-01
3.970064491033554188e-01
3.950353831052780262e-01
3.964375093579292075e-01
3.969517305493354686e-01
3.950116902589798085e-01
3.961984813213348389e-01
4.023777842521667480e-01
3.961390972137451283e-01
3.964989870786667092e-01
3.945937752723693848e-01
3.955718457698821910e-01
3.971596270799636619e-01
3.942112565040588601e-01
3.949241906404495350e-01
3.960092127323150413e-01
3.963513970375061035e-01
3.952733606100082286e-01
3.950593203306198009e-01
3.956958234310150035e-01
3.964445322751998790e-01
3.980131044983863942e-01
3.975881844758987205e-01
3.952238261699676514e-01
3.947838425636291393e-01
3.959049448370933755e-01
3.944431096315383911e-01
3.962336406111717224e-01
3.933901101350784080e-01
3.959850132465362327e-01
3.992371186614036560e-01
3.974454522132873646e-01
3.956876605749130027e-01
3.953526556491852029e-01
3.944842398166656383e-01
3.956700354814529641e-01
3.959788173437118752e-01
3.965502396225929482e-01
3.950299590826034657e-01
3.967310741543769725e-01
3.957276701927184837e-01
3.963430896401405334e-01
3.950644612312316784e-01
3.965664118528365867e-01
3.967683792114257701e-01
3.942972421646118164e-01
3.954709917306900024e-01
3.947960078716278298e-01
3.973228514194488414e-01
3.948753327131271362e-01
3.953950673341751210e-01
3.943172812461853138e-01
3.936845481395721547e-01
3.950287133455276378e-01
3.948948889970779197e-01
3.948305100202560425e-01
3.940613955259323342e-01
3.957315981388092041e-01
3.951584607362746970e-01
3.955643549561500549e-01
3.990145325660705566e-01
3.969996064901352151e-01
3.950814515352248923e-01
3.957149356603622548e-01
3.980777293443679699e-01
3.967793911695480236e-01
3.967852294445037842e-01
3.990510404109954834e-01
3.949956938624382130e-01
3.962711215019226185e-01
3.966235786676406971e-01
3.960079640150070412e-01
3.962601915001869313e-01
3.941112875938415638e-01
3.967957645654678345e-01
3.937943398952484242e-01
3.957663148641586415e-01
3.961581379175186379e-01
3.976974800229072793e-01
4.017786949872970692e-01
3.959968745708465354e-01
3.934046030044555664e-01
3.952522575855255127e-01
3.971454173326492421e-01
3.950440675020218118e-01
3.942914873361587635e-01
3.951601594686507957e-01
3.941432908177375793e-01
3.932085782289505005e-01
3.938065528869628684e-01
3.953490376472473256e-01
3.939165621995925903e-01
3.960825860500335471e-01
3.948159605264663918e-01
3.944539397954940907e-01
3.943883925676345825e-01
3.955131053924560436e-01
3.934038728475570679e-01
3.939646631479263306e-01
3.945025265216827171e-01
3.942235857248306274e-01
3.944897621870041005e-01
3.969358354806900024e-01
3.941707104444504006e-01
3.947953194379806297e-01
3.954022258520126232e-01
3.929113715887069813e-01
3.958283245563506969e-01
3.935406535863876232e-01
3.950084418058395497e-01
3.968902945518493763e-01
3.946436017751693837e-01
3.934774339199066384e-01
3.952990144491195790e-01
3.932760745286941750e-01
3.939296156167984009e-01
3.929576933383941428e-01
3.948978260159492493e-01
3.947755381464957969e-01
3.936596959829330444e-01
3.942148119211196788e-01
3.937792122364044411e-01
3.952583044767379872e-01
3.952356249094009510e-01
3.992984056472778098e-01
3.978034764528274314e-01
3.980097591876983754e-01
3.962170511484146007e-01
3.936072856187820546e-01
3.957887649536132590e-01
3.932735592126846424e-01
3.933650821447372548e-01
3.956717565655708535e-01
3.946776032447815163e-01
3.962076380848884583e-01
3.951539814472198597e-01
3.948115557432174683e-01
3.945276722311973350e-01
3.964782372117042764e-01
3.945224374532699807e-01
3.945652574300765880e-01
3.962629437446594238e-01
3.930029213428497536e-01
3.967566356062889321e-01
3.933035522699356301e-01
3.935318082571029885e-01
3.968844681978225819e-01
3.982500106096267811e-01
3.958700120449066273e-01
3.935931116342544778e-01
3.930521845817566140e-01
3.948332011699676736e-01
3.937543332576751709e-01
3.940978437662124856e-01
3.949900776147842185e-01
3.939473181962966919e-01
3.942162990570068359e-01
3.927826136350631714e-01
3.936357855796813743e-01
3.934965878725051880e-01
3.954815566539764404e-01
3.975711673498153464e-01
3.955179840326309426e-01
3.954785302281379478e-01
3.937224388122558816e-01
3.935507655143737904e-01
3.940916091203689464e-01
3.928881287574768066e-01
3.952363535761833080e-01
3.932680577039718850e-01
3.929572343826294167e-01
3.961356878280639648e-01
3.952045768499374279e-01
3.950370296835899464e-01
3.934707313776016346e-01
3.973055124282837136e-01
3.959967792034149170e-01
3.957953482866287120e-01
3.949760735034942849e-01
3.943047612905502541e-01
3.964047685265540966e-01
3.961616292595863120e-01
3.942675441503524780e-01
3.935540437698364369e-01
3.948603183031081931e-01
3.946241497993469016e-01
3.941892266273498424e-01
3.937396287918090709e-01
3.929533123970031516e-01
3.944237768650055154e-01
3.931774795055389404e-01
3.955063223838806152e-01
3.929205387830734253e-01
3.929214745759964100e-01
3.948826611042022816e-01
3.951214700937271118e-01
3.927933663129806741e-01
3.954648166894912942e-01
3.935700476169586293e-01
3.929273247718810813e-01
3.945093363523483054e-01
3.947486549615860096e-01
3.945448487997055276e-01
3.927202194929123036e-01
3.956963121891021729e-01
3.946877360343933328e-01
3.922510057687759177e-01
3.958975315093994363e-01
3.954706519842147716e-01
3.936452001333236583e-01
3.960939928889274375e-01
3.940156906843185203e-01
3.943179234862327354e-01
3.936928480863571278e-01
3.936081618070602639e-01
3.929012268781661987e-01
3.931434810161590354e-01
3.940756961703300587e-01
3.967180371284484974e-01
3.948440611362457053e-01
3.933559119701385276e-01
3.944675400853157043e-01
3.959161505103111489e-01
3.948626399040222057e-01
3.933493614196777455e-01
3.940469890832901112e-01
3.934681832790374867e-01
3.930658161640167014e-01
3.928439170122146606e-01
3.950312450528145058e-01
3.947262153029441611e-01
3.938182502985000388e-01
3.950149789452552795e-01
3.953859061002731323e-01
3.931997060775757058e-01
3.939893096685409546e-01
3.950831562280655018e-01
3.933976978063583596e-01
3.965519145131111145e-01
3.947520896792411915e-01
3.939588576555251853e-01
3.940559163689613120e-01
3.959773138165473827e-01
3.940617591142654419e-01
3.932115599513054116e-01
3.940638720989227406e-01
3.930445224046706931e-01
3.930503517389297707e-01
3.932321652770042197e-01
3.942492827773094177e-01
3.944911003112793191e-01
3.924399465322494507e-01
3.944940596818923839e-01
3.937131226062774436e-01
3.937760084867477639e-01
3.930079221725463756e-01
3.934671014547347911e-01
3.943339079618454202e-01
3.931140482425689586e-01
3.941203191876411216e-01
3.919811457395553367e-01
3.928632736206054688e-01
3.935610026121139637e-01
3.935500055551529042e-01
3.922011971473693959e-01
3.947703242301940918e-01
3.939261853694915883e-01
3.959220573306083679e-01
3.925711214542388916e-01
3.936690419912338146e-01
3.934785276651382446e-01
3.927468925714492909e-01
3.928812623023986705e-01
3.928134322166442760e-01
3.925713181495666393e-01
3.939678817987442017e-01
3.949538618326187134e-01
3.936299532651901245e-01
3.945796847343444602e-01
3.936157137155532615e-01
3.928346633911132812e-01
3.935100167989730724e-01
3.942628532648086437e-01
3.950931400060653798e-01
3.929194450378418191e-01
3.934063732624054066e-01
3.936171531677246094e-01
3.943078279495239036e-01
3.928489372134208457e-01
3.929026097059249989e-01
3.945749402046203613e-01
3.922997146844863781e-01
3.923690319061279297e-01
3.941656708717345969e-01
3.951186046004295238e-01
3.945010736584663169e-01
3.939935624599456565e-01
3.941462010145187489e-01
3.939906716346740501e-01
3.924511671066284180e-01
3.932478874921798706e-01
3.928030312061309703e-01
3.925223946571350098e-01
3.933074444532394520e-01
3.925301134586334229e-01
3.921756535768509133e-01
3.939579010009765514e-01
3.921085923910140880e-01
3.921820878982543723e-01
3.924547791481017844e-01
3.931578978896140830e-01
3.932489514350890891e-01
3.933555871248245461e-01
3.943997681140899436e-01
3.932875424623489269e-01
3.943223267793655173e-01
3.917456716299057007e-01
3.924358993768691795e-01
3.938939616084098927e-01
3.932959452271461709e-01
3.930787101387977489e-01
3.932209357619285695e-01
3.919385790824890248e-01
3.939841508865356556e-01
3.933666050434112549e-01
3.933643117547035439e-01
3.939207941293716431e-01
3.944789901375770347e-01
3.931422084569931030e-01
3.922053515911102517e-01
3.940576165914535522e-01
3.920734137296676414e-01
3.942893952131271140e-01
3.932690769433975220e-01
3.929392740130424611e-01
3.914975017309189065e-01
3.940041273832320945e-01
3.948315352201461903e-01
3.929210454225540161e-01
3.923180222511291615e-01
3.921543926000595204e-01
3.921762138605117687e-01
3.923565894365310669e-01
3.927429094910621643e-01
3.924777209758758545e-01
3.923404127359390037e-01
3.930899888277054055e-01
3.933951258659362793e-01
3.935733065009117126e-01
3.928428232669830544e-01
3.930621236562729104e-01
3.938009530305862649e-01
3.926423996686935203e-01
3.920641273260116466e-01
3.934357225894927756e-01
3.926115542650222556e-01
3.937118500471115112e-01
3.926230430603027122e-01
3.929982483386993408e-01
3.927248537540435902e-01
3.942534595727920643e-01
3.924119174480438232e-01
3.931434839963913186e-01
3.934161394834518322e-01
3.922075390815734641e-01
3.920416057109832875e-01
3.918797701597213634e-01
3.934929966926574707e-01
3.944362491369247659e-01
3.927381545305251853e-01
3.931025758385658375e-01
3.931695058941840903e-01
3.930158495903015026e-01
3.933882936835289001e-01
3.933772414922714344e-01
3.944997698068618552e-01
3.933763742446899636e-01
3.924290180206299050e-01
3.915296852588653342e-01
3.931135758757591248e-01
3.923749864101410134e-01
3.938898846507072338e-01
3.926752686500549205e-01
3.924997627735137828e-01
3.940838932991027610e-01
3.919458061456680409e-01
3.930313259363174549e-01
3.924385190010070690e-01
3.939576044678688160e-01
3.938044518232345359e-01
3.929440647363662831e-01
3.948083236813545449e-01
3.922588169574737771e-01
3.954301878809928783e-01
3.931575715541839600e-01
3.930837005376816018e-01
3.926170736551284901e-01
3.923182070255279430e-01
3.925303772091865429e-01
3.921697378158569558e-01
3.932434245944023132e-01
3.929237186908721702e-01
3.928916931152343639e-01
3.918378829956054576e-01
3.923532456159591897e-01
3.934283465147018211e-01
3.929521918296813854e-01
3.929999545216560364e-01
3.917144149541854636e-01
3.916677802801132313e-01
3.936658412218093650e-01
3.925603717565536721e-01
3.923137545585632102e-01
3.917886465787887573e-01
3.925916671752929799e-01
3.928685754537582508e-01
3.918959259986877219e-01
3.938486397266388050e-01
3.927300766110420338e-01
3.929380834102630393e-01
3.921278476715087669e-01
3.920905232429504617e-01
3.919757395982742532e-01
3.926754683256149514e-01
3.923829317092895619e-01
3.925504744052886741e-01
3.921217411756515725e-01
3.918467730283737294e-01
3.936275824904441611e-01
3.924845337867736705e-01
3.925782978534698708e-01
3.922814637422561423e-01
3.932110473513603099e-01
3.926743596792220958e-01
3.929937452077865712e-01
3.925822228193283081e-01
3.921265900135040283e-01
3.930899709463119285e-01
3.917820572853088490e-01
3.935797452926635964e-01
3.945246368646621593e-01
3.931527957320213318e-01
3.914517462253570557e-01
3.918950736522674450e-01
3.923746496438980103e-01
3.912047028541564830e-01
3.932141363620758057e-01
3.919362217187881692e-01
3.929538875818252563e-01
3.931211680173873901e-01
3.919560879468917958e-01
3.915367722511291504e-01
3.922141954302788003e-01
3.916994065046310314e-01
3.949653923511505238e-01
3.928037256002426258e-01
3.924289524555206188e-01
3.925544679164886253e-01
3.925247699022292869e-01
3.929621934890746848e-01
3.925212636590004189e-01
3.933950245380401500e-01
3.927265107631683350e-01
3.924874693155288585e-01
3.918630003929138295e-01
3.919274717569350974e-01
3.931309729814529419e-01
3.920437991619110107e-01
3.922581553459167369e-01
3.954079583287238853e-01
3.951705604791641013e-01
3.932694375514984020e-01
3.920044928789138683e-01
3.918510586023330466e-01
3.932422220706939808e-01
3.919902756810188516e-01
3.922501847147941700e-01
3.932062208652496449e-01
3.931028366088867299e-01
3.924062490463257058e-01
3.917991429567336814e-01
3.925922870635986106e-01
3.917226076126098522e-01
3.919587641954421775e-01
3.925096422433853038e-01
3.919913619756698608e-01
3.935590088367462158e-01
3.921220526099205017e-01
3.926398992538452370e-01
3.937033593654632457e-01
3.921614736318588257e-01
3.918266445398330688e-01
3.930424079298973083e-01
3.922556400299072044e-01
3.921353548765182384e-01
3.915102779865264893e-01
3.934179782867431863e-01
3.916635811328887939e-01
3.934891879558563010e-01
3.917270630598068126e-01
3.943535596132278220e-01
3.925147980451583751e-01
3.915742695331573264e-01
3.920983791351318470e-01
3.923841595649719127e-01
3.917947858572006226e-01
3.917182445526122825e-01
3.921034336090087891e-01
3.948048755526542553e-01
3.918650358915328757e-01
3.926957607269286887e-01
3.917533487081527599e-01
3.919376909732818492e-01
3.918057024478912576e-01
3.916558295488357655e-01
3.924261778593063354e-01
3.921881765127182007e-01
3.928001686930656655e-01
3.915553599596023338e-01
3.927266865968704335e-01
3.931565329432487599e-01
3.927425086498260720e-01
3.917304724454879761e-01
3.930916070938110241e-01
3.923805683851241954e-01
3.919669926166534646e-01
3.920005947351455911e-01
3.921986401081085094e-01
3.930078908801079018e-01
3.922403037548065075e-01
3.939972922205924877e-01
3.917118817567825095e-01
3.918459534645080677e-01
3.928167283535003440e-01
3.929559439420700073e-01
3.924644321203231701e-01
3.920827090740203746e-01
3.921879768371582253e-01
3.918796598911285511e-01
3.916699200868606345e-01
3.922259330749511830e-01
3.913501650094985962e-01
3.931530699133872764e-01
3.917995512485504261e-01
3.925137266516685597e-01
3.920282870531082153e-01
3.922011852264404297e-01
3.941818311810493247e-01
3.938902780413627847e-01
3.920601963996886985e-01
3.918239057064056285e-01
3.920178323984145896e-01
3.929889649152755737e-01
3.915537804365157859e-01
3.930497780442238076e-01
3.927794530987739341e-01
3.925277441740036011e-01
3.923454403877258412e-01
3.930233776569366233e-01
3.916783988475799339e-01
3.917256295680999756e-01
3.918462246656417847e-01
3.926895737648010143e-01
3.918164581060409324e-01
3.930039048194885476e-01
3.919416368007659912e-01
3.939993128180503956e-01
3.918468058109283447e-01
3.916148006916045921e-01
3.932547539472580067e-01
3.928563654422759788e-01
3.922313481569290050e-01
3.923640012741088645e-01
3.916437685489654319e-01
3.917417228221893311e-01
3.923164024949074014e-01
3.919386684894561879e-01
3.934859260916709900e-01
3.938119322061538474e-01
3.923571705818176270e-01
3.913732171058654785e-01
3.938410788774490134e-01
3.920745104551315308e-01
3.928169608116149902e-01
3.923214495182037465e-01
3.923971116542815940e-01
3.918760240077972523e-01
3.916343986988067849e-01
