1.042126470804214389e+00
1.010770052671432495e+00
1.012660306692123369e+00
9.720796048641204834e-01
9.615603566169739214e-01
9.541094779968262163e-01
9.437318861484527144e-01
9.498339891433715820e-01
9.467336356639861616e-01
9.459216177463531938e-01
9.424288332462310569e-01
9.634473204612732378e-01
9.398830652236938032e-01
9.420331001281738725e-01
9.364169836044311523e-01
9.239059090614318848e-01
9.295417487621306929e-01
9.213010311126709206e-01
9.309022188186645286e-01
9.437233269214629905e-01
9.598452091217041238e-01
9.365555047988891602e-01
9.333725273609161377e-01
9.092041492462158425e-01
9.033928394317627397e-01
9.003646194934844527e-01
8.991186141967772993e-01
8.950998544692992942e-01
8.925628483295440230e-01
8.925518751144408958e-01
8.952057003974914773e-01
8.926699340343475786e-01
8.946395277976989524e-01
8.943276226520537886e-01
8.919794201850891335e-01
8.904340922832488792e-01
8.898662209510803667e-01
9.071514248847961648e-01
9.212472975254059060e-01
9.085192561149597612e-01
9.001485228538512740e-01
9.059342503547668235e-01
9.000164151191711870e-01
8.866553604602813721e-01
8.822207391262054665e-01
8.841935038566589578e-01
8.801225006580353227e-01
8.794407188892364724e-01
8.840144932270049827e-01
8.852014482021332009e-01
8.907242715358734131e-01
8.905121743679046409e-01
9.087216556072235107e-01
8.838719606399536577e-01
8.837521553039551225e-01
8.810527443885802779e-01
8.803431630134582742e-01
8.790516674518584761e-01
8.795688986778259499e-01
8.793327510356903076e-01
8.758026003837585671e-01
8.750391483306885210e-01
8.755466520786285844e-01
8.814397811889648215e-01
8.815657973289490190e-01
8.923955023288726585e-01
9.203260242938995361e-01
8.986876130104064497e-01
8.894387781620025635e-01
8.917535781860351785e-01
8.910912334918975608e-01
8.809119522571563499e-01
8.955872058868408203e-01
8.929265141487121582e-01
8.914931654930114968e-01
8.839816391468048318e-01
8.856867372989654097e-01
8.815407454967498779e-01
8.729861140251159446e-01
8.740560114383697510e-01
8.736504614353179932e-01
8.742056965827942339e-01
8.708738267421722856e-01
8.723523557186126931e-01
8.737874627113342285e-01
8.747416377067566140e-01
8.774773180484771729e-01
8.743682026863097700e-01
8.838608801364898904e-01
8.748231351375579390e-01
8.718862235546112061e-01
8.712657928466797097e-01
8.727201581001281516e-01
8.757151961326599121e-01
8.759319305419921431e-01
8.737585723400116411e-01
8.711350560188293457e-01
8.726532280445098433e-01
8.723862707614898904e-01
8.779669463634490745e-01
8.737783312797546831e-01
8.829058945178985818e-01
8.728763580322265181e-01
8.700993418693542258e-01
8.696793019771575928e-01
8.706096351146698220e-01
8.849720478057860884e-01
8.811014711856841597e-01
8.806316614151000755e-01
8.886112451553345171e-01
8.716395735740661843e-01
8.761343181133269820e-01
8.804669737815856712e-01
8.727285921573638694e-01
8.804740905761718750e-01
8.826112627983093706e-01
8.695664167404174583e-01
8.729447841644286665e-01
8.693091630935668723e-01
8.708538353443145974e-01
8.753386735916137695e-01
8.752753198146819846e-01
8.724056243896484153e-01
8.697474479675293413e-01
8.792627573013305220e-01
8.768100202083587424e-01
8.768630981445312278e-01
8.849473953247070090e-01
8.706143915653228316e-01
8.657574355602264404e-01
8.691642820835113747e-01
8.790528714656830056e-01
8.777787923812866433e-01
8.685140073299407737e-01
8.693293392658233421e-01
8.684107065200805664e-01
8.653310060501098189e-01
8.668619453907012717e-01
8.722765624523163286e-01
8.761420130729675737e-01
8.762022078037261519e-01
8.732698917388915794e-01
8.837812900543212669e-01
8.780068039894104448e-01
8.719684302806853804e-01
8.761275112628936768e-01
8.813878357410430686e-01
8.820868313312530962e-01
8.795450150966643843e-01
8.744863688945769820e-01
8.688583672046661377e-01
8.667260825634002241e-01
8.701695024967193159e-01
8.749751865863799605e-01
8.710086941719055176e-01
8.647725164890289751e-01
8.649897217750549538e-01
8.716087341308593750e-01
8.773369073867798296e-01
8.752551972866058350e-01
8.880375325679779053e-01
8.696894764900207075e-01
8.826442956924438477e-01
8.782398045063019021e-01
8.736992180347442627e-01
8.707913577556609663e-01
8.691169738769530806e-01
8.636256754398345947e-01
8.657153427600861040e-01
8.716736137866973877e-01
8.678306221961975542e-01
8.678666174411773238e-01
8.779907941818236861e-01
8.829650998115539107e-01
8.735346794128417969e-01
8.699647486209869385e-01
8.663315892219543013e-01
8.646166682243346946e-01
8.639163553714752641e-01
8.647544324398040994e-01
8.692900300025939719e-01
8.676268875598907027e-01
8.747447192668914573e-01
8.700128972530365434e-01
8.704087674617767556e-01
8.649636507034301758e-01
8.662641406059264915e-01
8.643310844898224321e-01
8.641971766948699507e-01
8.652402520179748313e-01
8.622323632240295188e-01
8.666058540344238059e-01
8.848370015621185303e-01
8.672625899314880815e-01
8.627307355403900369e-01
8.656860053539275901e-01
8.625249207019806130e-01
8.670209944248199463e-01
8.631272375583648460e-01
8.606824636459350364e-01
8.616822659969329834e-01
8.630344688892364058e-01
8.617084980010986106e-01
8.602568686008453813e-01
8.609731018543242964e-01
8.617124259471893311e-01
8.671147704124451128e-01
8.614064931869507280e-01
8.671661138534545454e-01
8.643421590328216331e-01
8.678079009056091087e-01
8.639023303985595703e-01
8.701263844966888872e-01
8.666378676891326460e-01
8.625916004180907981e-01
8.642182409763335960e-01
8.635736525058745894e-01
8.663048982620239480e-01
8.606926381587982622e-01
8.629640877246856911e-01
8.663302958011627197e-01
8.604828000068664995e-01
8.665128588676452859e-01
8.679455816745758057e-01
8.707283139228820801e-01
8.712980389595031960e-01
8.639174580574036089e-01
8.650606155395508257e-01
8.626822590827941672e-01
8.640343010425567405e-01
8.676516115665435791e-01
8.670447528362273948e-01
8.703012168407440186e-01
8.735182881355285645e-01
8.731641829013824241e-01
8.722490608692169411e-01
8.644305944442749468e-01
8.637448310852050559e-01
8.615250468254089800e-01
8.615447342395782249e-01
8.636385262012481467e-01
8.674025297164916770e-01
8.719483613967895508e-01
8.693302214145660622e-01
8.616181492805481401e-01
8.574723064899444358e-01
8.599678039550781028e-01
8.618663191795349343e-01
8.634469509124755859e-01
8.631871461868285689e-01
8.593073904514312300e-01
8.591579735279083474e-01
8.589603900909423828e-01
8.573316156864165816e-01
8.601270735263824019e-01
8.629598021507263184e-01
8.632250785827636497e-01
8.580387115478516069e-01
8.583438217639922652e-01
8.622207581996917947e-01
8.582033336162566695e-01
8.658111095428466797e-01
8.680743157863617387e-01
8.640583932399750200e-01
8.614838182926177756e-01
8.632698476314544234e-01
8.592933356761932595e-01
8.573612511157989724e-01
8.623433828353881392e-01
8.667224586009979470e-01
8.602705359458923118e-01
8.667582273483276367e-01
8.656928122043610063e-01
8.607114970684051070e-01
8.587681770324706587e-01
8.580237448215484175e-01
8.635717511177063432e-01
8.648877441883087158e-01
8.654559850692749023e-01
8.600054621696472390e-01
8.612902522087096946e-01
8.571133673191070335e-01
8.568810284137725608e-01
8.584617495536803755e-01
8.586972534656525102e-01
8.568683147430420366e-01
8.606612741947173850e-01
8.623091042041778342e-01
8.572506368160247581e-01
8.631373763084411177e-01
8.578452050685883012e-01
8.600573539733886719e-01
8.588397443294525369e-01
8.620234370231628640e-01
8.625358283519745095e-01
8.607236802577972190e-01
8.579880297183990479e-01
8.624592125415802002e-01
8.588022589683532715e-01
8.617523193359375444e-01
8.608150660991669145e-01
8.593677937984466331e-01
8.584040403366088867e-01
8.560210168361663818e-01
8.563217520713806152e-01
8.558901488780975564e-01
8.572933256626129594e-01
8.596295058727264626e-01
8.600056767463684082e-01
8.567487239837646706e-01
8.567876398563385454e-01
8.593198537826538530e-01
8.598418772220611794e-01
8.691120266914367232e-01
8.655543684959411399e-01
8.567890584468841331e-01
8.554585099220275435e-01
8.569321095943450706e-01
8.554320931434631348e-01
8.541472971439361128e-01
8.615329980850219282e-01
8.693325281143188255e-01
8.641963958740234153e-01
8.656891822814941628e-01
8.669561266899108443e-01
8.640601217746735063e-01
8.612033545970916304e-01
8.716002106666564941e-01
8.595185160636902300e-01
8.577046394348144531e-01
8.572034180164337380e-01
8.605278134346008301e-01
8.595122754573821799e-01
8.609860599040984885e-01
8.628884494304657204e-01
8.631464540958404541e-01
8.555981099605560747e-01
8.577545523643493874e-01
8.623019635677338091e-01
8.649827122688293901e-01
8.585125744342804177e-01
8.627938032150268555e-01
8.612623929977416548e-01
8.645072996616363081e-01
8.656873941421509011e-01
8.564554393291473611e-01
8.582901179790496382e-01
8.544296562671661599e-01
8.580896556377410889e-01
8.603481888771057351e-01
8.629511117935180220e-01
8.625259578227997270e-01
8.586018443107604758e-01
8.623657464981079324e-01
8.658724486827850120e-01
8.564541280269623025e-01
8.607400476932525191e-01
8.545927882194519487e-01
8.561525821685791460e-01
8.559901475906371848e-01
8.535292625427246538e-01
8.608700513839722124e-01
8.629984855651855469e-01
8.584111690521240012e-01
8.566765367984772173e-01
8.547233939170837402e-01
8.546641528606414573e-01
8.592903256416321023e-01
8.609104096889496072e-01
8.602643609046936035e-01
8.537979722023010254e-01
8.542679071426391157e-01
8.556819677352904829e-01
8.560309708118438721e-01
8.547287225723266824e-01
8.570042610168456809e-01
8.534706950187682661e-01
8.559306561946868896e-01
8.536928892135620117e-01
8.551219522953033003e-01
8.566686987876892534e-01
8.559229493141173872e-01
8.578921973705291304e-01
8.586040377616882546e-01
8.603758335113524947e-01
8.663076460361480713e-01
8.597568690776824507e-01
8.599483907222748025e-01
8.691337704658508301e-01
8.602270424365997536e-01
8.589038550853729248e-01
8.662824034690856934e-01
8.589915454387664351e-01
8.625128388404845747e-01
8.570200741291046365e-01
8.570057213306426780e-01
8.576032936573028120e-01
8.562156438827515093e-01
8.550665497779845747e-01
8.605825245380401833e-01
8.549378931522368941e-01
8.580494463443756326e-01
8.653019785881042036e-01
8.607944250106811523e-01
8.585535883903503418e-01
8.602842032909393533e-01
8.581027209758758101e-01
8.558649659156799538e-01
8.557746827602386031e-01
8.545927107334136963e-01
8.562718152999877486e-01
8.590451180934906006e-01
8.637907683849335161e-01
8.594660580158233198e-01
8.565189182758331521e-01
8.559309303760528342e-01
8.577949285507202593e-01
8.531289160251617210e-01
8.549332022666931152e-01
8.707366764545441118e-01
8.561609208583831343e-01
8.560056269168854204e-01
8.554844021797179954e-01
8.567147791385650857e-01
8.562576770782470703e-01
8.524281680583953857e-01
8.528182685375214067e-01
8.565157473087310347e-01
8.570007324218750222e-01
8.542480051517487016e-01
8.560634195804596169e-01
8.582349061965942605e-01
8.595863521099090798e-01
8.601794242858886719e-01
8.575353920459747314e-01
8.557152807712554710e-01
8.536166965961455855e-01
8.561107218265533447e-01
8.532626092433929221e-01
8.602607190608978494e-01
8.526190280914306419e-01
8.596217453479766402e-01
8.623681008815765603e-01
8.580422878265381303e-01
8.557041466236114946e-01
8.523747384548187034e-01
8.526357233524322066e-01
8.550712883472442183e-01
8.543794929981232134e-01
8.548208594322204146e-01
8.529235839843749556e-01
8.534503400325774702e-01
8.587907016277313010e-01
8.585010409355163796e-01
8.558766245841979980e-01
8.556479871273040549e-01
8.561265408992767556e-01
8.519149065017700417e-01
8.524621665477752908e-01
8.529180049896240012e-01
8.620164334774017556e-01
8.532869517803192139e-01
8.570783317089081255e-01
8.524579346179962380e-01
8.509623050689697488e-01
8.514342844486236794e-01
8.524695277214050515e-01
8.529730141162872314e-01
8.532314240932464822e-01
8.553860247135162131e-01
8.560503423213958740e-01
8.558868050575256792e-01
8.623587608337401900e-01
8.601914405822753684e-01
8.527948439121246782e-01
8.553880333900452104e-01
8.595157682895659956e-01
8.582876324653625488e-01
8.598409712314605269e-01
8.630983054637908491e-01
8.561110973358154741e-01
8.527919054031372070e-01
8.590325534343719038e-01
8.585670113563537154e-01
8.556991755962372048e-01
8.523238778114319292e-01
8.547109007835388406e-01
8.517379701137542947e-01
8.551270782947539839e-01
8.523467838764190452e-01
8.551827609539032204e-01
8.646322727203369363e-01
8.557877063751220259e-01
8.547461748123168501e-01
8.552016258239746316e-01
8.557549476623534934e-01
8.525398313999176247e-01
8.531981945037842019e-01
8.517019212245940940e-01
8.519941151142120805e-01
8.497801601886749712e-01
8.511551558971405251e-01
8.541403770446777122e-01
8.504060804843902588e-01
8.556113660335540327e-01
8.517096936702728271e-01
8.515100777149200439e-01
8.556434929370879683e-01
8.545798003673553689e-01
8.511715650558471236e-01
8.521349787712096946e-01
8.560234129428863081e-01
8.533011376857757568e-01
8.508744180202484353e-01
8.590895533561706543e-01
8.508132636547088845e-01
8.528019428253174050e-01
8.540309727191924827e-01
8.530764758586883989e-01
8.560056746006011741e-01
8.515491783618927002e-01
8.518904030323029009e-01
8.580891549587249534e-01
8.522981405258178711e-01
8.527285933494568315e-01
8.530825912952423318e-01
8.512416720390320046e-01
8.539188027381896529e-01
8.493402063846587913e-01
8.527919352054595947e-01
8.562386631965637207e-01
8.498611569404601607e-01
8.514577031135559526e-01
8.548161983489990234e-01
8.565796375274657981e-01
8.565713822841644065e-01
8.667158961296081987e-01
8.635742485523223433e-01
8.607749819755554643e-01
8.517145872116088645e-01
8.504586994647980180e-01
8.596616804599761519e-01
8.504365444183349387e-01
8.502934753894806352e-01
8.573748350143433061e-01
8.498712897300719771e-01
8.558699548244476096e-01
8.537252604961395042e-01
8.537062585353851762e-01
8.549331188201904075e-01
8.538833260536193848e-01
8.506499588489532249e-01
8.520630717277526411e-01
8.533895969390868919e-01
8.506114780902862549e-01
8.556883335113525391e-01
8.503816604614258257e-01
8.499032914638519065e-01
8.563206434249878152e-01
8.557037115097045898e-01
8.532073736190796120e-01
8.489401519298553911e-01
8.513628363609313521e-01
8.514799594879149947e-01
8.513411641120910422e-01
8.500849246978759988e-01
8.527667105197906938e-01
8.513801097869873047e-01
8.519276916980743630e-01
8.489617824554442915e-01
8.499610066413879617e-01
8.518582940101623313e-01
8.552260160446166770e-01
8.607692658901214822e-01
8.569150209426880105e-01
8.536976397037505659e-01
8.521916925907134788e-01
8.511235833168029341e-01
8.501927435398102251e-01
8.493595778942107932e-01
8.529416799545288530e-01
8.489292740821838823e-01
8.504062712192534956e-01
8.555320203304290771e-01
8.545704364776611772e-01
8.536588072776793990e-01
8.522768914699554443e-01
8.569229185581207497e-01
8.551381647586822066e-01
8.547044992446899414e-01
8.520076334476470725e-01
8.516814291477203813e-01
8.574729740619659868e-01
8.557521879673004594e-01
8.495833754539490190e-01
8.512457370758056419e-01
8.563618719577789085e-01
8.522364318370818648e-01
8.530031323432922807e-01
8.530227065086364302e-01
8.507253170013427956e-01
8.516370832920074907e-01
8.519237875938415749e-01
8.548270642757416216e-01
8.484426140785217285e-01
8.489825367927551492e-01
8.521656870841980425e-01
8.530704438686370628e-01
8.492961704730987993e-01
8.562079966068267822e-01
8.498386740684509277e-01
8.505949497222899947e-01
8.493319094181061013e-01
8.528219699859619363e-01
8.525993227958679199e-01
8.486372530460357666e-01
8.533705830574035422e-01
8.550691187381744829e-01
8.507810533046722412e-01
8.547089397907257080e-01
8.563187599182129350e-01
8.503897190093994141e-01
8.556000173091888872e-01
8.497158527374267800e-01
8.507039785385132058e-01
8.529801964759826660e-01
8.492421150207519753e-01
8.484029412269592507e-01
8.493967831134796587e-01
8.531589984893799272e-01
8.534110844135284202e-01
8.508944392204285112e-01
8.489615559577942117e-01
8.529591023921966331e-01
8.567417681217193159e-01
8.524750292301177534e-01
8.496597826480865034e-01
8.511040449142456277e-01
8.487415969371795432e-01
8.515756726264953613e-01
8.482597351074219194e-01
8.574411869049072266e-01
8.524061501026153342e-01
8.492114663124084029e-01
8.524091601371764915e-01
8.514649331569671409e-01
8.513002991676330566e-01
8.581446051597595437e-01
8.584712803363799827e-01
8.519607722759247048e-01
8.548318862915038618e-01
8.531020939350127952e-01
8.510432124137878862e-01
8.521449446678162065e-01
8.550051808357238547e-01
8.518180072307586226e-01
8.502459168434143288e-01
8.498441696166991743e-01
8.504160284996032937e-01
8.499169230461121050e-01
8.499564111232758012e-01
8.514319062232971191e-01
8.516088187694549339e-01
8.486021697521209939e-01
8.512813866138457808e-01
8.523646056652068870e-01
8.489794015884399858e-01
8.522980690002441850e-01
8.537813067436218484e-01
8.524101912975311501e-01
8.489103615283966064e-01
8.521186530590056929e-01
8.488971650600433128e-01
8.488343417644500510e-01
8.490028500556945357e-01
8.495564281940459761e-01
8.489564836025238481e-01
8.530342936515807883e-01
8.488759875297546831e-01
8.565115511417389360e-01
8.496663749217987505e-01
8.508777141571044478e-01
8.515227496623992698e-01
8.496501684188842995e-01
8.491557061672210249e-01
8.480244755744934526e-01
8.488465309143066184e-01
8.502700448036193404e-01
8.530871272087097168e-01
8.531293749809265581e-01
8.525751650333404097e-01
8.503137111663818803e-01
8.477390408515930176e-01
8.501984834671020286e-01
8.497583091259002241e-01
8.521106004714965598e-01
8.490815162658691406e-01
8.499312341213226540e-01
8.495394110679626021e-01
8.520337641239166260e-01
8.515126168727874534e-01
8.499500453472137451e-01
8.515414357185363547e-01
8.473933160305022749e-01
8.492084980010986550e-01
8.498508214950561968e-01
8.547050833702087846e-01
8.585702359676361528e-01
8.493437647819519487e-01
8.541060805320739302e-01
8.556879639625549760e-01
8.494335472583770530e-01
8.494209885597229226e-01
8.495439648628234641e-01
8.478074908256530984e-01
8.503779113292694314e-01
8.498012185096740501e-01
8.484795689582824707e-01
8.499397695064544456e-01
8.475546777248382790e-01
8.483576059341431108e-01
8.480763256549834761e-01
8.520540177822113481e-01
8.478800296783447488e-01
8.496372699737548828e-01
8.535495758056640403e-01
8.495982646942138450e-01
8.516334950923919456e-01
8.500796675682067427e-01
8.468514323234558328e-01
8.506868481636047363e-01
8.494561314582824707e-01
8.493306219577789751e-01
8.510595440864563432e-01
8.473038852214813677e-01
8.526028335094452126e-01
8.508589029312133567e-01
8.512990534305572288e-01
8.520845234394073264e-01
8.523097634315490723e-01
8.502530038356781450e-01
8.485385775566101074e-01
8.527345240116119829e-01
8.474856972694396751e-01
8.513639748096466509e-01
8.497174561023712602e-01
8.502543389797210249e-01
8.471691608428955078e-01
8.514787137508392778e-01
8.530877828598022461e-01
8.476399004459380659e-01
8.481268405914306197e-01
8.484047234058380571e-01
8.472373485565185547e-01
8.479686141014098899e-01
8.487666964530944380e-01
8.476541697978973167e-01
8.482515513896942139e-01
8.484363973140716109e-01
8.496111214160919634e-01
8.503030776977539285e-01
8.511142730712890625e-01
8.481117010116576704e-01
8.497365415096282959e-01
8.480324685573578103e-01
8.481024920940398726e-01
8.499152064323425293e-01
8.489910960197448730e-01
8.507691204547882524e-01
8.489781677722930686e-01
8.498663425445556197e-01
8.483381032943725364e-01
8.541630566120147483e-01
8.501529097557067871e-01
8.503686726093292458e-01
8.497454524040222168e-01
8.475717186927795854e-01
8.492928802967071311e-01
8.465949594974517822e-01
8.483618438243866189e-01
8.513958036899567094e-01
8.479690253734588623e-01
8.492477178573608620e-01
8.511490523815155029e-01
8.489451587200165239e-01
8.521139442920684370e-01
8.502602159976959673e-01
8.555639266967773882e-01
8.498693764209747092e-01
8.488632738590240479e-01
8.482576787471771684e-01
8.505095362663268599e-01
8.486317813396453413e-01
8.518423497676849143e-01
8.483864605426788552e-01
8.480404615402221680e-01
8.495444476604461226e-01
8.467369914054870828e-01
8.500079929828643355e-01
8.491084218025207742e-01
8.498257279396057573e-01
8.513996064662933128e-01
8.549181759357452615e-01
8.541383802890777366e-01
8.479511320590973344e-01
8.582794487476348433e-01
8.517239868640900102e-01
8.496024489402771440e-01
8.493000686168670210e-01
8.484128475189208762e-01
8.502109527587891069e-01
8.482103705406188743e-01
8.498535752296447754e-01
8.493550240993499312e-01
8.484275281429290994e-01
8.490607321262360063e-01
8.478986620903015137e-01
8.501386404037475364e-01
8.493512928485870139e-01
8.507312119007111040e-01
8.471035659313201904e-01
8.461861550807953103e-01
8.499437212944030984e-01
8.483147144317626509e-01
8.470895707607268843e-01
8.464212000370026079e-01
8.488948285579681619e-01
8.485830724239349365e-01
8.472163259983063188e-01
8.506380319595336914e-01
8.490060448646545854e-01
8.485083758831024614e-01
8.488708436489105225e-01
8.477043867111205833e-01
8.464529871940612571e-01
8.486723244190216286e-01
8.475064694881438987e-01
8.484788179397583230e-01
8.467031002044678178e-01
8.466289579868316872e-01
8.515682399272919145e-01
8.487038493156433550e-01
8.509236872196197510e-01
8.482975721359252708e-01
8.517581522464752197e-01
8.492352843284607378e-01
8.550796568393707053e-01
8.480033516883850320e-01
8.484880626201629639e-01
8.488762319087982400e-01
8.480635464191437212e-01
8.495503664016723633e-01
8.522734403610229270e-01
8.508585751056670921e-01
8.469576954841613325e-01
8.474589526653290017e-01
8.480136036872863992e-01
8.462772190570830855e-01
8.494019091129303423e-01
8.468486130237579124e-01
8.487693071365356445e-01
8.496042907238006148e-01
8.468309342861175537e-01
8.462916254997253640e-01
8.483994662761688010e-01
8.465543925762176736e-01
8.531835079193115234e-01
8.487774074077606423e-01
8.476213455200195535e-01
8.496835649013518843e-01
8.477917432785033736e-01
8.495065867900848389e-01
8.489255249500274880e-01
8.495934844017029031e-01
8.485230922698974165e-01
8.475976824760437234e-01
8.466613948345184104e-01
8.470868587493896040e-01
8.493766963481903520e-01
8.472216904163361040e-01
8.475048363208770308e-01
8.599452137947082297e-01
8.558607399463653564e-01
8.516605019569396529e-01
8.474702179431915505e-01
8.473689913749694602e-01
8.521026968955993652e-01
8.483120560646056907e-01
8.503554880619048628e-01
8.515868306159972700e-01
8.497597813606262429e-01
8.482981681823730247e-01
8.477097928524017778e-01
8.480158150196075439e-01
8.461925864219665971e-01
8.473618984222411887e-01
8.488153874874114768e-01
8.475866675376891868e-01
8.504616796970367876e-01
8.484369158744812234e-01
8.478754580020904097e-01
8.523507833480834517e-01
8.476660132408142534e-01
8.473554134368896928e-01
8.503568589687346968e-01
8.469966173171996626e-01
8.469865500926971880e-01
8.458485305309295654e-01
8.492104589939117876e-01
8.472658157348632590e-01
8.517373323440551314e-01
8.464757800102233887e-01
8.521895527839660200e-01
8.485904872417450173e-01
8.463933706283569558e-01
8.466157913208007812e-01
8.478011429309845193e-01
8.464680850505829079e-01
8.459335505962372048e-01
8.471003651618957964e-01
8.550287663936615434e-01
8.465409636497497337e-01
8.488120317459106889e-01
8.463375985622405562e-01
8.472011446952819602e-01
8.480300784111023393e-01
8.462952971458435059e-01
8.484049558639525923e-01
8.474165022373199019e-01
8.486122548580169456e-01
8.471431434154510498e-01
8.492504000663757546e-01
8.505164921283722146e-01
8.490729272365570290e-01
8.489542603492736816e-01
8.509187340736389382e-01
8.477161824703216553e-01
8.472850441932677779e-01
8.480565488338470681e-01
8.491401851177216020e-01
8.487272322177886741e-01
8.478989541530609353e-01
8.519394695758819580e-01
8.466810643672942893e-01
8.479997992515564409e-01
8.501475274562835249e-01
8.487041234970092995e-01
8.476607680320740190e-01
8.481317520141601340e-01
8.471873164176940696e-01
8.474488675594329390e-01
8.469161808490752730e-01
8.479876160621643288e-01
8.466697990894317405e-01
8.517697572708129439e-01
8.476599216461181419e-01
8.482831001281738725e-01
8.473246514797210249e-01
8.520891249179840532e-01
8.527994751930236816e-01
8.515605926513671875e-01
8.479506790637969527e-01
8.462628662586212380e-01
8.468162059783935769e-01
8.516580402851104958e-01
8.465073823928832564e-01
8.510293185710906538e-01
8.502900898456573486e-01
8.486886799335480180e-01
8.480386853218078169e-01
8.516066670417785645e-01
8.492078244686126487e-01
8.469887197017669234e-01
8.483222484588622825e-01
8.476185858249664085e-01
8.472701728343963179e-01
8.496527969837188721e-01
8.475315511226654275e-01
8.518575012683868852e-01
8.478044390678405318e-01
8.464241921901702881e-01
8.494383394718170166e-01
8.481855630874634011e-01
8.480822384357452615e-01
8.481278061866760476e-01
8.461145102977752908e-01
8.474459469318389448e-01
8.481554210186004195e-01
8.460438668727874312e-01
8.518005549907684548e-01
8.516698062419891802e-01
8.478329837322234885e-01
8.456239461898803489e-01
8.519815921783446822e-01
8.469018518924713579e-01
8.501035809516906960e-01
8.487190842628479226e-01
8.479144513607025369e-01
8.473390936851501465e-01
8.492364168167114702e-01
