3.623045782248179303e-01
3.692260185877482281e-01
3.553043206532796039e-01
3.628158867359161377e-01
3.781261940797169818e-01
3.779578010241190777e-01
3.394421388705571307e-01
3.665245274702708111e-01
3.626213371753692627e-01
3.573231299718220844e-01
3.542162179946899414e-01
3.655203183492024555e-01
3.560437460740407123e-01
3.420788645744323730e-01
3.798137406508128033e-01
3.563104967276255475e-01
3.513201276461283551e-01
3.379596819480260028e-01
3.856966892878214703e-01
3.775566915671030865e-01
3.511287669340769635e-01
3.600750466187794818e-01
3.586979806423187256e-01
3.894548813501994000e-01
3.466403385003407611e-01
3.309562553962071552e-01
3.772506614526112689e-01
3.389279097318649292e-01
3.551721572875976562e-01
3.802374899387359619e-01
3.723260164260864258e-01
3.822392423947651996e-01
3.757830560207366943e-01
3.715549608071644916e-01
3.853864769140879498e-01
3.631837666034698486e-01
3.767418265342712402e-01
3.713211516539255963e-01
3.770321706930796490e-01
3.473340024550755634e-01
3.575022617975870953e-01
3.728962639967600690e-01
3.446144759654998779e-01
3.930824597676594867e-01
3.500844041506449567e-01
3.601734737555186139e-01
3.711401224136352539e-01
3.531664013862609863e-01
3.357214878002802716e-01
3.657585481802622662e-01
3.723539014657338275e-01
3.643317321936289654e-01
3.600879907608032227e-01
3.822741409142811908e-01
3.689332703749338971e-01
3.641566932201385498e-01
3.636026779810587750e-01
3.928543627262115479e-01
3.653445740540822162e-01
3.693262139956156598e-01
3.436496555805206299e-01
3.495865265528361188e-01
3.451368908087412701e-01
3.580488264560699463e-01
3.684782385826110840e-01
3.629401624202728271e-01
3.767785628636677875e-01
3.311001608769099103e-01
3.345294743776321411e-01
3.505333364009857178e-01
3.605444530646006451e-01
3.637974262237548828e-01
3.630022207895914899e-01
3.649839758872985840e-01
3.679663936297098981e-01
3.672751088937123431e-01
3.373988072077433453e-01
3.564095695813496723e-01
3.734026551246643066e-01
3.395362198352813721e-01
3.585114975770314349e-01
3.787089188893635883e-01
3.379671374956766949e-01
3.550967971483866559e-01
3.688353498776753558e-01
3.578749001026153564e-01
3.584995865821838379e-01
3.925430973370869769e-01
3.726337055365244733e-01
3.831786115964253558e-01
3.544044494628906250e-01
3.530946473280588971e-01
3.789030810197194232e-01
3.932159245014190674e-01
3.575356702009837018e-01
3.860514263312022076e-01
3.635808428128560199e-01
4.034432768821716309e-01
3.799931804339091168e-01
3.920246313015620099e-01
3.672760029633839740e-01
3.542695840199788226e-01
3.507055540879567279e-01
3.570898572603861676e-01
3.382577250401179181e-01
3.566743830839793072e-01
3.629297216733296527e-01
3.460259437561035156e-01
3.617851038773854389e-01
3.689791659514109479e-01
3.635616203149159564e-01
3.709004620711008893e-01
3.677451113859812604e-01
4.062032798926035748e-01
3.954884906609852924e-01
3.797265191872914447e-01
3.759601314862568988e-01
3.817988137404124127e-01
3.520359297593434467e-01
3.870626191298167096e-01
3.473979433377583637e-01
4.098667601744334088e-01
3.671694596608479633e-01
3.729982674121856689e-01
3.653621176878611432e-01
3.662119110425313129e-01
3.728934923807780133e-01
3.734429677327473773e-01
3.875154753526051654e-01
3.652844826380411969e-01
3.730212052663167133e-01
3.606643974781036377e-01
3.524160981178283691e-01
3.704252839088439941e-01
3.803003331025441303e-01
3.468637863794962750e-01
3.751539885997772217e-01
3.593614598115285053e-01
3.657498459021250592e-01
3.689388136068980084e-01
3.880340655644734515e-01
3.667948842048645020e-01
3.612384001413981305e-01
3.470263729492823468e-01
3.604723910490671979e-01
3.693632086118062152e-01
3.628042439619700299e-01
3.264874815940856934e-01
3.623175720373789654e-01
3.814591070016224994e-01
3.701504170894622803e-01
3.555648823579152240e-01
3.724844853083292828e-01
3.540850381056467877e-01
3.797886868317921771e-01
3.771970868110656738e-01
3.599498967329661236e-01
3.809778392314910889e-01
3.668425778547922955e-01
3.529444932937622070e-01
3.682624697685241699e-01
3.430239260196685791e-01
3.433919002612431659e-01
3.920442461967468262e-01
3.750305374463399066e-01
3.830223878224690570e-01
3.795849581559498920e-01
3.477804064750671387e-01
3.522607584794362201e-01
3.919565876324971332e-01
3.885119756062825336e-01
3.632352848847706928e-01
3.390748053789138794e-01
3.483964701493580951e-01
3.591739137967427387e-01
3.762276669343312396e-01
3.750106990337371826e-01
3.646591405073801861e-01
3.874928951263427734e-01
3.738671839237213135e-01
3.552844425042470111e-01
3.637069364388783588e-01
3.782031138737996234e-01
3.751767178376515521e-01
3.541728854179382324e-01
3.582317729791005267e-01
3.765074312686920166e-01
3.641860187053680420e-01
3.344260801871617450e-01
3.454654266436894550e-01
3.905962506930033551e-01
3.482618927955627441e-01
3.409063865741093768e-01
3.535241882006327496e-01
3.437922646601994647e-01
3.665824433167775287e-01
3.601428469022114887e-01
3.413790464401245117e-01
3.658146858215332031e-01
3.804843922456105365e-01
3.886611759662628174e-01
3.591030836105346680e-01
3.847252925237019672e-01
3.628606498241424561e-01
3.515195945898691998e-01
3.463846643765767230e-01
3.843459486961364746e-01
3.909277816613515033e-01
3.855978647867838727e-01
3.728407919406890869e-01
3.557362953821818219e-01
3.509550293286641254e-01
3.705693185329437256e-01
3.575693865617116107e-01
3.592338462670643939e-01
3.431848088900248395e-01
3.563358982404072894e-01
3.664208749930064069e-01
3.760694712400436401e-01
3.695478936036427631e-01
3.625791470209757672e-01
3.627972304821014404e-01
3.762227296829223633e-01
3.589069942633311139e-01
3.450222214063008441e-01
3.866503338019053326e-01
3.531239231427510394e-01
3.692729373772938861e-01
3.635567923386891498e-01
3.479621708393096924e-01
3.637800316015879498e-01
3.622236251831054688e-01
3.818523585796356201e-01
3.541008035341898785e-01
3.812190592288970947e-01
3.608719110488891602e-01
3.418729255596796857e-01
3.579744001229603900e-01
3.613134026527404785e-01
3.625038961569468365e-01
3.848101198673248291e-01
3.337040394544601440e-01
3.606863717238108502e-01
3.601829310258229389e-01
3.522250155607859479e-01
3.378033538659413471e-01
3.927102784315745221e-01
3.908071418603261127e-01
3.568068047364552631e-01
3.577083051204681396e-01
3.760168453057606830e-01
3.988408644994099750e-01
3.616995016733805524e-01
3.815497656663258685e-01
3.865473866462707520e-01
3.719697197278340473e-01
3.621354202429453717e-01
3.535513381163279401e-01
3.581523994604746686e-01
3.772127429644266949e-01
3.518726229667663574e-01
3.360109080870946063e-01
4.098586738109588623e-01
3.673182328542073383e-01
3.616450726985931396e-01
3.684277534484863281e-01
3.482200602690379010e-01
4.014476140340169086e-01
3.476274410883585797e-01
3.460108985503514423e-01
3.368159631888071881e-01
3.629973828792572021e-01
3.822274406750996723e-01
3.687412043412526264e-01
3.594839473565419330e-01
3.757099211215972900e-01
3.539864619572957172e-01
3.683005472024281635e-01
3.839888821045557843e-01
3.861810266971588135e-01
3.639383812745412006e-01
3.437134573856989728e-01
3.645876646041870117e-01
3.712265690167744769e-01
3.886333207289378033e-01
3.665061195691426410e-01
3.613713880379994525e-01
3.696123659610748291e-01
3.869385123252868652e-01
3.705893456935882568e-01
3.699411352475484027e-01
3.698209226131439209e-01
3.761900365352630615e-01
3.861606816450754986e-01
3.852190872033436908e-01
3.514741957187652588e-01
3.870143493016560687e-01
3.870297471682230817e-01
3.699638048807780133e-01
3.525899151961008893e-01
3.854048053423563824e-01
3.599150081475575580e-01
3.578634361426035748e-01
3.806725641091664447e-01
3.738373021284739361e-01
3.787335356076558246e-01
3.598600924015045166e-01
3.848950564861297607e-01
3.804826438426971436e-01
3.501135905583699359e-01
3.686804870764414654e-01
3.808613816897074567e-01
3.502877652645111084e-01
3.483131676912307739e-01
3.480974336465199603e-01
3.837340275446574078e-01
3.941673735777537213e-01
3.645455340544382916e-01
3.636927207310994281e-01
3.500954409440358295e-01
3.503025372823079242e-01
3.465409576892852783e-01
3.521402676900227680e-01
3.652696609497070312e-01
3.626132508118947162e-01
3.587390482425689697e-01
3.601527015368143902e-01
3.592225015163421631e-01
3.510333299636840820e-01
3.845895826816558838e-01
3.665336370468139648e-01
3.689544200897216797e-01
3.743121325969696045e-01
3.834256331125895367e-01
3.670459687709808350e-01
3.718652327855427875e-01
3.792530397574107037e-01
3.852716783682505475e-01
3.947399655977885113e-01
3.627830843130747662e-01
3.653239806493123187e-01
3.660688400268554688e-01
3.481434384981791363e-01
3.760180572668711529e-01
3.950022757053375244e-01
3.548454244931538715e-01
3.952275514602661133e-01
3.501141270001729144e-01
3.512425820032755719e-01
3.572188119093577252e-01
3.536239167054494037e-01
3.627433677514393939e-01
3.608365952968597412e-01
3.790382544199625836e-01
3.916079550981521606e-01
3.906484047571818219e-01
3.797183235486348285e-01
3.607392112414042340e-01
3.659433325131734027e-01
4.020006656646728516e-01
3.796070118745167865e-01
3.619681596755981445e-01
3.717607160409291400e-01
3.769785761833190918e-01
3.511879642804463519e-01
3.715337514877319336e-01
3.813778758049011230e-01
3.610022366046905518e-01
3.738768498102824078e-01
3.703482250372568951e-01
3.458231935898463116e-01
3.771253228187561035e-01
3.698211610317230225e-01
3.710614442825317383e-01
3.777413268884022846e-01
3.587475419044494629e-01
3.714670240879058838e-01
3.622421224912007465e-01
3.544218440850575580e-01
3.602349956830342426e-01
3.794751266638438092e-01
3.669317265351613178e-01
3.901667694250742779e-01
3.933367033799489154e-01
3.552113076051076068e-01
3.495896458625793457e-01
3.848002155621846332e-01
3.728383680184682025e-01
3.501794437567393170e-01
3.739911019802093506e-01
3.536948362986246930e-01
3.891994257767995014e-01
3.445082008838653564e-01
3.536927501360575543e-01
3.659579952557881488e-01
3.912459711233775006e-01
3.813033600648244037e-01
3.618490199247996197e-01
3.925499121348063336e-01
3.502773145834605084e-01
3.845579326152801514e-01
3.814841608206431256e-01
3.659990330537160053e-01
3.574755291144053326e-01
3.727734883626301898e-01
3.806612193584442139e-01
3.843253056208292828e-01
3.684943815072377338e-01
3.564898570378621234e-01
3.434389829635620117e-01
3.593594233194987164e-01
3.620873590310414447e-01
3.818796376387278424e-01
3.650044103463490619e-01
3.560516337553660260e-01
3.498682280381520404e-01
3.585325876871744977e-01
3.652856846650441303e-01
3.588823378086090088e-01
3.879588345686594830e-01
3.529984553654988422e-01
3.468922674655914307e-01
3.630914092063903809e-01
3.508331278959910260e-01
3.710503975550333844e-01
3.761184215545654297e-01
3.412289569775263653e-01
3.631547093391418457e-01
3.670983513196309223e-01
3.452765295902888165e-01
3.514323135217030658e-01
3.582614362239837646e-01
3.894415100415547504e-01
3.705348769823710309e-01
3.650443752606709613e-01
3.925783236821492328e-01
3.703565100828806744e-01
3.692170282204945697e-01
3.865533769130706787e-01
3.874566654364268170e-01
3.700975676377614154e-01
3.770997325579325543e-01
3.643575211366017474e-01
4.155434171358744488e-01
3.744399249553680420e-01
3.888536989688873291e-01
3.524983922640482770e-01
3.519724408785502301e-01
3.789717952410380231e-01
3.740056753158569336e-01
3.551424841086069928e-01
3.730287750562031879e-01
3.916576902071635113e-01
3.412606269121170044e-01
3.806491196155548096e-01
3.628685573736826764e-01
3.655281861623128070e-01
3.566418091456095563e-01
3.869279523690541400e-01
3.695617516835530414e-01
3.853528002897898541e-01
3.684860964616139545e-01
3.709355692068735944e-01
3.704280952612559186e-01
3.802900513013203754e-01
3.806959390640258789e-01
3.570948839187622070e-01
3.757653733094533099e-01
3.823626538117726459e-01
3.756112009286880493e-01
3.655756711959838867e-01
3.594907124837239398e-01
3.790080547332763672e-01
3.608836531639099121e-01
3.469793498516082764e-01
3.902545770009358539e-01
3.876489897569020404e-01
4.051843583583831787e-01
3.851866473754246845e-01
3.484320491552352905e-01
3.736331164836883545e-01
3.801714380582173480e-01
3.660460511843363629e-01
3.689297636349995746e-01
3.563872377077738629e-01
3.733625511328379498e-01
3.685913582642872943e-01
3.604168891906738281e-01
3.639651834964752197e-01
3.722137312094370709e-01
3.556012511253356934e-01
3.418414543072382794e-01
3.682037691275278912e-01
3.724606335163116455e-01
3.831883569558461322e-01
3.581661383310953961e-01
3.613722721735636578e-01
3.695329626401265277e-01
3.580238620440165387e-01
3.690208693345387592e-01
3.707909882068634033e-01
3.667978942394256592e-01
3.490537206331889020e-01
3.658472895622253418e-01
3.844955364863077985e-01
3.777678410212199078e-01
3.397493263085683002e-01
3.629918694496154785e-01
4.016462663809458600e-01
3.487765341997146606e-01
3.721032440662384033e-01
3.994493087132771625e-01
3.807347665230433331e-01
3.663985232512156354e-01
3.718743820985158099e-01
3.579468329747517719e-01
3.739131788412730084e-01
3.671719531218211041e-01
3.829643030961354389e-01
3.727466861406962262e-01
3.668390015761057721e-01
3.637662728627522601e-01
3.537522951761881695e-01
3.892250210046768188e-01
3.559405306975046979e-01
3.617159823576609479e-01
3.386086076498031616e-01
3.888894617557525635e-01
3.519264757633209229e-01
3.794410228729248047e-01
3.464532792568206787e-01
3.781204919020335065e-01
3.719452222188313617e-01
3.639119863510131836e-01
3.541909257570902692e-01
3.678638637065887451e-01
3.838709294795989990e-01
3.598498503367106305e-01
3.455314089854558124e-01
3.788875043392181396e-01
3.526357213656107770e-01
3.870125214258829938e-01
3.717179695765177594e-01
3.665881355603535785e-01
3.740004003047943115e-01
3.708027700583140240e-01
3.712644974390665875e-01
3.536476691563923969e-01
3.729451696077982770e-01
3.527507583300272809e-01
3.744419316450754986e-01
3.748041391372680664e-01
4.031289617220560895e-01
3.535950084527333392e-01
3.624894519646962299e-01
3.701067169507344379e-01
3.610206544399261475e-01
3.531186779340108051e-01
3.704985280831654681e-01
3.480336020390192853e-01
3.624056180318196430e-01
3.756090501944224225e-01
3.815315266450245990e-01
3.718943893909454346e-01
3.707811137040455951e-01
3.717449804147084369e-01
3.765812913576762067e-01
3.676068286101023541e-01
3.472093294064204083e-01
3.882231116294860840e-01
3.817268808682759418e-01
3.821878929932912006e-01
3.677556117375691547e-01
3.853156566619873047e-01
3.674681186676025391e-01
3.630850811799367084e-01
3.275234252214431763e-01
3.491916457811991559e-01
3.562269012133280621e-01
3.679748475551605225e-01
3.903099397818247662e-01
3.848071893056233539e-01
3.954658508300781250e-01
3.845850328604380475e-01
3.560179173946380615e-01
3.721106449762980328e-01
3.717207213242848529e-01
3.884422083695729389e-01
3.673999508221943988e-01
3.821063141028086529e-01
3.514564931392669678e-01
3.593845566113789691e-01
3.442206631104151593e-01
3.654669026533762799e-01
3.502854506174723492e-01
3.550434907277424945e-01
3.855090141296386719e-01
3.661932051181793213e-01
3.574361403783162250e-01
3.729223807652791156e-01
3.667079806327819824e-01
3.705133696397145404e-01
3.582173685232798444e-01
3.861298759778340473e-01
3.674515585104624615e-01
3.612269461154937744e-01
3.670742114384968890e-01
3.494269450505574359e-01
3.725667893886566162e-01
3.571378688017527447e-01
3.956190248330433978e-01
3.884515662988026752e-01
3.855798641840617047e-01
3.837384780248006000e-01
3.775348713000615253e-01
3.508918285369873047e-01
3.323332866032918109e-01
3.444068481524785175e-01
3.641407887140910016e-01
3.601968288421630859e-01
3.704985777537028180e-01
3.599203228950500488e-01
3.592354754606882916e-01
3.575738867123921527e-01
3.526335755983988629e-01
3.589771886666615619e-01
3.859395682811737061e-01
3.735448221365610944e-01
3.786372542381286621e-01
3.923985958099365234e-01
3.744746347268422260e-01
3.514548838138580322e-01
3.824725548426310406e-01
3.876237173875172748e-01
3.732633193333943500e-01
3.565274576346079694e-01
3.828306396802266254e-01
3.848241070906321393e-01
3.450092027584711896e-01
3.502324720223744525e-01
3.606435855229695453e-01
3.485875924428303851e-01
3.885462880134582520e-01
3.777530888716379986e-01
3.775374293327331543e-01
3.571691711743672504e-01
3.913491368293762207e-01
3.690126240253448486e-01
3.523653546969096051e-01
3.715969820817311420e-01
3.924287557601928711e-01
3.537558913230895996e-01
3.622764150301615582e-01
3.729227284590403424e-01
3.637196620305379047e-01
3.698827127615610944e-01
3.565548360347747803e-01
3.948590854803721295e-01
3.747976024945576801e-01
3.648753762245178223e-01
3.551922043164570941e-01
3.730028172334035053e-01
3.791137933731079102e-01
3.495534161726633893e-01
3.509609202543894635e-01
4.039719700813293457e-01
3.446804732084274292e-01
3.821113109588623047e-01
3.838528692722320557e-01
3.814350267251332416e-01
3.762131234010060443e-01
3.497209747632344379e-01
3.718960781892140521e-01
3.880056937535603656e-01
3.477815141280491962e-01
3.743351201216379986e-01
3.805136978626251221e-01
3.629013895988464355e-01
3.591587245464324951e-01
3.636840283870697021e-01
3.931789795557658063e-01
3.360323955615361347e-01
3.933858374754587994e-01
3.595536450544993268e-01
3.750593960285186768e-01
3.589559396107991351e-01
3.774535755316416608e-01
3.758834699789683209e-01
3.562958737214406146e-01
3.593245049317677631e-01
3.773521979649861469e-01
3.591375847657521381e-01
3.618910908699035645e-01
3.676058451334635602e-01
3.810114065806071149e-01
3.827327489852905273e-01
3.701367477575938092e-01
3.867394626140594482e-01
3.738106985886891498e-01
3.700435757637023926e-01
3.491217096646626605e-01
3.591130375862121582e-01
3.685127794742584229e-01
4.150219261646270752e-01
3.785046736399332867e-01
3.434513310591379986e-01
3.764816919962565289e-01
3.788649340470631732e-01
3.509418268998463764e-01
3.809685409069061279e-01
3.802497684955596924e-01
3.577155868212382184e-01
3.791456023852030621e-01
3.662662605444590436e-01
3.666102488835652484e-01
3.715504606564839496e-01
3.698883255322774066e-01
3.797498345375061035e-01
3.581015964349110736e-01
3.732959528764088764e-01
3.550062775611877441e-01
3.568477928638458252e-01
3.585913081963856830e-01
3.587712844212849750e-01
3.635414143403370990e-01
3.542308012644450055e-01
3.578682243824005127e-01
3.695792953173319684e-01
3.680189847946166992e-01
3.599625229835510254e-01
3.777964413166046143e-01
3.556294739246368408e-01
3.554856876532236920e-01
3.477574139833450317e-01
3.817321956157684326e-01
3.916195233662922992e-01
3.817838529745737897e-01
3.839690685272216797e-01
3.856535454591115131e-01
3.658831516901652203e-01
3.903014560540516986e-01
3.762980202833811627e-01
3.466760168472926007e-01
3.461381246646245136e-01
3.685752650101979389e-01
3.654413223266601562e-01
3.787866433461506976e-01
3.922701179981231689e-01
3.728072345256805420e-01
3.734023869037628174e-01
3.547175129254658832e-01
3.610186576843261719e-01
3.596071600914001465e-01
3.809867898623148785e-01
3.705773949623107910e-01
3.449206799268722534e-01
3.543630242347717285e-01
3.815746605396270752e-01
3.701468805472056256e-01
3.698503971099853516e-01
3.737149039904276715e-01
3.794685403505961285e-01
3.896336158116658344e-01
3.847973942756652832e-01
3.628593683242797852e-01
3.716086943944295062e-01
3.903151402870814191e-01
3.595811923344929828e-01
3.327585111061732159e-01
3.620585699876149310e-01
3.660977383454640521e-01
3.522849977016448975e-01
3.584703604380289899e-01
3.806971013545989990e-01
3.853159546852111816e-01
3.751410643259684430e-01
3.581746121247609271e-01
3.880846599737803326e-01
3.713430563608805524e-01
3.813549478848775043e-01
3.798557321230570660e-01
3.529003957907358990e-01
3.680526216824849262e-01
3.617514371871948242e-01
3.916807373364766254e-01
3.655002713203430176e-01
3.841728369394938336e-01
3.662976225217183246e-01
3.646596968173980713e-01
3.702958424886067523e-01
3.708219130833943500e-01
3.402306536833445416e-01
3.784997363885243549e-01
3.526430328687031879e-01
3.481640865405400409e-01
3.723708291848500385e-01
3.539228339989979877e-01
3.803385595480601178e-01
3.639695942401885986e-01
3.904217978318532123e-01
3.518516222635905133e-01
3.751760224501292096e-01
3.579051295916239606e-01
3.641741375128428326e-01
3.512112696965535297e-01
3.572398424148559570e-01
3.703080117702484131e-01
3.652784327665964947e-01
3.780775070190429688e-01
3.672630190849304199e-01
3.716335296630859375e-01
3.615393340587615967e-01
3.679862519105275287e-01
3.554342488447825299e-01
3.820274968942006244e-01
3.764082491397857666e-01
3.802495499451954974e-01
3.693572282791137695e-01
3.596562643845875873e-01
3.628291686375935687e-01
3.742587963740031110e-01
3.486547470092773438e-01
3.805045982201893939e-01
3.714325726032257080e-01
3.627581894397735596e-01
3.766893744468688965e-01
3.516806364059448242e-01
3.650803565979003906e-01
3.443943212429682599e-01
3.714258770147959576e-01
3.860709766546885358e-01
3.553273777167002545e-01
3.753336568673451556e-01
3.483843952417373657e-01
3.659527301788330078e-01
3.876896103223164691e-01
3.869466086228688373e-01
3.556445737679799213e-01
3.671324551105499268e-01
3.646237154801686420e-01
3.395034919182459698e-01
3.864090740680694580e-01
3.335182865460713519e-01
3.593097825845082416e-01
3.878002067406972064e-01
3.818978468577067242e-01
3.378323316574096680e-01
3.668854534626007080e-01
3.871305882930755615e-01
3.856120109558105469e-01
3.503464361031849994e-01
3.508226573467254639e-01
3.578819036483764648e-01
3.594996730486552106e-01
3.534246186415354596e-01
3.875748316446940289e-01
3.510370850563049316e-01
3.742659787336985455e-01
3.666704793771107806e-01
3.767718573411305560e-01
3.695119718710581647e-01
3.543584148089091168e-01
3.739633162816365375e-01
3.842260936896006451e-01
3.908217151959736957e-01
3.766710460186004639e-01
3.524629871050516949e-01
3.712945083777109967e-01
3.530119856198628558e-01
3.790682653586069928e-01
3.627053995927174701e-01
3.535449405511220111e-01
3.687591850757598877e-01
3.772692581017811908e-01
3.782246212164561139e-01
3.400825510422388898e-01
3.735425372918446674e-01
3.807054460048675537e-01
4.174425204594929828e-01
3.722249666849772320e-01
3.701049784819285260e-01
3.812040785948435651e-01
3.796073397000630512e-01
3.774677713712056293e-01
3.355884402990341187e-01
3.801580270131428851e-01
3.693739871184031354e-01
3.544899622599284039e-01
3.797385692596435547e-01
3.625706434249877930e-01
3.717683454354603900e-01
3.727411826451619281e-01
3.659092585245768414e-01
3.514050245285034180e-01
3.654433687527974262e-01
3.620215356349945068e-01
3.524018824100494385e-01
3.826916714509328021e-01
3.633880217870076312e-01
3.627781371275584088e-01
3.711861471335093365e-01
3.671074708302815570e-01
3.537600636482238770e-01
3.959300021330515729e-01
3.544100522994995117e-01
3.697706858317057477e-01
3.711621363957722797e-01
3.823438584804534912e-01
3.818306525548298969e-01
3.738911648591359271e-01
3.634597957134246826e-01
3.735714157422383441e-01
3.699159026145935059e-01
3.701364894707997455e-01
3.549271722634633197e-01
3.729785184065501080e-01
3.730090161164601459e-01
3.369292169809341431e-01
3.997707068920135498e-01
3.797116974989573346e-01
3.446091413497924805e-01
3.853300909201304303e-01
3.818702499071757184e-01
3.540491263071696149e-01
3.625324070453643799e-01
3.592363099257151471e-01
3.618541856606801166e-01
3.673448264598846436e-01
3.653564850489298688e-01
3.552286326885223389e-01
3.515136837959289551e-01
3.634107013543446674e-01
3.847819864749908447e-01
3.589793244997660504e-01
3.770990272363026752e-01
3.827149868011474609e-01
3.607816497484843121e-01
3.919211030006408691e-01
3.355735788742701398e-01
3.611090481281280518e-01
3.717934489250183105e-01
3.650827606519063129e-01
3.541317582130432129e-01
3.639244834582011090e-01
3.804464340209960938e-01
3.654613296190897809e-01
3.702645003795623779e-01
3.615739941596984863e-01
3.928994834423065186e-01
3.619740307331085205e-01
3.703193565209706439e-01
3.786125183105468750e-01
3.903114100297291889e-01
3.644171357154846191e-01
3.681010802586873187e-01
3.830035130182902203e-01
3.589135209719340192e-01
3.643248975276947021e-01
3.816466927528381348e-01
3.731403251489003314e-01
3.670681416988372803e-01
3.582353492577870502e-01
3.561881184577941895e-01
3.451024442911148071e-01
3.855620324611663818e-01
3.872642417748768939e-01
3.642090857028961182e-01
3.612383306026458740e-01
3.617730140686035156e-01
3.551653722922007428e-01
4.001891613006591797e-01
3.627577324708302631e-01
3.757915794849395752e-01
3.729911645253499164e-01
3.607034385204315186e-01
3.651701112588246478e-01
3.598689734935760498e-01
3.789513309796651019e-01
3.646187881628672467e-01
3.680706719557444440e-01
3.880612750848134174e-01
3.775601387023925781e-01
3.575604756673176898e-01
3.724076946576436176e-01
3.629575570424397601e-01
3.683836162090301514e-01
3.784325917561848773e-01
3.615559836228688373e-01
3.787942230701446533e-01
4.045183708270390643e-01
3.753654758135477887e-01
3.728716174761454449e-01
3.487625569105148315e-01
3.740152319272359027e-01
3.693682452042897357e-01
3.684302667776743756e-01
3.683211108048756732e-01
3.469925274451573505e-01
3.860948781172434674e-01
3.604401548703511371e-01
