1.009865701198577881e+00
9.837022821108499793e-01
9.868806203206380578e-01
9.799425005912780762e-01
9.824466307957967492e-01
9.820224245389302942e-01
9.816714127858480188e-01
9.542387922604879114e-01
9.591101010640462610e-01
9.510222474733988074e-01
9.589526255925496789e-01
9.538584748903909949e-01
9.470922350883483887e-01
9.489475091298421594e-01
9.464388092358907434e-01
9.398091038068135950e-01
9.415386319160461426e-01
9.315599997838338586e-01
9.425168832143148157e-01
9.505597949028015137e-01
9.353517095247904090e-01
9.399815996487935754e-01
9.356692433357238770e-01
9.347085158030191687e-01
9.240373373031616211e-01
9.182608524958292273e-01
9.294971625010172156e-01
9.215482870737711218e-01
9.211823542912801477e-01
9.245113134384155273e-01
9.203713138898214075e-01
9.295403957366943359e-01
9.273501038551330566e-01
9.199857314427694055e-01
9.238842725753784180e-01
9.249609708786010742e-01
9.164408445358276367e-01
9.365186889966329309e-01
9.279244939486185340e-01
9.171896378199259070e-01
9.293259183565775183e-01
9.323797424634298059e-01
9.184617797533670691e-01
9.275619983673095703e-01
9.095244208971658972e-01
9.135301709175109863e-01
9.277086456616719934e-01
9.220743974049886438e-01
9.132931232452392578e-01
9.241847991943359375e-01
9.266252915064493445e-01
9.123627940813699988e-01
9.067848722139993933e-01
9.259586334228515625e-01
9.193379282951354980e-01
9.178057312965393066e-01
9.220179716746012000e-01
9.247481226921081543e-01
9.262081782023111609e-01
9.104740619659423828e-01
9.074402054150899621e-01
9.108022252718607215e-01
9.193715850512186316e-01
9.025218685468038293e-01
9.145669738451639441e-01
9.248380859692891809e-01
9.302815000216165808e-01
9.059896270434061316e-01
9.017195900281270715e-01
9.138446648915609094e-01
9.264724055926004675e-01
9.200599988301595422e-01
9.255077242851257324e-01
9.195875724156697961e-01
9.213084578514099121e-01
9.180229902267456055e-01
9.009773929913839075e-01
9.139591058095296594e-01
9.203824400901794434e-01
9.035785794258117676e-01
9.152449766794840125e-01
9.190882047017415735e-01
9.058266679445902136e-01
9.141503771146138879e-01
9.104790488878885535e-01
9.113398194313049316e-01
9.219416777292887000e-01
9.211717049280802039e-01
9.180859525998433801e-01
9.116865793863931922e-01
9.214160442352294922e-01
9.186036984125772742e-01
9.205852746963500977e-01
9.206415017445882532e-01
9.162154793739318848e-01
9.268450140953063965e-01
9.284184575080871582e-01
9.241496721903482703e-01
9.143439133961995813e-01
9.161484241485595703e-01
9.200760722160339355e-01
9.108327031135559082e-01
9.174735347429910925e-01
9.163391788800557825e-01
9.033783276875814172e-01
9.148443539937337610e-01
9.195940494537353516e-01
9.080070058504740027e-01
9.206632574399312707e-01
9.250133434931436804e-01
9.136625528335571289e-01
9.156271020571390418e-01
9.153094093004862097e-01
9.231891433397928504e-01
9.193237026532491418e-01
9.131710728009542200e-01
9.082120656967163086e-01
9.147835175196329383e-01
9.095141688982645300e-01
9.198208252588907508e-01
9.183617830276489258e-01
9.234225352605184289e-01
9.124064644177755090e-01
9.309682448705037805e-01
9.127539793650308875e-01
9.071131348609924316e-01
9.280222455660501746e-01
9.247958660125732422e-01
9.217622478802999231e-01
9.223863681157430383e-01
9.307195742925008508e-01
9.152379433314005164e-01
9.189432859420776367e-01
9.065633614857991907e-01
9.145718216896057129e-01
9.042537212371826172e-01
9.259895086288452148e-01
9.079910119374593469e-01
9.247949322064717981e-01
9.253416260083516809e-01
9.283711910247802734e-01
9.217445850372314453e-01
9.112827976544698450e-01
9.069464802742004395e-01
9.122839967409769324e-01
9.287737607955932617e-01
9.160618980725606653e-01
8.996221224466959265e-01
9.177819689114888879e-01
9.184162020683288574e-01
9.209139148394266394e-01
9.164211551348367957e-01
9.146499236424764367e-01
9.053266048431396484e-01
9.191161990165710449e-01
9.177678624788919715e-01
9.113013148307800293e-01
9.185820420583089563e-01
9.222892324129740027e-01
9.127975503603616980e-01
9.208189249038696289e-01
9.040284156799316406e-01
9.130402207374572754e-01
9.187706311543782922e-01
9.210046529769897461e-01
9.179603457450866699e-01
9.212524493535360071e-01
9.125167330106099817e-01
9.059122800827026367e-01
9.179064830144246789e-01
9.272399743398030969e-01
9.174318512280782434e-01
8.983476758003234863e-01
9.107311765352884558e-01
9.099103013674417761e-01
9.135967691739400598e-01
9.225629568099975586e-01
9.190226991971334192e-01
9.246731996536254883e-01
9.175907572110494348e-01
9.139089981714884070e-01
9.224812785784403113e-01
9.319633444150289270e-01
9.114265640576680871e-01
9.110854864120483398e-01
9.104428688685098914e-01
9.154319763183593750e-01
9.226111968358358117e-01
8.998015920321146277e-01
9.091311295827230188e-01
9.252425630887349817e-01
9.180034995079040527e-01
9.063927531242370605e-01
9.060020248095194129e-01
9.062525033950805664e-01
9.154816667238870886e-01
9.150805274645487097e-01
9.075563549995422363e-01
9.075704813003540039e-01
9.215007026990255090e-01
9.178413947423299524e-01
9.169530073801676062e-01
9.239509701728820801e-01
9.144846399625142785e-01
9.200111428896585730e-01
9.069699446360269812e-01
9.268579681714376184e-01
9.182666937510172156e-01
9.195991953214009973e-01
9.110748370488485071e-01
9.124342004458109168e-01
9.097276131312052039e-01
8.971189260482788086e-01
9.137554168701171875e-01
9.130728642145792273e-01
9.096371928850809363e-01
9.143801132837930945e-01
9.190955162048339844e-01
9.144524931907653809e-01
9.186528126398721961e-01
9.012140035629272461e-01
9.190411369005838660e-01
9.215518236160278320e-01
9.131778081258138391e-01
9.089032212893167761e-01
9.195137818654378625e-01
9.129620790481567383e-01
9.252972801526387903e-01
9.135171969731649133e-01
9.058713118235269812e-01
9.082040786743164062e-01
9.193223714828491211e-01
9.217790365219116211e-01
9.147804379463195801e-01
9.154223601023355750e-01
9.077616532643636438e-01
9.038914839426676062e-01
9.132874011993408203e-01
9.173527359962463379e-01
9.206715027491251258e-01
9.174569447835286828e-01
8.977651397387186316e-01
9.106138348579406738e-01
9.021468559900919226e-01
9.091852903366088867e-01
9.015644391377767297e-01
9.275124669075012207e-01
9.248385230700174597e-01
9.097747206687927246e-01
9.218590855598449707e-01
9.157917102177938196e-01
9.145026604334512976e-01
9.196721315383911133e-01
9.148664275805155066e-01
9.087640047073364258e-01
9.203014771143595008e-01
9.134567379951477051e-01
8.978323539098104211e-01
9.158158103624979285e-01
9.142486254374185828e-01
9.031409422556558875e-01
9.016570250193277625e-01
9.323121309280395508e-01
9.131448666254678992e-01
9.015306433041890832e-01
9.147801200548807410e-01
9.008732636769613000e-01
9.134921828905741004e-01
8.967794577280679968e-01
9.045225381851196289e-01
8.953397671381632117e-01
9.209285775820413855e-01
9.050019383430480957e-01
9.212548335393270227e-01
9.141603112220764160e-01
9.168344140052795410e-01
9.180242617925008508e-01
9.139522115389505652e-01
9.261586070060729980e-01
9.214503367741903039e-01
9.153317014376322058e-01
9.084363579750061035e-01
9.184237917264302942e-01
9.153508742650350305e-01
9.163455565770467492e-01
9.240872661272684363e-01
9.126904010772705078e-01
9.141366680463155481e-01
9.207210938135782508e-01
9.227748314539591101e-01
9.185367027918497351e-01
9.134546717007955285e-01
9.166987935702005652e-01
9.262016018231710168e-01
9.194782773653665808e-01
9.078644514083862305e-01
9.068399071693420410e-01
9.198324481646219519e-01
9.053097963333129883e-01
9.119299451510111121e-01
9.244515697161356238e-01
9.181663990020751953e-01
9.113100965817769739e-01
9.118384718894958496e-01
9.187103112538655969e-01
9.200400114059448242e-01
9.111078977584838867e-01
9.206765890121459961e-01
9.159921010335286828e-01
8.997404774030050012e-01
9.122405449549356726e-01
9.202939470609029504e-01
8.989386955897012976e-01
8.957908352216085168e-01
8.994894623756408691e-01
9.211765527725219727e-01
9.173837105433145789e-01
9.147722125053405762e-01
9.175861875216165808e-01
9.122101068496704102e-01
9.173540274302164343e-01
9.042205015818277625e-01
9.096195697784423828e-01
9.216324687004089355e-01
9.124417106310526160e-01
9.139909545580545691e-01
9.208826025327047082e-01
9.162558317184448242e-01
9.088581800460815430e-01
9.208598335584005090e-01
9.194712440172830847e-01
9.269444743792215613e-01
9.123904903729757043e-01
9.137853781382242468e-01
9.159285028775533410e-01
9.175060590108236047e-01
9.220442374547322961e-01
9.181440075238546106e-01
9.242810606956481934e-01
9.185696442921956750e-01
9.053111275037130090e-01
9.081413944562276575e-01
9.035475254058837891e-01
9.241541028022766113e-01
9.245940446853637695e-01
9.091538985570272180e-01
9.220742980639139441e-01
9.161090652147928504e-01
9.086347222328186035e-01
9.077052076657613489e-01
9.127102692921956750e-01
9.149871468544006348e-01
9.154990514119466516e-01
9.185926715532938269e-01
9.298359354337056848e-01
9.181480010350545617e-01
9.177432854970296594e-01
9.116126298904418945e-01
9.134374856948852539e-01
9.179539084434509277e-01
9.155965844790140418e-01
9.191208481788635254e-01
9.123840530713399621e-01
9.115352829297383996e-01
9.152027567227681848e-01
9.155237476030985144e-01
9.163245558738708496e-01
9.088133573532104492e-01
9.094428221384683875e-01
9.202298521995544434e-01
9.031308889389038086e-01
9.008664488792419434e-01
9.194524288177490234e-01
9.106759031613668176e-01
9.130748907725015906e-01
9.138631423314412805e-01
9.175678292910257605e-01
9.060493310292562219e-01
9.110635519027709961e-01
9.038387139638265344e-01
9.105923175811767578e-01
9.149250388145446777e-01
9.151857693990071985e-01
9.179199337959289551e-01
9.108313719431558875e-01
9.079527060190836218e-01
9.160644412040710449e-01
9.218113025029500696e-01
9.111943443616231653e-01
9.168803095817565918e-01
9.040388862291971472e-01
9.284319877624511719e-01
9.113091031710306433e-01
9.047176241874694824e-01
9.196089108784993860e-01
9.237802227338155481e-01
9.128998319307962683e-01
9.122313857078552246e-01
9.139495889345804480e-01
9.106358488400777551e-01
9.100123842557271692e-01
9.087960720062255859e-01
9.105185270309448242e-01
9.132331609725952148e-01
9.167689085006713867e-01
9.075709184010823938e-01
9.228474696477254602e-01
8.988021612167358398e-01
9.149341583251953125e-01
8.967956900596618652e-01
9.196493228276571008e-01
9.107830723126729700e-01
9.256796042124429968e-01
9.027944604555765418e-01
9.045374989509582520e-01
8.946479161580404016e-01
9.094570676485697058e-01
9.119031429290771484e-01
9.170874754587808875e-01
9.132944544156392785e-01
9.101142883300781250e-01
9.011637171109517785e-01
9.058684706687927246e-01
9.065858324368795129e-01
9.150305589040120813e-01
9.260934988657633093e-01
9.016317923863729211e-01
9.158062338829040527e-01
9.191168546676635742e-01
9.027668039004007605e-01
9.125383694966634485e-01
9.063151280085245398e-01
9.269619186719258996e-01
9.161923130353292200e-01
9.121828277905782434e-01
9.141175349553426477e-01
9.083678523699442175e-01
9.171696503957113000e-01
9.125017126401265832e-01
9.143061637878417969e-01
9.049001336097717285e-01
9.145675500233968469e-01
9.148692488670349121e-01
9.317919214566549035e-01
9.143950541814168664e-01
9.104292194048563269e-01
9.068739215532938269e-01
9.001185894012451172e-01
9.216973582903543738e-01
9.137135942776998254e-01
9.053295850753784180e-01
9.136547843615213660e-01
9.214922189712524414e-01
9.002485473950704309e-01
9.112735986709594727e-01
9.203320145606994629e-01
9.030719598134359094e-01
9.094280004501342773e-01
9.094106952349344519e-01
9.104648033777872351e-01
9.127693176269531250e-01
9.241137305895487097e-01
9.082439343134561804e-01
9.122021198272705078e-01
9.214995900789896277e-01
9.051105777422586707e-01
9.062775373458862305e-01
9.170704682668050500e-01
9.152383009592691687e-01
9.180248975753784180e-01
9.045110146204630164e-01
9.142387310663858679e-01
9.218089779218038293e-01
9.145713647206624719e-01
8.989381988843282434e-01
9.134036898612976074e-01
9.224107662836710242e-01
9.212970534960428504e-01
9.239027301470438269e-01
8.979895909627279016e-01
9.081575075785318640e-01
9.159535566965738562e-01
9.287434816360473633e-01
9.080927968025207520e-01
9.082642594973245886e-01
9.087888797124227258e-01
9.058967630068460730e-01
9.188993175824483606e-01
9.147938291231790808e-01
9.033484260241190222e-01
8.970118363698323938e-01
8.980399568875631067e-01
9.162618517875671387e-01
9.098509550094604492e-01
9.092220266660054895e-01
9.022188186645507812e-01
8.980143666267395020e-01
9.168971975644429895e-01
9.097324609756469727e-01
9.015980760256449011e-01
9.078357219696044922e-01
9.098377029101053504e-01
9.075286785761514929e-01
9.089272220929464075e-01
9.152582486470540735e-01
9.129985769589742395e-01
9.000384012858072547e-01
9.137463569641113281e-01
9.176184336344400672e-01
9.095796147982279090e-01
9.090986251831054688e-01
9.182192087173461914e-01
9.185820023218790320e-01
9.138338764508565637e-01
9.163664778073629114e-01
9.192482829093933105e-01
9.127851128578186035e-01
9.266916314760843543e-01
9.191811283429464075e-01
9.058154424031575891e-01
9.137322902679443359e-01
9.158479770024617883e-01
9.072319070498148230e-01
9.248712658882141113e-01
9.009895324707031250e-01
9.121874968210855750e-01
8.983487884203592566e-01
9.132579565048217773e-01
9.099269111951192590e-01
9.164084196090698242e-01
9.042606155077616004e-01
9.254865646362304688e-01
9.149484237035115930e-01
9.168174266815185547e-01
9.107707142829895020e-01
9.061325192451477051e-01
9.175624847412109375e-01
9.147611061731973914e-01
9.129281441370645789e-01
9.160785675048828125e-01
9.041740298271179199e-01
9.110991557439168664e-01
9.040402968724569055e-01
9.188473224639892578e-01
9.218004345893859863e-01
9.065132141113281250e-01
9.223578174908956262e-01
9.012572964032491418e-01
9.151751597722371789e-01
9.117944637934366492e-01
9.174976944923400879e-01
9.152520895004272461e-01
9.214696685473123816e-01
9.085280696551004675e-01
9.125749071439107629e-01
9.158503413200378418e-01
9.113437136014302942e-01
8.963932792345682410e-01
9.070380330085754395e-01
8.991910815238952637e-01
9.102330803871154785e-01
9.182446201642354700e-01
9.163698355356851843e-01
9.174311558405557898e-01
9.052697618802388879e-01
9.193414251009622840e-01
9.133328795433044434e-01
9.116573532422383996e-01
9.041355450948079797e-01
9.185661077499389648e-01
9.249651432037353516e-01
9.207707047462463379e-01
9.142584800720214844e-01
9.281550248463948938e-01
9.186219374338785437e-01
9.130094250043233606e-01
8.885559638341268274e-01
9.074791669845581055e-01
9.083230694135030481e-01
9.101131955782572058e-01
9.144076506296793250e-01
9.167479872703552246e-01
9.193729956944783899e-01
9.233005642890930176e-01
9.183869759241739539e-01
9.157097339630126953e-01
9.121520519256591797e-01
9.209463000297546387e-01
9.131371577580770227e-01
9.245452483495076867e-01
9.088113307952880859e-01
9.148491422335306433e-01
9.097464084625244141e-01
9.136803547541300086e-01
9.032353560129801062e-01
9.082089066505432129e-01
9.150617122650146484e-01
9.167718092600504187e-01
9.105372826258341101e-01
9.083018501599630090e-01
9.111019968986511230e-01
9.137327671051025391e-01
9.221243063608804968e-01
9.123796224594116211e-01
9.081054131189981726e-01
9.074582060178121301e-01
9.015551010767618445e-01
9.043073852856954309e-01
9.191614588101705285e-01
8.992054859797159461e-01
9.203044176101684570e-01
9.188470840454101562e-01
9.205652276674906043e-01
9.028973380724588660e-01
9.161618550618489953e-01
8.997552394866943359e-01
8.949608405431112024e-01
9.054546554883321496e-01
9.061310887336730957e-01
9.112812876701354980e-01
9.192128578821817664e-01
9.079911708831787109e-01
9.132395188013712195e-01
9.047237634658813477e-01
9.145001371701558801e-01
8.969163894653320312e-01
9.107059836387634277e-01
9.201834201812744141e-01
9.112024704615274695e-01
9.108056823412576941e-01
9.227811495463053015e-01
9.034870862960815430e-01
9.114284515380859375e-01
9.256614844004312781e-01
9.088356494903564453e-01
9.102126161257425574e-01
9.101103345553079871e-01
9.095569252967834473e-01
9.027400016784667969e-01
9.055791099866231653e-01
9.122312863667806360e-01
8.985051115353902551e-01
9.278701543807983398e-01
9.131509462992349890e-01
9.225159684816995886e-01
9.078735709190368652e-01
9.247428178787231445e-01
9.074325362841287879e-01
9.029521544774373742e-01
9.106510678927103308e-01
9.198779463768005371e-01
9.060734510421752930e-01
9.137526551882425574e-01
9.227021336555480957e-01
9.165910482406616211e-01
9.194327791531881067e-01
9.057867527008056641e-01
9.198362032572428015e-01
9.101874033610025672e-01
9.166584412256876258e-01
9.078983267148336145e-01
9.131295283635457727e-01
9.160961906115213660e-01
9.075874090194702148e-01
9.039243658383687707e-01
9.173128008842468262e-01
8.989714582761129114e-01
9.113704363505045203e-01
9.216832717259725305e-01
9.183312058448791504e-01
9.068826238314310340e-01
9.044411579767862586e-01
9.274769624074300500e-01
9.174148042996724817e-01
8.974038362503051758e-01
9.143635034561157227e-01
9.101913968722025183e-01
9.132733543713887903e-01
8.929523229598999023e-01
9.096844196319580078e-01
9.141602317492166785e-01
8.994324405988057825e-01
9.139616688092550012e-01
9.144079883893331262e-01
9.155868887901306152e-01
9.151365756988525391e-01
9.108550151189168664e-01
9.192200700441995886e-01
9.096272786458333703e-01
9.084014097849527625e-01
9.120849967002868652e-01
9.043051799138387414e-01
9.184956947962442664e-01
9.104793469111124304e-01
9.179494182268778113e-01
9.210514028867086145e-01
9.155120849609375000e-01
9.175839622815450403e-01
9.019148349761962891e-01
9.161850412686666223e-01
9.073916474978128699e-01
9.028473297754923133e-01
9.068486094474792480e-01
9.249500433603922156e-01
9.142115116119384766e-01
8.917132417360941199e-01
9.233606060345967981e-01
9.124992092450460168e-01
9.063821633656820032e-01
9.128145972887674597e-01
9.216092228889465332e-01
9.134079019228616980e-01
9.109368324279785156e-01
9.072129726409912109e-01
9.098260005315145227e-01
9.130204121271768836e-01
9.085427721341451379e-01
9.146301150321960449e-01
9.090353647867838172e-01
9.187496304512023926e-01
9.072034160296121863e-01
9.027581413586934778e-01
9.126940170923868445e-01
9.085383812586466101e-01
9.134470224380493164e-01
9.035878976186116907e-01
9.147689938545227051e-01
9.119262695312500000e-01
9.183940688769022254e-01
9.115998943646749231e-01
9.125436544418334961e-01
9.051344593365987512e-01
9.108014702796936035e-01
9.049482345581054688e-01
9.106036027272542688e-01
9.265220165252685547e-01
9.152863423029581336e-01
9.262514511744180945e-01
9.212593237559000281e-01
9.160341421763101843e-01
9.243072668711344031e-01
9.075725475947061804e-01
9.007857441902160645e-01
9.035804073015848425e-01
9.197145899136861535e-01
9.160458644231160852e-01
9.096730351448059082e-01
9.207761486371358606e-01
9.193379680315653113e-01
9.178145130475362512e-01
9.134879112243652344e-01
9.045899311701456336e-01
9.089355667432149621e-01
9.155138731002807617e-01
9.074234366416931152e-01
8.994406461715698242e-01
8.995515306790670129e-01
9.139942328135172156e-01
9.087146917978922156e-01
9.153251449267069129e-01
9.190043409665425989e-01
9.230692783991495398e-01
9.080500006675720215e-01
9.258489807446798059e-01
9.061596194903055457e-01
9.143832524617513391e-01
9.129361708958944055e-01
9.080855449040731164e-01
8.896490335464477539e-01
9.179806510607401160e-01
9.151882529258728027e-01
8.963329792022705078e-01
9.060173233350118371e-01
9.262750148773193359e-01
9.188057581583658484e-01
9.029737114906311035e-01
9.131924112637838098e-01
9.249012867609659461e-01
9.158111810684204102e-01
9.211541414260864258e-01
9.156549970308939246e-01
9.132362802823384973e-01
9.139224290847778320e-01
9.074812134106954309e-01
9.202402830123901367e-01
9.096603194872537879e-01
9.029813806215921668e-01
9.001983602841695520e-01
9.036246339480081824e-01
9.128407438596090051e-01
9.103580911954244348e-01
9.000034729639688758e-01
9.165300130844116211e-01
9.063135584195455285e-01
9.030671914418538782e-01
9.154414137204488489e-01
9.050198396046956750e-01
9.188753565152486535e-01
9.202001492182413367e-01
9.199036558469136926e-01
9.076662460962930945e-01
9.209436376889547082e-01
9.048477609952291223e-01
9.092585643132528039e-01
8.995871742566426965e-01
9.057003458340963098e-01
9.134741028149923059e-01
9.216023286183675500e-01
9.057924350102742883e-01
9.116275111834207800e-01
9.182991385459899902e-01
9.027239481608072547e-01
9.105011622111002234e-01
9.158886472384134558e-01
9.202331701914469031e-01
9.193562666575113562e-01
9.135861595471700403e-01
9.154448310534158972e-01
9.047680894533792761e-01
9.017100135485330847e-01
9.240567485491434363e-01
9.034612178802490234e-01
9.124031265576680871e-01
9.074272314707437781e-01
9.133098125457763672e-01
9.103085994720458984e-01
9.120919704437255859e-01
9.117322166760762903e-01
9.037399291992187500e-01
9.098536570866903039e-01
9.094495773315429688e-01
9.123585422833760950e-01
9.152815540631612512e-01
9.115188121795654297e-01
9.096321662267049524e-01
9.104326963424682617e-01
9.170295596122741699e-01
9.180902838706970215e-01
9.045212467511495325e-01
9.055142601331075403e-01
8.972413341204324988e-01
9.195627967516580847e-01
8.940474589665731164e-01
9.103903571764627722e-01
9.248282512029012414e-01
9.164936542510986328e-01
9.012727538744608191e-01
9.065781434377034875e-01
9.170059363047281531e-01
9.228929877281188965e-01
8.955174883206685754e-01
9.147033890088399621e-01
9.144142866134643555e-01
9.059818387031555176e-01
9.056432843208312988e-01
9.236934383710225793e-01
9.030137856801351282e-01
9.087000886599222449e-01
9.152440031369527551e-01
9.083702564239501953e-01
9.065119624137878418e-01
9.003619352976480750e-01
9.075321356455484656e-01
9.069660305976867676e-01
9.178213278452554968e-01
9.209093451499938965e-01
9.042098522186279297e-01
9.205261468887329102e-01
9.138479232788085938e-01
9.166336854298909875e-01
9.113896091779073450e-01
8.943246006965637207e-01
9.113888343175252649e-01
9.146208564440408972e-01
9.094672004381815222e-01
8.983163634936014441e-01
9.207874933878580359e-01
9.168639977773030969e-01
9.218396743138631555e-01
9.075427850087484094e-01
9.180443088213602332e-01
9.162728786468505859e-01
9.205840428670247766e-01
9.101938605308532715e-01
9.000171621640523645e-01
9.182675480842590332e-01
9.056471586227416992e-01
9.114239613215128211e-01
9.152149756749471399e-01
9.087393482526143762e-01
9.049632350603739050e-01
9.122743805249532434e-01
9.135914047559102746e-01
9.108804464340209961e-01
9.163777232170104980e-01
9.129568537076314660e-01
9.127087791760762903e-01
9.098223050435384485e-01
9.140579303105672571e-01
9.125345150629678992e-01
9.073365330696105957e-01
9.107537070910135535e-01
9.139640927314758301e-01
9.197871486345926550e-01
9.056298335393270227e-01
9.094862540562947961e-01
9.168627858161926270e-01
9.201734066009521484e-01
9.157745043436685828e-01
9.014158050219217566e-01
9.132065574328104285e-01
9.138413071632385254e-01
9.134716788927713660e-01
9.220343828201293945e-01
9.049976468086242676e-01
9.067916671435037879e-01
9.120633800824483606e-01
8.975427150726318359e-01
9.282854199409484863e-01
8.971402843793233606e-01
9.048422574996948242e-01
9.117569923400878906e-01
9.159479141235351562e-01
8.988600770632425574e-01
9.032288591066995886e-01
9.183634320894876746e-01
9.008964101473490027e-01
9.125929673512777063e-01
9.006110231081644324e-01
9.108958641688028601e-01
9.073918859163919715e-01
9.137984116872152063e-01
9.140344858169555664e-01
9.011175235112508508e-01
9.206574161847432825e-01
9.145621458689371375e-01
9.075253208478292200e-01
9.193959037462869910e-01
8.967186808586120605e-01
9.151399135589599609e-01
9.071205655733743933e-01
9.111050168673197058e-01
8.971087733904520300e-01
9.129058321317037317e-01
9.216334621111551550e-01
9.197607239087423059e-01
9.132524132728576660e-01
9.187786777814229700e-01
9.113974571228027344e-01
9.125611583391824988e-01
9.143723249435424805e-01
9.195165832837423059e-01
9.250703851381937293e-01
9.103005528450012207e-01
8.997867306073507043e-01
9.192268252372741699e-01
9.102550943692525598e-01
9.173829952875772742e-01
9.141936302185058594e-01
9.041517178217569617e-01
9.048797885576883582e-01
9.110950628916422156e-01
9.209657112757364539e-01
8.992592295010884973e-01
9.072765509287515906e-01
9.230479200681050989e-01
9.035282929738363000e-01
9.136398633321126672e-01
9.088870684305826453e-01
9.123257795969644812e-01
9.193784395853678015e-01
9.012651443481445312e-01
9.223686456680297852e-01
9.082032044728597375e-01
9.020060698191324500e-01
9.096581339836120605e-01
9.188560446103414270e-01
9.079239567120870325e-01
9.221881230672200891e-01
9.028443495432535437e-01
9.217679301897684363e-01
9.174741307894388465e-01
9.121136267979940149e-01
9.056079983711242676e-01
9.075671235720316199e-01
9.194018642107645300e-01
9.094559351603189734e-01
9.152328968048095703e-01
9.133028984069824219e-01
9.208725492159525183e-01
9.141433238983154297e-01
9.057336846987406043e-01
8.968093395233154297e-01
9.040395617485046387e-01
9.161023696263631555e-01
9.054946700731912879e-01
9.171891212463378906e-01
8.998006383577982215e-01
9.196620186169942590e-01
9.071933229764302942e-01
