1.045667850971221835e+00
1.008014011383056685e+00
9.914856612682342307e-01
1.005777335166931241e+00
9.763839364051818404e-01
1.060476875305175870e+00
1.046257621049881070e+00
9.856431663036346880e-01
9.669849812984466775e-01
9.713289976119995339e-01
1.010471487045287997e+00
9.584535002708435281e-01
9.519435048103332964e-01
9.890425682067871538e-01
9.929708838462829590e-01
9.912448704242706743e-01
1.005169039964675992e+00
1.017222845554351718e+00
1.057840186357498213e+00
9.745125532150268333e-01
9.497915863990783469e-01
9.447888374328613503e-01
9.665016710758209673e-01
9.780999541282653365e-01
1.012313526868820146e+00
9.839314997196197954e-01
9.535346746444701704e-01
9.526186764240265337e-01
9.580298244953155962e-01
9.581012964248657449e-01
9.696569800376891868e-01
9.496119916439056396e-01
9.525735139846801536e-01
9.569835782051085982e-01
9.442781448364258035e-01
9.821908354759216753e-01
9.491962790489196777e-01
9.694795906543731689e-01
9.622623801231384721e-01
9.577039897441863570e-01
1.031060320138931230e+00
9.464388072490692583e-01
9.794686079025268777e-01
1.036737972497939975e+00
1.017979407310485751e+00
1.010438746213913053e+00
9.811206817626952903e-01
9.488255620002746804e-01
9.358450829982757346e-01
9.367267012596129927e-01
9.486374020576476829e-01
9.745604157447814719e-01
1.038048660755157560e+00
9.991954267024993896e-01
9.452954232692718506e-01
9.459609270095825639e-01
9.400113701820373979e-01
9.544245898723602295e-01
9.523221969604491743e-01
9.480557084083557351e-01
9.452736258506775346e-01
9.678359031677246094e-01
9.489435732364654985e-01
9.564672231674193892e-01
9.624808311462402788e-01
9.330049514770507590e-01
9.319630384445189986e-01
9.302794694900512473e-01
9.288466334342956321e-01
9.345258831977844016e-01
9.281548261642456055e-01
9.273558616638183372e-01
9.293979704380035400e-01
9.397193729877472146e-01
9.708013713359833208e-01
9.782389581203461137e-01
9.721895754337310791e-01
9.367138028144836870e-01
9.349040091037750244e-01
9.345203816890716997e-01
9.666359007358551469e-01
9.991161167621612771e-01
9.477976083755492720e-01
9.361905694007873757e-01
9.340707361698150635e-01
9.364614129066467507e-01
9.490841567516327126e-01
9.636634826660156472e-01
9.476207494735717773e-01
9.442765653133392556e-01
9.438031733036040816e-01
9.395824968814849854e-01
9.642170369625091553e-01
9.390674471855163796e-01
9.596007943153381792e-01
9.640769302845001443e-01
9.448632717132567915e-01
9.305764973163604958e-01
9.312214434146881548e-01
9.484318912029265913e-01
9.968467533588409868e-01
9.618688583374023215e-01
9.729012012481689231e-01
9.756177127361297385e-01
9.505959630012512651e-01
9.508317589759827104e-01
9.529138863086700217e-01
9.606042087078094927e-01
9.368207514286041038e-01
9.340002596378326194e-01
9.435385286808013472e-01
9.314391016960144043e-01
9.297126531600952148e-01
9.397576272487639937e-01
9.328272998332977073e-01
9.484983146190643089e-01
9.386202275753021684e-01
9.371659159660339355e-01
9.285892367362975630e-01
9.267205417156219038e-01
9.290734589099883811e-01
9.325537085533142090e-01
9.255589008331298606e-01
9.275619149208068626e-01
9.257407009601592573e-01
9.273015737533569780e-01
9.274027109146117942e-01
9.385404348373412864e-01
9.536227107048034224e-01
9.985706090927124468e-01
9.579866349697112593e-01
9.695957303047180176e-01
9.350229740142822488e-01
9.378953576087951660e-01
9.462993204593658225e-01
9.510929524898529275e-01
9.348711848258972612e-01
9.351998686790465865e-01
9.313529133796691895e-01
9.311672866344451460e-01
9.429722487926482932e-01
9.318099021911621094e-01
9.327660441398620828e-01
9.483223736286163774e-01
9.422775387763977495e-01
9.594958305358887163e-01
9.485735118389129195e-01
9.430844306945800337e-01
9.449368834495543990e-01
9.433042883872986284e-01
9.549142062664032204e-01
9.633733391761779563e-01
9.703339099884032981e-01
9.560806989669800027e-01
9.395908892154694048e-01
9.427835047245025635e-01
9.589607536792754683e-01
9.851218700408935769e-01
9.373125076293945535e-01
9.345309257507323775e-01
9.369405031204223189e-01
9.282531559467315230e-01
9.264912068843841331e-01
9.410945236682891624e-01
9.432016193866730180e-01
9.359304845333099587e-01
9.263634443283080833e-01
9.314161419868469682e-01
9.270985126495361328e-01
9.395734906196594460e-01
9.443315148353577104e-01
9.304758369922637717e-01
9.241931617259979692e-01
9.231983065605163796e-01
9.232401788234710915e-01
9.222581624984741433e-01
9.234352350234985574e-01
9.441144406795501931e-01
9.297770440578461137e-01
9.358230233192443848e-01
9.861130356788635476e-01
9.504803776741027610e-01
9.300969481468200906e-01
9.341233015060425027e-01
9.385926663875580056e-01
9.344413876533508301e-01
9.736613452434539351e-01
9.526755809783935547e-01
9.328838884830474854e-01
9.358425021171570268e-01
9.439633727073669656e-01
9.431733727455139382e-01
9.407765030860900657e-01
9.400742590427398904e-01
9.599682629108429177e-01
9.285138428211212602e-01
9.241387724876404253e-01
9.227225899696349654e-01
9.242707431316375954e-01
9.371897757053375688e-01
9.418962657451629417e-01
9.371895611286162886e-01
9.393703877925873025e-01
9.243798971176147017e-01
9.233644068241119163e-01
9.306671440601348433e-01
9.240980744361877441e-01
9.223446667194366011e-01
9.253003239631653054e-01
9.322131216526031716e-01
9.330780267715453880e-01
9.306757390499115212e-01
9.564418613910674605e-01
9.466067373752593550e-01
9.388852238655089888e-01
9.494834184646606667e-01
9.579290688037872536e-01
9.262534379959106445e-01
9.226540744304656538e-01
9.293863058090210405e-01
9.323245465755463091e-01
9.520571589469909446e-01
9.484928429126739946e-01
9.411577761173248735e-01
9.459453582763671653e-01
9.302825093269347922e-01
9.271425306797027588e-01
9.263090193271636963e-01
9.536016583442687988e-01
9.367063701152801292e-01
9.243416666984558550e-01
9.321744740009307861e-01
9.252355456352233665e-01
9.214931488037109153e-01
9.216136991977691428e-01
9.200296640396118386e-01
9.211257994174957275e-01
9.238983571529388872e-01
9.195336043834686501e-01
9.238040328025818315e-01
9.189959108829498513e-01
9.293606221675873025e-01
9.371032238006591353e-01
9.410913348197936790e-01
9.440717697143554688e-01
9.259455800056457520e-01
9.412809252738952859e-01
9.420636415481566939e-01
9.331894099712372270e-01
9.212942302227020708e-01
9.192603290081023948e-01
9.198465645313262939e-01
9.190327286720275657e-01
9.176943540573120339e-01
9.214880704879760964e-01
9.224711120128631370e-01
9.184746384620666726e-01
9.247714340686797874e-01
9.354657173156738503e-01
9.262263715267181619e-01
9.369549691677093728e-01
9.244779467582702193e-01
9.276257038116455522e-01
9.190425872802734375e-01
9.185469686985016091e-01
9.255550980567932573e-01
9.421489000320434348e-01
9.242755711078644021e-01
9.279389500617980513e-01
9.236070990562439409e-01
9.176536917686461958e-01
9.200021326541900635e-01
9.204053163528442827e-01
9.385888278484344482e-01
9.392862439155578169e-01
9.304316580295562966e-01
9.354203343391418457e-01
9.423450171947479470e-01
9.276882052421570046e-01
9.223247826099395530e-01
9.350161254405975342e-01
9.359094917774199995e-01
9.231335639953612837e-01
9.239238798618316650e-01
9.172088086605072466e-01
9.276467978954314741e-01
9.167390704154968484e-01
9.145331442356109397e-01
9.176699995994568315e-01
9.198898911476135476e-01
9.245635092258452925e-01
9.218816101551056130e-01
9.294920802116394265e-01
9.229377388954163042e-01
9.165511310100555864e-01
9.313384771347046343e-01
9.423672139644623247e-01
9.229136049747467263e-01
9.290798127651214156e-01
9.354219615459442583e-01
9.336510062217712180e-01
9.168343663215636763e-01
9.158869504928588423e-01
9.143688976764678955e-01
9.188270092010497603e-01
9.176677346229553667e-01
9.340971350669861062e-01
9.419201076030730979e-01
9.317772805690764937e-01
9.519266545772552268e-01
9.440123438835144043e-01
9.510217308998107910e-01
9.618842065334319846e-01
9.325695812702179399e-01
9.451499342918395774e-01
9.281830489635467529e-01
9.259336411952971968e-01
9.330798149108886497e-01
9.228193044662476030e-01
9.242684721946716753e-01
9.189914405345916970e-01
9.245392978191375732e-01
9.153840303421020286e-01
9.129885792732238547e-01
9.136992037296295388e-01
9.111931979656219260e-01
9.104726433753966841e-01
9.107897341251373069e-01
9.124117434024811013e-01
9.094018459320067915e-01
9.101244151592254861e-01
9.137614309787750466e-01
9.202765941619872603e-01
9.193591952323914018e-01
9.139694094657897505e-01
9.125755965709686501e-01
9.206832230091095415e-01
9.141115844249725342e-01
9.259532034397125466e-01
9.200654208660126177e-01
9.257071316242218018e-01
9.361237049102782981e-01
9.212151348590851274e-01
9.430928230285644531e-01
9.181244432926177756e-01
9.134661078453063521e-01
9.121155917644501177e-01
9.118081808090210405e-01
9.153432905673980491e-01
9.149134755134582520e-01
9.178063094615935835e-01
9.276811897754668745e-01
9.420084893703460915e-01
9.264746665954589622e-01
9.341845571994781272e-01
9.314357578754425271e-01
9.194336712360382524e-01
9.178091585636138916e-01
9.153881967067718506e-01
9.244772672653198686e-01
9.256540715694427934e-01
9.278398454189300537e-01
9.135785579681396928e-01
9.132732093334198220e-01
9.196932494640350786e-01
9.189803838729858620e-01
9.101220428943633811e-01
9.068739414215087891e-01
9.056047141551971658e-01
9.060782372951508012e-01
9.057142674922943337e-01
9.048645853996276633e-01
9.047078371047974077e-01
9.040396928787231001e-01
9.043550372123718706e-01
9.115942955017090066e-01
9.119453728199005127e-01
9.115161359310149924e-01
9.116267204284668191e-01
9.096935093402862549e-01
9.086067318916321023e-01
9.093534529209137407e-01
9.110852003097533736e-01
9.087468206882476363e-01
9.106633365154266357e-01
9.148709118366241677e-01
9.132844865322112815e-01
9.174442231655121072e-01
9.067011356353760210e-01
9.106278121471405029e-01
9.059529304504394531e-01
9.011071979999542014e-01
9.003946065902710405e-01
8.996620953083038774e-01
8.992812871932983620e-01
8.988191068172455278e-01
9.017704129219055176e-01
9.112790465354919656e-01
9.077066600322722945e-01
9.034588634967803955e-01
9.081173121929169145e-01
9.012242197990417703e-01
9.036557078361511230e-01
8.995128691196441206e-01
9.000886440277099387e-01
9.128480374813079390e-01
9.115362346172333208e-01
9.065244197845458984e-01
9.126603722572326216e-01
9.133826553821563499e-01
9.053306102752685103e-01
9.061384737491607888e-01
9.010215342044830544e-01
8.969413220882416216e-01
8.986455857753753440e-01
9.046873748302459717e-01
9.141922771930695024e-01
8.989072382450103982e-01
9.000695347785949707e-01
8.938324451446533203e-01
8.908544361591339555e-01
8.907029807567596880e-01
8.921741604804992454e-01
8.918853223323821577e-01
8.911533832550049272e-01
8.987757205963134988e-01
8.965530872344971147e-01
9.116509974002837691e-01
8.974500656127929465e-01
9.052557408809661643e-01
9.052668809890747070e-01
8.969625353813170943e-01
8.916548371315002885e-01
9.052314817905425803e-01
9.348802745342255083e-01
9.116934120655060259e-01
9.148651242256164995e-01
9.446714699268341509e-01
8.961837589740753174e-01
9.042849957942962202e-01
9.081931173801421897e-01
8.937643766403198242e-01
8.929009497165679710e-01
8.967159450054168479e-01
8.998534083366394043e-01
8.932279825210571733e-01
8.900323927402495894e-01
8.862607479095458984e-01
8.870044589042663796e-01
8.896403610706329346e-01
8.921216249465941939e-01
9.007254600524902122e-01
8.878834187984466775e-01
8.844409108161925825e-01
8.822619259357452615e-01
8.837011635303497759e-01
8.808657407760620561e-01
8.851773202419280784e-01
8.909043848514557329e-01
8.877533257007599321e-01
8.812202215194702148e-01
8.843452215194702593e-01
8.820840418338775635e-01
8.807871103286742942e-01
8.831695079803466575e-01
8.802369534969329834e-01
8.848950803279876931e-01
8.860247850418090376e-01
8.772281885147095171e-01
8.807524263858794722e-01
8.772879600524902122e-01
8.781646370887756792e-01
8.964091479778290017e-01
9.071747958660125732e-01
9.062127768993377686e-01
8.866541266441345659e-01
8.797683179378509299e-01
8.833689808845519575e-01
8.819877684116363969e-01
8.765050888061522993e-01
8.838876545429229514e-01
8.834599554538726807e-01
8.904331564903259499e-01
8.770785927772521973e-01
8.757507860660552756e-01
8.773224353790283203e-01
8.833356201648712158e-01
8.882069170475006548e-01
8.850489199161529763e-01
8.872265696525574175e-01
8.873025417327881081e-01
8.733362436294556108e-01
8.706669092178345171e-01
8.694247782230377641e-01
8.670390069484710249e-01
8.682435572147368941e-01
8.677982866764069048e-01
8.688288450241088423e-01
8.805293917655945268e-01
8.712337553501129372e-01
8.663083612918853760e-01
8.677745163440704346e-01
8.685875594615936057e-01
8.779798984527588113e-01
8.724929869174957719e-01
8.713214933872223122e-01
8.724350690841674583e-01
8.672178447246551292e-01
8.650593519210815208e-01
8.783043086528777854e-01
8.752243936061858687e-01
8.713724493980408159e-01
8.677721440792083296e-01
8.641019046306610552e-01
8.660377562046051025e-01
8.659417629241943359e-01
8.791666150093078169e-01
8.765254855155945046e-01
8.656966030597686990e-01
8.635158121585846391e-01
8.630441665649414285e-01
8.646002948284149392e-01
8.688119292259216531e-01
8.618957102298736572e-01
8.661538124084472434e-01
8.797282278537750244e-01
8.814260363578796387e-01
8.668746054172515869e-01
8.663957059383392556e-01
8.607621669769287553e-01
8.594295442104339378e-01
8.656034648418426958e-01
8.621116518974304421e-01
8.674338102340698464e-01
8.717530071735382080e-01
8.707011282444000466e-01
8.699282407760620117e-01
8.602100670337676780e-01
8.573314309120178001e-01
8.552502393722534180e-01
8.609695017337799516e-01
8.663742721080780473e-01
8.607635557651519553e-01
8.710188746452331987e-01
8.709781587123870406e-01
8.625199019908904585e-01
8.573128819465637429e-01
8.555847108364105225e-01
8.577792704105376975e-01
8.554799497127533181e-01
8.579307675361633745e-01
8.692521989345550759e-01
8.632850766181945357e-01
8.668810606002808061e-01
8.645188987255096880e-01
8.623721003532409668e-01
8.583811521530151367e-01
8.570745110511779341e-01
8.622814416885375977e-01
8.664144396781920943e-01
8.557993948459625688e-01
8.596796870231628862e-01
8.598254084587096946e-01
8.729247391223907693e-01
8.644784748554229514e-01
8.721693754196166992e-01
8.562364399433135542e-01
8.575373888015747070e-01
8.588085353374481645e-01
8.566204726696013960e-01
8.679386556148529497e-01
8.604537665843963179e-01
8.529637753963470459e-01
8.526842534542083962e-01
8.526112914085388628e-01
8.495066225528716819e-01
8.495799243450165017e-01
8.530430912971496138e-01
8.535905778408050537e-01
8.674592554569244829e-01
8.624545037746429443e-01
8.612077593803405540e-01
8.690646111965178999e-01
8.692596316337585227e-01
8.586589694023132324e-01
8.547320127487182395e-01
8.578618407249450906e-01
8.636413753032684548e-01
8.585395693778992143e-01
8.551471292972564475e-01
8.543039500713348611e-01
8.492283880710601585e-01
8.482975065708160400e-01
8.479422152042388472e-01
8.516182005405426025e-01
8.548677444458008257e-01
8.475905179977416548e-01
8.506265997886657271e-01
8.477073252201080544e-01
8.467213153839111550e-01
8.456245481967925581e-01
8.436602592468261941e-01
8.467354834079742210e-01
8.550276219844817893e-01
8.616926372051239014e-01
8.489909410476684792e-01
8.534855544567108154e-01
8.569607734680175781e-01
8.482757329940795454e-01
8.455034971237183061e-01
8.538085460662842019e-01
8.557467997074127419e-01
8.487580478191375510e-01
8.534385919570922630e-01
8.476667761802673118e-01
8.572154462337493452e-01
8.501441061496735063e-01
8.457269072532653809e-01
8.446680963039397971e-01
8.455381751060485618e-01
8.490070700645446777e-01
8.496093094348907693e-01
8.547529637813567893e-01
8.581239044666290061e-01
8.498451411724090576e-01
8.483996152877807395e-01
8.533765017986297829e-01
8.503599584102630171e-01
8.470357179641723189e-01
8.442775189876556841e-01
8.436259210109711137e-01
8.434321463108063188e-01
8.415009438991546409e-01
8.477061629295349343e-01
8.525918543338775191e-01
8.493333518505096214e-01
8.448867201805114746e-01
8.452721059322356734e-01
8.401684880256652388e-01
8.471687614917755571e-01
8.459353566169738325e-01
8.478285372257232666e-01
8.509147703647613747e-01
8.546389698982238547e-01
8.492746829986572710e-01
8.573090732097625732e-01
8.475328564643860307e-01
8.461942374706268311e-01
8.426828980445861816e-01
8.428198575973511186e-01
8.398153543472289817e-01
8.425818622112274392e-01
8.440132737159729004e-01
8.438967168331146240e-01
8.413944244384765625e-01
8.431228041648864968e-01
8.440166890621185747e-01
8.406418263912200928e-01
8.434635102748870850e-01
8.420474469661712869e-01
8.425478696823119895e-01
8.507532000541686568e-01
8.430984377861022727e-01
8.408421397209167036e-01
8.370922863483428733e-01
8.410449445247649702e-01
8.386883735656738281e-01
8.373522162437438965e-01
8.437870502471923606e-01
8.388481199741363303e-01
8.388944923877715842e-01
8.457488179206847922e-01
8.443539261817931685e-01
8.463619709014892356e-01
8.416250050067901611e-01
8.404512524604796919e-01
8.369158625602721724e-01
8.358759164810181108e-01
8.391130089759826216e-01
8.382135987281799094e-01
8.374204874038696511e-01
8.372910857200622781e-01
8.367761373519897461e-01
8.458108544349670632e-01
8.402650356292724609e-01
8.362601637840271218e-01
8.403966784477233665e-01
8.366271674633025679e-01
8.359233081340790017e-01
8.358297407627105491e-01
8.357939302921295610e-01
8.368551611900330034e-01
8.373330354690551314e-01
8.438904225826263650e-01
8.534147977828979714e-01
8.412171304225921631e-01
8.354644477367401123e-01
8.388365507125854492e-01
8.363507330417633279e-01
8.411941170692444070e-01
8.387081086635589378e-01
8.496724784374236616e-01
8.416111648082733598e-01
8.359272956848144975e-01
8.380957186222076638e-01
8.394377887248992698e-01
8.348099052906036155e-01
8.410629868507385476e-01
8.370128333568572776e-01
8.402855396270751953e-01
8.357674539089202659e-01
8.357153356075286421e-01
8.437719583511352761e-01
8.479542076587677224e-01
8.430463969707489014e-01
8.377348780632019043e-01
8.371152639389037864e-01
8.346079647541045921e-01
8.349959552288055420e-01
8.320267736911773904e-01
8.353693246841430442e-01
8.375430703163146973e-01
8.336314558982849121e-01
8.328973293304443581e-01
8.319862246513366477e-01
8.363575458526610884e-01
8.393249809741973877e-01
8.375046312808990256e-01
8.400395214557647705e-01
8.399675488471984863e-01
8.357870519161224587e-01
8.316728830337524192e-01
8.344599246978759988e-01
8.366317272186278853e-01
8.334986984729766402e-01
8.343721628189086914e-01
8.365884900093079057e-01
8.370106220245361328e-01
8.366101920604706033e-01
8.344871282577515093e-01
8.354734778404235840e-01
8.371915042400359663e-01
8.327072143554687944e-01
8.357161223888397439e-01
8.326815187931060347e-01
8.342228829860687256e-01
8.392585456371307595e-01
8.418017387390136497e-01
8.358867108821869119e-01
8.356399655342101607e-01
8.304748237133026123e-01
8.333969235420226607e-01
8.352206945419311523e-01
8.326886475086212602e-01
8.357492864131927934e-01
8.330136477947235329e-01
8.333720266819000244e-01
8.326294302940369096e-01
8.349643647670745850e-01
8.317830204963684304e-01
8.319721162319183572e-01
8.309851109981536421e-01
8.298427283763885054e-01
8.296274721622467485e-01
8.312486827373504195e-01
8.313311398029327171e-01
8.303757965564727561e-01
8.319053292274475320e-01
8.312261223793029341e-01
8.304639220237731712e-01
8.291947007179260032e-01
8.310929954051970991e-01
8.333709001541137473e-01
8.310692131519317183e-01
8.306430220603943093e-01
8.305300176143646240e-01
8.308984041213989258e-01
8.345229327678680420e-01
8.305089950561523882e-01
8.281793117523192915e-01
8.320703029632567915e-01
8.296100854873657005e-01
8.310029804706573486e-01
8.330617904663085715e-01
8.328816592693328857e-01
8.282963216304779497e-01
8.326935648918152300e-01
8.283726274967193604e-01
8.294512689113616721e-01
8.345635235309600830e-01
8.308004260063170943e-01
8.312589704990387407e-01
8.322302043437957986e-01
8.275387287139892578e-01
8.323744118213654009e-01
8.326150953769684282e-01
8.302559852600097656e-01
8.275319814682007280e-01
8.299392819404601829e-01
8.326359689235687256e-01
8.299273967742919478e-01
8.327961266040802002e-01
8.306061804294586626e-01
8.294945359230041504e-01
8.321011304855346902e-01
8.322460412979125755e-01
8.291399598121642622e-01
8.335620701313019021e-01
8.337128281593322310e-01
8.351634144783020020e-01
8.279971778392791748e-01
8.273836255073547807e-01
8.291931152343750000e-01
8.352156281471252441e-01
8.365391016006469282e-01
8.310972034931183305e-01
8.277434825897216353e-01
8.305368125438690186e-01
8.293655335903167281e-01
8.274061322212219460e-01
8.274880707263946311e-01
8.356328964233398215e-01
8.303723812103271928e-01
8.290849030017852783e-01
8.275974929332733376e-01
8.314482510089874490e-01
8.327338993549346924e-01
8.285913646221161333e-01
8.276599645614624023e-01
8.293705940246581809e-01
8.282355844974518266e-01
8.296088337898254172e-01
8.289214611053467019e-01
8.291801869869231956e-01
8.286906003952025923e-01
8.283757030963897483e-01
8.298593282699584517e-01
8.285549521446228249e-01
8.264546871185303178e-01
8.280524253845215066e-01
8.300367176532745805e-01
8.309422075748443826e-01
8.307509899139404741e-01
8.332747220993041992e-01
8.301551818847656694e-01
8.304475665092467818e-01
8.304955482482909712e-01
8.311660885810852051e-01
8.267567694187164529e-01
8.283098697662353294e-01
8.295343637466430220e-01
8.291828989982604758e-01
8.285214066505431907e-01
8.289833545684814897e-01
8.284696102142333762e-01
8.296509623527527078e-01
8.271650791168212447e-01
8.264638662338257280e-01
8.280859172344208208e-01
8.270854055881500244e-01
8.308749735355377419e-01
8.276014029979705811e-01
8.263734757900238481e-01
8.254185199737549272e-01
8.258363008499145508e-01
8.268627285957336204e-01
8.309528708457947221e-01
8.275078773498535378e-01
8.368212759494781938e-01
8.278098881244659868e-01
8.258947491645812766e-01
8.277142524719238725e-01
8.264197707176208496e-01
8.380334615707397683e-01
8.291348516941070557e-01
8.296261429786682129e-01
8.296744644641875777e-01
8.275229215621948686e-01
8.287570834159850852e-01
8.263215065002441628e-01
8.288607060909271018e-01
8.271987557411193404e-01
8.294514477252959983e-01
8.256063401699066384e-01
8.302670180797576682e-01
8.277597844600677046e-01
8.292853176593780740e-01
8.262782633304596169e-01
8.259286046028136985e-01
8.281085252761840598e-01
8.267240285873412864e-01
8.261434733867645264e-01
8.261707663536071999e-01
8.248329341411591020e-01
8.266252398490905318e-01
8.297451674938202126e-01
8.262663066387176958e-01
8.285887718200684038e-01
8.279414355754852739e-01
8.280206382274627464e-01
8.277053713798523393e-01
8.260375738143921343e-01
8.268200159072875977e-01
8.268204331398010254e-01
8.302859365940093994e-01
8.316517174243927002e-01
8.275165379047393355e-01
8.283811569213866965e-01
8.286141574382781538e-01
8.254337728023528609e-01
8.250103712081908736e-01
8.251240015029907005e-01
8.334460973739623579e-01
8.275153577327728494e-01
8.254059493541717751e-01
8.254602193832397683e-01
8.252522289752960427e-01
8.267984211444854292e-01
8.280799448490142600e-01
8.259091675281524658e-01
8.270495712757111040e-01
8.296408534049988237e-01
8.289116621017456055e-01
8.295012891292572466e-01
8.255379438400268777e-01
8.298123419284820779e-01
8.253126323223114458e-01
8.271063327789306419e-01
8.304935693740844727e-01
8.261122286319733110e-01
8.248317956924438032e-01
8.309465408325195090e-01
8.249562978744506836e-01
8.308433771133423296e-01
8.268321335315704790e-01
8.255671679973601851e-01
8.269406735897064653e-01
8.241013228893280251e-01
8.255394876003265825e-01
8.255643188953399880e-01
8.290941894054413286e-01
8.289864897727966531e-01
8.248326659202576128e-01
8.254915952682495561e-01
8.262379765510559082e-01
8.258210539817809615e-01
8.254212498664855735e-01
8.260374724864959495e-01
8.260944962501526323e-01
8.266924142837523970e-01
8.264886021614075151e-01
8.279411673545837846e-01
8.286346793174743652e-01
8.270141184329986572e-01
8.247686624526977539e-01
8.259137034416198508e-01
8.267585873603821023e-01
8.254967749118804488e-01
8.262921810150146706e-01
8.275902271270751953e-01
8.263225257396697998e-01
8.265941500663757102e-01
8.287112712860107422e-01
8.252146065235137495e-01
8.258505523204803245e-01
8.258663833141326460e-01
8.292876720428467019e-01
8.298608005046844704e-01
8.287639260292053445e-01
8.272910833358764204e-01
8.250035226345062700e-01
8.284786701202392356e-01
8.253921210765838845e-01
8.261712849140167014e-01
8.242957413196563277e-01
8.259224116802215132e-01
8.264627337455749956e-01
8.256432592868805376e-01
8.263454675674438699e-01
8.258092939853668435e-01
8.243797481060027854e-01
8.284460127353667769e-01
8.250988602638245073e-01
8.277270317077636275e-01
8.250792086124419944e-01
8.253579676151275857e-01
8.281394124031067339e-01
8.250834345817565918e-01
8.266102671623229980e-01
8.238853275775909202e-01
8.267564475536346436e-01
8.266830027103424516e-01
8.266867518424987349e-01
8.246269345283507857e-01
8.289671540260314941e-01
8.264998674392700639e-01
8.250225722789764626e-01
8.271505773067474587e-01
8.273299157619475874e-01
8.264858663082123025e-01
