4.369965583086014016e-01
4.127172172069549783e-01
4.160016253590583801e-01
4.116898655891418346e-01
4.076687961816787831e-01
4.086030393838882557e-01
4.126720994710922352e-01
4.087428808212280051e-01
4.078778713941574319e-01
4.070310264825821034e-01
4.052722662687301414e-01
4.051810741424560769e-01
4.022219747304916493e-01
4.076643168926238903e-01
4.037123322486877441e-01
4.043795660138130299e-01
4.042892545461654885e-01
4.071814030408859031e-01
4.060460686683654563e-01
4.081342220306396484e-01
4.054847091436385997e-01
4.033167600631714089e-01
4.034764200448989757e-01
4.045494109392165916e-01
4.024709582328796498e-01
4.038384124636650307e-01
4.024552077054977528e-01
4.021340623497963174e-01
4.039428353309631459e-01
4.024642854928970337e-01
4.019102290272712485e-01
4.034788459539413452e-01
4.016053318977356179e-01
4.017521023750305065e-01
4.028725862503051980e-01
4.021219819784164207e-01
4.052238896489143150e-01
4.028914779424667136e-01
4.013579457998275868e-01
4.026180088520049938e-01
4.034354299306869285e-01
4.045861929655075184e-01
4.044589936733246072e-01
4.059200346469878928e-01
4.074662685394286887e-01
4.051956653594970814e-01
4.066357254981994851e-01
4.048718005418777688e-01
4.014844715595245472e-01
4.029920101165771484e-01
4.037945032119750755e-01
4.034342676401138084e-01
4.047176718711852916e-01
4.028163552284240723e-01
4.029949992895126565e-01
4.015481501817703136e-01
4.018565148115157970e-01
4.029125735163688882e-01
4.012893915176391491e-01
4.021002292633056863e-01
4.010986313223838806e-01
4.017650932073593140e-01
4.015331774950027244e-01
4.009072840213775413e-01
4.019239261746406777e-01
4.008290275931358226e-01
4.005511149764061085e-01
4.010145515203475952e-01
4.012864202260971180e-01
4.016784965991974099e-01
4.005879938602447399e-01
4.011361867189407460e-01
4.014590010046958923e-01
4.006135344505309948e-01
4.009476214647292869e-01
4.031422883272171021e-01
4.010861232876777871e-01
3.997632801532745583e-01
3.990460038185119629e-01
3.994230076670646779e-01
4.007729858160019032e-01
4.003223478794097900e-01
3.983146250247955322e-01
4.014498561620712391e-01
3.992286980152129905e-01
3.994364649057388084e-01
3.993136554956436268e-01
4.009429752826690896e-01
4.001045942306518666e-01
4.001828134059906006e-01
4.006173998117447121e-01
3.999674081802367942e-01
4.009145051240921021e-01
4.002773106098175271e-01
3.995764732360839733e-01
4.013120278716087452e-01
3.988939344882965199e-01
3.989703655242919922e-01
3.995041251182556152e-01
3.995802283287048229e-01
3.993959337472915427e-01
4.010501742362976296e-01
4.011028647422790749e-01
4.018998771905898937e-01
4.000572726130485757e-01
3.994054257869720237e-01
4.000455439090728760e-01
4.006379783153534158e-01
3.995525687932968140e-01
3.988605141639709473e-01
3.991455107927322499e-01
3.987759560346603172e-01
3.990500271320343018e-01
3.996451646089553833e-01
3.985470116138458141e-01
3.986078351736068726e-01
3.994739383459091076e-01
3.983211666345596313e-01
3.988118842244148254e-01
3.983380973339080700e-01
3.991002917289733776e-01
3.990861564874649270e-01
3.988705188035964744e-01
3.989550620317459106e-01
3.987258166074753030e-01
3.987902849912643433e-01
3.984767228364944347e-01
3.989933490753173606e-01
3.996747106313705555e-01
3.991216719150543213e-01
3.992541581392288208e-01
3.991086930036544800e-01
3.987927764654159435e-01
3.979519993066787942e-01
3.978694319725036843e-01
3.983908861875534169e-01
3.981738448143005149e-01
3.986435994505882485e-01
3.978221386671066395e-01
3.976537927985191456e-01
3.977672129869461171e-01
3.984239935874939187e-01
3.974471926689148171e-01
3.982255280017852894e-01
3.983887121081352012e-01
3.984629809856414795e-01
3.972237706184387207e-01
3.989263892173767201e-01
3.974143058061599953e-01
3.983163595199584739e-01
3.982985600829124229e-01
3.967026680707931297e-01
3.984617128968238609e-01
4.004821598529815785e-01
3.980658739805221780e-01
3.986524283885956033e-01
4.004785984754562489e-01
3.988705143332481606e-01
3.985374122858047485e-01
4.001190811395645142e-01
3.990790426731109508e-01
3.981825321912765281e-01
3.982512146234512551e-01
3.982686161994933860e-01
3.977670341730117909e-01
3.973629027605056763e-01
3.972207665443420188e-01
3.973647713661193626e-01
3.968925178050994873e-01
3.965562999248504750e-01
3.995463460683822410e-01
3.974958539009094127e-01
3.968919396400451549e-01
3.965604841709137185e-01
3.967586308717727661e-01
3.969255983829498291e-01
3.973064333200454490e-01
3.973382979631424061e-01
3.974185034632682911e-01
3.973955541849136242e-01
3.985223829746246116e-01
3.985146582126617432e-01
3.963224828243255837e-01
3.966506838798523060e-01
3.982996150851249584e-01
3.972351819276809803e-01
3.976926654577255249e-01
3.958200231194496377e-01
3.976875975728034751e-01
3.962105363607406616e-01
3.967993825674057118e-01
3.973739862442016713e-01
3.957772225141525380e-01
3.955015182495117410e-01
3.967904001474380493e-01
3.956192672252655251e-01
3.963061690330505482e-01
3.962684631347656028e-01
3.965968340635299683e-01
3.966315448284148948e-01
3.957297906279563793e-01
3.966872900724410789e-01
3.951822370290756226e-01
3.952498853206634633e-01
3.956925421953201294e-01
3.952604323625564797e-01
3.955900728702544944e-01
3.957210898399353138e-01
3.955216556787490845e-01
3.969298362731933372e-01
3.954588532447814719e-01
3.948244035243987926e-01
3.961150527000427135e-01
3.945787578821182140e-01
3.946479260921478271e-01
3.948094397783279419e-01
3.979053586721420510e-01
3.956009611487388833e-01
3.955942481756210549e-01
3.961143344640731812e-01
3.961296543478965981e-01
3.960570141673088185e-01
3.954749554395675659e-01
3.939496338367461936e-01
3.959640502929687722e-01
3.942349195480346902e-01
3.954255521297455056e-01
3.950886458158492931e-01
3.956054002046585083e-01
3.947094380855560303e-01
3.942789256572723500e-01
3.944713070988655201e-01
3.945914745330810769e-01
3.944559335708618386e-01
3.947166234254836925e-01
3.950243949890136497e-01
3.951256573200225830e-01
3.949106350541115029e-01
3.947154879570007324e-01
3.944149613380432129e-01
3.944863781332969555e-01
3.940831005573272594e-01
3.956237301230430825e-01
3.947595536708831676e-01
3.938329488039016835e-01
3.939111202955246083e-01
3.938319742679595725e-01
3.949745163321495278e-01
3.949651196599006653e-01
3.940798580646515115e-01
3.942093759775161521e-01
3.941120862960815208e-01
3.939107924699783436e-01
3.940741896629333385e-01
3.933400005102157815e-01
3.939003586769104226e-01
3.934339553117752186e-01
3.935705542564392201e-01
3.938842505216598733e-01
3.930705994367599265e-01
3.930754810571670532e-01
3.929772794246673695e-01
3.926448196172714344e-01
3.930946707725525013e-01
3.931628435850143544e-01
3.926842898130417092e-01
3.928518682718277200e-01
3.922165304422378651e-01
3.929299354553222878e-01
3.929642707109451405e-01
3.927334308624267356e-01
3.928198486566543690e-01
3.929478019475937112e-01
3.928790241479873657e-01
3.925004482269286998e-01
3.920691102743149026e-01
3.922830075025558472e-01
3.938325628638267295e-01
3.932632833719253429e-01
3.932169467210769875e-01
3.930451899766921886e-01
3.920990303158760071e-01
3.920149028301239125e-01
3.921920895576477273e-01
3.920519903302192577e-01
3.916071861982345359e-01
3.916490480303764232e-01
3.913286566734314187e-01
3.910502791404724121e-01
3.909490466117858665e-01
3.905113309621811024e-01
3.896285951137542503e-01
3.906195759773254395e-01
3.907134115695953258e-01
3.908034950494766457e-01
3.914819657802581787e-01
3.911666452884673961e-01
3.902836054563522117e-01
3.919073283672332986e-01
3.918950855731964111e-01
3.942755803465843312e-01
3.933462619781494252e-01
3.923857986927032360e-01
3.913754850625991710e-01
3.909417420625686534e-01
3.909087777137756348e-01
3.906382471323013306e-01
3.901044338941573875e-01
3.923600420355796703e-01
3.916430816054344288e-01
3.929378926753998025e-01
3.928473860025405995e-01
3.951699256896972767e-01
3.933505147695541271e-01
3.918700098991393932e-01
3.913640171289444192e-01
3.922522693872451671e-01
3.905501008033752663e-01
3.903980523347854725e-01
3.911966487765312084e-01
3.906277179718017356e-01
3.900712609291076549e-01
3.904015272855758667e-01
3.895451337099075095e-01
3.900852143764496072e-01
3.895283699035644309e-01
3.894689530134201050e-01
3.892762511968612671e-01
3.892127096652984730e-01
3.886439085006713756e-01
3.884896308183670155e-01
3.890247225761413463e-01
3.888412624597549216e-01
3.877465009689330944e-01
3.879237383604049461e-01
3.868781983852386253e-01
3.876463532447814719e-01
3.877135127782821433e-01
3.882674336433410422e-01
3.865200608968734630e-01
3.864028975367546082e-01
3.878263473510742410e-01
3.909117907285690197e-01
3.901452660560608132e-01
3.894673600792885049e-01
3.882098704576492088e-01
3.884919926524162404e-01
3.888118475675582664e-01
3.878293126821518166e-01
3.872117400169372559e-01
3.873268172144889721e-01
3.871939837932586448e-01
3.855088680982589611e-01
3.873458892107010110e-01
3.884997159242630227e-01
3.892096251249313466e-01
3.896497547626495139e-01
3.882213354110717884e-01
3.871691614389419778e-01
3.867391452193260082e-01
3.866882652044296154e-01
3.851027518510818370e-01
3.855210781097412331e-01
3.857081025838852151e-01
3.852739542722701804e-01
3.861699074506759755e-01
3.849969699978828541e-01
3.845240235328674094e-01
3.843464672565460316e-01
3.848227292299270519e-01
3.849642992019653431e-01
3.850486576557159424e-01
3.846455931663513295e-01
3.841627135872840992e-01
3.840938150882721169e-01
3.842701926827430947e-01
3.836199194192886353e-01
3.829476177692413552e-01
3.830080300569534413e-01
3.828780218958854897e-01
3.826760202646255493e-01
3.823158770799636730e-01
3.818578243255615345e-01
3.824536308646201976e-01
3.816360354423523060e-01
3.810148268938064464e-01
3.805406451225280540e-01
3.809820771217345969e-01
3.808599263429641724e-01
3.822990044951438682e-01
3.817617803812026755e-01
3.802232891321182251e-01
3.803928956389427407e-01
3.800675243139267079e-01
3.800491273403167614e-01
3.803367406129837258e-01
3.797222509980201499e-01
3.799699261784553750e-01
3.786213308572768943e-01
3.787179708480835072e-01
3.796370133757591137e-01
3.789754450321197732e-01
3.774334311485290638e-01
3.768083095550537331e-01
3.780372619628906139e-01
3.775805473327636941e-01
3.771235793828964233e-01
3.771743759512901084e-01
3.785038203001022117e-01
3.775109082460403331e-01
3.755284070968628041e-01
3.767200350761413796e-01
3.774304598569869773e-01
3.766200959682464711e-01
3.764422833919525146e-01
3.752310395240783802e-01
3.749134957790374867e-01
3.748118445277214272e-01
3.756392925977706798e-01
3.739579647779464611e-01
3.729669988155365212e-01
3.739816665649414174e-01
3.726121842861175315e-01
3.723329186439514049e-01
3.719752609729766735e-01
3.713404089212417603e-01
3.715068280696868785e-01
3.715627908706665150e-01
3.709429487586021201e-01
3.703630298376083263e-01
3.741888791322708352e-01
3.724252730607986450e-01
3.713401198387146218e-01
3.706289365887641685e-01
3.712549135088920593e-01
3.720986187458038552e-01
3.726421266794204823e-01
3.748952403664588817e-01
3.743058532476425393e-01
3.703696608543395885e-01
3.685112625360488781e-01
3.699776813387870567e-01
3.698397904634475597e-01
3.703578487038612366e-01
3.681278511881828086e-01
3.677417367696761974e-01
3.688357353210449108e-01
3.680139839649200217e-01
3.677159294486045948e-01
3.670845359563827404e-01
3.674943730235099570e-01
3.662234187126159890e-01
3.673343122005462424e-01
3.686064332723617554e-01
3.659088462591171265e-01
3.648296102881431469e-01
3.653276249766349570e-01
3.648448377847671731e-01
3.643768012523651012e-01
3.646634727716445701e-01
3.643950015306473000e-01
3.636939316987991555e-01
3.624342828989028931e-01
3.640707060694694519e-01
3.634134858846664318e-01
3.624841094017028920e-01
3.621774077415466087e-01
3.612878516316413990e-01
3.619680553674697876e-01
3.617453068494796975e-01
3.609496086835861095e-01
3.615436732769012340e-01
3.615680664777755626e-01
3.619180470705032349e-01
3.652083799242973328e-01
3.668152391910552979e-01
3.606288433074951172e-01
3.596477344632148521e-01
3.593434184789657815e-01
3.594723090529441945e-01
3.602209419012069591e-01
3.591214209794998391e-01
3.592864364385605080e-01
3.615266293287277000e-01
3.594506472349167092e-01
3.602923139929771201e-01
3.587691217660903820e-01
3.583916574716567993e-01
3.591017797589302063e-01
3.602801918983459251e-01
3.584382370114326255e-01
3.599261194467544556e-01
3.573114231228828319e-01
3.569096833467483298e-01
3.559130311012267955e-01
3.568724259734153970e-01
3.558120131492614746e-01
3.561429083347320557e-01
3.550015389919281006e-01
3.561347961425781472e-01
3.557261347770691029e-01
3.547329545021057351e-01
3.549691438674926758e-01
3.540316045284271351e-01
3.541923493146896251e-01
3.552716135978698508e-01
3.553408518433570640e-01
3.540769606828689797e-01
3.536896780133247375e-01
3.531456112861633412e-01
3.532764613628387451e-01
3.528007403016090171e-01
3.530678734183311240e-01
3.529712557792663574e-01
3.518542855978011863e-01
3.514446496963500866e-01
3.532663583755493164e-01
3.526391237974166870e-01
3.553634405136108509e-01
3.520375952124595864e-01
3.514066889882087596e-01
3.506183788180351479e-01
3.509376242756843678e-01
3.505128502845764049e-01
3.505678936839103921e-01
3.506414726376533286e-01
3.527241230010986217e-01
3.542763993144035228e-01
3.524460792541503906e-01
3.500891521573066822e-01
3.487559527158737294e-01
3.488472968339920155e-01
3.490639045834541543e-01
3.495075464248657005e-01
3.486681371927261575e-01
3.503104060888290183e-01
3.490616530179977417e-01
3.510300561785698048e-01
3.477987676858901867e-01
3.465686947107314841e-01
3.496846124529838784e-01
3.476247131824493630e-01
3.469731405377388112e-01
3.466139420866966026e-01
3.476316615939140098e-01
3.478927925229072793e-01
3.478384584188461415e-01
3.472436264157295338e-01
3.477831259369850159e-01
3.456580430269241555e-01
3.458995029330253490e-01
3.460653275251388550e-01
3.470968678593635559e-01
3.461330622434616311e-01
3.472575664520263783e-01
3.461304306983947754e-01
3.468775287270545737e-01
3.457409992814063915e-01
3.457302168011665566e-01
3.448221147060394065e-01
3.453576564788818359e-01
3.459705159068107716e-01
3.452169746160507202e-01
3.452135741710662953e-01
3.452907890081405862e-01
3.480731487274170144e-01
3.452446550130844338e-01
3.439461633563041798e-01
3.437450587749480979e-01
3.439918920397758706e-01
3.460743844509124867e-01
3.438197106122970470e-01
3.446303531527519226e-01
3.442541256546974293e-01
3.439305096864700428e-01
3.419722646474838146e-01
3.421664997935295327e-01
3.423339530825614818e-01
3.417638272047042736e-01
3.420925393700599559e-01
3.434185355901718251e-01
3.431341513991356118e-01
3.458795443177223317e-01
3.456675678491592518e-01
3.456198126077651978e-01
3.421835362911224143e-01
3.412705644965171592e-01
3.422481730580330117e-01
3.420650050044059531e-01
3.428988009691238403e-01
3.439595937728882058e-01
3.416297301650047524e-01
3.420060455799102672e-01
3.413056522607803567e-01
3.405770301818847878e-01
3.421689212322235329e-01
3.408405438065528759e-01
3.402459025382995605e-01
3.404010564088821300e-01
3.410008713603019936e-01
3.397243484854698403e-01
3.387085795402526855e-01
3.395672902464866860e-01
3.404278382658958435e-01
3.418734520673751831e-01
3.402149885892867820e-01
3.418739363551139832e-01
3.408966690301895031e-01
3.418923512101173512e-01
3.393172159790992515e-01
3.403894662857055442e-01
3.412449285387992859e-01
3.399810224771499523e-01
3.416507482528686745e-01
3.394831702113151328e-01
3.404942244291305764e-01
3.414848312735557778e-01
3.402891203761100880e-01
3.389038145542144775e-01
3.385570630431175010e-01
3.385356098413467296e-01
3.396321311593055725e-01
3.398859158158302196e-01
3.407718956470489613e-01
3.387411847710609658e-01
3.392571464180946239e-01
3.393235400319099537e-01
3.392631560564041138e-01
3.403631046414375416e-01
3.388551384210586326e-01
3.378398299217224010e-01
3.381692290306091420e-01
3.383089661598205344e-01
3.386716499924659618e-01
3.384621426463126914e-01
3.371722251176834106e-01
3.379969447851181030e-01
3.381018787622451782e-01
3.364640802145004161e-01
3.393257156014442555e-01
3.367833361029625161e-01
3.378256827592849842e-01
3.387193515896796958e-01
3.389544606208801381e-01
3.384895712137222512e-01
3.379256099462509266e-01
3.375485956668853871e-01
3.400119736790657154e-01
3.378293186426162831e-01
3.367635264992713817e-01
3.365324690937995800e-01
3.364507898688316456e-01
3.369244575500488503e-01
3.373608127236366050e-01
3.376951888203620911e-01
3.367143034934997337e-01
3.384986534714699014e-01
3.375586763024330250e-01
3.363623946905135997e-01
3.360094174742698780e-01
3.367238387465477101e-01
3.366296857595443837e-01
3.367371544241904990e-01
3.371841892600059287e-01
3.353774070739746205e-01
3.364417672157287709e-01
3.359155431389808655e-01
3.349224969744682423e-01
3.382863864302635415e-01
3.356013417243957631e-01
3.366153195500373729e-01
3.354870378971099854e-01
3.345598354935646057e-01
3.356394365429878346e-01
3.364471822977065929e-01
3.376420199871063010e-01
3.347906708717346413e-01
3.344872847199439891e-01
3.354410305619239807e-01
3.345373585820198281e-01
3.346828430891036765e-01
3.351339280605316051e-01
3.344014301896095498e-01
3.369141981005668862e-01
3.359254211187362449e-01
3.344853818416595459e-01
3.359543502330780140e-01
3.341384127736091725e-01
3.349830508232116699e-01
3.351504951715469360e-01
3.335769727826118358e-01
3.336772799491882213e-01
3.335801750421524270e-01
3.346908867359161266e-01
3.372934520244598167e-01
3.350176736712455750e-01
3.345933943986892922e-01
3.355315104126930237e-01
3.347701519727707131e-01
3.350653022527694813e-01
3.343348696827888600e-01
3.352577552199363931e-01
3.336420133709907532e-01
3.341593921184539684e-01
3.334510639309883340e-01
3.328343734145164379e-01
3.331784367561340110e-01
3.348894536495208851e-01
3.337497502565384133e-01
3.340728461742401012e-01
3.328912466764449851e-01
3.333542808890342934e-01
3.322231024503707886e-01
3.335494637489319070e-01
3.344692423939704673e-01
3.342254325747490151e-01
3.343291282653808594e-01
3.331186607480048911e-01
3.336630702018738015e-01
3.321694433689117432e-01
3.329680144786834606e-01
3.354615166783332936e-01
3.325820073485374340e-01
3.324456125497817771e-01
3.314090728759765403e-01
3.321817263960838429e-01
3.331828400492667930e-01
3.325582489371299855e-01
3.321179270744323841e-01
3.346482083201408608e-01
3.325717434287071006e-01
3.321806818246841320e-01
3.331842303276061901e-01
3.318140327930450550e-01
3.324144914746284263e-01
3.325312733650207520e-01
3.348726525902748219e-01
3.330556109547614940e-01
3.323259517550468667e-01
3.316941812634467968e-01
3.314382284879684448e-01
3.338173747062683216e-01
3.328159451484680176e-01
3.345814883708954079e-01
3.319247409701347462e-01
3.337430417537688987e-01
3.332068473100662231e-01
3.330806508660316689e-01
3.321452915668487438e-01
3.329642757773399464e-01
3.312500625848769920e-01
3.327760443091392628e-01
3.321306899189949147e-01
3.307573601603507885e-01
3.322578474879264721e-01
3.317840665578842274e-01
3.325871944427490345e-01
3.314216792583465354e-01
3.324102908372879028e-01
3.320947155356407388e-01
3.313496664166450389e-01
3.318605467677116505e-01
3.306616604328155296e-01
3.307685226202011219e-01
3.303215593099594338e-01
3.308437511324882618e-01
3.307906001806258933e-01
3.323273718357085960e-01
3.318394228816032299e-01
3.319767862558364868e-01
3.309145823121070751e-01
3.318334326148033031e-01
3.310014113783836254e-01
3.307853490114212036e-01
3.313539668917656056e-01
3.311517447233199851e-01
3.312595158815384022e-01
3.344390898942947166e-01
3.309973612427711265e-01
3.304549604654312134e-01
3.322630748152732849e-01
3.309684216976165883e-01
3.307046577334403770e-01
3.320657178759575112e-01
3.324541106820106395e-01
3.302977502346038929e-01
3.332287043333053700e-01
3.302583679556846397e-01
3.306357905268669239e-01
3.321611091494560131e-01
3.305150792002677917e-01
3.306840479373931996e-01
3.322087049484253041e-01
3.295262902975082397e-01
3.312523186206817738e-01
3.323014497756958119e-01
3.309897482395172119e-01
3.296033173799514659e-01
3.306877627968788369e-01
3.327247649431228638e-01
3.308306068181991466e-01
3.319465145468711853e-01
3.303768798708915932e-01
3.305769607424736134e-01
3.300204485654830711e-01
3.316361397504806741e-01
3.305153921246528625e-01
3.334998264908790588e-01
3.314479932188987843e-01
3.326180696487426869e-01
3.300587967038154380e-01
3.293121695518493874e-01
3.299282386898994557e-01
3.310044124722480996e-01
3.353567779064178245e-01
3.318459913134574890e-01
3.303575411438942067e-01
3.316351071000099293e-01
3.303021296858787426e-01
3.294210493564605491e-01
3.294911101460457070e-01
3.324949681758880837e-01
3.313915982842445263e-01
3.300274357199668995e-01
3.293890684843063243e-01
3.314236804842948803e-01
3.322894036769866721e-01
3.309636816382408031e-01
3.297176405787468068e-01
3.301073506474495045e-01
3.302983537316322438e-01
3.305374354124069325e-01
3.298658177256584279e-01
3.316152885556221119e-01
3.307639673352241738e-01
3.307548701763153298e-01
3.312727376818657143e-01
3.307999789714813343e-01
3.296052068471908569e-01
3.316653475165367015e-01
3.315986499190330394e-01
3.312893167138099559e-01
3.315827041864395364e-01
3.315847843885421642e-01
3.307595551013946533e-01
3.292312145233154408e-01
3.316197708249092324e-01
3.310069277882575767e-01
3.291155010461807029e-01
3.297854393720626720e-01
3.302485942840576172e-01
3.298912167549133412e-01
3.312586590647697560e-01
3.308318436145782360e-01
3.315895885229110940e-01
3.300883352756500133e-01
3.291365087032318004e-01
3.292475536465644947e-01
3.302945986390113942e-01
3.298004895448684581e-01
3.320476040244102478e-01
3.305195555090904014e-01
3.292778939008712547e-01
3.288756877183914296e-01
3.291395366191863792e-01
3.295173719525337219e-01
3.323910415172576793e-01
3.303271085023880005e-01
3.336972340941429249e-01
3.307724714279174916e-01
3.293594732880592568e-01
3.307083144783973805e-01
3.293157219886779785e-01
3.295152440667152294e-01
3.297397553920745628e-01
3.301260024309158325e-01
3.313050597906112560e-01
3.298466145992279275e-01
3.299717888236045615e-01
3.295835539698600547e-01
3.304848641157150380e-01
3.292568668723106495e-01
3.305489599704742321e-01
3.283890962600707897e-01
3.313616335391998402e-01
3.301279187202453835e-01
3.307498291134834401e-01
3.298359721899032371e-01
3.291839212179183960e-01
3.312477305531501548e-01
3.292528703808784707e-01
3.294194117188453674e-01
3.294771462678909302e-01
3.289462432265281566e-01
3.302490413188934326e-01
3.306196793913841470e-01
3.292310521006583945e-01
3.310950815677642933e-01
3.304655164480209129e-01
3.304414957761764304e-01
3.309420123696327209e-01
3.291465133428573830e-01
3.302045941352844127e-01
3.311353445053100697e-01
3.300997003912925498e-01
3.306524306535720825e-01
3.296901077032089455e-01
3.313299849629401939e-01
3.306717708706855552e-01
3.292817592620849720e-01
3.289793878793716431e-01
3.288159489631652943e-01
3.329641014337539895e-01
3.302511185407638328e-01
3.295410186052322166e-01
3.291293039917945751e-01
3.302658632397651450e-01
3.303029194474220165e-01
3.309283420443535073e-01
3.293821781873703114e-01
3.304430201649665721e-01
3.307120457291602977e-01
3.311452820897102245e-01
3.299900606274605019e-01
3.291308104991912953e-01
3.314357176423072815e-01
3.283749639987945668e-01
3.306837514042854087e-01
3.315941900014877097e-01
3.297846809029579274e-01
3.290271431207656971e-01
3.319739937782287820e-01
3.298855736851692422e-01
3.320483669638633617e-01
3.299632832407951577e-01
3.290528208017349243e-01
3.308297187089920266e-01
3.287370860576629417e-01
3.292899116873740928e-01
3.292472377419471963e-01
3.289978533983230480e-01
3.315537214279175027e-01
3.289658054709434509e-01
3.292672812938690075e-01
3.297817319631576316e-01
3.293271824717521890e-01
3.294694989919662587e-01
3.290391132235527261e-01
3.296652629971504322e-01
3.301733940839767234e-01
3.297233328223228566e-01
3.305792927742004506e-01
3.307140603661536948e-01
3.303526595234870800e-01
3.288152426481246726e-01
3.294328883290290610e-01
3.305117830634117237e-01
3.291097566485404746e-01
3.297569528222084045e-01
3.308491811156272777e-01
3.290865153074264415e-01
3.294850647449493186e-01
3.313894882798195107e-01
3.297044396400451438e-01
3.297108516097068676e-01
3.296018123626708873e-01
3.321539342403411754e-01
3.305453881621360779e-01
3.314310565590858348e-01
3.306218609213829041e-01
3.291157156229019276e-01
3.308691143989562766e-01
3.293488174676895142e-01
3.298333093523979076e-01
3.288371279835701211e-01
3.294651836156844982e-01
3.301807507872581704e-01
3.293531194329261669e-01
3.291528269648552052e-01
3.295429125428199768e-01
3.285590738058090099e-01
3.305113673210143821e-01
3.290047407150268333e-01
3.306686937808990256e-01
3.288816049695014732e-01
3.293861687183380349e-01
3.308880433440208324e-01
3.292271152138709911e-01
3.303478896617889626e-01
3.285823404788971169e-01
3.303231060504913108e-01
3.298537448048591836e-01
3.303052499890327676e-01
3.289781153202057107e-01
3.315176755189895852e-01
3.294426739215851052e-01
3.290146619081497081e-01
3.304524987936020008e-01
3.304326772689819558e-01
3.300212144851684681e-01
