1.002152403195698982e+00
9.907754063606262207e-01
1.012595792611439949e+00
9.790179530779520300e-01
9.735319415728250769e-01
1.007340987523396736e+00
9.765218496322631836e-01
9.687907099723815918e-01
9.748816092809041711e-01
9.767029285430908203e-01
9.733789761861165735e-01
9.672235846519470215e-01
9.557506640752156946e-01
9.628391067186991004e-01
9.686095317204793664e-01
9.782958030700683594e-01
9.619448184967041016e-01
9.843185146649678918e-01
9.576600988705953332e-01
9.655874172846475867e-01
9.612381855646768836e-01
9.564745823542276648e-01
9.580520391464233398e-01
9.655668536822000769e-01
9.584267735481262207e-01
9.550195733706156043e-01
9.553481936454772949e-01
9.469034473101297644e-01
9.495785037676492957e-01
9.582826693852742883e-01
9.510325988133748742e-01
9.477722048759460449e-01
9.496906797091165808e-01
9.471459190050760535e-01
9.559926191965738562e-01
9.490198493003845215e-01
9.524980187416076660e-01
9.596015214920043945e-01
9.549297690391540527e-01
9.460861086845397949e-01
9.473905960718790320e-01
9.559436837832132605e-01
9.562827746073404578e-01
9.585063258806864050e-01
9.870730638504028320e-01
9.648965398470560340e-01
9.573451677958170203e-01
9.531840483347574500e-01
9.486006299654642371e-01
9.456769625345865515e-01
9.506151676177978516e-01
9.592076937357584265e-01
9.542022546132405969e-01
9.602244893709818152e-01
9.531883994738260535e-01
9.476123849550882605e-01
9.491253892580667761e-01
9.484980106353759766e-01
9.452688097953796387e-01
9.499813119570413855e-01
9.527719616889953613e-01
9.501884380976358679e-01
9.485677878061929968e-01
9.452449282010396692e-01
9.466363390286763879e-01
9.446872075398763391e-01
9.432959159215291711e-01
9.425330559412637976e-01
9.412145415941873816e-01
9.412404894828796387e-01
9.407562812169393274e-01
9.421858191490173340e-01
9.401362737019857141e-01
9.512450098991394043e-01
9.508234461148580285e-01
9.527670542399088172e-01
9.517973264058431360e-01
9.488262335459390906e-01
9.463160037994384766e-01
9.454253911972045898e-01
9.603440761566162109e-01
9.503671328226724890e-01
9.495906631151834754e-01
9.485882918039957312e-01
9.463757077852884558e-01
9.439957141876220703e-01
9.508381684621175500e-01
9.493776361147562293e-01
9.460529287656148645e-01
9.474510550498962402e-01
9.494840502738952637e-01
9.461245139439901086e-01
9.459467132886251184e-01
9.474284847577413293e-01
9.454448223114013672e-01
9.472631613413492468e-01
9.433997074762979773e-01
9.428160786628723145e-01
9.444624582926431922e-01
9.447304606437683105e-01
9.486895799636840820e-01
9.485985438028970984e-01
9.469870726267496375e-01
9.470201730728149414e-01
9.444485505421956750e-01
9.436951677004495886e-01
9.556357463200887414e-01
9.442983269691467285e-01
9.457265535990396765e-01
9.441574414571126672e-01
9.443093339602152136e-01
9.421847860018411902e-01
9.411670565605163574e-01
9.419149557749429968e-01
9.440430005391439172e-01
9.434616168340047571e-01
9.423837661743164062e-01
9.416346351305643347e-01
9.401493469874063758e-01
9.405162334442138672e-01
9.382026791572570801e-01
9.397079944610595703e-01
9.394767284393310547e-01
9.390978217124938965e-01
9.388543367385864258e-01
9.381595651308695105e-01
9.393927653630574914e-01
9.456320603688558313e-01
9.457424283027648926e-01
9.481491843859354285e-01
9.467214743296304968e-01
9.481737414995828894e-01
9.421839714050292969e-01
9.447388052940368652e-01
9.416948159535726282e-01
9.437200824419657019e-01
9.405915935834249231e-01
9.406033953030904504e-01
9.403280417124429968e-01
9.408231576283773157e-01
9.434004227320352820e-01
9.388447006543477746e-01
9.386988480885823938e-01
9.409202933311462402e-01
9.440122048060098914e-01
9.416456619898477820e-01
9.447294871012369422e-01
9.419334530830383301e-01
9.426290392875671387e-01
9.493467807769775391e-01
9.498503804206848145e-01
9.405094186464945105e-01
9.460881948471069336e-01
9.426916042963663367e-01
9.434912999471029016e-01
9.482379953066507605e-01
9.433574279149373742e-01
9.454697966575622559e-01
9.508040944735208777e-01
9.414506554603576660e-01
9.403954346974691125e-01
9.384128252665201453e-01
9.395281275113424035e-01
9.417539040247598914e-01
9.416813850402832031e-01
9.387550950050354004e-01
9.377440214157104492e-01
9.408916234970092773e-01
9.385403593381246301e-01
9.402584632237752649e-01
9.381793737411499023e-01
9.385907848676046106e-01
9.380606810251871375e-01
9.357920289039611816e-01
9.358348647753397254e-01
9.359655777613321570e-01
9.364497065544128418e-01
9.387876590092977258e-01
9.378907879193624231e-01
9.438623587290445593e-01
9.455282489458719519e-01
9.395870367685953406e-01
9.395261009534200403e-01
9.395220279693603516e-01
9.454056620597839355e-01
9.405925869941711426e-01
9.419662753740946082e-01
9.404388268788655969e-01
9.387779235839843750e-01
9.410896301269531250e-01
9.403902490933736535e-01
9.424279332160949707e-01
9.387402137120565149e-01
9.432374437650045129e-01
9.381716648737589148e-01
9.386307994524637488e-01
9.359743595123291016e-01
9.352846344312032434e-01
9.359132846196492883e-01
9.352160096168518066e-01
9.382719397544860840e-01
9.368554552396138879e-01
9.378425478935241699e-01
9.360377589861551550e-01
9.365563591321309778e-01
9.365332722663879395e-01
9.349963863690694543e-01
9.361986319224039343e-01
9.341026941935220984e-01
9.373664061228433875e-01
9.379795789718627930e-01
9.380593498547872278e-01
9.370380242665609094e-01
9.392618934313455847e-01
9.379788637161254883e-01
9.379198749860128137e-01
9.418753186861673621e-01
9.349023103713989258e-01
9.368293285369873047e-01
9.355483055114746094e-01
9.370525081952413293e-01
9.494903683662414551e-01
9.361924727757772180e-01
9.375837047894796106e-01
9.373480876286824914e-01
9.362784822781881067e-01
9.364628990491231653e-01
9.354259769121805457e-01
9.369020660718282434e-01
9.369892477989196777e-01
9.362061023712158203e-01
9.375726779301961633e-01
9.334759910901387903e-01
9.342882633209228516e-01
9.334459900856018066e-01
9.327399333318074914e-01
9.332104523976644250e-01
9.332976738611856726e-01
9.328464865684509277e-01
9.320482412974039343e-01
9.331149260203043250e-01
9.337491393089294434e-01
9.411789973576863977e-01
9.352058966954549524e-01
9.373930891354879114e-01
9.339416424433389929e-01
9.366726676623026160e-01
9.370300769805908203e-01
9.335174560546875000e-01
9.347737828890482215e-01
9.335277875264486047e-01
9.312980175018310547e-01
9.322660962740579871e-01
9.313801527023315430e-01
9.310468037923177453e-01
9.314355452855428430e-01
9.310149550437927246e-01
9.312706391016641883e-01
9.374624093373616907e-01
9.337572455406188965e-01
9.321852326393127441e-01
9.337484836578369141e-01
9.343888958295186731e-01
9.316904346148172644e-01
9.303545355796813965e-01
9.316043059031168250e-01
9.328436255455017090e-01
9.353911677996317175e-01
9.319585363070169715e-01
9.316540757815042761e-01
9.303148388862609863e-01
9.320825934410095215e-01
9.293862581253051758e-01
9.312051932017008093e-01
9.321856697400411340e-01
9.352357387542724609e-01
9.354756871859232215e-01
9.323289394378662109e-01
9.324526985486348840e-01
9.345968763033548621e-01
9.322306116422017785e-01
9.322995146115621301e-01
9.308506051699320105e-01
9.323050578435262414e-01
9.293812910715738562e-01
9.287259777386983606e-01
9.280678828557332727e-01
9.287551442782083777e-01
9.265696009000142785e-01
9.284060597419738770e-01
9.305774370829263953e-01
9.271477858225504187e-01
9.292326172192891809e-01
9.277421037356058386e-01
9.284257292747497559e-01
9.284947911898294715e-01
9.336025913556417200e-01
9.331654310226440430e-01
9.318140745162963867e-01
9.319163759549459192e-01
9.333474437395731238e-01
9.324381351470947266e-01
9.304521282513936731e-01
9.297526081403096887e-01
9.276731014251708984e-01
9.308455387751261023e-01
9.281864563624063758e-01
9.313201506932576867e-01
9.354815681775411340e-01
9.481693903605142859e-01
9.343325297037760047e-01
9.682686328887939453e-01
9.349161386489868164e-01
9.362180829048156738e-01
9.311224222183227539e-01
9.348298907279968262e-01
9.285896023114522668e-01
9.297110040982564660e-01
9.291860659917196008e-01
9.296771287918090820e-01
9.279308319091796875e-01
9.282063841819763184e-01
9.279959797859191895e-01
9.290477633476257324e-01
9.261906147003173828e-01
9.266211390495300293e-01
9.252295891443887976e-01
9.239196976025899621e-01
9.279359976450601843e-01
9.262791474660238000e-01
9.236182967821756629e-01
9.267450173695882532e-01
9.237852891286214563e-01
9.280089139938354492e-01
9.271887938181558875e-01
9.247068564097086218e-01
9.265263080596923828e-01
9.266100923220316199e-01
9.258470137914022180e-01
9.267154733339945105e-01
9.282225569089254114e-01
9.309542179107666016e-01
9.288260539372762414e-01
9.337173700332641602e-01
9.271809458732604980e-01
9.255176782608032227e-01
9.252775311470031738e-01
9.259343544642130164e-01
9.249484737714132043e-01
9.260741670926412317e-01
9.277040561040242883e-01
9.257324934005737305e-01
9.287728071212768555e-01
9.293952981630960730e-01
9.314836263656616211e-01
9.306327501932779578e-01
9.250978827476501465e-01
9.253659447034200403e-01
9.249089757601419715e-01
9.285000165303548547e-01
9.237869779268900183e-01
9.246565103530883789e-01
9.273038705190023157e-01
9.241517782211303711e-01
9.257245461146036414e-01
9.222876826922098425e-01
9.224174618721008301e-01
9.230254292488098145e-01
9.227406779925028113e-01
9.198118646939595910e-01
9.180751442909240723e-01
9.181862870852152136e-01
9.192702770233154297e-01
9.200298587481180457e-01
9.211233854293823242e-01
9.188693563143411902e-01
9.217934409777323035e-01
9.214187264442443848e-01
9.207554658253988000e-01
9.196197191874185828e-01
9.222499926884969446e-01
9.193256100018819543e-01
9.191156824429830285e-01
9.213130474090576172e-01
9.205076297124227258e-01
9.187444249788919715e-01
9.220180114110311242e-01
9.184449315071105957e-01
9.188249508539835242e-01
9.205320676167806360e-01
9.182508587837219238e-01
9.171235958735147742e-01
9.191672603289285925e-01
9.157891670862833289e-01
9.153884847958883020e-01
9.186550974845886230e-01
9.152807195981343957e-01
9.185762802759805945e-01
9.154244462649027136e-01
9.146605730056762695e-01
9.182507991790771484e-01
9.162791172663370398e-01
9.138201276461282996e-01
9.158825079600015906e-01
9.128422339757283899e-01
9.153126478195190430e-01
9.177022377649942664e-01
9.213980237642923621e-01
9.139993190765380859e-01
9.179688493410745886e-01
9.166688323020935059e-01
9.187647700309753418e-01
9.126198490460714075e-01
9.114432930946350098e-01
9.143894513448079797e-01
9.092463254928588867e-01
9.126228491465250281e-01
9.162798126538594934e-01
9.119426806767781946e-01
9.120826721191406250e-01
9.114650885264078406e-01
9.117026329040527344e-01
9.085824290911356238e-01
9.088775912920633582e-01
9.082735776901245117e-01
9.117551445960998535e-01
9.103294213612874719e-01
9.104910294214884070e-01
9.121416211128234863e-01
9.123997290929158899e-01
9.142719705899556848e-01
9.112853805224100379e-01
9.153849085172017785e-01
9.144588907559713098e-01
9.263052145640054968e-01
9.182996153831481934e-01
9.215563933054605750e-01
9.148824413617452356e-01
9.116582473119100305e-01
9.109499255816141394e-01
9.090024431546529504e-01
9.094110329945882532e-01
9.075189232826232910e-01
9.081915020942687988e-01
9.089634617169698450e-01
9.104875723520914343e-01
9.067373673121134070e-01
9.086500207583109168e-01
9.068335294723510742e-01
9.061840573946634558e-01
9.039338628451029090e-01
9.068485299746195105e-01
9.117631316184997559e-01
9.059040347735086707e-01
9.037206172943115234e-01
9.043278296788533899e-01
9.033757448196411133e-01
9.078052441279093054e-01
9.005406498908996582e-01
9.073615074157714844e-01
9.049910306930541992e-01
9.038958152135213586e-01
9.024476806322733191e-01
9.072333574295043945e-01
9.022397398948669434e-01
9.059248169263204309e-01
8.999061981836954383e-01
9.057623744010925293e-01
9.045523007710775110e-01
9.042330980300903320e-01
8.973420858383178711e-01
9.053807059923807410e-01
9.020100235939025879e-01
9.100230336189270020e-01
9.143469134966532019e-01
9.061911106109619141e-01
9.024811585744222375e-01
9.023319482803344727e-01
9.069142540295919153e-01
9.009120265642801550e-01
9.072032769521077844e-01
8.994390765825907019e-01
9.010839064915975305e-01
9.026549855868021277e-01
9.025773008664449426e-01
9.003896713256835938e-01
9.097630580266317102e-01
8.985744913419088098e-01
9.119652311007181433e-01
9.025641878445943567e-01
9.025057554244995117e-01
9.027954737345377234e-01
8.975690404574075965e-01
8.965136210123697547e-01
8.964824477831522254e-01
8.982057174046834680e-01
9.027456243832906457e-01
8.972284396489461633e-01
9.078803658485412598e-01
8.981096744537353516e-01
9.013032118479410437e-01
8.976044456164041785e-01
8.933436870574951172e-01
9.051184256871541711e-01
8.978642821311950684e-01
9.005056619644165039e-01
8.982392748196920129e-01
8.993007938067117957e-01
8.965934912363687781e-01
9.141232967376708984e-01
8.965705434481302527e-01
8.994971116383870813e-01
8.976791898409525183e-01
8.981947104136148718e-01
8.968983093897501258e-01
8.995017806688944129e-01
9.005986650784810754e-01
9.051479101181030273e-01
8.985405365626016883e-01
8.957347273826599121e-01
8.964135646820068359e-01
9.070455233256021765e-01
8.952629367510477332e-01
8.991715709368387488e-01
8.976241747538248328e-01
9.036207596460977820e-01
9.051269094149271277e-01
8.994881312052408484e-01
8.954843680063883093e-01
8.928508559862772254e-01
8.914982676506042480e-01
8.988570570945739746e-01
9.045494000116983679e-01
8.942636052767435340e-01
9.015605052312215539e-01
8.994905352592468262e-01
8.996324737866719934e-01
8.964446385701497766e-01
8.977109789848327637e-01
8.945960005124410364e-01
9.016620715459188196e-01
8.952294786771138879e-01
8.994719783465067175e-01
9.046789805094400672e-01
9.049398700396219519e-01
8.989069064458211633e-01
8.913297454516092566e-01
8.942731420199075965e-01
8.938937783241271973e-01
8.994208971659342078e-01
8.966951568921407434e-01
9.055033524831136438e-01
8.991340398788452148e-01
8.980671366055806848e-01
8.990031679471334192e-01
9.015249609947204590e-01
9.011083443959554407e-01
8.967590530713399621e-01
8.991459608078002930e-01
9.007781744003295898e-01
8.938244382540384558e-01
9.029389818509420129e-01
8.963483373324075965e-01
9.005408883094787598e-01
9.023639361063638953e-01
8.952169815699259070e-01
8.970593412717183801e-01
8.957957228024800989e-01
8.976290822029113770e-01
8.970284263292948035e-01
9.020458459854125977e-01
8.941373626391092566e-01
8.955371578534444543e-01
8.955410520235697058e-01
8.937920133272806433e-01
8.978812893231710168e-01
8.997931281725565222e-01
8.982127706209818152e-01
8.976070880889892578e-01
9.078006545702616004e-01
8.937525947888692590e-01
9.025862614313761023e-01
9.032206734021505090e-01
9.011888305346170691e-01
8.963524500528970984e-01
8.899145921071370813e-01
8.966385920842488977e-01
9.024286667505899695e-01
9.038257201512654992e-01
8.943902055422464636e-01
8.964935143788655969e-01
8.960508704185485840e-01
8.946833014488220215e-01
8.924908240636190149e-01
9.000870188077291223e-01
8.959335287412008020e-01
8.962402741114298133e-01
8.944726983706156043e-01
8.944220940272012976e-01
8.950190742810567590e-01
8.924007018407186242e-01
8.944770892461141321e-01
8.970144391059875488e-01
8.985677560170491907e-01
8.962189157803853723e-01
8.977527022361755371e-01
8.948643406232198450e-01
8.990904688835144043e-01
8.988871971766153601e-01
8.984830180803934363e-01
8.922515710194905969e-01
9.014552036921182898e-01
8.991322716077169153e-01
8.900442123413085938e-01
8.898250063260396692e-01
9.015701413154602051e-01
8.964253465334574011e-01
8.987845579783121375e-01
8.929163018862406043e-01
8.961210449536641809e-01
9.017593661944071082e-01
8.944180409113565711e-01
8.952263991038004187e-01
8.971476157506307336e-01
8.966460029284158972e-01
8.932400941848754883e-01
8.926135102907816199e-01
8.960800369580587121e-01
8.931043942769368860e-01
8.955944379170736047e-01
8.936683932940164832e-01
8.953628738721212121e-01
8.950773080190023157e-01
8.960694074630737305e-01
8.939892252286275598e-01
9.001580278078714636e-01
8.929188847541809082e-01
8.917728861172994348e-01
8.934817314147949219e-01
8.990190426508585242e-01
8.902381857236226770e-01
8.953486283620198938e-01
9.003017544746398926e-01
8.917540510495504114e-01
9.093649784723917273e-01
8.924273848533630371e-01
8.911076585451761511e-01
8.958446979522705078e-01
8.952193458875020715e-01
8.919464747111002234e-01
8.894022504488626746e-01
8.947986364364624023e-01
8.974067568778991699e-01
8.959481318791707727e-01
8.870109121004740027e-01
8.928172588348388672e-01
8.934636513392130164e-01
8.959474762280782434e-01
8.922418355941772461e-01
8.943476875623067590e-01
8.970959981282552453e-01
8.924412329991658899e-01
8.942182064056396484e-01
8.915220300356546668e-01
8.932134310404459265e-01
8.950969775517781946e-01
8.932152589162191125e-01
8.932933012644449500e-01
8.922275304794311523e-01
8.917846481005350379e-01
8.922123312950134277e-01
8.987506429354349402e-01
8.868855635325113562e-01
8.979769150416055945e-01
8.967758019765218469e-01
8.861998319625854492e-01
8.951346874237060547e-01
8.898465236028035852e-01
8.897286653518676758e-01
8.943206866582235071e-01
8.961513638496398926e-01
8.924477299054464075e-01
8.917740384737650183e-01
8.966264724731445312e-01
8.901256720225015906e-01
8.932208220163980750e-01
8.950657248497009277e-01
8.914671738942464563e-01
8.946972688039144250e-01
8.915126323699951172e-01
8.944478829701741907e-01
8.932499885559082031e-01
8.908256292343139648e-01
8.942878246307373047e-01
8.967001835505167273e-01
8.928410609563192102e-01
8.968071937561035156e-01
8.974531690279642371e-01
8.922361135482788086e-01
8.917993704477945593e-01
9.010384281476339075e-01
8.927476803461710242e-01
8.935512502988179895e-01
8.913908998171488074e-01
8.945825695991516113e-01
8.934270739555358887e-01
8.930638432502746582e-01
8.917922377586364746e-01
8.936986724535623816e-01
8.994087974230448035e-01
8.919108510017395020e-01
8.856610457102457312e-01
8.977473775545755652e-01
9.042109052340189246e-01
8.931360244750976562e-01
8.896435697873433801e-01
8.937513629595438269e-01
8.923508524894714355e-01
8.973116676012674597e-01
8.945194880167642859e-01
8.934560219446817664e-01
8.944601813952127722e-01
8.944383064905802039e-01
8.912905057271321985e-01
8.933849334716796875e-01
8.917764425277709961e-01
8.939054608345031738e-01
8.907618125279744836e-01
8.922488888104757043e-01
8.927118976910909387e-01
8.904769420623779297e-01
8.950527310371398926e-01
8.955287933349609375e-01
8.940507173538208008e-01
8.916371862093607215e-01
8.923458655675252649e-01
8.909915486971536902e-01
8.934397498766580847e-01
8.958332141240438196e-01
8.920695384343465539e-01
8.915170033772786828e-01
8.936493396759033203e-01
8.909696539243062707e-01
8.927955826123555871e-01
8.948527177174886438e-01
8.930581808090209961e-01
8.957265218098958703e-01
8.950392007827758789e-01
8.934379021326700476e-01
8.899391690889993933e-01
8.942160407702127722e-01
8.881804943084716797e-01
8.968952298164367676e-01
8.885170221328735352e-01
8.922251661618550989e-01
8.875786860783895227e-01
8.951851924260457727e-01
8.927569985389709473e-01
8.934651017189025879e-01
8.902553319931030273e-01
8.957474629084268836e-01
8.890644709269205359e-01
8.925025463104248047e-01
8.956144452095031738e-01
8.902685840924581262e-01
8.970025181770324707e-01
8.926930427551269531e-01
8.938372333844503137e-01
8.903140226999918250e-01
8.935894767443338660e-01
8.950456380844116211e-01
8.918626507123311731e-01
8.899691104888916016e-01
8.919406334559122351e-01
8.904133637746175500e-01
8.936245044072469446e-01
8.905124664306640625e-01
8.933662374814351770e-01
8.904891014099121094e-01
8.911904295285543176e-01
8.911988337834676477e-01
8.944634596506754187e-01
8.942242662111917761e-01
8.945237994194030762e-01
8.921753962834676477e-01
8.924261132876077918e-01
8.909648060798645020e-01
8.946619033813476562e-01
8.935838739077249793e-01
8.926951289176940918e-01
8.922251264254251746e-01
8.932959238688150672e-01
8.904300133387247351e-01
8.933444817860921594e-01
8.925219376881917688e-01
8.907889326413472864e-01
8.930597305297851562e-01
8.908944725990295410e-01
8.930876453717550012e-01
8.936187426249185828e-01
8.916878104209899902e-01
8.921750187873840332e-01
8.920961221059163782e-01
8.915235996246337891e-01
8.944604794184366492e-01
8.918850620587667200e-01
8.946596384048461914e-01
8.959937294324239465e-01
8.892332712809244422e-01
8.985892335573831824e-01
8.951293826103210449e-01
8.910912076632181433e-01
8.897740046183267859e-01
8.897493282953897742e-01
8.947953581809997559e-01
8.909179965655008582e-01
8.909534215927124023e-01
8.949430584907531738e-01
8.973437349001566199e-01
8.906537493069967004e-01
8.929018974304199219e-01
8.924182454744974402e-01
8.901114463806152344e-01
8.929582834243774414e-01
8.937616149584451941e-01
8.904611070950826379e-01
8.891831437746683386e-01
8.899768392244974402e-01
8.907523155212402344e-01
8.924451271692911414e-01
8.951788345972696570e-01
8.897041678428649902e-01
8.966012001037597656e-01
8.932944337526956824e-01
8.925407330195108679e-01
8.922252456347147254e-01
8.910186489423116418e-01
8.896718621253967285e-01
8.915978670120239258e-01
8.886582255363464355e-01
8.884746432304382324e-01
8.927892247835794715e-01
8.912125825881958008e-01
8.941990733146667480e-01
8.900107542673746375e-01
8.969143033027648926e-01
8.884407679239908484e-01
8.953287005424499512e-01
8.891613086064656946e-01
8.964583675066629675e-01
8.901030023892720910e-01
8.940743605295816687e-01
8.944592674573262903e-01
8.942899703979492188e-01
8.892195622126261023e-01
8.896893064181009558e-01
8.913453817367553711e-01
8.933007121086120605e-01
8.932782411575317383e-01
8.941469391187032434e-01
8.954265515009561804e-01
8.929414351781209680e-01
8.938043316205342981e-01
8.918707966804504395e-01
8.902305165926615027e-01
8.934656580289205285e-01
8.942632476488748816e-01
8.924889763196309778e-01
8.904386162757873535e-01
8.930904865264892578e-01
8.898594776789346961e-01
8.868922591209411621e-01
8.938013712565103797e-01
8.928519288698831824e-01
8.967056473096212121e-01
8.905029694239298133e-01
8.896948496500650672e-01
8.917275071144104004e-01
8.904026150703430176e-01
8.901748259862264367e-01
8.927994569142659875e-01
8.971839745839437219e-01
8.893487453460693359e-01
8.956846992174783972e-01
8.941742579142252234e-01
8.878819147745767859e-01
8.925594091415405273e-01
8.909035523732503625e-01
8.929412961006164551e-01
8.942844669024149207e-01
8.917508920033773157e-01
8.923566341400146484e-01
8.920514186223348352e-01
8.928275505701700476e-01
8.973634441693624231e-01
8.878131906191507605e-01
8.942507902781168250e-01
8.952163259188333777e-01
8.915141423543294641e-01
8.964045047760009766e-01
8.907474676767984656e-01
8.928463459014892578e-01
8.967738548914591101e-01
8.922161062558492395e-01
8.947910070419311523e-01
8.897243738174438477e-01
8.895799517631530762e-01
8.913557926813761023e-01
8.920843601226806641e-01
8.911021947860717773e-01
8.894233306248983117e-01
8.940422137578328821e-01
8.909710446993509558e-01
8.928846518198648718e-01
8.922280073165893555e-01
8.907080690066019324e-01
8.892845114072164270e-01
8.945263425509134558e-01
8.887359698613485071e-01
8.905297120412191125e-01
8.959837357203165320e-01
8.935710986455281946e-01
8.898347616195678711e-01
8.894656499226888391e-01
8.923706610997518274e-01
8.972557584444681433e-01
8.909675478935241699e-01
8.941204150517781946e-01
8.926919301350911828e-01
8.934020201365152625e-01
8.915804227193196985e-01
8.923849860827127722e-01
8.924311796824137000e-01
8.924041191736856726e-01
8.905999263127645227e-01
8.910078207651773718e-01
8.912344376246134070e-01
8.900129993756612512e-01
8.900439143180847168e-01
8.918939630190531043e-01
8.910833398501077918e-01
8.936417897542318078e-01
8.919611573219299316e-01
8.936602671941121789e-01
8.934516310691833496e-01
8.927313089370727539e-01
8.906193772951761511e-01
8.896023829778035852e-01
8.904830018679300574e-01
8.880100250244140625e-01
8.918394645055135461e-01
8.926787575085958215e-01
8.924732009569803504e-01
8.944553136825561523e-01
8.879119753837585449e-01
8.888961871465047571e-01
8.901040355364481238e-01
8.923557798067728308e-01
8.894779284795125696e-01
8.894916971524556848e-01
8.872550924619039270e-01
8.954151868820190430e-01
8.865003387133280066e-01
8.918141126632690430e-01
8.902462124824523926e-01
8.930796782175699500e-01
8.907280166943868371e-01
8.923022945721944543e-01
8.936293522516886023e-01
8.899887998898824426e-01
8.929970661799112586e-01
8.900831937789916992e-01
8.873224655787149695e-01
8.944728970527648926e-01
8.940024177233377722e-01
8.953759272893270227e-01
8.912774920463562012e-01
8.925316929817199707e-01
8.879412015279134485e-01
8.891056776046752930e-01
8.867515524228414270e-01
8.935489455858866004e-01
8.907584945360819129e-01
8.903975486755371094e-01
8.924705982208251953e-01
8.905643026034036902e-01
8.872398734092712402e-01
8.924151062965393066e-01
8.896665573120117188e-01
8.916728099187215539e-01
8.895108699798583984e-01
8.873130083084106445e-01
8.889959057172139856e-01
8.921439051628112793e-01
8.940936128298441199e-01
8.917417923609415320e-01
8.910483121871948242e-01
8.931897679964700965e-01
8.897253672281900672e-01
8.918986519177755090e-01
