3.647443850835164203e-01
3.759133716424306049e-01
3.864972094694773541e-01
3.829832275708516254e-01
3.660435279210408344e-01
3.458264072736104144e-01
3.519640763600667133e-01
3.366160839796066284e-01
3.723439971605936871e-01
3.412587145964304791e-01
3.623392283916473389e-01
3.576995333035786762e-01
3.510820964972178326e-01
3.420664270718892230e-01
3.527322014172871723e-01
3.465671837329864502e-01
3.235705246527989520e-01
3.467351297537485944e-01
3.732622265815734863e-01
3.282991647720336914e-01
3.404368559519450055e-01
3.437372644742329730e-01
3.319021662076314105e-01
3.432241181532542096e-01
3.514817555745442523e-01
3.583515584468841553e-01
3.590312004089355469e-01
3.392015596230824603e-01
3.388527433077494488e-01
3.369809488455454694e-01
3.711652557055155621e-01
3.565277357896168842e-01
3.648677070935567035e-01
3.485455711682637348e-01
3.725644846757252826e-01
3.594827304283778058e-01
3.247294326623280658e-01
3.564514319101969586e-01
3.501791854699452533e-01
3.307115534941355572e-01
3.310159047444661273e-01
3.481498559315999164e-01
3.473242719968159808e-01
3.462492326895396100e-01
3.355726102987925397e-01
3.463908930619557514e-01
3.592016796271006451e-01
3.667001128196716309e-01
3.305676778157551898e-01
3.275513152281443463e-01
3.637582163016001569e-01
3.272340794404347553e-01
3.618887960910797119e-01
3.783027231693267822e-01
3.391535381476084576e-01
3.347379763921101703e-01
3.474466403325398578e-01
3.316918909549713135e-01
3.411105275154113770e-01
3.383787870407104492e-01
3.244407723347346173e-01
3.689167201519012451e-01
3.392105400562286377e-01
3.385064005851745605e-01
3.438934286435444965e-01
3.335812389850616455e-01
3.475208679835001813e-01
3.206442544857661114e-01
3.520842591921488629e-01
3.350246946016947613e-01
3.520185848077138080e-01
3.560187121232350482e-01
3.213636527458826886e-01
3.382053077220916748e-01
3.298670550187428607e-01
3.249897708495457782e-01
3.342384994029998779e-01
3.461153705914815082e-01
3.551469147205352783e-01
3.519459168116251813e-01
3.241258412599563599e-01
3.429116904735565186e-01
3.637351989746093750e-01
3.401553829511006488e-01
3.209106177091598511e-01
3.387215236822764264e-01
3.576304515202839984e-01
3.382689356803894043e-01
3.485439519087473736e-01
3.730130692323048724e-01
3.579778671264648438e-01
3.237520307302474976e-01
3.477941354115803851e-01
3.491945266723632812e-01
3.573417564233143939e-01
3.479965130488077985e-01
3.582786719004313336e-01
3.540755013624827252e-01
3.415885766347249164e-01
3.434634109338124408e-01
3.472875555356343402e-01
3.337127069632212506e-01
3.489765922228495465e-01
3.353713949521382465e-01
3.543518483638763428e-01
3.410163124402363910e-01
3.277751058340072632e-01
3.349667489528656006e-01
3.373289505640665875e-01
3.706576128800709857e-01
3.511921564737955914e-01
3.444925944010416852e-01
3.595808148384094238e-01
3.611494203408558978e-01
3.258317510286967145e-01
3.442697326342264996e-01
3.540218869845072613e-01
3.264973858992258893e-01
3.542829652627308978e-01
3.491635123888651715e-01
3.379398981730143414e-01
3.502894639968872070e-01
3.541630009810129986e-01
3.286150197188059674e-01
3.340870539347330914e-01
3.381945490837097168e-01
3.552471299966176166e-01
3.336458504199981689e-01
3.434044172366459979e-01
3.614995876948038922e-01
3.378018041451771869e-01
3.208425094683964862e-01
3.215510199467341290e-01
3.281600475311279297e-01
3.307659029960632324e-01
3.270562191804249896e-01
3.264892498652140485e-01
3.392730951309204102e-01
3.465045392513275146e-01
3.408215542634328021e-01
3.322834074497222900e-01
3.335543870925903320e-01
3.289477427800496234e-01
3.252321481704711914e-01
3.414252301057179584e-01
3.494351704915364398e-01
3.457902073860168457e-01
3.444839219252268658e-01
3.282338877518971576e-01
3.428740004698435651e-01
3.503662943840026855e-01
3.336805005868275775e-01
3.316749036312103271e-01
3.519005874792734967e-01
3.435920377572377338e-01
3.349892894426981793e-01
3.458865185578663959e-01
3.411083022753397809e-01
3.537737429141998291e-01
3.299070398012797223e-01
3.544170955816904889e-01
3.225925316413243427e-01
3.450578947861989154e-01
3.434704542160034180e-01
3.510690828164418353e-01
3.175273090600967407e-01
3.276902139186859131e-01
3.385579983393351422e-01
3.330013553301493512e-01
3.370979527632395611e-01
3.477419217427571430e-01
3.487831155459086285e-01
3.530115981896718158e-01
3.254392246405283795e-01
3.363065222899119244e-01
3.406128088633219586e-01
3.476170698801676617e-01
3.641321162382761822e-01
3.216425826152165546e-01
3.344568212827046527e-01
3.701536854108174457e-01
3.156867176294326782e-01
3.549959858258565082e-01
3.359580437342326031e-01
3.340981155633926392e-01
3.304992020130157471e-01
3.488385279973347797e-01
3.210781464974085675e-01
3.412706057230631695e-01
3.590040008227030621e-01
3.674219747384389056e-01
3.257656097412109375e-01
3.464754422505696430e-01
3.755804498990376605e-01
3.283892472585042133e-01
3.544007738431294574e-01
3.434511721134185791e-01
3.296791712443034039e-01
3.517938057581583844e-01
3.260957499345143451e-01
3.256860971450805664e-01
3.351945479710896625e-01
3.466352423032124652e-01
3.254034419854481830e-01
3.262818654378255023e-01
3.186934192975361957e-01
3.338031073411305560e-01
3.654237091541290283e-01
3.192856013774871826e-01
3.258180717627207623e-01
3.563238680362701416e-01
3.278892437616984235e-01
3.233120391766230450e-01
3.334800700346629010e-01
3.239944179852803363e-01
3.281813561916351318e-01
3.359694282213847027e-01
3.322007457415263043e-01
3.315144876639048444e-01
3.274925748507181988e-01
3.575632373491923199e-01
3.409176369508107318e-01
3.173844863971074237e-01
3.360397418340047015e-01
3.301478922367095947e-01
3.451264202594757080e-01
3.480063875516255512e-01
3.353506426016489850e-01
3.357229133447011127e-01
3.267704149087269916e-01
3.484011888504028320e-01
3.338850935300191058e-01
3.301413754622141705e-01
3.318308293819427490e-01
3.347194691499074115e-01
3.527024984359741211e-01
3.363618055979410992e-01
3.513699173927307129e-01
3.279331525166829242e-01
3.213787525892257690e-01
3.558755020300547467e-01
3.378481765588124408e-01
3.486995299657185687e-01
3.442887763182322369e-01
3.492172658443450928e-01
3.202520559231440411e-01
3.463802138964335309e-01
3.288116455078125000e-01
3.227009475231170654e-01
3.430304030577341901e-01
3.477415442466735840e-01
3.255900740623474121e-01
3.496808807055155621e-01
3.406199514865875244e-01
3.472126424312591553e-01
3.392882446448008404e-01
3.569991985956827985e-01
3.486524720986683978e-01
3.426890869935353412e-01
3.537382582823435651e-01
3.201654901107152118e-01
3.523442645867665424e-01
3.509937028090159283e-01
3.332584997018178119e-01
3.437192638715108051e-01
3.629378626743952618e-01
3.644763529300689697e-01
3.086946457624435425e-01
3.336835205554962158e-01
3.250748316446940289e-01
3.209472844998041974e-01
3.317879239718119488e-01
3.400706251462300433e-01
3.378042678038279401e-01
3.548279851675033569e-01
3.231982489426930560e-01
3.322015404701232910e-01
3.240751425425211774e-01
3.376383880774180279e-01
3.750088214874267578e-01
3.392062087853749408e-01
3.364286919434865131e-01
3.512660662333170758e-01
3.468343913555145264e-01
3.090354800224304199e-01
3.293439249197642194e-01
3.257978955904642926e-01
3.401964704195658551e-01
3.190175692240397320e-01
3.289986153443654193e-01
3.555466085672378540e-01
3.208040992418925152e-01
3.371422489484151019e-01
3.216011921564738141e-01
3.285375535488128662e-01
3.366401493549346924e-01
3.467028240362803326e-01
3.699951171875000000e-01
3.461119631926218854e-01
3.155154039462407245e-01
3.358372847239176617e-01
3.194986134767532349e-01
3.517894844214121686e-01
3.399657805760701312e-01
3.432810902595520020e-01
3.443189958731333600e-01
3.332443734010060443e-01
3.327151437600453510e-01
3.397112985452016010e-01
3.387428025404612408e-01
3.531643897294998169e-01
3.112646738688151227e-01
3.188968549172083722e-01
3.464295069376627789e-01
3.254333337148030414e-01
3.409854273001353131e-01
3.332097431023915424e-01
3.274075984954833984e-01
3.232661088307698383e-01
3.436743170022964478e-01
3.248619139194488525e-01
3.220297694206237793e-01
3.458099861939747943e-01
3.549720744291941510e-01
3.276351888974507465e-01
3.169451802968978882e-01
3.328097661336262836e-01
3.126551558574040546e-01
3.863111436367034912e-01
3.572662969430287494e-01
3.343953589598337994e-01
3.495212694009144916e-01
3.382382889588673724e-01
3.446570287148157941e-01
3.453090985616047992e-01
3.254315157731373920e-01
3.705811500549316406e-01
3.199315369129180908e-01
3.123222241799036847e-01
3.396231333414713727e-01
3.262821634610493793e-01
3.415975471337636127e-01
3.508281906445820941e-01
3.499564329783121930e-01
3.183615108331044330e-01
3.202954530715942383e-01
3.228059709072113037e-01
3.443375031153361188e-01
3.212844232718150006e-01
3.357750872770945416e-01
3.390959600607554303e-01
3.536647061506907330e-01
3.335243264834086285e-01
3.422808547814686908e-01
3.367083569367726459e-01
3.397516508897145404e-01
3.294186790784199848e-01
3.260414898395538330e-01
3.447077174981434955e-01
3.423396249612172260e-01
3.298590977986653461e-01
3.298326134681701660e-01
3.232750395933787213e-01
3.385671277840932025e-01
3.226242065429687500e-01
3.358881473541259766e-01
3.235125641028086529e-01
3.408839205900828229e-01
3.534289797147114887e-01
3.170793602863947735e-01
3.153218477964401245e-01
3.154947757720947266e-01
3.179776171843211041e-01
3.565791100263595581e-01
3.470873634020487652e-01
3.337523341178894043e-01
3.338482578595479144e-01
3.403637210528056012e-01
3.303821583588917865e-01
3.282245397567749023e-01
3.461887439092000140e-01
3.274746040503184186e-01
3.065586934487025128e-01
3.578485697507858276e-01
3.372097710768381940e-01
3.254026075204213275e-01
3.751426041126251221e-01
3.414937257766723633e-01
3.356585502624511719e-01
3.450424273808797015e-01
3.346523642539978027e-01
3.258732159932454242e-01
3.485019008318583356e-01
3.151031732559204102e-01
3.183233638604481830e-01
3.591139515240986957e-01
3.379407723744710101e-01
3.570634176333745136e-01
3.230764468510945453e-01
2.998851190010706769e-01
3.556558787822723389e-01
3.245609402656555176e-01
3.100360035896301270e-01
3.389835755030314313e-01
3.373058835665385113e-01
3.324620127677917480e-01
3.229684730370839252e-01
2.999664843082427979e-01
3.175715406735737933e-01
3.233728309472401752e-01
3.394806087017059326e-01
3.215049306551615582e-01
3.250341316064198627e-01
3.252190252145131244e-01
3.107016434272130145e-01
3.171985944112141742e-01
3.252160847187042236e-01
3.312035103638966693e-01
3.160498638947804584e-01
3.352948029836018695e-01
3.340469797452290668e-01
3.414706488450368060e-01
3.091539492209752216e-01
3.152465323607127057e-01
3.109621802965800152e-01
3.303591211636860980e-01
3.243442972501118793e-01
3.053896178801854266e-01
3.423294325669606342e-01
3.250126640001932965e-01
3.267433742682139264e-01
3.042203138271967755e-01
3.198021848996480121e-01
3.299436966578165875e-01
3.269899388154347553e-01
3.408889770507812500e-01
3.246178925037384033e-01
3.249011834462483539e-01
3.304680784543355121e-01
3.182534376780192242e-01
3.293296098709106445e-01
3.137257496515910016e-01
3.150315483411152973e-01
3.358285576105117798e-01
3.291725814342498779e-01
3.187570671240488873e-01
3.081021855274836407e-01
3.563335438569386615e-01
3.479744692643483295e-01
3.188741703828175678e-01
3.258998195330302106e-01
3.294294973214467181e-01
3.531656414270401001e-01
3.157874544461568012e-01
3.003346771001815796e-01
3.356149892012278424e-01
3.432884862025578632e-01
3.377499381701151715e-01
3.252065678437550678e-01
3.221369485060374127e-01
3.372119118769963397e-01
3.306629359722137451e-01
3.069479813178380145e-01
3.313300112883250104e-01
3.227910300095875873e-01
3.215623398621876849e-01
3.108920753002166748e-01
3.299311945835749493e-01
3.461257417996724262e-01
3.211873869101206647e-01
2.868536313374837055e-01
3.193656901518504010e-01
3.244568308194478168e-01
3.372920751571655273e-01
3.602319012085596905e-01
3.340033441781997681e-01
3.028396715720494403e-01
3.416992922623952045e-01
3.340124189853668213e-01
3.079940080642700195e-01
3.169753054777781354e-01
3.264865577220916748e-01
2.981450557708740234e-01
3.273927470048268451e-01
3.222183883190155029e-01
3.174642870823542462e-01
3.126021623611450195e-01
3.109212766091029034e-01
3.346394499142964496e-01
3.313539077838261737e-01
2.996172656615574970e-01
3.102099895477294922e-01
3.199750930070877075e-01
2.997111976146697998e-01
3.043467501799265729e-01
3.183253904183705463e-01
3.342905441919962750e-01
3.196593225002288818e-01
3.149661322434743060e-01
3.119757672150929584e-01
3.110895653565724506e-01
3.168485462665557861e-01
2.991538196802139282e-01
3.140384554862976074e-01
3.411371062199274884e-01
3.169853786627451764e-01
3.234264751275380267e-01
3.196811079978942871e-01
3.210882345835368024e-01
3.393558065096537457e-01
3.064789474010467529e-01
3.022640595833460675e-01
3.303554107745488300e-01
3.101500272750854492e-01
3.195460637410481586e-01
3.071231196324030743e-01
3.299892842769622803e-01
3.209261397520701276e-01
3.095000982284545898e-01
2.989428987105687274e-01
3.182946840922037945e-01
3.284641206264495850e-01
3.081432282924652100e-01
3.114621539910634174e-01
3.120873471101124896e-01
3.169925312201182233e-01
3.196397721767425537e-01
3.196274340152740479e-01
3.157196789979934692e-01
3.061230331659317017e-01
3.188077608744303570e-01
3.256173928578694476e-01
3.188453217347462787e-01
3.073596109946568622e-01
3.093016445636749268e-01
3.224416673183441162e-01
3.065917144219080792e-01
3.162893156210581647e-01
3.352003196875254498e-01
3.052501479784647809e-01
3.236113985379536762e-01
3.163569768269856586e-01
3.410746753215789795e-01
3.470860819021860944e-01
3.289431730906168805e-01
2.967372288306553973e-01
3.083019157250722064e-01
3.231322666009266986e-01
3.425653378168742047e-01
3.246546387672424316e-01
3.548787881930668964e-01
3.313091198603312360e-01
3.147922654946644916e-01
3.431740899880726947e-01
3.312309831380844116e-01
3.151682515939076556e-01
3.516617467006047382e-01
3.273259848356246948e-01
3.105256358782450543e-01
3.277151187260945453e-01
3.176231582959492816e-01
3.005702843268712177e-01
3.027343899011611938e-01
3.060639003912608014e-01
3.276582062244415283e-01
2.902423888444900513e-01
3.130926986535390033e-01
3.066668212413787842e-01
3.201081454753875732e-01
3.163577318191528320e-01
3.449045817057291852e-01
3.124311467011769428e-01
3.213287790616353168e-01
3.170904169480006085e-01
3.119677404562632428e-01
3.065705200036366596e-01
3.348282972971598492e-01
3.162603775660197125e-01
3.359013199806213379e-01
3.390213996171951294e-01
3.075071275234222412e-01
3.135378907124201642e-01
3.096821556488673077e-01
3.225129842758178711e-01
3.236226737499237061e-01
2.976515342791875018e-01
3.259212374687194824e-01
3.100217978159586774e-01
2.961761305729548321e-01
3.261324167251586914e-01
3.197205166021983014e-01
3.115540345509846820e-01
3.038082222143809186e-01
3.201544781525929584e-01
3.228927055994669781e-01
3.165387411912282123e-01
2.936397393544514789e-01
3.171633780002593994e-01
3.304582784573237286e-01
3.032619605461756573e-01
2.916761338710784912e-01
3.418538669745127545e-01
3.298421104749043598e-01
3.328406910101572858e-01
3.373397489388783588e-01
3.024224887291590558e-01
3.216422200202941895e-01
3.466430107752482281e-01
3.084066708882649555e-01
3.100076913833618164e-01
3.055408398310343610e-01
3.146967689196268902e-01
3.221042950948079242e-01
3.005305478970209943e-01
2.896516025066375732e-01
3.176458676656087055e-01
3.131539920965830670e-01
3.535665074984232770e-01
3.154560228188832416e-01
3.459681967894236432e-01
3.085386355717976703e-01
3.088398973147074567e-01
3.109248727560043335e-01
3.055640012025833130e-01
3.317382285992304669e-01
2.961397916078567505e-01
3.208324412504832135e-01
3.186830580234527588e-01
3.085706233978271484e-01
3.197634220123291016e-01
3.109698792298634662e-01
3.183577060699462891e-01
3.519738316535949707e-01
3.142499178647994995e-01
3.186707198619842529e-01
3.485322693983713971e-01
3.209043343861897601e-01
2.946936388810475482e-01
3.195823828379313336e-01
3.155470689137776508e-01
3.053439557552337646e-01
3.226141730944315777e-01
3.011805117130279541e-01
3.079952398935953961e-01
3.017326792081196918e-01
3.146254519621531354e-01
3.249468207359313965e-01
3.130355775356292725e-01
3.351102173328399658e-01
3.140729566415150775e-01
2.988866418600082397e-01
3.049455930789311542e-01
3.219460745652516498e-01
3.130501906077067242e-01
2.963374306758244647e-01
3.010391990343729840e-01
3.333594202995300293e-01
3.126428524653117047e-01
3.054612527290980206e-01
3.438961257537205829e-01
3.307968030373255597e-01
3.040837695201237811e-01
3.147282799084981098e-01
3.081716001033782959e-01
3.323559959729512348e-01
3.046853343645731793e-01
3.314652840296427594e-01
3.096413215001423969e-01
2.968228012323379517e-01
3.109163294235865460e-01
3.180245210727055682e-01
3.039638847112655640e-01
3.053149978319804059e-01
3.130722443262736188e-01
3.352953294912974225e-01
3.235889275868733539e-01
3.489935298760731830e-01
2.962531596422195435e-01
3.010848015546798706e-01
3.191690742969512939e-01
3.265426258246104108e-01
3.374189833799998151e-01
3.147771656513214111e-01
3.360225558280944824e-01
3.044820328553517474e-01
3.158427526553471698e-01
3.074621111154556274e-01
3.398676663637161255e-01
3.204877873261769428e-01
3.062164336442947388e-01
3.384281943241755353e-01
3.381822307904561176e-01
3.097180028756459369e-01
3.082816004753112793e-01
3.050033996502558575e-01
3.202538987000783099e-01
3.469554831584294452e-01
2.986919283866882324e-01
3.156190514564514160e-01
3.109888633092244281e-01
3.180884619553883685e-01
3.210571805636088238e-01
3.327052295207977295e-01
3.165559669335683002e-01
3.015081435441970825e-01
3.151610294977824078e-01
3.270864685376485004e-01
3.134838740030924664e-01
3.141749898592631207e-01
3.447785526514053345e-01
3.279509147008259906e-01
3.180845081806182861e-01
3.300919930140177594e-01
3.406716883182525635e-01
3.293847044308980121e-01
3.141704698403676166e-01
3.152995208899180279e-01
3.081973443428675519e-01
3.457053899765014648e-01
3.247359097003936768e-01
3.175267577171325684e-01
3.276324272155761719e-01
2.985009551048278809e-01
3.155925869941711426e-01
3.196646372477213727e-01
3.329561551411946430e-01
3.231206635634104596e-01
3.063046286503474103e-01
3.131673733393351422e-01
3.226550618807474957e-01
3.066239953041076660e-01
3.309394220511118756e-01
3.239382902781168805e-01
3.216509819030761719e-01
2.988553692897160663e-01
3.113566935062408447e-01
2.825600579380989075e-01
3.180961857239405499e-01
3.179749250411987305e-01
3.301785439252853394e-01
3.086451590061187744e-01
3.198239505290985107e-01
3.148662348588307514e-01
2.926206241051356183e-01
3.316475252310435162e-01
3.364142676194508685e-01
3.122458259264628277e-01
3.169211943944295062e-01
3.321166634559631348e-01
3.002616763114929199e-01
3.055428018172581806e-01
3.259616792201995850e-01
3.209686577320098877e-01
3.008324752251307355e-01
3.109706143538157330e-01
3.013906627893447876e-01
3.084812959035237445e-01
3.193329373995463238e-01
3.076121856768925800e-01
3.228587408860524310e-01
3.169671396414439069e-01
3.267646034558613910e-01
3.190146585305531635e-01
3.337156871954600201e-01
3.119096656640370502e-01
3.566303253173828125e-01
3.392506043116251813e-01
3.355310459931691303e-01
3.033019055922825946e-01
3.256284693876902447e-01
3.147878448168436871e-01
3.042467236518859863e-01
3.032370756069819318e-01
3.225720624128977643e-01
3.286609351634979248e-01
3.328012625376383649e-01
3.160459200541178570e-01
3.190735479195912494e-01
3.038051774104436054e-01
3.225874801476796283e-01
3.032161245743433819e-01
3.106093058983485089e-01
3.268594642480214252e-01
3.328779041767120361e-01
3.377882738908131732e-01
3.282310714324315204e-01
3.085756202538808002e-01
3.338709572950999127e-01
2.984475940465927124e-01
3.344623049100239887e-01
3.231939077377319336e-01
3.348045349121093750e-01
3.091968595981597900e-01
3.234062939882278442e-01
3.150100509325663434e-01
3.076289643843968524e-01
3.073398868242899762e-01
3.071317225694656372e-01
3.422554334004719867e-01
3.187555571397145404e-01
3.021039168039957867e-01
2.998258868853251324e-01
3.204446534315745221e-01
3.206900656223297119e-01
3.466080029805501117e-01
3.034775108098983765e-01
3.221880396207173480e-01
3.039838323990504132e-01
3.177984356880187988e-01
3.429797391096751080e-01
3.218573033809661865e-01
3.066668957471847534e-01
3.022570262352625714e-01
3.104779918988545551e-01
3.101084132989247455e-01
3.342384795347849713e-01
3.419030308723449707e-01
3.317962487538655414e-01
3.238674898942311420e-01
3.124621212482452393e-01
3.340511272350947247e-01
3.136567870775858746e-01
3.246218661467234479e-01
3.254786829153696881e-01
3.463486780722935809e-01
3.257310787836710797e-01
3.155297835667927875e-01
3.021893153587977277e-01
3.141512771447499408e-01
3.333755830923716412e-01
3.121961355209350586e-01
3.199871579806010113e-01
3.183310925960540771e-01
3.341483771800994873e-01
2.999986062447230206e-01
3.133703668912251605e-01
3.302093048890431537e-01
3.285004695256550922e-01
3.257379780213038312e-01
3.190189798672993793e-01
3.276326855023701801e-01
3.251725633939107074e-01
3.161888519922892438e-01
3.229547838370005475e-01
3.019607017437617169e-01
3.600797851880391254e-01
3.201259374618530273e-01
3.248816678921381818e-01
3.019225647052128925e-01
3.134348690509796143e-01
3.125427464644114361e-01
3.127873639265696393e-01
3.108963320652644025e-01
3.157503406206766949e-01
3.203061819076538086e-01
3.293359776337941303e-01
3.202668279409408569e-01
3.142906526724497662e-01
3.251999517281849994e-01
3.359815378983815326e-01
3.441560665766398297e-01
3.276223043600718365e-01
3.334725300470988141e-01
3.203574915726979389e-01
3.186734219392140521e-01
3.063515226046244488e-01
3.547920435667037964e-01
3.081723948319752826e-01
3.239456216494242535e-01
3.047139147917429791e-01
3.108938535054524555e-01
2.982330471277236938e-01
3.384593427181243896e-01
3.104468782742818012e-01
3.299105962117512836e-01
3.058618505795796527e-01
3.130781551202138080e-01
3.373575508594512939e-01
3.136202096939086914e-01
2.966601004203160419e-01
3.242626190185546875e-01
3.346111675103505267e-01
3.244433204332987652e-01
3.179821570714314594e-01
3.289689620335896625e-01
3.038417845964431763e-01
3.242063323656718121e-01
3.260387778282165527e-01
3.459212283293406354e-01
3.174983561038970947e-01
3.104796707630157471e-01
3.132438162962595807e-01
3.133341024319331036e-01
3.084835509459177838e-01
3.413001547257105694e-01
2.962293525536854877e-01
3.324620922406514301e-01
3.113351513942082538e-01
3.340899944305419922e-01
3.333554665247599469e-01
3.233786821365356445e-01
3.085743188858032227e-01
3.171051144599914551e-01
3.211669723192850934e-01
3.421048223972320557e-01
3.245172699292500629e-01
3.000945051511128558e-01
3.034513940413792743e-01
2.993180354436238422e-01
3.045419901609420776e-01
3.100355168183644428e-01
3.334442377090454102e-01
3.406306703885396137e-01
3.392971058686574115e-01
3.179063498973846436e-01
3.103873233000437604e-01
3.063604086637496948e-01
3.510816891988118305e-01
3.115676244099934711e-01
3.568910012642542706e-01
3.134322265783945904e-01
3.037028461694717407e-01
3.154668807983398438e-01
3.098944822947184430e-01
3.092811504999796735e-01
3.462400833765665875e-01
3.010465552409489765e-01
3.264399667580922260e-01
3.362234830856323242e-01
3.368099033832550049e-01
3.129682441552479877e-01
3.235245247681935443e-01
3.323519130547841205e-01
3.158778846263885498e-01
3.266623218854268207e-01
3.147332270940144672e-01
2.977291246255238666e-01
3.107676108678181781e-01
3.082819879055023193e-01
2.988889962434768677e-01
2.999778936306635724e-01
3.083606461683909283e-01
3.248783250649769916e-01
3.236504594484965192e-01
3.310262958208720074e-01
3.326530555884043561e-01
3.106607993443806781e-01
3.123893042405446185e-01
3.293788979450861798e-01
3.091232975323994769e-01
3.179465134938557758e-01
2.956864039103190289e-01
3.411157925923665180e-01
3.217301766077677594e-01
3.164244294166564941e-01
3.133980731169382916e-01
3.244591355323791504e-01
3.186011910438537598e-01
3.097252647082011090e-01
3.105899393558502197e-01
3.198616703351338519e-01
3.260919849077860699e-01
3.084243237972259521e-01
3.037523229916890277e-01
3.303306400775909424e-01
3.037612140178680420e-01
3.325529793898264752e-01
3.135523597399393902e-01
3.368252019087473736e-01
3.028264492750167847e-01
3.140038152535756244e-01
3.240264554818471088e-01
2.991723865270614624e-01
3.388734261194865094e-01
3.229234317938486920e-01
3.514823913574218750e-01
3.110524713993072510e-01
3.406772216161091937e-01
3.050464838743209839e-01
3.321309288342793598e-01
3.056235661109288348e-01
3.366446594397227154e-01
3.339187900225321637e-01
3.241988321145375385e-01
3.256994833548863544e-01
3.384517729282379150e-01
3.144488831361134662e-01
3.245593607425689697e-01
3.065187186002731323e-01
3.111825883388519287e-01
3.107409377892811908e-01
3.142108321189880371e-01
3.164659738540649414e-01
3.302101393540700092e-01
3.312710523605346680e-01
3.332659800847371234e-01
3.201600909233093262e-01
3.105122645696004047e-01
2.996049225330352783e-01
3.158859511216481342e-01
